0 0.442798 0.503035 0.873274 0.99393 0.561456
2 0.426088 0.256525 0.0326281 0.138475 0.103294
0 0.194376 0.432831 0.388751 0.609028 0.0640216
2 0.578512 0.257334 0.0522253 0.111762 0.0490355
2 0.47089 0.314889 0.0381618 0.0766518 0.0370388
2 0.730104 0.330936 0.0622076 0.118458 0.0369826
2 0.465282 0.245042 0.0344755 0.077515 0.027799
5 0.397452 0.607479 0.0413743 0.0624163 0.0221257
0 0.492224 0.394288 0.470401 0.510069 0.0212897
5 0.0627999 0.612867 0.0849708 0.132913 0.0193755
5 0.701987 0.82888 0.075065 0.0812461 0.0192689
2 0.538522 0.305111 0.0292716 0.108142 0.0176491
0 0.767388 0.143817 0.457445 0.287633 0.0160382
2 0.396215 0.232898 0.0202176 0.042168 0.0142333
0 0.41823 0.0555329 0.611263 0.111066 0.0140611
0 0.898834 0.572927 0.202332 0.681085 0.0137093
2 0.268123 0.286366 0.0350204 0.0671761 0.0136792
0 0.749308 0.806232 0.501384 0.387536 0.0123368
2 0.419417 0.230466 0.0317063 0.0875241 0.0114457
