0 0.342125 0.461128 0.68425 0.92193 0.427281
2 0.427668 0.0362493 0.09141 0.0724986 0.375962
2 0.668595 0.291664 0.160567 0.10665 0.19173
5 0.666078 0.285746 0.154339 0.0937819 0.183077
5 0.180861 0.254616 0.282947 0.50631 0.126526
2 0.205492 0.251054 0.255898 0.502108 0.0939998
5 0.425677 0.0371006 0.100756 0.0742013 0.0503994
5 0.224181 0.122879 0.124184 0.245759 0.0366646
5 0.42723 0.377162 0.253406 0.338444 0.0362467
2 0.43064 0.407809 0.21325 0.17809 0.0269899
3 0.369377 0.656646 0.407698 0.484295 0.0216412
2 0.178069 0.173111 0.194292 0.325994 0.0194997
5 0.491243 0.454613 0.0753719 0.0701173 0.0187047
2 0.211854 0.117178 0.0981095 0.234355 0.0182781
2 0.176376 0.338548 0.0804414 0.097821 0.0102197
