2 0.882013 0.854062 0.0331915 0.129408 0.412202
4 0.831059 0.369827 0.220374 0.155088 0.333475
0 0.830889 0.855321 0.324301 0.289359 0.15768
2 0.963061 0.851808 0.0725144 0.272295 0.135821
2 0.353199 0.660182 0.0362809 0.0458319 0.114788
2 0.913689 0.945616 0.14883 0.108767 0.100053
5 0.226854 0.106332 0.0269498 0.0551093 0.0698965
2 0.413677 0.505711 0.0445671 0.0704246 0.0554133
4 0.874427 0.397492 0.133446 0.0986697 0.0546102
5 0.224226 0.0935567 0.0392782 0.0852006 0.0387392
3 0.169084 0.183996 0.320103 0.359781 0.0384364
2 0.843334 0.762156 0.0206369 0.0340111 0.0373757
2 0.734032 0.755186 0.0270264 0.0537713 0.037292
2 0.776098 0.950102 0.0321414 0.0967314 0.0369213
2 0.907774 0.898526 0.177342 0.202948 0.036139
2 0.96121 0.886091 0.074441 0.107412 0.0356277
2 0.874899 0.384489 0.0190522 0.026637 0.0334324
2 0.841953 0.753745 0.0238995 0.0379896 0.0329955
2 0.918543 0.501594 0.021556 0.0323267 0.0305376
5 0.306703 0.118806 0.0189341 0.0346668 0.029283
2 0.953084 0.896521 0.088927 0.206959 0.0273135
0 0.866206 0.363837 0.157011 0.170063 0.0264241
2 0.436817 0.514603 0.0207146 0.0400937 0.0254423
5 0.877516 0.154751 0.0145868 0.0262455 0.0233
2 0.876619 0.762693 0.0265852 0.0505054 0.0230025
3 0.413761 0.600746 0.103132 0.125279 0.0209298
2 0.866077 0.754461 0.0235098 0.0513274 0.0208454
4 0.871689 0.335496 0.147505 0.0747278 0.0198891
4 0.239732 0.180986 0.177591 0.352542 0.0189896
2 0.705287 0.791309 0.0253304 0.0389803 0.0189535
4 0.256616 0.0773444 0.13058 0.154689 0.0188444
5 0.919099 0.501702 0.022027 0.0335439 0.0180215
5 0.826411 0.167286 0.0213017 0.0377539 0.0179069
2 0.41771 0.507315 0.0649036 0.093648 0.0177379
3 0.242555 0.180454 0.17318 0.344712 0.0175453
2 0.6849 0.920866 0.0510986 0.148421 0.0170352
2 0.519813 0.849232 0.0404786 0.102756 0.0169264
0 0.754834 0.853289 0.200319 0.293421 0.0161396
2 0.992669 0.935418 0.0135799 0.0780309 0.0153621
1 0.394876 0.651434 0.154373 0.490032 0.0150293
5 0.352293 0.678842 0.0403909 0.0804069 0.0145699
4 0.871327 0.374156 0.124221 0.0664404 0.0136274
3 0.389734 0.642444 0.158329 0.48381 0.0135838
2 0.889761 0.846931 0.0584142 0.148662 0.013406
2 0.938399 0.148414 0.0198428 0.0358032 0.0130835
2 0.777351 0.803126 0.0592969 0.168331 0.0130083
5 0.01929 0.0223884 0.0260855 0.0410259 0.0127957
4 0.228469 0.0925805 0.0549366 0.0985248 0.0126393
2 0.99063 0.909507 0.0177587 0.166226 0.0118956
2 0.0091994 0.10746 0.0178338 0.0590878 0.0118238
4 0.264521 0.227511 0.147356 0.237903 0.0112529
2 0.777336 0.933641 0.0507717 0.132718 0.0109217
2 0.849037 0.827159 0.0245975 0.0712977 0.0107737
2 0.433417 0.511907 0.0320933 0.0512631 0.0106889
2 0.935908 0.931974 0.118494 0.136053 0.0106701
2 0.992472 0.880926 0.013976 0.0963255 0.0106562
2 0.990915 0.859641 0.0170178 0.172788 0.0104029
3 0.976264 0.494127 0.0458936 0.242866 0.010317
4 0.390859 0.62525 0.154553 0.439323 0.0100693
