2 0.265385 0.0886535 0.0531349 0.139102 0.143852
2 0.277271 0.553444 0.0235497 0.0349038 0.141453
2 0.113342 0.0855121 0.103778 0.108513 0.129487
0 0.59327 0.5 0.767889 1 0.0707058
0 0.267243 0.857979 0.528222 0.284041 0.0698737
0 0.381812 0.225636 0.510985 0.204444 0.0569804
5 0.911652 0.307518 0.0352117 0.0460346 0.0554626
2 0.280363 0.589681 0.0224876 0.0298906 0.0449695
0 0.172561 0.134731 0.339172 0.266095 0.0428844
5 0.278331 0.591764 0.0230235 0.0307077 0.0240558
0 0.683381 0.437453 0.423845 0.485288 0.0204472
0 0.352932 0.173434 0.623467 0.328284 0.0197133
2 0.0308391 0.0811149 0.0616782 0.16223 0.0195671
2 0.83267 0.863557 0.10304 0.272885 0.0184308
2 0.0255967 0.051944 0.0494648 0.103888 0.0161732
2 0.0483545 0.0913366 0.0967089 0.155336 0.0160474
2 0.176881 0.164674 0.20808 0.132799 0.0158286
2 0.142178 0.0871444 0.0584678 0.113077 0.0154521
2 0.938144 0.841083 0.0336665 0.0620524 0.0138684
0 0.769948 0.5 0.407341 1 0.0114443
2 0.444332 0.553583 0.0249126 0.0346671 0.010962
2 0.116589 0.111818 0.1537 0.179508 0.0108981
5 0.745176 0.772014 0.332127 0.455972 0.0102658
2 0.937246 0.887791 0.0320143 0.0413527 0.0102211
