0 0.612215 0.559923 0.767573 0.880154 0.360868
0 0.613175 0.0654285 0.589636 0.130857 0.173543
0 0.423096 0.086847 0.657527 0.173694 0.125929
0 0.375164 0.5 0.750327 1 0.0876269
2 0.0261039 0.40655 0.0522078 0.147441 0.0843319
2 0.14271 0.53425 0.282714 0.253064 0.0542006
2 0.108723 0.569692 0.189871 0.158748 0.0434798
0 0.273885 0.117065 0.531752 0.234131 0.0406621
2 0.0157623 0.413517 0.0315247 0.123513 0.0363681
4 0.910795 0.0822448 0.178411 0.16449 0.0250532
0 0.752307 0.0801093 0.48564 0.160219 0.0237339
2 0.181076 0.483963 0.348536 0.385768 0.0236015
0 0.173793 0.461746 0.338861 0.402239 0.0225019
2 0.219109 0.584203 0.0818817 0.185722 0.0220754
2 0.851446 0.782523 0.04216 0.101928 0.021416
0 0.840807 0.656861 0.318386 0.557834 0.0204117
2 0.0666636 0.541007 0.100693 0.0707586 0.0176502
2 0.19574 0.419366 0.1343 0.180062 0.0162445
5 0.551123 0.494239 0.405954 0.576154 0.0161217
0 0.653339 0.49716 0.415688 0.464416 0.0152759
2 0.0177312 0.382701 0.0354624 0.109793 0.0139687
2 0.22388 0.541399 0.054027 0.0912433 0.0136127
0 0.14372 0.145569 0.286424 0.291137 0.0128919
2 0.190377 0.574472 0.133558 0.175046 0.0125594
5 0.366395 0.369355 0.448828 0.419683 0.0125406
