5 0.778312 0.640884 0.0714842 0.0899714 0.322989
0 0.447337 0.486853 0.872014 0.418332 0.290837
5 0.578077 0.654428 0.0802244 0.0866262 0.129436
0 0.45364 0.586106 0.903738 0.769302 0.120614
0 0.788403 0.58382 0.330123 0.227801 0.0430482
0 0.857208 0.86947 0.256846 0.232212 0.039137
0 0.265742 0.821415 0.502674 0.357169 0.0314745
0 0.670623 0.539594 0.625774 0.319132 0.0268144
4 0.914033 0.53203 0.123451 0.0806678 0.0241971
5 0.760056 0.561233 0.0172686 0.0263044 0.022688
2 0.848655 0.559139 0.0225706 0.0281984 0.0211429
4 0.900219 0.532782 0.162384 0.135894 0.0138055
5 0.513428 0.595982 0.0233737 0.0309968 0.0119571
2 0.819638 0.537201 0.0238179 0.0296265 0.0108073
4 0.764839 0.512108 0.266102 0.115541 0.0105389
5 0.779693 0.60594 0.19813 0.187722 0.0103593
5 0.851483 0.559045 0.0258463 0.0343195 0.0102291
5 0.783377 0.541211 0.0165018 0.0216531 0.0101473
