0 0.419466 0.424661 0.640066 0.827945 0.854269
0 0.421172 0.427749 0.657598 0.838061 0.827553
0 0.420353 0.424557 0.629807 0.841984 0.822699
0 0.423571 0.42066 0.653695 0.84132 0.812558
0 0.417615 0.426797 0.648702 0.847383 0.77263
0 0.423584 0.427791 0.667953 0.848753 0.764536
0 0.428193 0.431239 0.66562 0.835778 0.700685
0 0.443913 0.422985 0.593739 0.832054 0.680548
3 0.516974 0.488353 0.138342 0.17673 0.391193
3 0.519706 0.489833 0.141251 0.175279 0.385474
5 0.518308 0.490222 0.137141 0.167202 0.332825
0 0.425095 0.426167 0.677119 0.852333 0.331666
3 0.517377 0.488148 0.13814 0.182159 0.312778
3 0.517436 0.488985 0.140089 0.180717 0.301755
5 0.520446 0.491561 0.140015 0.166153 0.194662
5 0.517216 0.490353 0.136724 0.171105 0.153045
5 0.516106 0.487127 0.140708 0.182354 0.152907
0 0.444454 0.419201 0.606775 0.835849 0.0952518
1 0.177784 0.563657 0.150619 0.226101 0.0614235
1 0.16364 0.442366 0.149056 0.549088 0.0591842
3 0.516374 0.490719 0.139222 0.178195 0.0582807
1 0.176688 0.554425 0.143979 0.208545 0.0573601
3 0.517378 0.487382 0.138937 0.182664 0.055973
1 0.173719 0.551367 0.152094 0.217273 0.055372
0 0.423944 0.431803 0.656942 0.844686 0.0519891
5 0.519649 0.495042 0.138624 0.158299 0.0514134
1 0.175083 0.56117 0.157616 0.234818 0.0490429
1 0.178703 0.574959 0.155554 0.243151 0.047696
3 0.514782 0.487786 0.135646 0.18183 0.0449763
1 0.172059 0.541912 0.146828 0.20536 0.0436257
1 0.162957 0.434608 0.147197 0.527378 0.0436169
3 0.517232 0.4851 0.136973 0.182165 0.0434996
3 0.515918 0.485876 0.140253 0.183427 0.0403865
1 0.165784 0.446902 0.154559 0.56833 0.0377373
1 0.175774 0.571092 0.161699 0.251106 0.0345574
1 0.175419 0.545516 0.13863 0.196403 0.0344844
1 0.158634 0.44023 0.141756 0.584771 0.0337965
1 0.157734 0.429841 0.139371 0.567742 0.0280113
3 0.511868 0.503293 0.0951434 0.125474 0.02718
5 0.514747 0.493589 0.14034 0.167189 0.0267674
5 0.519944 0.497606 0.140907 0.157218 0.0260177
1 0.179427 0.58644 0.159717 0.262555 0.0243807
1 0.170576 0.532497 0.141859 0.196573 0.0239809
3 0.516434 0.503863 0.100514 0.119821 0.0226599
3 0.512234 0.507828 0.0982893 0.121491 0.022062
5 0.032272 0.970977 0.0645439 0.0580464 0.0211725
1 0.165372 0.418188 0.152638 0.527124 0.0209541
5 0.520821 0.487565 0.133882 0.1793 0.0197196
3 0.511637 0.496846 0.0895223 0.131161 0.019685
3 0.51606 0.496663 0.0940648 0.127887 0.0192649
1 0.183049 0.566331 0.136182 0.214782 0.0189002
3 0.516958 0.509158 0.103893 0.114869 0.0180304
1 0.168328 0.470369 0.159746 0.521635 0.0176232
1 0.176495 0.578632 0.166105 0.270106 0.0175535
1 0.184566 0.577268 0.143714 0.233176 0.0174574
5 0.195171 0.252639 0.0436893 0.0568909 0.0165085
3 0.514062 0.487014 0.0858913 0.123835 0.0159988
5 0.518708 0.496204 0.135323 0.15685 0.0156833
5 0.196055 0.25254 0.0483191 0.0608412 0.0155037
5 0.196011 0.252825 0.0396333 0.0549985 0.015318
3 0.515259 0.48908 0.0876108 0.133912 0.0149634
1 0.185212 0.34145 0.158007 0.162109 0.0148884
0 0.448576 0.426174 0.578463 0.836746 0.0147287
5 0.522119 0.49285 0.13045 0.166479 0.0141758
1 0.174553 0.536021 0.134212 0.186141 0.0141084
3 0.510241 0.487013 0.0885771 0.12324 0.014042
1 0.182478 0.350653 0.156229 0.181278 0.0140335
1 0.180813 0.593418 0.162997 0.280375 0.0136556
5 0.0331111 0.969704 0.0662222 0.0605922 0.0133971
1 0.181897 0.556808 0.128787 0.199575 0.0129043
1 0.170714 0.545503 0.162278 0.364033 0.0127287
1 0.169568 0.521123 0.139315 0.192167 0.0125918
1 0.171963 0.453927 0.159703 0.582341 0.0125774
5 0.196226 0.252946 0.0417186 0.0566807 0.0124663
5 0.0296893 0.971215 0.0570477 0.0575689 0.0121373
3 0.511285 0.48955 0.0861967 0.134674 0.0120607
1 0.171476 0.54712 0.159399 0.22 0.0113192
1 0.16006 0.451664 0.146625 0.591014 0.0110874
5 0.197567 0.253287 0.0501366 0.0622212 0.0109299
1 0.169786 0.537401 0.155069 0.210321 0.0105411
1 0.157638 0.415503 0.140819 0.569579 0.0104943
