1 0.411588 0.480193 0.496262 0.598393 0.984037
1 0.413061 0.479043 0.50241 0.595839 0.982041
1 0.409269 0.480185 0.492396 0.596927 0.974736
1 0.412729 0.478595 0.50875 0.594244 0.971462
1 0.413664 0.477505 0.500874 0.596141 0.967229
1 0.412143 0.478639 0.493873 0.596856 0.965632
1 0.411188 0.479814 0.508126 0.596461 0.963502
1 0.407062 0.481326 0.498354 0.599498 0.948934
1 0.416372 0.483499 0.504965 0.605494 0.883389
1 0.410804 0.480044 0.488805 0.599113 0.87004
1 0.414889 0.481153 0.508708 0.601207 0.620949
