1 0.340722 0.557394 0.368765 0.515091 0.922911
1 0.339606 0.55527 0.365254 0.5166 0.922438
1 0.339016 0.555475 0.366358 0.514477 0.918985
1 0.340818 0.556748 0.369865 0.516319 0.898156
1 0.342126 0.556091 0.364963 0.515899 0.896942
1 0.340039 0.555582 0.36595 0.515245 0.885508
1 0.33988 0.555963 0.368459 0.517055 0.883484
1 0.338647 0.563339 0.370024 0.503734 0.629175
1 0.340169 0.556933 0.375232 0.517005 0.40692
1 0.336724 0.555991 0.372691 0.515176 0.208628
5 0.546795 0.0193815 0.037992 0.0365684 0.0738057
5 0.546559 0.0185709 0.0355263 0.0345159 0.0638261
5 0.546782 0.0192294 0.0377876 0.0354786 0.0553987
5 0.545596 0.0198793 0.0443521 0.0397542 0.0531435
5 0.546815 0.0187335 0.0366348 0.034799 0.0515047
5 0.547195 0.0188217 0.0433328 0.0376016 0.046742
1 0.341173 0.56604 0.366439 0.504359 0.0438551
5 0.54699 0.0184823 0.0341615 0.03421 0.0422944
5 0.546803 0.0186503 0.0344483 0.0342637 0.038624
5 0.547418 0.0188134 0.0333109 0.033827 0.0331005
5 0.547191 0.0186541 0.0330206 0.0335467 0.0315133
5 0.544277 0.0203117 0.0497278 0.0406233 0.030974
5 0.54546 0.0200079 0.0404218 0.0376853 0.0305798
5 0.547382 0.0209173 0.0424883 0.0415167 0.0253868
5 0.547246 0.0196636 0.0363923 0.0353063 0.0219911
5 0.681377 0.0588931 0.0278466 0.0310151 0.0215115
5 0.68161 0.058431 0.0314305 0.035805 0.0187643
5 0.548062 0.0223785 0.0513484 0.0447569 0.0181329
5 0.681214 0.0589524 0.0264973 0.0295649 0.0166101
5 0.65363 0.121236 0.0391532 0.0443194 0.0152889
5 0.681999 0.0586369 0.0276044 0.030604 0.0141181
5 0.546428 0.0172449 0.0398859 0.0344898 0.0135871
5 0.654194 0.120924 0.0353602 0.0387772 0.0133099
5 0.549678 0.0222866 0.055051 0.0429142 0.0127994
5 0.65436 0.120872 0.0309324 0.035461 0.0116849
5 0.682068 0.0585812 0.0279985 0.0310595 0.0112866
5 0.65376 0.121202 0.0341285 0.0386787 0.0108645
5 0.545968 0.0179898 0.0425355 0.0359795 0.0107174
5 0.654101 0.121242 0.0348801 0.0392158 0.0105104
