2 0.62294 0.600353 0.0286917 0.0340414 0.199312
2 0.623195 0.599824 0.0275271 0.0338838 0.19027
4 0.50647 0.522254 0.414103 0.465661 0.184912
4 0.50676 0.531066 0.406639 0.449492 0.18223
2 0.623334 0.599662 0.0264324 0.0332883 0.177887
4 0.505524 0.517745 0.411936 0.474742 0.175343
4 0.505629 0.533264 0.408661 0.445437 0.172424
2 0.418228 0.623682 0.0280417 0.0306582 0.165918
2 0.622772 0.600028 0.02818 0.0340827 0.154819
2 0.622618 0.600332 0.0292136 0.0353376 0.152884
2 0.420503 0.655547 0.0490045 0.036683 0.145506
2 0.418139 0.624259 0.0279728 0.0311284 0.141767
2 0.417953 0.624302 0.0274644 0.0303197 0.127986
2 0.418108 0.623491 0.0286329 0.0312337 0.12631
2 0.622445 0.599675 0.0283701 0.0338584 0.116687
2 0.41838 0.62373 0.0274773 0.0307902 0.115068
2 0.623053 0.600027 0.0278027 0.0341014 0.114377
2 0.418132 0.623478 0.0278973 0.0299281 0.112057
2 0.423701 0.655575 0.0541651 0.0381825 0.110941
4 0.504609 0.523792 0.41836 0.463631 0.10983
2 0.408375 0.435556 0.0282564 0.0432218 0.108736
2 0.622976 0.599945 0.0277165 0.034485 0.107892
2 0.420878 0.656257 0.0415571 0.0341136 0.104694
2 0.356163 0.547922 0.0301875 0.0392938 0.0990785
2 0.493023 0.278976 0.0778802 0.0676981 0.0959834
2 0.420659 0.656515 0.0396141 0.0337404 0.0959133
4 0.506951 0.545557 0.393491 0.416206 0.0938123
2 0.408265 0.435325 0.0285516 0.0429009 0.0911489
2 0.622118 0.600253 0.0316731 0.0355807 0.0906375
2 0.420522 0.657315 0.0422438 0.0344029 0.0897682
2 0.421117 0.656436 0.0416035 0.0351055 0.086928
2 0.417796 0.624431 0.0301595 0.0332062 0.0840291
4 0.504996 0.547829 0.404946 0.412696 0.0833652
2 0.356319 0.547823 0.0291952 0.0394554 0.0803952
5 0.407444 0.435249 0.0251106 0.0382705 0.0795363
4 0.502804 0.533289 0.414558 0.440213 0.0781012
2 0.622083 0.599384 0.0268516 0.0330726 0.0732752
2 0.418293 0.623621 0.0275246 0.0298942 0.0723642
2 0.421495 0.656405 0.0438777 0.0349224 0.071287
2 0.356694 0.54802 0.0318161 0.0418904 0.0669859
2 0.418541 0.623522 0.0313586 0.0354293 0.0667284
2 0.40909 0.435331 0.0318074 0.0461952 0.0664514
2 0.421093 0.656793 0.0420618 0.0351904 0.0662408
2 0.488398 0.279749 0.0873219 0.0675182 0.066042
2 0.422299 0.656275 0.0480088 0.0365777 0.0657791
2 0.61404 0.568765 0.0396384 0.0347948 0.0651627
2 0.622452 0.600373 0.0353225 0.037578 0.0645382
2 0.407719 0.434833 0.0320834 0.0464066 0.0642625
2 0.61366 0.567691 0.0385505 0.0352301 0.0639042
4 0.506608 0.540495 0.395755 0.41854 0.063743
5 0.40717 0.435518 0.0215237 0.0346296 0.0634208
2 0.356581 0.54772 0.0294195 0.0390799 0.0629335
2 0.613046 0.569006 0.0364734 0.034748 0.0623719
4 0.504551 0.542729 0.411846 0.414242 0.0613928
5 0.407916 0.435028 0.0259052 0.0396318 0.0611117
2 0.613362 0.569027 0.0350396 0.0332658 0.061089
2 0.356625 0.547861 0.0270558 0.0363118 0.0597894
2 0.356107 0.547762 0.0289833 0.0387932 0.0573001
2 0.49322 0.278083 0.0826388 0.0658241 0.0553229
5 0.408053 0.435059 0.0270298 0.0412353 0.0552703
5 0.406766 0.435602 0.0261965 0.0410094 0.0551759
2 0.405729 0.528305 0.0356749 0.0482158 0.0548388
2 0.381775 0.377579 0.0434014 0.0494091 0.0545229
2 0.381422 0.378295 0.0409282 0.0473428 0.0535727
4 0.504831 0.508447 0.42496 0.498516 0.0534643
2 0.613731 0.568639 0.0380662 0.0355032 0.0523963
2 0.410081 0.436026 0.0320895 0.0467185 0.0514656
2 0.622543 0.381885 0.144615 0.121892 0.0514311
5 0.609153 0.651675 0.0312032 0.0386981 0.0505676
2 0.427438 0.654899 0.0637032 0.0426913 0.0500776
5 0.609285 0.651439 0.0326697 0.0397006 0.0497096
2 0.419528 0.625832 0.0387333 0.0375469 0.0490936
2 0.406023 0.527966 0.0363916 0.0493844 0.0490742
2 0.420687 0.656045 0.0427089 0.0367962 0.0479139
2 0.407111 0.528648 0.0398865 0.0510246 0.0476863
5 0.609571 0.650911 0.0318518 0.0407309 0.0476303
2 0.405483 0.527717 0.0359839 0.0492369 0.0474428
2 0.356553 0.548076 0.0306758 0.0396266 0.0467495
2 0.611016 0.647674 0.0405472 0.0496752 0.0455041
2 0.614162 0.567588 0.0397853 0.0357266 0.0450475
2 0.356311 0.547862 0.0279533 0.0385082 0.0445239
2 0.610427 0.648521 0.0376268 0.0456139 0.0444205
2 0.381811 0.378919 0.0388613 0.0444369 0.0407887
2 0.408955 0.435678 0.030329 0.0442569 0.0406492
5 0.61053 0.649753 0.035766 0.0441354 0.0401051
2 0.38156 0.378569 0.0387784 0.0459233 0.0395552
2 0.421655 0.657767 0.0519829 0.0422825 0.0395291
2 0.495177 0.278949 0.067832 0.0651472 0.0391917
2 0.355454 0.547855 0.0331074 0.0417051 0.0389132
2 0.495579 0.277717 0.0784348 0.0635263 0.0388054
2 0.405476 0.529189 0.0375412 0.050619 0.038756
2 0.623672 0.600801 0.0322478 0.0366084 0.038344
2 0.381524 0.37858 0.041667 0.0465591 0.0371255
2 0.418807 0.624262 0.0330085 0.0325621 0.036622
2 0.418314 0.625565 0.0385346 0.0383239 0.0357611
2 0.405436 0.528195 0.0354556 0.0488988 0.0357394
5 0.609575 0.651983 0.0284864 0.0356383 0.034427
5 0.6103 0.650518 0.0338409 0.041639 0.034271
2 0.381778 0.377004 0.0408111 0.04863 0.0336798
5 0.405524 0.436176 0.0231506 0.033994 0.0336527
2 0.420632 0.657582 0.0397328 0.0331148 0.0331665
4 0.507766 0.509072 0.422564 0.491825 0.0327697
2 0.522106 0.686136 0.054293 0.0467749 0.0317899
2 0.611826 0.569685 0.0323789 0.0325248 0.0313103
5 0.610644 0.649009 0.0406567 0.0498129 0.0310468
5 0.609466 0.651001 0.0404874 0.0477248 0.0302848
5 0.609805 0.651487 0.0312596 0.0393179 0.0300202
2 0.613502 0.568467 0.0367783 0.0348412 0.0298903
2 0.612621 0.568872 0.034547 0.0341122 0.0293437
2 0.654823 0.484255 0.0253106 0.0311162 0.0291525
5 0.608984 0.651681 0.0302054 0.0368978 0.0291062
2 0.381837 0.376608 0.0425785 0.0493916 0.0285185
2 0.624183 0.601254 0.034068 0.0400284 0.0282609
2 0.545627 0.324044 0.260868 0.161506 0.0279869
2 0.520682 0.68232 0.0629082 0.0592091 0.0279016
2 0.489441 0.278816 0.0895601 0.0654283 0.0276386
2 0.577048 0.505134 0.0270418 0.0439979 0.0256017
2 0.492548 0.281481 0.0704281 0.0672035 0.025452
5 0.407328 0.43494 0.0321289 0.0469395 0.0254372
5 0.408884 0.436048 0.03248 0.0452221 0.0252832
2 0.577838 0.50455 0.0247441 0.0418368 0.0240509
5 0.610034 0.649112 0.0391083 0.0446948 0.0239195
2 0.486573 0.282024 0.0845632 0.0676004 0.0238911
2 0.383642 0.374945 0.0482957 0.0547317 0.0238504
2 0.524236 0.692718 0.0477502 0.0352811 0.0237603
2 0.478449 0.701867 0.0325356 0.0357984 0.0237477
2 0.577189 0.504209 0.0253294 0.0423247 0.0231436
2 0.405596 0.52822 0.0393461 0.0528643 0.0231255
2 0.614282 0.568249 0.048418 0.042039 0.0228479
2 0.420917 0.656026 0.0454891 0.0391462 0.0228219
2 0.541135 0.321016 0.25151 0.163274 0.0227283
2 0.381822 0.379576 0.0360161 0.042175 0.0220766
2 0.407585 0.528532 0.0414908 0.0539997 0.0219543
2 0.419579 0.625006 0.0355535 0.0371738 0.0219005
2 0.614 0.56783 0.0415447 0.0374208 0.021636
2 0.354441 0.547107 0.0331617 0.0434364 0.0215797
2 0.522392 0.360835 0.0423731 0.0512974 0.0214599
2 0.626471 0.383946 0.131694 0.113975 0.0212875
2 0.507703 0.702428 0.0836783 0.0703141 0.0207168
2 0.408838 0.528146 0.0406666 0.0522411 0.020165
2 0.654406 0.483797 0.0237812 0.0287333 0.0194507
4 0.513469 0.539609 0.384146 0.395252 0.0191058
2 0.356649 0.547922 0.0257057 0.0349645 0.0186578
2 0.500232 0.704693 0.0772854 0.061971 0.018409
2 0.484039 0.281569 0.118463 0.0775988 0.0183653
2 0.404568 0.527532 0.0363258 0.0510892 0.0183131
2 0.553048 0.324616 0.243309 0.144056 0.0181073
2 0.576212 0.504736 0.0258455 0.0432376 0.0177823
2 0.622932 0.601355 0.0350769 0.0392992 0.0176171
5 0.40757 0.435855 0.0272344 0.0416659 0.0176048
2 0.485784 0.704239 0.0494445 0.0492783 0.0175109
2 0.579201 0.506512 0.0300385 0.0482003 0.0173807
2 0.544283 0.326435 0.263837 0.154575 0.0173061
2 0.655615 0.483261 0.0258163 0.0328127 0.0172145
2 0.444228 0.353502 0.0344437 0.0392792 0.0171737
2 0.42057 0.656762 0.0403614 0.0348073 0.0169857
2 0.405401 0.529109 0.0353359 0.0485795 0.0168885
2 0.655157 0.484185 0.0252218 0.0313693 0.0168394
2 0.426497 0.654544 0.0661851 0.0417519 0.0168207
2 0.441506 0.71743 0.0408578 0.0466562 0.0166613
5 0.612085 0.647461 0.0445382 0.0531749 0.0165989
2 0.621678 0.600442 0.0336435 0.0382625 0.0164403
2 0.522184 0.360556 0.0424516 0.0510351 0.0164186
2 0.655407 0.483473 0.0223251 0.0289264 0.0163609
2 0.614812 0.566682 0.0440353 0.0370622 0.0163251
2 0.485956 0.707164 0.0475627 0.0487681 0.0161481
2 0.530117 0.681973 0.0398408 0.052326 0.0159561
2 0.44125 0.716796 0.0338884 0.0404693 0.0158309
2 0.505547 0.706972 0.0786426 0.0713727 0.0157973
2 0.442004 0.717331 0.0348384 0.0412543 0.0157825
2 0.49149 0.704917 0.0644549 0.0563648 0.0156814
2 0.614928 0.570434 0.0500655 0.0430872 0.0155538
2 0.529953 0.685448 0.0368934 0.0427587 0.0151716
2 0.478946 0.702045 0.0312912 0.0349653 0.015013
2 0.617833 0.381601 0.150444 0.125142 0.0149598
2 0.382529 0.380303 0.034588 0.0396401 0.014945
2 0.54453 0.332378 0.262638 0.16699 0.0147943
2 0.443362 0.386921 0.0374831 0.0363654 0.014686
2 0.577993 0.505907 0.0287319 0.0474735 0.0145059
2 0.581072 0.320112 0.178369 0.133901 0.0144107
2 0.4115 0.435875 0.0371942 0.0514129 0.0143587
2 0.494891 0.70856 0.063426 0.0608183 0.0141647
2 0.51026 0.687654 0.0857851 0.0631511 0.0140507
2 0.53932 0.3292 0.254531 0.165434 0.0139827
2 0.441939 0.719191 0.0371076 0.0417948 0.0139595
2 0.480578 0.701697 0.0359909 0.0374182 0.013497
5 0.406716 0.436625 0.0224771 0.0359859 0.0134528
2 0.575497 0.503654 0.0226029 0.038801 0.0132165
2 0.483388 0.705175 0.0385889 0.0418218 0.01321
2 0.44062 0.716546 0.0438027 0.0491307 0.0132031
2 0.602864 0.379926 0.192966 0.146766 0.013146
2 0.480397 0.70234 0.0338239 0.0361779 0.0130025
2 0.40456 0.527928 0.0338774 0.049424 0.0128571
2 0.529925 0.693102 0.0341175 0.0280517 0.012826
2 0.485132 0.280394 0.0933724 0.0651765 0.0128247
2 0.442278 0.719508 0.0404681 0.0428633 0.0127958
2 0.480851 0.703589 0.0330931 0.0367891 0.0126993
2 0.609968 0.56969 0.030388 0.0333115 0.0126564
2 0.444051 0.35565 0.0381357 0.040288 0.0126145
2 0.521524 0.360415 0.0461488 0.0522529 0.0124724
2 0.654056 0.483326 0.0225328 0.0274105 0.0121487
4 0.507056 0.541681 0.407729 0.43528 0.0118501
2 0.509964 0.693318 0.0839663 0.0616608 0.0118345
2 0.426027 0.655224 0.065418 0.0441475 0.0117742
3 0.504525 0.52627 0.173976 0.243629 0.0117648
2 0.615592 0.567687 0.0492665 0.0419189 0.0116948
2 0.578596 0.505423 0.0257993 0.043457 0.0116563
2 0.44023 0.715797 0.0401375 0.0460113 0.0115702
2 0.381109 0.378909 0.038972 0.0468625 0.0115623
2 0.489918 0.708134 0.0584055 0.0553534 0.0114924
4 0.525329 0.536826 0.361839 0.417533 0.0114125
2 0.482969 0.703491 0.0392988 0.0413168 0.0112179
2 0.576396 0.505373 0.0296273 0.0470132 0.0111166
2 0.550084 0.336567 0.255591 0.163562 0.010986
2 0.519855 0.360957 0.0468385 0.053087 0.0108963
2 0.406576 0.529982 0.0458298 0.0574979 0.0107419
2 0.443621 0.386618 0.039565 0.0378811 0.0106956
2 0.440586 0.715252 0.0423633 0.0497167 0.0105662
2 0.543448 0.3359 0.26725 0.165711 0.0101996
2 0.426659 0.653368 0.0668882 0.0417091 0.0101879
