3 0.515046 0.529535 0.480257 0.583059 0.860527
3 0.514178 0.529395 0.486453 0.584421 0.858242
3 0.517909 0.531994 0.48703 0.585219 0.816464
3 0.518609 0.530552 0.502788 0.584915 0.811143
3 0.520702 0.532726 0.497923 0.588888 0.8068
3 0.519828 0.532763 0.51018 0.590383 0.792352
3 0.515349 0.532308 0.482085 0.584238 0.789768
3 0.513564 0.530759 0.479427 0.583682 0.689179
3 0.517249 0.531194 0.491863 0.587635 0.401442
3 0.510038 0.532636 0.471175 0.579484 0.0275821
5 0.517814 0.784137 0.0817032 0.0736333 0.0189138
5 0.514661 0.783594 0.0880577 0.0783651 0.0175503
2 0.514565 0.78451 0.084426 0.0751897 0.0174295
2 0.514628 0.785627 0.0819785 0.0717296 0.0172675
2 0.517899 0.785601 0.0777188 0.0701734 0.0163354
3 0.518891 0.530048 0.504148 0.586163 0.013273
2 0.51021 0.784212 0.0924196 0.0776481 0.012276
2 0.51046 0.785572 0.0914821 0.0743155 0.0118541
5 0.518519 0.783037 0.0881852 0.077452 0.0115527
