3 0.531518 0.489191 0.390046 0.37905 0.316424
3 0.521826 0.488911 0.37233 0.380652 0.313141
3 0.508609 0.487951 0.439259 0.397754 0.302445
3 0.506414 0.490198 0.440888 0.403657 0.299233
3 0.50662 0.486022 0.446193 0.399926 0.243548
3 0.510833 0.486803 0.457305 0.408689 0.233951
3 0.51237 0.486854 0.453056 0.400255 0.209806
3 0.513752 0.491633 0.361272 0.371556 0.194461
3 0.497357 0.492549 0.360183 0.369216 0.180641
3 0.517056 0.490622 0.370689 0.371291 0.166787
3 0.510794 0.502292 0.348122 0.356873 0.150477
5 0.391146 0.502956 0.0385156 0.0436043 0.121088
5 0.441902 0.544144 0.0251296 0.0292545 0.118789
5 0.441784 0.544262 0.0258765 0.0300894 0.116126
5 0.39082 0.503138 0.0370905 0.0428154 0.115489
5 0.391369 0.502906 0.0467291 0.0481628 0.112778
5 0.442756 0.543303 0.0255352 0.0298368 0.111386
5 0.545697 0.622651 0.025718 0.0283648 0.110671
5 0.441903 0.543977 0.0232833 0.0278232 0.104862
5 0.442412 0.543705 0.0259887 0.0294195 0.100625
5 0.440597 0.544083 0.0306921 0.0345553 0.100043
5 0.441872 0.543838 0.0243729 0.0280846 0.0981462
5 0.442449 0.544033 0.0305235 0.0338378 0.0901671
5 0.391542 0.502782 0.0399598 0.0438094 0.0892104
5 0.442258 0.543906 0.0225143 0.0277637 0.0855975
3 0.494395 0.501697 0.349682 0.35744 0.0855932
5 0.546533 0.622224 0.0283221 0.0313572 0.0846803
5 0.545743 0.622384 0.0259275 0.0278842 0.0845221
5 0.3916 0.503128 0.0390185 0.0438477 0.0840576
5 0.39101 0.503379 0.0410022 0.0464895 0.08273
5 0.442216 0.544536 0.0263166 0.030929 0.0821432
5 0.391134 0.503313 0.0372286 0.0436289 0.0806063
5 0.546309 0.622485 0.0240229 0.0273217 0.0804028
5 0.546014 0.622495 0.0288389 0.0312504 0.0800688
5 0.392642 0.502909 0.0474267 0.0479901 0.0747626
5 0.545271 0.622145 0.0277383 0.030158 0.0743914
5 0.546427 0.622493 0.0233843 0.0260416 0.0719304
5 0.442242 0.543725 0.0228253 0.0271082 0.071041
3 0.513725 0.498242 0.436802 0.434409 0.0691344
5 0.390774 0.50365 0.0368543 0.0436446 0.0682098
5 0.546088 0.622591 0.0240831 0.0265509 0.0681967
5 0.441933 0.544898 0.0245243 0.0301847 0.0662652
3 0.496772 0.491575 0.35872 0.366176 0.0657753
5 0.390798 0.503415 0.0337841 0.0402222 0.0646871
3 0.509649 0.483238 0.460642 0.411261 0.06352
5 0.406588 0.4591 0.018182 0.0246262 0.0596372
5 0.409436 0.573373 0.026419 0.0319422 0.0572478
5 0.545853 0.622571 0.02451 0.0263799 0.0562193
5 0.439766 0.544342 0.0274259 0.0319692 0.0550386
5 0.404951 0.45709 0.0239247 0.0305708 0.0539875
5 0.405882 0.457766 0.0208099 0.0275375 0.0506704
5 0.406808 0.459735 0.0184763 0.0243701 0.05064
5 0.442706 0.545097 0.0309334 0.0356172 0.0490476
5 0.545391 0.621877 0.0300954 0.0323145 0.0481439
5 0.408899 0.572461 0.0231356 0.0288815 0.0468483
5 0.544961 0.622473 0.0261479 0.0283799 0.0467701
5 0.440411 0.544152 0.0337468 0.0368573 0.0466946
5 0.404613 0.455997 0.0258761 0.0352286 0.0465273
5 0.546506 0.623373 0.0276679 0.0308958 0.0460989
5 0.40605 0.458879 0.0200805 0.0268969 0.0451737
5 0.392082 0.502038 0.0430995 0.0446982 0.0440945
5 0.546181 0.622882 0.0338872 0.0358847 0.0425834
5 0.408966 0.572108 0.021867 0.0284961 0.0424059
5 0.431828 0.47173 0.018683 0.0220643 0.0378172
5 0.39123 0.503166 0.0493515 0.0516636 0.0376308
5 0.43039 0.470549 0.0205361 0.023629 0.0376073
5 0.430612 0.471428 0.0222528 0.0244834 0.0373907
5 0.409111 0.573101 0.0268807 0.032403 0.0373182
5 0.391386 0.502646 0.0423344 0.0452276 0.037234
5 0.404836 0.458219 0.0221089 0.0271534 0.0350907
5 0.405623 0.456967 0.0253997 0.0348764 0.0343502
5 0.408719 0.572791 0.0227293 0.0282663 0.0334883
5 0.408734 0.572742 0.0229335 0.028514 0.0327856
5 0.431228 0.47112 0.0171567 0.0202743 0.0322743
5 0.406516 0.459321 0.020921 0.0275152 0.0320124
5 0.430969 0.470673 0.0189498 0.0216001 0.0303649
5 0.546535 0.623674 0.0257956 0.0297755 0.0292159
3 0.465223 0.457651 0.212948 0.273778 0.0290484
5 0.408339 0.572599 0.0217479 0.0280574 0.0287518
5 0.40944 0.573296 0.0261372 0.0316145 0.028521
3 0.477291 0.468143 0.197318 0.287669 0.0276337
5 0.390387 0.503938 0.0314806 0.0396227 0.0275567
3 0.839422 0.241125 0.320271 0.477618 0.0257623
3 0.823961 0.224366 0.342103 0.44619 0.0255695
3 0.480172 0.471539 0.213238 0.303639 0.0250742
3 0.495065 0.487828 0.162984 0.317227 0.0246623
3 0.467149 0.468335 0.222502 0.293037 0.0246612
5 0.441661 0.543342 0.0350874 0.0358845 0.0245673
3 0.497449 0.498125 0.162617 0.3322 0.0244235
5 0.38973 0.43253 0.0296063 0.0306385 0.0241769
5 0.407466 0.459506 0.0203402 0.0277019 0.0238523
3 0.824518 0.236697 0.342644 0.468316 0.0234451
5 0.407178 0.572026 0.0271651 0.0319257 0.0230584
5 0.388322 0.431919 0.0269016 0.0310971 0.0230486
5 0.44088 0.543336 0.0345976 0.0363286 0.0226061
5 0.408888 0.572785 0.0218175 0.0281878 0.02168
0 0.541643 0.6102 0.236252 0.170717 0.021139
5 0.402205 0.452356 0.0298996 0.0444797 0.0205782
5 0.387257 0.432428 0.033204 0.0352025 0.0202118
3 0.497298 0.506074 0.174205 0.330838 0.0200148
5 0.387319 0.432008 0.0314952 0.0352104 0.0199966
5 0.38833 0.43243 0.032506 0.032038 0.0194518
1 0.836126 0.872219 0.327569 0.255561 0.0192505
5 0.387857 0.432129 0.0264887 0.032056 0.019132
3 0.492341 0.473134 0.160616 0.295014 0.0188769
5 0.390337 0.504046 0.0306493 0.0385938 0.0188265
5 0.410849 0.572331 0.0258045 0.0308936 0.0184127
3 0.839466 0.259311 0.320882 0.504419 0.018105
5 0.432006 0.471451 0.0198364 0.0236024 0.0179422
5 0.386846 0.431759 0.033358 0.0371819 0.0179093
3 0.474239 0.456518 0.192838 0.266497 0.0178973
5 0.409969 0.572514 0.024947 0.0302012 0.017764
5 0.546808 0.624036 0.0361928 0.0393586 0.0176896
3 0.459659 0.45547 0.234385 0.27294 0.0168713
5 0.545608 0.621871 0.0321324 0.0347973 0.0167581
0 0.458677 0.441636 0.223914 0.247756 0.0161992
5 0.407041 0.57142 0.0311624 0.034976 0.0161883
5 0.38708 0.431855 0.0371733 0.0415642 0.0160485
5 0.398695 0.449906 0.0362024 0.0516018 0.016025
3 0.519526 0.625194 0.348222 0.154599 0.015926
3 0.481146 0.484646 0.223707 0.318799 0.0159182
5 0.444514 0.544186 0.0361033 0.0377019 0.0157559
5 0.443561 0.544123 0.037233 0.0381787 0.0156933
0 0.541665 0.61838 0.238624 0.162227 0.0156392
0 0.548927 0.612751 0.215057 0.160251 0.0156049
5 0.546206 0.621827 0.0337085 0.0360941 0.0155224
5 0.432228 0.471619 0.0177691 0.021388 0.0155032
5 0.391025 0.503884 0.0396728 0.0457676 0.0150203
3 0.838753 0.224494 0.31977 0.446881 0.0142673
3 0.529016 0.640212 0.342731 0.197739 0.0142135
3 0.460897 0.49151 0.314081 0.363201 0.0136015
5 0.394001 0.502184 0.0501453 0.0490471 0.0135564
5 0.428939 0.468769 0.0190269 0.0243426 0.013372
5 0.387421 0.431975 0.0290647 0.0327323 0.0133484
5 0.43402 0.472884 0.0207721 0.0238733 0.013221
3 0.46807 0.492615 0.324261 0.368418 0.0125415
3 0.462536 0.442051 0.207826 0.243626 0.0122386
0 0.541918 0.603213 0.237297 0.179442 0.0121937
0 0.451743 0.441513 0.219409 0.244931 0.0120631
3 0.530883 0.707776 0.33546 0.13422 0.0118394
5 0.410089 0.573252 0.0334036 0.0361473 0.0116794
0 0.428896 0.490388 0.278155 0.369361 0.0113697
5 0.387871 0.432177 0.0289905 0.0315756 0.0113381
1 0.813329 0.870356 0.373341 0.258564 0.0112751
0 0.549918 0.618388 0.216266 0.1553 0.0112515
5 0.432159 0.473418 0.0243492 0.0283649 0.0111971
3 0.824336 0.25396 0.344074 0.490235 0.0110258
1 0.837449 0.879253 0.325102 0.241186 0.0110153
3 0.517669 0.500784 0.35733 0.363009 0.0107858
5 0.438012 0.47455 0.0240477 0.0270205 0.0101748
