2 0.370567 0.673076 0.101297 0.1078 0.429137
2 0.412953 0.0915595 0.0586436 0.0584904 0.308241
2 0.329796 0.81961 0.0647484 0.079202 0.281288
2 0.0969731 0.501797 0.0521939 0.0704575 0.275919
2 0.367475 0.43357 0.0317892 0.0596245 0.263792
2 0.357387 0.552531 0.0526995 0.0980112 0.249109
2 0.312403 0.262759 0.0308559 0.0579477 0.20214
2 0.407068 0.406108 0.0427771 0.0524671 0.178695
2 0.352544 0.33009 0.0591919 0.0924375 0.164312
2 0.740355 0.59807 0.0402993 0.0764412 0.157977
2 0.19124 0.327361 0.0668705 0.06651 0.155505
