2 0.46154 0.593991 0.0772219 0.0618237 0.848021
2 0.462467 0.593487 0.0785074 0.0613953 0.827782
2 0.462216 0.593901 0.077567 0.0625468 0.703105
2 0.462103 0.594024 0.0775799 0.0603477 0.695708
2 0.462236 0.592853 0.0806825 0.0659394 0.61545
2 0.756192 0.263731 0.036488 0.0569924 0.607046
2 0.461671 0.592788 0.0800122 0.065901 0.606923
2 0.461789 0.592806 0.0789516 0.0659375 0.593087
2 0.755606 0.262513 0.0355656 0.0543491 0.479691
2 0.756182 0.26379 0.0381681 0.0576472 0.470752
2 0.755904 0.262308 0.0344964 0.0547478 0.457713
2 0.756211 0.264393 0.0395829 0.0604983 0.431503
2 0.844304 0.348358 0.041116 0.0545766 0.419692
2 0.843723 0.348243 0.0420078 0.0539958 0.393942
2 0.75603 0.263393 0.0390628 0.0600037 0.393469
2 0.462351 0.592315 0.081125 0.0648464 0.359164
2 0.84405 0.348073 0.039302 0.0527962 0.354954
2 0.755588 0.262612 0.0364081 0.0581436 0.352386
2 0.756415 0.265486 0.0366859 0.0601726 0.323746
2 0.843544 0.347746 0.0388292 0.0541347 0.312832
2 0.843358 0.348241 0.0399845 0.0531298 0.298326
2 0.842798 0.347766 0.0394313 0.0531337 0.267059
2 0.756095 0.261513 0.0365443 0.05741 0.26176
