1 0.534588 0.450419 0.544416 0.712567 0.865614
1 0.530273 0.450358 0.566034 0.714431 0.84122
1 0.531881 0.458777 0.548646 0.728405 0.815568
1 0.533281 0.457135 0.541989 0.716778 0.813173
1 0.532072 0.456554 0.572149 0.720945 0.805773
1 0.52938 0.459026 0.57854 0.730562 0.804879
1 0.532861 0.448463 0.542371 0.710808 0.803364
1 0.528451 0.456859 0.548777 0.725161 0.785396
1 0.530749 0.455933 0.547324 0.719457 0.779827
1 0.529095 0.447679 0.564795 0.714815 0.629519
5 0.210797 0.529875 0.0956332 0.147321 0.367476
5 0.594885 0.799317 0.0814968 0.0800501 0.333111
5 0.213602 0.530383 0.0988322 0.14586 0.262568
