0 0.560452 0.581222 0.566121 0.757663 0.708244
0 0.562541 0.578639 0.562262 0.762694 0.697029
0 0.562576 0.58741 0.562779 0.762881 0.69452
0 0.553141 0.58713 0.566336 0.775117 0.694136
0 0.566882 0.579163 0.569186 0.761824 0.674547
0 0.553401 0.582486 0.565444 0.768357 0.639394
0 0.55369 0.580662 0.565969 0.766829 0.624552
0 0.567742 0.584015 0.57035 0.760836 0.612405
0 0.567856 0.580447 0.571115 0.752518 0.571634
0 0.563331 0.574465 0.564513 0.758814 0.431179
5 0.653607 0.68476 0.049854 0.0564326 0.292639
5 0.653168 0.684667 0.0504506 0.0620605 0.270196
5 0.653888 0.684927 0.0498489 0.0599731 0.267165
5 0.652889 0.684318 0.0455832 0.0516266 0.26561
5 0.653629 0.685148 0.0498487 0.0559187 0.25825
