0 0.541651 0.597886 0.666624 0.772585 0.704086
0 0.539649 0.597834 0.67364 0.776421 0.656829
0 0.538111 0.598381 0.669309 0.755402 0.633799
0 0.539665 0.597156 0.672779 0.764102 0.63189
0 0.538459 0.596811 0.660212 0.761562 0.628352
0 0.539696 0.599049 0.66596 0.781564 0.624913
0 0.53937 0.600719 0.673354 0.768746 0.579704
0 0.540236 0.596462 0.65922 0.767476 0.570804
2 0.428858 0.446889 0.0363771 0.0445535 0.489353
0 0.537306 0.603034 0.6737 0.784506 0.485321
2 0.629548 0.377889 0.0477232 0.0596244 0.455787
2 0.468477 0.410168 0.0379394 0.0529822 0.451806
2 0.46843 0.410524 0.0371894 0.0536942 0.419642
2 0.601949 0.48142 0.0318262 0.0509945 0.414435
2 0.55666 0.477533 0.0437935 0.0561884 0.413453
2 0.428525 0.447833 0.0339839 0.0445714 0.410346
2 0.478224 0.52969 0.0286054 0.0379094 0.405727
2 0.391606 0.521843 0.0426295 0.046037 0.404024
2 0.630212 0.373817 0.050097 0.0700803 0.394509
2 0.467668 0.410862 0.0393779 0.0549624 0.381321
2 0.630553 0.373219 0.0493917 0.0703194 0.377741
2 0.467897 0.410852 0.0377506 0.0517007 0.37609
2 0.60188 0.481681 0.0335299 0.0518516 0.374634
2 0.391803 0.521004 0.0439221 0.0472306 0.372464
2 0.555766 0.477102 0.0471867 0.0563323 0.366896
2 0.444291 0.375119 0.0431908 0.0470733 0.364507
2 0.47755 0.529798 0.0270271 0.036742 0.362652
2 0.539399 0.4322 0.0294727 0.0302919 0.356627
2 0.458859 0.630686 0.0266089 0.0380346 0.356247
2 0.390657 0.520997 0.0408282 0.0441532 0.35507
2 0.629749 0.379587 0.0491276 0.0573679 0.354231
2 0.45498 0.586389 0.0388619 0.0421354 0.349229
2 0.555652 0.476154 0.0449445 0.0540298 0.348404
2 0.600933 0.48086 0.030017 0.0482093 0.343486
2 0.42862 0.446851 0.0345435 0.0441132 0.342519
2 0.539552 0.432369 0.0312547 0.0301401 0.335665
2 0.688963 0.371056 0.0363744 0.044221 0.335322
2 0.633113 0.52433 0.0316733 0.0392968 0.330444
2 0.414858 0.716445 0.0417648 0.0426252 0.330203
2 0.429195 0.448044 0.0364593 0.0447213 0.328778
2 0.39141 0.520761 0.040434 0.0427134 0.324987
2 0.557713 0.477411 0.0425642 0.0564484 0.323609
2 0.632812 0.523886 0.0309496 0.0402533 0.323392
2 0.539257 0.43154 0.0293058 0.0323235 0.320495
2 0.444686 0.376012 0.0431488 0.0479721 0.314761
2 0.458807 0.631171 0.027768 0.0379777 0.31388
2 0.390363 0.520209 0.0398275 0.0422096 0.313741
2 0.632961 0.524031 0.0338942 0.0438983 0.313523
2 0.456097 0.586493 0.0397421 0.0430952 0.31322
2 0.632815 0.524619 0.0311972 0.0403015 0.308118
2 0.688921 0.370945 0.0356592 0.0420797 0.306259
2 0.694834 0.731862 0.0459573 0.056433 0.303342
2 0.463632 0.674748 0.036174 0.0456449 0.301625
2 0.467859 0.411351 0.0390789 0.0528791 0.297014
2 0.46716 0.411102 0.037212 0.0519345 0.296712
2 0.601075 0.481276 0.030201 0.0468496 0.295493
2 0.504444 0.729074 0.0416354 0.0529082 0.292714
2 0.283747 0.471509 0.0309355 0.0333403 0.291462
2 0.42838 0.448073 0.0365099 0.0468695 0.290472
2 0.631976 0.373417 0.0486388 0.0748637 0.290146
2 0.548289 0.404201 0.0294232 0.0344229 0.286625
2 0.601735 0.481533 0.0336109 0.0500029 0.286376
2 0.415667 0.716284 0.0425877 0.0444469 0.285678
2 0.449058 0.530796 0.025252 0.0354717 0.282634
2 0.779268 0.572381 0.0437644 0.0672344 0.28247
2 0.633314 0.523823 0.0309587 0.0393721 0.282418
2 0.694692 0.731383 0.044281 0.0545287 0.278149
2 0.45589 0.587518 0.0403169 0.0464658 0.278047
2 0.443404 0.375729 0.0383424 0.0430558 0.276853
2 0.545529 0.405576 0.0343626 0.0393734 0.273703
2 0.455812 0.585792 0.0376019 0.0413931 0.273533
2 0.283808 0.471127 0.032007 0.0345606 0.270722
2 0.556754 0.476808 0.0433655 0.0559658 0.270293
2 0.406681 0.399434 0.0258822 0.0328359 0.268962
2 0.406886 0.398943 0.0223999 0.0310325 0.266606
2 0.689752 0.369973 0.0364598 0.0426764 0.265658
2 0.456107 0.585993 0.0390442 0.0421785 0.263941
2 0.463058 0.674665 0.0363937 0.0448738 0.262205
2 0.69519 0.732208 0.0470102 0.0582555 0.260656
2 0.557478 0.650569 0.0343803 0.0445733 0.260045
2 0.444207 0.375544 0.0412517 0.0446669 0.258401
2 0.39073 0.520613 0.0384205 0.0422464 0.256072
2 0.559272 0.480088 0.0394028 0.0511007 0.255675
2 0.455984 0.587436 0.0411904 0.0481071 0.25263
2 0.284582 0.471759 0.0340593 0.0349304 0.252497
2 0.63287 0.373066 0.0458173 0.0731326 0.251338
2 0.283809 0.471106 0.0336551 0.0343144 0.250844
