4 0.500898 0.374066 0.589393 0.735024 0.962291
4 0.494658 0.369255 0.592343 0.73851 0.955985
4 0.496023 0.371677 0.586837 0.727354 0.955918
4 0.502872 0.373663 0.588347 0.724697 0.953741
4 0.50199 0.375739 0.586631 0.733392 0.948171
4 0.503025 0.373843 0.584197 0.722357 0.939712
4 0.503744 0.372402 0.593647 0.726924 0.932112
4 0.501505 0.36565 0.593871 0.729487 0.845016
4 0.496207 0.372016 0.588707 0.720678 0.735757
4 0.504845 0.373143 0.584555 0.721305 0.532856
4 0.502325 0.366132 0.58922 0.719995 0.520004
