0 0.908199 0.337483 0.183602 0.502863 0.213542
2 0.527048 0.400313 0.0601666 0.0593851 0.18332
0 0.900894 0.444146 0.195696 0.292728 0.124684
0 0.495618 0.361445 0.395983 0.480885 0.036674
0 0.949438 0.335796 0.0976581 0.491768 0.03651
5 0.526455 0.398325 0.0618155 0.0590363 0.031184
2 0.990145 0.142824 0.0185267 0.0443937 0.0233219
0 0.116071 0.353876 0.227673 0.707753 0.0214403
2 0.955528 0.153246 0.036652 0.0522319 0.0197292
2 0.913586 0.155038 0.0370421 0.0512212 0.0194825
5 0.913435 0.155933 0.0374307 0.0523 0.018572
2 0.921139 0.384046 0.0370198 0.0613244 0.01533
2 0.489374 0.141219 0.046092 0.100759 0.0149623
2 0.915499 0.206564 0.0374391 0.0512198 0.0110281
2 0.614994 0.247311 0.125674 0.165027 0.0107341
