2 0.711059 0.650457 0.119928 0.178885 0.103618
2 0.793287 0.780676 0.038149 0.0589392 0.0833789
0 0.222713 0.755629 0.25059 0.412896 0.0772056
5 0.238917 0.752698 0.283794 0.422781 0.0595822
5 0.766793 0.691317 0.312718 0.476568 0.0539013
2 0.734358 0.646936 0.0596029 0.109473 0.0434253
0 0.773342 0.694131 0.382283 0.565427 0.0394022
2 0.832022 0.618365 0.0325835 0.0605789 0.037722
5 0.743196 0.65056 0.0462846 0.0901937 0.0271968
2 0.907343 0.538746 0.0944186 0.185195 0.0255408
3 0.192624 0.807719 0.161898 0.300143 0.0239666
2 0.902733 0.484796 0.0777078 0.0794234 0.0218914
0 0.223724 0.411592 0.444421 0.315653 0.0214572
0 0.360827 0.499541 0.715862 0.999081 0.0181624
2 0.737272 0.534635 0.165999 0.102828 0.0152259
5 0.69288 0.676617 0.263122 0.532624 0.0146997
1 0.266296 0.119179 0.522499 0.238358 0.0113815
2 0.713246 0.59563 0.100485 0.168789 0.011152
