2 0.450902 0.599382 0.178634 0.263643 0.389144
2 0.0694696 0.187915 0.138939 0.356384 0.189567
2 0.197393 0.181339 0.163349 0.277345 0.152557
2 0.313744 0.349038 0.0591248 0.10962 0.140679
2 0.434252 0.563663 0.133359 0.189148 0.133835
2 0.39729 0.81256 0.204419 0.303179 0.104051
2 0.508543 0.493604 0.173814 0.263918 0.0893439
2 0.35435 0.11364 0.0770236 0.217402 0.0885055
2 0.183387 0.507024 0.178281 0.353545 0.0677546
2 0.222332 0.267268 0.152192 0.214215 0.0676273
2 0.0697067 0.955706 0.0702438 0.088587 0.0623492
2 0.219403 0.447054 0.0422067 0.0824076 0.0591143
2 0.342436 0.284349 0.161909 0.174544 0.0512026
4 0.386934 0.5 0.773868 1 0.0511143
2 0.0429727 0.168415 0.0813893 0.336829 0.0507617
0 0.436735 0.506977 0.873471 0.986046 0.0407973
2 0.381794 0.138284 0.0677881 0.187155 0.0398424
2 0.255536 0.692856 0.132816 0.262335 0.0382169
2 0.472596 0.570042 0.245092 0.386383 0.0365877
2 0.630338 0.241737 0.267128 0.37107 0.0305561
2 0.236354 0.712169 0.0895965 0.193622 0.030343
2 0.123467 0.0562165 0.196292 0.112433 0.0244911
2 0.559863 0.0318063 0.140021 0.0636126 0.0216671
2 0.256805 0.418467 0.0446687 0.0685469 0.0206121
2 0.0335986 0.598711 0.0617675 0.23602 0.019954
2 0.0311493 0.335302 0.0622985 0.256421 0.0195803
2 0.0898915 0.287341 0.179783 0.429786 0.0191453
2 0.58456 0.193221 0.276345 0.2705 0.0189844
2 0.143827 0.859554 0.152849 0.209991 0.0184696
2 0.120617 0.0286439 0.169251 0.0572878 0.0175412
2 0.266194 0.806265 0.203364 0.294887 0.0172599
2 0.504142 0.0178699 0.114054 0.0357398 0.016894
2 0.0291058 0.140635 0.0558539 0.230861 0.0150824
2 0.475626 0.466131 0.0911613 0.117142 0.0140423
2 0.229497 0.224606 0.11226 0.122505 0.0139383
2 0.129028 0.424209 0.197999 0.468339 0.0128919
2 0.118705 0.0942352 0.227896 0.18847 0.0126888
2 0.0563225 0.0892708 0.105728 0.178542 0.0123254
2 0.248879 0.426534 0.0628302 0.0905915 0.0120821
2 0.697959 0.0575844 0.157172 0.115169 0.0120017
2 0.508691 0.446049 0.232444 0.395471 0.0116184
2 0.189628 0.133949 0.134593 0.180285 0.0113247
2 0.340028 0.21561 0.162254 0.315684 0.0111679
2 0.372451 0.303591 0.118299 0.16571 0.0102993
