0 0.5 0.553433 1 0.893135 0.270243
2 0.619769 0.140775 0.129535 0.147609 0.257511
2 0.270351 0.912187 0.207229 0.111798 0.195481
2 0.35863 0.0739121 0.147059 0.0862215 0.176117
2 0.467763 0.120656 0.131092 0.206344 0.132658
2 0.608728 0.167986 0.189818 0.204361 0.11415
2 0.268153 0.890012 0.29285 0.181716 0.10056
2 0.416852 0.122704 0.237377 0.232518 0.0991649
0 0.338098 0.877274 0.676196 0.245452 0.0968935
0 0.534746 0.907023 0.868355 0.185954 0.0943117
2 0.967626 0.242967 0.0647485 0.0996832 0.0830526
2 0.377745 0.094971 0.194591 0.146767 0.0693246
2 0.668969 0.173771 0.208921 0.166011 0.0653066
2 0.66862 0.201331 0.195803 0.0892835 0.0624913
2 0.230834 0.916464 0.131665 0.0737043 0.0616985
2 0.380512 0.0697431 0.0699081 0.0815192 0.0536133
2 0.335438 0.978707 0.425097 0.0423628 0.0425795
2 0.462594 0.0904688 0.084544 0.149438 0.0345303
0 0.220395 0.420687 0.440791 0.475212 0.0322388
2 0.895118 0.370259 0.201757 0.297495 0.0308494
2 0.919277 0.361923 0.145925 0.188521 0.0283392
2 0.549194 0.157829 0.0652325 0.119708 0.0271686
2 0.331025 0.0725923 0.0871469 0.0698814 0.0250683
2 0.576396 0.15341 0.122686 0.165815 0.023316
2 0.111233 0.758228 0.222466 0.185216 0.0218646
2 0.344289 0.337784 0.277292 0.178105 0.0172294
2 0.955154 0.257741 0.0896926 0.142217 0.0157579
2 0.650619 0.212622 0.132602 0.0545113 0.0150083
2 0.116372 0.650863 0.124098 0.0532723 0.0140576
2 0.210668 0.917736 0.0938156 0.0568193 0.0133939
0 0.804482 0.503185 0.385884 0.247243 0.0113571
5 0.907986 0.556742 0.184028 0.166619 0.0113556
0 0.484221 0.363956 0.968442 0.648951 0.0111974
2 0.447986 0.0643936 0.0624194 0.0928428 0.0110161
2 0.563666 0.86415 0.123774 0.0790764 0.0110083
3 0.162437 0.973188 0.324874 0.0522927 0.0107609
