2 0.426968 0.564752 0.0890782 0.0704471 0.415748
0 0.829325 0.619497 0.334988 0.761007 0.149676
2 0.438675 0.73753 0.0643666 0.116912 0.103937
2 0.958799 0.782972 0.0766051 0.181443 0.102413
2 0.328616 0.131046 0.129948 0.139402 0.0692943
2 0.289131 0.661698 0.0521918 0.0832639 0.0554359
2 0.43286 0.631179 0.0528723 0.0753464 0.0508136
0 0.251144 0.503093 0.502289 0.987427 0.0499698
5 0.288968 0.662204 0.052465 0.0803173 0.043148
2 0.181267 0.682085 0.0418241 0.0855723 0.033144
2 0.43215 0.362695 0.207453 0.209426 0.0327958
5 0.430279 0.866154 0.0533013 0.0886019 0.0323166
5 0.438053 0.738174 0.0709769 0.128223 0.0321741
2 0.284968 0.550951 0.0442392 0.0672014 0.0283909
2 0.897413 0.961144 0.0357007 0.0553772 0.0281967
2 0.438697 0.105761 0.0441176 0.0642715 0.0250782
2 0.23208 0.174266 0.0369043 0.0553335 0.0201335
2 0.287081 0.831105 0.15162 0.203495 0.0191773
2 0.230205 0.34506 0.176037 0.292531 0.018104
5 0.72536 0.729455 0.127841 0.356429 0.0156829
2 0.701706 0.757424 0.0605072 0.164618 0.0153621
2 0.427227 0.372271 0.150811 0.149654 0.0150279
5 0.331132 0.130328 0.130502 0.103323 0.0142866
