4 0.184577 0.696244 0.369153 0.607511 0.147787
0 0.562999 0.475796 0.260203 0.74299 0.111826
5 0.591232 0.631826 0.0402366 0.0835334 0.101374
5 0.560157 0.665349 0.22094 0.324282 0.0694889
0 0.560121 0.645494 0.227919 0.367847 0.0421684
2 0.772736 0.830486 0.024505 0.043059 0.0309776
0 0.573237 0.28889 0.238126 0.348266 0.0253245
0 0.211163 0.694162 0.419366 0.597111 0.0244603
0 0.56165 0.667783 0.119254 0.196483 0.0205279
5 0.616527 0.66283 0.113791 0.317557 0.0119264
5 0.773959 0.82773 0.028853 0.0446978 0.0118184
2 0.699685 0.927244 0.0516998 0.0700908 0.0101314
