0 0.488445 0.5 0.975694 1 0.510573
4 0.559362 0.5 0.881263 1 0.188072
5 0.82509 0.755163 0.0679797 0.192594 0.0609881
2 0.013145 0.166062 0.0262901 0.141309 0.060693
5 0.663249 0.723271 0.0396371 0.0504567 0.0545992
0 0.559169 0.264558 0.881661 0.529116 0.0353511
5 0.547694 0.730103 0.0354351 0.0527787 0.034112
5 0.551502 0.316947 0.0327467 0.0777598 0.0337498
3 0.110303 0.787514 0.220606 0.424972 0.0279768
3 0.111817 0.605832 0.223634 0.788337 0.0203721
2 0.559 0.653053 0.0496146 0.104501 0.0167461
5 0.840891 0.753489 0.0379002 0.173041 0.0161177
5 0.807327 0.745524 0.117743 0.225942 0.0159045
5 0.632551 0.083518 0.121334 0.119782 0.0128169
5 0.84468 0.775846 0.129307 0.221823 0.0121595
0 0.506142 0.151926 0.509729 0.303852 0.0118744
5 0.0209837 0.63131 0.0418351 0.0715203 0.0117461
0 0.818223 0.651933 0.363553 0.696133 0.0116747
2 0.641779 0.624115 0.0952597 0.180436 0.0111635
