3 0.5 0.876382 1 0.247235 0.634311
2 0.920295 0.555314 0.0774323 0.0689894 0.288891
2 0.830622 0.413519 0.231356 0.17401 0.207823
2 0.379331 0.129374 0.187268 0.0882463 0.169933
4 0.5 0.722999 1 0.554001 0.159855
2 0.699355 0.506104 0.0429591 0.039351 0.159811
3 0.50511 0.0492418 0.503511 0.0954591 0.131972
2 0.623511 0.351187 0.0833982 0.0868586 0.129714
2 0.422086 0.266165 0.146206 0.196714 0.128975
4 0.620311 0.334011 0.753819 0.641938 0.122483
2 0.446958 0.206784 0.082993 0.0676774 0.117415
2 0.439255 0.231449 0.108433 0.12736 0.107793
3 0.326429 0.890712 0.652857 0.21469 0.0965619
2 0.804624 0.5571 0.0432825 0.0476213 0.0906999
2 0.652635 0.349663 0.156938 0.0964237 0.0699101
2 0.490498 0.340002 0.0832994 0.0853116 0.066781
2 0.240474 0.667196 0.0319066 0.0345326 0.0557726
3 0.638983 0.1831 0.722033 0.365708 0.0530413
0 0.634412 0.230401 0.714674 0.456536 0.0527674
2 0.776766 0.379239 0.0487234 0.0513099 0.0513167
2 0.899523 0.377505 0.189328 0.153513 0.0495161
2 0.518427 0.215083 0.0610201 0.126197 0.046056
2 0.406182 0.651374 0.113269 0.0981813 0.0443641
2 0.613175 0.0656129 0.219081 0.0546391 0.0419045
4 0.287837 0.646447 0.531305 0.0885693 0.0367765
2 0.772811 0.394992 0.0593811 0.0866936 0.036085
2 0.76439 0.319385 0.183689 0.114628 0.031935
2 0.863193 0.542563 0.0379354 0.036113 0.0313608
2 0.425906 0.278661 0.0884465 0.18212 0.0276434
2 0.866121 0.401503 0.259561 0.299199 0.0265997
2 0.516426 0.195056 0.05195 0.0799482 0.0246578
2 0.333544 0.234141 0.0426013 0.0486658 0.023699
2 0.4655 0.208826 0.0467566 0.064905 0.0216216
2 0.435501 0.359076 0.0425821 0.0504395 0.0214129
2 0.874118 0.407066 0.187381 0.131735 0.0200144
2 0.774562 0.588447 0.0602834 0.107055 0.0199545
3 0.50019 0.0828587 0.567034 0.165061 0.0195409
2 0.594517 0.252534 0.240409 0.0891466 0.0193585
3 0.599216 0.0263417 0.328537 0.0526049 0.0189945
2 0.439773 0.112934 0.0363026 0.0281556 0.0189395
2 0.464056 0.344536 0.142773 0.111195 0.018677
2 0.925954 0.398097 0.0909307 0.0873476 0.0185511
2 0.778954 0.413336 0.110313 0.140382 0.0183547
2 0.455346 0.350837 0.0922681 0.0735789 0.0175284
0 0.573112 0.0456114 0.355559 0.0906842 0.0174688
2 0.529514 0.372117 0.0542636 0.0486115 0.0164289
2 0.755821 0.32976 0.25118 0.156067 0.0164021
3 0.313313 0.942168 0.626626 0.113376 0.0160864
2 0.786289 0.320788 0.0833682 0.0818271 0.0158317
2 0.393241 0.111812 0.220351 0.0528179 0.0157167
2 0.606643 0.423818 0.196902 0.0729787 0.0155519
2 0.448567 0.112821 0.0685131 0.0317005 0.0154816
2 0.568148 0.540165 0.178981 0.112212 0.0154545
2 0.0888561 0.485495 0.177712 0.182371 0.0145726
2 0.615482 0.357988 0.0508554 0.0634643 0.014359
3 0.395895 0.0452137 0.322466 0.0893966 0.0142045
2 0.877953 0.388071 0.0987615 0.119031 0.0137975
2 0.429051 0.468336 0.124494 0.0724488 0.0137407
2 0.528511 0.22291 0.100172 0.146893 0.0134735
2 0.766366 0.610118 0.0480811 0.0632292 0.0129374
2 0.552468 0.372524 0.0476491 0.0396029 0.0127008
2 0.787323 0.327069 0.113641 0.110006 0.0122571
2 0.923788 0.378585 0.114576 0.137284 0.0120172
2 0.323012 0.112572 0.0748747 0.0453663 0.0117545
2 0.437853 0.107593 0.0581067 0.033805 0.0116103
3 0.663521 0.946342 0.672957 0.105142 0.0110173
2 0.564712 0.0687196 0.132896 0.0489834 0.0105258
3 0.616008 0.039718 0.249303 0.0794361 0.0101818
