4 0.504746 0.817722 0.822055 0.364556 0.297117
2 0.5129 0.399592 0.0572596 0.0672007 0.254733
0 0.459961 0.813053 0.919922 0.373894 0.202897
5 0.513511 0.399466 0.0586521 0.0687478 0.165717
0 0.207734 0.863428 0.415467 0.273144 0.12651
5 0.494413 0.620898 0.0164671 0.0279771 0.0957479
5 0.47072 0.591157 0.0374866 0.0539808 0.092513
5 0.502819 0.779233 0.0227886 0.0467853 0.0605489
5 0.532374 0.451209 0.0248493 0.0349329 0.0527688
0 0.12112 0.868928 0.238021 0.262144 0.0512781
2 0.470689 0.590929 0.0342651 0.0511333 0.0461518
5 0.0343671 0.770766 0.06809 0.0605894 0.0402813
0 0.634035 0.795749 0.223039 0.143418 0.0383071
2 0.51234 0.416304 0.0690996 0.109144 0.0274152
5 0.49706 0.791952 0.0285739 0.0636798 0.0209596
2 0.533676 0.450408 0.0216237 0.0318205 0.0201104
5 0.531774 0.449786 0.0369543 0.0467237 0.0190635
5 0.277208 0.888975 0.0305609 0.0688443 0.0159839
0 0.711862 0.813164 0.208991 0.146673 0.0155784
5 0.39713 0.810531 0.0295393 0.05091 0.0149582
5 0.496916 0.618079 0.0254288 0.037893 0.0139065
3 0.576063 0.829446 0.548682 0.341109 0.0123601
5 0.610117 0.794592 0.0284096 0.0457047 0.0106655
