2 0.956215 0.0614458 0.08757 0.122892 0.51944
0 0.234449 0.719074 0.466126 0.53381 0.475511
2 0.691156 0.162288 0.107968 0.324575 0.301456
2 0.828079 0.138876 0.0554097 0.261306 0.179979
2 0.751289 0.242152 0.0425873 0.275181 0.166343
2 0.755416 0.154469 0.118151 0.307692 0.14438
2 0.268854 0.603823 0.0609257 0.103043 0.14112
2 0.781937 0.169212 0.0728708 0.330808 0.135033
0 0.619799 0.5 0.760403 1 0.131282
2 0.279606 0.605537 0.037661 0.0910528 0.121025
2 0.33087 0.702256 0.0333226 0.0682597 0.119278
2 0.789842 0.168879 0.0426848 0.302323 0.0928756
2 0.275338 0.579551 0.102831 0.163111 0.0911404
2 0.0726776 0.493622 0.0477464 0.210792 0.0870081
2 0.702914 0.140431 0.0466749 0.276233 0.0868551
2 0.720836 0.286309 0.034516 0.327382 0.0820929
2 0.319516 0.697089 0.0483751 0.0691724 0.0787985
2 0.763689 0.226249 0.0502576 0.295115 0.0743994
2 0.617166 0.397569 0.155519 0.44492 0.0612455
2 0.842949 0.141388 0.0388391 0.282776 0.0607797
2 0.735532 0.253353 0.0589363 0.300355 0.0593381
2 0.29164 0.606768 0.0258885 0.0878437 0.058713
2 0.080451 0.532808 0.049761 0.289335 0.0581153
2 0.628418 0.418766 0.0852731 0.339283 0.056565
2 0.272246 0.694159 0.0227057 0.0694409 0.0448562
0 0.800416 0.490693 0.396376 0.969779 0.0405485
0 0.316977 0.701522 0.281722 0.477692 0.0363301
2 0.777403 0.220165 0.0473014 0.309786 0.0304495
2 0.759369 0.166582 0.0191205 0.10579 0.0294279
2 0.651807 0.423434 0.0341106 0.293028 0.0291167
2 0.0633457 0.517869 0.0774441 0.256028 0.028596
2 0.639242 0.413189 0.0424335 0.327755 0.0283539
2 0.76703 0.157125 0.0314744 0.265609 0.0281414
2 0.347287 0.605196 0.0306812 0.0937445 0.0279742
2 0.719733 0.305627 0.0640546 0.386727 0.0279207
2 0.755964 0.19473 0.024507 0.241836 0.0272527
2 0.784257 0.198711 0.0248471 0.341656 0.024817
2 0.708139 0.351309 0.0380259 0.36751 0.0246051
2 0.84713 0.151357 0.0922647 0.302713 0.0238035
2 0.52615 0.85428 0.0424277 0.0721603 0.0218737
2 0.292618 0.756421 0.0218668 0.0643589 0.0211442
2 0.878783 0.145322 0.0660625 0.290645 0.020286
2 0.333672 0.604548 0.0447976 0.0910498 0.0185048
4 0.35139 0.580559 0.181581 0.243842 0.0179136
5 0.0664282 0.8636 0.0409989 0.0809332 0.017103
2 0.748031 0.160953 0.0425028 0.321906 0.0170958
2 0.693067 0.351137 0.0359441 0.373672 0.0152264
2 0.318713 0.713991 0.0574794 0.116979 0.0133698
2 0.0893279 0.548921 0.0300377 0.128346 0.0132361
2 0.246522 0.61543 0.0300125 0.0821746 0.0129727
2 0.750505 0.309479 0.0319637 0.130916 0.0126467
2 0.754246 0.334572 0.027132 0.0841154 0.0126137
2 0.910369 0.290522 0.168014 0.287443 0.0124139
2 0.899559 0.54758 0.192621 0.24884 0.0122882
2 0.302982 0.696645 0.0328714 0.0761634 0.0118917
2 0.0934858 0.529357 0.0224147 0.0900699 0.0111654
2 0.941713 0.0584371 0.0513763 0.116874 0.0108462
2 0.309136 0.605135 0.0148166 0.0837972 0.0107738
5 0.0850852 0.609496 0.0240867 0.0637914 0.0101987
2 0.665182 0.420999 0.0298613 0.286643 0.01003
