1 0.507577 0.502692 0.537101 0.575962 0.839256
1 0.507465 0.500961 0.538065 0.567429 0.8189
1 0.507718 0.502076 0.529176 0.56675 0.793638
1 0.506693 0.500917 0.529636 0.570169 0.768849
1 0.507365 0.504506 0.52933 0.57774 0.758619
1 0.506103 0.501711 0.533643 0.573779 0.748392
1 0.507949 0.503887 0.527111 0.576788 0.691487
1 0.50745 0.504689 0.534106 0.580486 0.685027
1 0.50548 0.503854 0.533646 0.569078 0.596924
5 0.511942 0.575561 0.0341858 0.037316 0.354027
5 0.511971 0.575741 0.0321571 0.0362601 0.332802
5 0.511696 0.576 0.0333093 0.0376769 0.323307
5 0.512203 0.575958 0.0353465 0.0380143 0.31573
5 0.511802 0.574827 0.0409735 0.0472318 0.271094
