1 0.398145 0.576115 0.509026 0.673261 0.856979
1 0.390163 0.57565 0.495678 0.676265 0.841541
1 0.396936 0.581045 0.513658 0.681792 0.840672
1 0.390657 0.582944 0.494614 0.683399 0.83303
1 0.39667 0.577752 0.511902 0.697436 0.824054
1 0.386515 0.577001 0.494864 0.677054 0.821168
1 0.385396 0.582736 0.494344 0.683042 0.799288
1 0.390702 0.580163 0.4942 0.702534 0.766749
1 0.385279 0.579643 0.494217 0.706107 0.757131
1 0.389668 0.584874 0.493132 0.703691 0.750033
5 0.506716 0.555086 0.0260597 0.0295968 0.339373
5 0.507282 0.554693 0.0294673 0.033888 0.326969
5 0.507445 0.553868 0.0373191 0.037068 0.289079
5 0.506691 0.554544 0.0337193 0.0364116 0.259923
