1 0.528011 0.629965 0.489768 0.588985 0.912242
1 0.527359 0.625713 0.490144 0.583871 0.90789
1 0.527425 0.627427 0.490726 0.580565 0.907276
1 0.524591 0.626315 0.493438 0.584656 0.901287
1 0.525561 0.629376 0.493087 0.586634 0.881246
1 0.525808 0.62873 0.491163 0.582789 0.881049
1 0.525509 0.633253 0.491126 0.59357 0.645956
1 0.525533 0.625601 0.487814 0.584101 0.622691
1 0.528555 0.624916 0.494309 0.581421 0.395121
1 0.52778 0.63151 0.490873 0.590303 0.324678
1 0.525411 0.626571 0.489699 0.582173 0.293971
