0 0.591342 0.520923 0.509066 0.593712 0.728339
0 0.590225 0.517436 0.509767 0.59096 0.675678
0 0.591595 0.523271 0.508253 0.595334 0.669666
0 0.595372 0.519998 0.515978 0.592941 0.625159
0 0.590915 0.51471 0.508693 0.593915 0.617866
0 0.595677 0.517352 0.517906 0.590508 0.536108
0 0.596303 0.522374 0.514705 0.598632 0.505786
0 0.591997 0.518826 0.505738 0.590637 0.471749
0 0.592207 0.517256 0.50513 0.591481 0.35798
5 0.553869 0.550792 0.0305587 0.0340854 0.299612
5 0.554159 0.551191 0.0331243 0.0350611 0.294261
5 0.554634 0.550914 0.032077 0.0351924 0.27921
0 0.596186 0.513861 0.51739 0.590654 0.265755
5 0.553721 0.551713 0.0317279 0.0353019 0.261354
