0 0.589743 0.417407 0.614044 0.78673 0.873789
0 0.582502 0.421011 0.609621 0.79168 0.869714
0 0.583781 0.421219 0.615256 0.801641 0.864985
0 0.590904 0.421237 0.606566 0.795213 0.845794
0 0.592014 0.417308 0.613495 0.799753 0.841273
0 0.588182 0.425168 0.605603 0.799722 0.826033
0 0.583013 0.428955 0.598432 0.804821 0.815729
0 0.598543 0.416495 0.629555 0.788273 0.800654
0 0.59618 0.420759 0.624722 0.792459 0.790053
0 0.586723 0.419314 0.620235 0.784395 0.747889
0 0.591572 0.420791 0.613037 0.78844 0.329245
