3 0.444649 0.471547 0.317781 0.374153 0.558887
3 0.378999 0.394871 0.184079 0.209091 0.517956
3 0.442844 0.471483 0.317177 0.379166 0.509946
3 0.442934 0.468974 0.318129 0.37465 0.492425
3 0.379735 0.396937 0.186806 0.206138 0.454746
3 0.443887 0.472901 0.318393 0.380154 0.446912
3 0.443797 0.472618 0.316251 0.378737 0.432289
3 0.444913 0.469483 0.318663 0.374361 0.413751
3 0.442581 0.467902 0.318634 0.383208 0.393228
3 0.379054 0.388273 0.188167 0.225064 0.378242
3 0.380823 0.401649 0.185783 0.197394 0.355482
3 0.443846 0.473316 0.314257 0.381705 0.346186
3 0.445331 0.467636 0.320539 0.382844 0.330847
3 0.539009 0.454018 0.136256 0.327035 0.288619
