1 0.82241 0.606088 0.181438 0.275831 0.691667
1 0.822985 0.606147 0.180183 0.275305 0.671088
1 0.825121 0.608486 0.186897 0.277863 0.619544
1 0.835007 0.606272 0.199602 0.274426 0.600378
1 0.834197 0.605775 0.199783 0.276325 0.588863
1 0.839199 0.607216 0.207614 0.273804 0.534624
3 0.386917 0.359114 0.531548 0.69882 0.505052
2 0.196918 0.311735 0.124208 0.176753 0.447442
2 0.197096 0.310317 0.124404 0.174213 0.438865
3 0.387206 0.358349 0.532241 0.697134 0.426825
1 0.819249 0.607134 0.178978 0.277999 0.388084
2 0.197289 0.311936 0.116895 0.176856 0.351685
2 0.195799 0.308669 0.123133 0.17447 0.350609
3 0.384862 0.363892 0.537154 0.685339 0.333249
1 0.822375 0.605856 0.182927 0.274539 0.328632
2 0.196902 0.310275 0.117983 0.17525 0.320183
2 0.197582 0.309739 0.127908 0.177865 0.316572
2 0.196305 0.309588 0.125029 0.174042 0.306545
3 0.391435 0.357544 0.539602 0.701617 0.285365
2 0.19592 0.309548 0.124211 0.176067 0.282665
2 0.196435 0.309544 0.117206 0.173548 0.282622
3 0.388396 0.364155 0.530238 0.683811 0.282208
