2 0.741757 0.614216 0.0731136 0.0841114 0.78305
2 0.741161 0.616084 0.0708574 0.0806108 0.70495
2 0.287052 0.550725 0.0774919 0.085609 0.699919
2 0.74131 0.615596 0.0695978 0.0803494 0.696863
2 0.741281 0.615273 0.0720795 0.0828937 0.656301
2 0.29063 0.550772 0.0827154 0.0855539 0.63556
2 0.741014 0.614596 0.0706382 0.0797523 0.585477
2 0.742092 0.614508 0.0758729 0.0851889 0.57362
2 0.286068 0.551508 0.0761765 0.0847537 0.566592
2 0.743024 0.614304 0.0741611 0.084145 0.560007
2 0.741248 0.616365 0.071595 0.0824223 0.54795
2 0.741738 0.616442 0.0700545 0.08191 0.540733
2 0.289561 0.553464 0.0888542 0.0919089 0.516305
2 0.294325 0.550632 0.0754738 0.0870267 0.506259
2 0.29972 0.55052 0.0769572 0.087165 0.49254
2 0.289916 0.553166 0.0865553 0.0899698 0.490083
2 0.287989 0.55126 0.0796197 0.0836294 0.41793
2 0.285291 0.551815 0.0769401 0.0824058 0.401641
2 0.575727 0.488518 0.0448624 0.059234 0.397299
2 0.291824 0.553479 0.0837232 0.0894087 0.396088
2 0.576059 0.488449 0.0442509 0.058717 0.392166
2 0.28579 0.551192 0.077152 0.0846538 0.331328
2 0.255444 0.662093 0.0746689 0.0818499 0.321286
2 0.575074 0.487573 0.0452628 0.0619934 0.31418
2 0.575684 0.487476 0.0443904 0.0587787 0.305399
2 0.296985 0.552585 0.0703488 0.0908153 0.303658
2 0.249826 0.670795 0.0857511 0.0930838 0.296722
2 0.590821 0.507287 0.0856299 0.107331 0.290364
2 0.251518 0.667496 0.083817 0.089276 0.28276
2 0.249526 0.670204 0.0927763 0.0967088 0.253224
2 0.57554 0.487658 0.043848 0.0606981 0.252238
2 0.255793 0.664674 0.0741678 0.0852715 0.251733
