4 0.486581 0.501099 0.973162 0.928629 0.406981
4 0.470232 0.484434 0.924037 0.914417 0.361973
4 0.47395 0.514285 0.936348 0.956212 0.348886
4 0.483914 0.48807 0.967828 0.920797 0.344822
4 0.437447 0.475264 0.873286 0.894049 0.323705
0 0.443475 0.516725 0.884469 0.958594 0.282363
4 0.434782 0.47917 0.865877 0.881947 0.21952
4 0.465373 0.485694 0.916112 0.901347 0.195497
2 0.0914681 0.269995 0.0348517 0.107075 0.0299766
4 0.483073 0.494033 0.966145 0.899777 0.0251601
2 0.0928711 0.270469 0.0328011 0.10558 0.0244425
2 0.0920111 0.270543 0.0329309 0.106074 0.0221234
2 0.0914337 0.270822 0.0353076 0.107146 0.0215749
4 0.481834 0.488594 0.963669 0.9082 0.013006
