3 0.519701 0.514106 0.852602 0.863845 0.467592
3 0.51728 0.51678 0.848472 0.843456 0.408109
3 0.496688 0.518679 0.889694 0.861362 0.399423
3 0.497619 0.51365 0.889718 0.866281 0.349886
3 0.515048 0.514376 0.851287 0.854438 0.348434
3 0.557348 0.516133 0.773977 0.835721 0.326193
3 0.49787 0.514226 0.890881 0.861434 0.315939
2 0.862449 0.516263 0.0278934 0.0981858 0.187432
2 0.865363 0.433746 0.033903 0.0634287 0.181755
2 0.86501 0.432965 0.0333461 0.0595181 0.181129
2 0.861491 0.51783 0.0287644 0.0972102 0.17699
3 0.529469 0.506009 0.931147 0.882145 0.169226
2 0.86485 0.433014 0.0323531 0.0587901 0.15975
3 0.529837 0.516038 0.932974 0.890352 0.148297
2 0.864755 0.432683 0.0335567 0.0600548 0.125817
2 0.86485 0.43327 0.0321904 0.059798 0.123521
2 0.864436 0.433497 0.0331663 0.060725 0.113685
0 0.502189 0.515796 0.878236 0.885017 0.0948891
3 0.0537942 0.278924 0.107121 0.557849 0.0938053
2 0.287877 0.805788 0.0430252 0.0510085 0.0841637
3 0.0550765 0.249659 0.109619 0.499319 0.0835077
2 0.862351 0.517285 0.0295512 0.0956626 0.0826314
2 0.288436 0.806269 0.0417538 0.0509178 0.0768058
2 0.860229 0.517561 0.0331497 0.100631 0.076692
2 0.288616 0.804724 0.0426856 0.0519927 0.0753295
3 0.543856 0.430752 0.354073 0.444745 0.0734566
2 0.862414 0.517861 0.0334416 0.0964596 0.0722439
2 0.861707 0.517241 0.0278931 0.0969761 0.0697806
2 0.289436 0.805625 0.0421804 0.0527645 0.0652284
2 0.862661 0.515698 0.0333097 0.101607 0.0646217
3 0.512686 0.437161 0.355676 0.469551 0.0645365
2 0.862017 0.476962 0.0412943 0.156603 0.0555117
3 0.562421 0.428331 0.371673 0.431939 0.0548298
3 0.526794 0.522779 0.927722 0.869956 0.0492875
3 0.54747 0.435186 0.350107 0.480456 0.0490867
2 0.28747 0.807594 0.0445043 0.0554119 0.0477671
3 0.564515 0.425512 0.366952 0.469708 0.0474608
2 0.287833 0.806393 0.0435797 0.0544849 0.0461935
3 0.505929 0.444916 0.366072 0.422141 0.0451439
2 0.863208 0.432714 0.0367401 0.0638954 0.044745
2 0.861855 0.506569 0.0356261 0.114098 0.0435427
3 0.576993 0.416775 0.377385 0.463346 0.0427908
5 0.384833 0.253173 0.0184603 0.0272963 0.0425946
3 0.575575 0.430995 0.378957 0.434409 0.0422143
3 0.537142 0.443307 0.363594 0.409512 0.0415328
3 0.0554881 0.234287 0.110267 0.468573 0.041408
3 0.0698139 0.243835 0.139628 0.481005 0.0388648
2 0.288406 0.80732 0.0417305 0.0525548 0.0384274
3 0.0504247 0.313141 0.100849 0.626282 0.0376685
3 0.519147 0.441274 0.346306 0.499926 0.0373757
3 0.0379446 0.276594 0.0746462 0.553189 0.0370383
3 0.409632 0.483865 0.349943 0.442376 0.0340079
3 0.478449 0.446287 0.36903 0.497542 0.0339546
3 0.473868 0.449244 0.373434 0.440353 0.0339281
2 0.860784 0.51612 0.0352047 0.0989072 0.0331102
5 0.385108 0.253277 0.0186791 0.0293465 0.0326139
3 0.594279 0.44704 0.377808 0.47062 0.030619
3 0.430723 0.475801 0.364249 0.431742 0.0299383
2 0.860283 0.516725 0.0340451 0.10145 0.0297813
3 0.450035 0.453816 0.372915 0.454918 0.0292917
3 0.447805 0.473792 0.374815 0.430664 0.0285949
2 0.862711 0.517758 0.0329432 0.097991 0.0263751
3 0.594806 0.420135 0.377526 0.467546 0.0260848
3 0.559177 0.513305 0.779284 0.861388 0.025826
3 0.383455 0.499425 0.342799 0.460229 0.0252006
3 0.0682238 0.216262 0.136448 0.430857 0.0250459
3 0.0396128 0.249591 0.0782816 0.492704 0.0250422
3 0.0728489 0.272773 0.145698 0.5435 0.0249403
3 0.430544 0.46131 0.367005 0.462545 0.0248038
2 0.859703 0.482661 0.0433446 0.169866 0.0246759
2 0.863849 0.433799 0.0367564 0.064765 0.0242457
2 0.785727 0.575509 0.0286919 0.0501508 0.0240024
2 0.287631 0.80657 0.0450216 0.0571072 0.0239701
3 0.0573596 0.190966 0.114655 0.381932 0.0239323
3 0.557758 0.443945 0.382532 0.405924 0.0237962
3 0.0855782 0.234413 0.171156 0.468826 0.0236498
3 0.407573 0.479257 0.357948 0.487872 0.0233164
2 0.782903 0.577418 0.0348844 0.0554255 0.0232881
2 0.865386 0.433002 0.0341094 0.0685702 0.0230837
3 0.0346303 0.305942 0.0684295 0.611885 0.0230753
2 0.908412 0.549428 0.0244157 0.03568 0.0227761
2 0.862572 0.516676 0.0361613 0.0961792 0.0224368
3 0.614492 0.468736 0.361759 0.505066 0.0221948
3 0.0815705 0.240418 0.163141 0.480836 0.0214882
2 0.907759 0.549202 0.0206269 0.0325302 0.0210733
3 0.482352 0.446823 0.366392 0.519923 0.0202502
2 0.287928 0.809558 0.0479549 0.0604462 0.0200902
3 0.385887 0.521244 0.337275 0.430356 0.0199804
3 0.471056 0.472135 0.380273 0.426824 0.0194747
3 0.41285 0.511652 0.342952 0.414766 0.0189333
3 0.563778 0.410865 0.361456 0.444679 0.0186946
3 0.452883 0.456642 0.371665 0.516606 0.018452
2 0.290785 0.803541 0.0459202 0.0528567 0.0184248
2 0.860324 0.516729 0.0327918 0.100477 0.0183475
0 0.107547 0.278555 0.213841 0.55711 0.0183364
3 0.0684937 0.185865 0.136987 0.363844 0.0173969
2 0.86302 0.520715 0.0268037 0.0913134 0.0173466
3 0.638129 0.507168 0.348401 0.539247 0.0171522
3 0.613395 0.500204 0.359804 0.528881 0.0170196
3 0.548363 0.422447 0.343158 0.441117 0.0166668
3 0.637977 0.475598 0.343387 0.505291 0.0161749
3 0.572746 0.450343 0.382632 0.413685 0.0159896
3 0.592915 0.473015 0.378252 0.472013 0.0157454
2 0.29199 0.80325 0.0438499 0.055261 0.0157143
3 0.119316 0.236851 0.238631 0.473703 0.0155772
3 0.577169 0.398716 0.37447 0.440462 0.0152009
2 0.783759 0.581509 0.0310225 0.0628606 0.0151177
3 0.382971 0.497797 0.348188 0.506233 0.0150789
3 0.502017 0.468568 0.382583 0.41733 0.0143302
3 0.61508 0.430556 0.359285 0.469387 0.0138728
5 0.384081 0.252928 0.0234881 0.0313639 0.0137197
2 0.861017 0.484506 0.0523878 0.168644 0.0133666
0 0.0813368 0.253906 0.162674 0.507811 0.0132357
3 0.638383 0.516266 0.346748 0.530065 0.0129271
3 0.431835 0.505242 0.359458 0.412159 0.0128891
3 0.506576 0.515103 0.885896 0.967994 0.0127835
2 0.908614 0.549454 0.0207901 0.0339057 0.0127714
3 0.430858 0.466469 0.367617 0.513925 0.0123868
3 0.359425 0.513359 0.337414 0.465909 0.0122982
3 0.446823 0.502509 0.375656 0.414146 0.012045
3 0.0391918 0.231922 0.0775846 0.463843 0.0119543
2 0.908845 0.549854 0.0228682 0.0356304 0.0119039
3 0.407328 0.479855 0.362985 0.523102 0.0116648
3 0.525199 0.429075 0.332343 0.453562 0.0115869
3 0.109572 0.245066 0.219145 0.490132 0.0115404
3 0.454479 0.450731 0.374378 0.528339 0.0114739
3 0.53115 0.467216 0.387318 0.411127 0.0114566
3 0.35791 0.529606 0.340354 0.444959 0.0113496
2 0.781659 0.583266 0.0352725 0.0666224 0.0112188
3 0.393361 0.555561 0.320505 0.383868 0.0111513
3 0.612747 0.511099 0.356181 0.525434 0.0107551
2 0.865156 0.432581 0.0380032 0.0713852 0.0106799
3 0.0463394 0.352945 0.0926788 0.705891 0.0105169
3 0.746542 0.501676 0.386531 0.768698 0.0103577
2 0.189066 0.810982 0.0307705 0.0527507 0.0103383
3 0.41826 0.556106 0.331826 0.363846 0.0102535
