1 0.546047 0.480725 0.890998 0.949673 0.543355
1 0.54887 0.480729 0.893821 0.961457 0.495029
1 0.555935 0.480861 0.88813 0.954624 0.429699
1 0.55638 0.480933 0.887241 0.961865 0.400211
1 0.551254 0.47972 0.876818 0.953947 0.344627
1 0.551169 0.480118 0.880118 0.960237 0.336198
1 0.556128 0.484204 0.887745 0.968409 0.246094
1 0.545245 0.483513 0.896117 0.967026 0.157098
1 0.526145 0.480445 0.817876 0.957192 0.0382419
1 0.692513 0.482835 0.612902 0.955157 0.019575
1 0.69931 0.480012 0.60114 0.958184 0.0159399
1 0.547775 0.480785 0.892455 0.961571 0.0157378
1 0.551205 0.484473 0.874807 0.968946 0.0149169
3 0.852494 0.623738 0.235295 0.356724 0.0136381
3 0.845891 0.60092 0.249324 0.382097 0.0114547
