5 0.284832 0.870048 0.0431983 0.0464097 0.377272
5 0.285411 0.870645 0.0405737 0.0463699 0.349927
5 0.284422 0.870971 0.0418756 0.0458481 0.339495
5 0.525578 0.553482 0.0455646 0.0910255 0.329436
2 0.525893 0.553491 0.0437873 0.0871818 0.316708
5 0.526095 0.554158 0.0468977 0.0917983 0.280676
5 0.525963 0.552964 0.0467953 0.0904621 0.280477
5 0.526249 0.55368 0.0469565 0.0935335 0.250209
5 0.527007 0.553809 0.0503518 0.0965088 0.245858
5 0.285099 0.870382 0.0407069 0.0477762 0.242162
5 0.284774 0.870333 0.0421211 0.0490242 0.2395
2 0.525713 0.553547 0.0441981 0.0898471 0.225168
2 0.526064 0.554062 0.0451076 0.0902723 0.211855
5 0.286018 0.871558 0.0457885 0.0567177 0.201111
5 0.284728 0.870201 0.0419688 0.0488686 0.197959
5 0.285478 0.871422 0.0437602 0.0542844 0.185304
5 0.524944 0.555021 0.0508471 0.0966315 0.173095
5 0.527257 0.554425 0.0534816 0.0987853 0.170751
5 0.527874 0.554287 0.0550549 0.101075 0.146262
5 0.525063 0.55438 0.0550475 0.0966739 0.145586
5 0.284692 0.873101 0.0493268 0.0587413 0.139611
0 0.416968 0.474002 0.706495 0.929047 0.108379
5 0.965189 0.192824 0.0226172 0.0328177 0.0787369
1 0.414608 0.477254 0.701859 0.943532 0.0783182
1 0.414948 0.480009 0.7014 0.942201 0.076336
1 0.416971 0.473267 0.70271 0.929953 0.075873
5 0.516107 0.43109 0.0241587 0.0421947 0.0717849
5 0.515869 0.430847 0.0253055 0.0448191 0.0700234
5 0.545111 0.437803 0.0179269 0.0287426 0.0697464
5 0.52615 0.552802 0.0585697 0.0993286 0.0693737
2 0.524665 0.554897 0.0511907 0.0923312 0.069131
1 0.412211 0.476014 0.713572 0.94204 0.0657961
1 0.412112 0.476388 0.70983 0.931906 0.0623155
5 0.288136 0.870452 0.0516552 0.0564775 0.056818
5 0.526372 0.553657 0.0590166 0.103246 0.0543937
5 0.57197 0.429135 0.0247074 0.0419068 0.0533497
5 0.9655 0.192656 0.0296523 0.0396875 0.0515582
5 0.965301 0.1916 0.0273783 0.0422121 0.0453847
5 0.515813 0.430869 0.0286365 0.0481112 0.045347
5 0.289625 0.870074 0.0466667 0.0542528 0.0452128
5 0.515833 0.430627 0.0284775 0.0461775 0.0440382
5 0.285254 0.86745 0.0451875 0.0574989 0.0436526
5 0.965911 0.192891 0.0277826 0.0415758 0.0416895
5 0.572157 0.429172 0.0253069 0.0440779 0.0413886
5 0.965611 0.191471 0.031519 0.0452674 0.0377939
3 0.371325 0.406365 0.253125 0.42426 0.0359603
5 0.287074 0.875276 0.0616846 0.0706769 0.0355769
1 0.417476 0.478197 0.707979 0.952607 0.0334626
5 0.965279 0.192147 0.0332364 0.0453411 0.0318194
3 0.209152 0.350583 0.152647 0.25113 0.0293048
3 0.373834 0.419293 0.257415 0.408445 0.0292819
3 0.211575 0.323346 0.190421 0.317327 0.0282742
3 0.211871 0.342066 0.158742 0.266296 0.0281011
3 0.218096 0.366202 0.207029 0.381698 0.0274258
5 0.528988 0.553805 0.0623786 0.107787 0.0269651
5 0.57162 0.430767 0.0310276 0.0493385 0.0263358
3 0.22108 0.331835 0.197312 0.348475 0.0258136
3 0.201888 0.334274 0.187044 0.299149 0.0257191
3 0.533569 0.352975 0.25067 0.465599 0.0251429
5 0.526368 0.559186 0.0447143 0.0849805 0.0251261
5 0.286527 0.867717 0.0457307 0.0593934 0.0251036
3 0.551077 0.369737 0.216045 0.426027 0.0236793
5 0.526288 0.556461 0.0508896 0.0923643 0.0235526
3 0.204325 0.35839 0.151216 0.252755 0.0233664
5 0.966449 0.192056 0.0338352 0.0438796 0.022878
3 0.551949 0.357036 0.25066 0.460126 0.0227753
0 0.207869 0.403111 0.261337 0.775919 0.0224552
3 0.384109 0.400251 0.241833 0.412836 0.0218416
1 0.414534 0.481099 0.712947 0.947543 0.0213042
3 0.38965 0.412995 0.251834 0.389567 0.0207805
3 0.195995 0.308379 0.23698 0.389272 0.0207801
3 0.369046 0.391451 0.248959 0.455949 0.0204587
0 0.549067 0.428586 0.0936852 0.0955196 0.0202086
3 0.208715 0.384171 0.169341 0.32737 0.0199837
0 0.205675 0.463909 0.263985 0.888775 0.0196112
3 0.226364 0.319521 0.204938 0.370152 0.0194497
1 0.419269 0.477122 0.710696 0.950887 0.0194174
3 0.543752 0.402974 0.189482 0.394964 0.0193948
5 0.562787 0.431598 0.04562 0.0521291 0.0191981
5 0.283016 0.866324 0.046986 0.0576109 0.0189078
5 0.573389 0.42981 0.0334304 0.0505761 0.0184806
3 0.354732 0.464141 0.271917 0.523232 0.0182472
5 0.526209 0.433354 0.0441009 0.0517174 0.017955
5 0.526033 0.551619 0.0530476 0.100194 0.0176241
5 0.96694 0.191293 0.0364046 0.0483024 0.0175661
0 0.419706 0.469231 0.712186 0.931171 0.0173975
3 0.884826 0.515873 0.228477 0.526089 0.0173862
3 0.358937 0.429246 0.258967 0.491143 0.0172618
3 0.883751 0.555167 0.23089 0.573758 0.0172389
0 0.494676 0.432343 0.280268 0.360598 0.0169281
3 0.505442 0.402478 0.262457 0.40809 0.016869
5 0.573444 0.429987 0.0338062 0.0512848 0.0164088
5 0.522506 0.432944 0.0421618 0.0541451 0.0163279
3 0.532565 0.367038 0.194295 0.401009 0.0162131
5 0.559013 0.445533 0.0254619 0.0426496 0.0159039
0 0.542342 0.43077 0.0898663 0.0814985 0.0156813
3 0.531821 0.429124 0.206472 0.366456 0.015543
3 0.509224 0.354191 0.279988 0.498137 0.0155238
3 0.197862 0.381094 0.158268 0.296281 0.0153989
3 0.90822 0.536701 0.182562 0.876271 0.0152688
5 0.279034 0.868282 0.0527894 0.0547531 0.0151028
5 0.280165 0.87218 0.0568326 0.0600945 0.0150838
5 0.516899 0.433398 0.0327859 0.0543256 0.0148421
5 0.5281 0.552238 0.0611369 0.105412 0.0144712
5 0.785381 0.306755 0.0187257 0.0292252 0.0144578
3 0.21307 0.308193 0.219494 0.349244 0.0141779
3 0.198453 0.624845 0.170084 0.33407 0.0141637
3 0.224758 0.425084 0.249199 0.503586 0.0139891
0 0.169608 0.458579 0.203851 0.859657 0.0136931
5 0.547898 0.434468 0.0288321 0.0479368 0.0136345
3 0.510659 0.372762 0.252279 0.449262 0.0134564
3 0.527624 0.407977 0.168431 0.376256 0.0131661
5 0.785674 0.307462 0.0193847 0.033625 0.0131082
3 0.527024 0.353506 0.266585 0.497987 0.0127016
5 0.967414 0.192402 0.0359409 0.0479175 0.0126838
5 0.514946 0.433021 0.0354462 0.0569238 0.0125887
5 0.155715 0.869416 0.0299681 0.0466749 0.0123209
3 0.473683 0.387543 0.338966 0.446001 0.0121774
0 0.165089 0.457831 0.192354 0.866405 0.0121606
5 0.569405 0.435626 0.0353629 0.0652043 0.0121579
3 0.869623 0.547896 0.202972 0.534343 0.0120698
3 0.470605 0.424791 0.35086 0.391183 0.0120024
5 0.15541 0.868284 0.0256548 0.0374243 0.0116975
3 0.20765 0.616497 0.177801 0.31418 0.011654
3 0.864297 0.564155 0.211779 0.53021 0.0116501
5 0.15537 0.868477 0.0263327 0.0426031 0.0114736
3 0.845766 0.495836 0.306798 0.954006 0.0111653
3 0.229822 0.311092 0.208248 0.361467 0.0110988
3 0.896729 0.502357 0.205486 0.93731 0.0110073
3 0.502557 0.36044 0.314728 0.555207 0.0108852
3 0.518025 0.433851 0.178875 0.340618 0.0108451
5 0.515309 0.427124 0.0364192 0.0588711 0.0106286
3 0.375386 0.448745 0.254742 0.423834 0.0105813
5 0.181525 0.423183 0.0157384 0.0258144 0.0105121
3 0.195858 0.577827 0.19773 0.393472 0.010477
3 0.38057 0.3816 0.226945 0.430253 0.0104155
0 0.232712 0.402915 0.30361 0.785824 0.0103774
0 0.416204 0.476364 0.68848 0.92884 0.0103029
0 0.211959 0.295912 0.264487 0.549902 0.0102872
3 0.886055 0.464383 0.224816 0.454641 0.0101224
3 0.194201 0.558667 0.223616 0.481219 0.0101164
