2 0.24644 0.258013 0.0764325 0.103688 0.80466
2 0.246119 0.255909 0.0786315 0.10461 0.793528
2 0.513516 0.710022 0.133494 0.209183 0.755944
2 0.247393 0.258017 0.0772123 0.105429 0.752115
2 0.246998 0.256121 0.0776347 0.106805 0.737459
2 0.347179 0.700069 0.0704502 0.114237 0.713064
2 0.245816 0.256173 0.0774213 0.105412 0.711789
2 0.245205 0.25675 0.0716032 0.102558 0.677604
2 0.400684 0.26722 0.17603 0.193685 0.674655
2 0.513876 0.703944 0.132461 0.205165 0.669059
2 0.512165 0.708294 0.131476 0.205294 0.663862
2 0.347257 0.700716 0.0669201 0.116312 0.662162
2 0.245481 0.258663 0.0753377 0.103875 0.66168
2 0.347322 0.698397 0.0709467 0.118279 0.659765
2 0.346411 0.701041 0.0640926 0.114683 0.632317
2 0.51119 0.71039 0.129172 0.20214 0.624413
2 0.347343 0.698747 0.0743758 0.118259 0.624347
2 0.416216 0.724253 0.066691 0.132649 0.586204
2 0.246333 0.254682 0.0788822 0.10262 0.585335
2 0.349042 0.698742 0.0732811 0.11906 0.576398
2 0.412354 0.535827 0.0870137 0.110353 0.569231
2 0.347111 0.699818 0.0695842 0.114734 0.560305
2 0.349302 0.699569 0.0724761 0.117177 0.557998
2 0.512389 0.710702 0.137723 0.208528 0.553326
2 0.415847 0.722538 0.067516 0.133015 0.5502
2 0.416419 0.724628 0.0630799 0.12903 0.546381
2 0.497357 0.709868 0.0993996 0.196574 0.537192
2 0.348985 0.700672 0.0707708 0.119226 0.514283
2 0.408364 0.537703 0.0794093 0.11161 0.513826
2 0.545823 0.123657 0.0633908 0.0517329 0.508844
2 0.247285 0.257075 0.0767019 0.107065 0.505227
2 0.247451 0.254692 0.0782462 0.103872 0.49105
2 0.545579 0.123349 0.0634064 0.0543607 0.482916
2 0.545516 0.123779 0.0620148 0.051458 0.482098
2 0.414521 0.721863 0.0641898 0.131391 0.466512
2 0.545707 0.124184 0.0621663 0.0518697 0.457584
2 0.547285 0.123566 0.0633541 0.0505226 0.44707
3 0.489013 0.504593 0.794354 0.983926 0.441669
2 0.545573 0.124034 0.0621605 0.0512644 0.423359
2 0.224196 0.571663 0.0970082 0.109862 0.423151
2 0.545625 0.123709 0.0622715 0.0545275 0.414823
2 0.223774 0.575327 0.0906385 0.105657 0.413089
2 0.225438 0.571418 0.093762 0.108291 0.411546
2 0.546803 0.123411 0.0658896 0.0521214 0.405044
2 0.41593 0.534407 0.0927251 0.117075 0.40069
2 0.511407 0.707057 0.133825 0.198613 0.3816
2 0.347877 0.697071 0.0718115 0.120174 0.378754
2 0.399843 0.278024 0.174355 0.200169 0.377798
2 0.411807 0.536291 0.0843916 0.114284 0.376634
2 0.416699 0.532801 0.095366 0.124272 0.374578
2 0.41507 0.724508 0.063608 0.131152 0.372477
2 0.245482 0.256706 0.0703754 0.102044 0.3707
2 0.22501 0.574535 0.0878823 0.106077 0.370554
2 0.404655 0.538539 0.0709418 0.107456 0.362335
3 0.48629 0.501003 0.79058 0.976117 0.361976
2 0.490523 0.712457 0.0867022 0.184401 0.353938
2 0.501702 0.712718 0.110221 0.184083 0.347042
2 0.407341 0.53919 0.0743446 0.108518 0.346585
2 0.413307 0.534535 0.0890546 0.110477 0.345329
5 0.768805 0.569656 0.0648301 0.0678403 0.344702
2 0.222909 0.569499 0.100068 0.114483 0.330368
2 0.41463 0.724094 0.0642632 0.132739 0.329314
2 0.513053 0.704807 0.13632 0.193791 0.324297
5 0.76918 0.568045 0.0682394 0.075757 0.319289
2 0.416281 0.723892 0.0692901 0.134936 0.317266
2 0.223349 0.539782 0.101369 0.178088 0.314307
2 0.415586 0.721579 0.0676926 0.132864 0.311139
5 0.772491 0.570862 0.0597075 0.0632592 0.295473
5 0.770001 0.568762 0.061689 0.0657139 0.294149
2 0.547633 0.122382 0.0620268 0.0511811 0.287584
2 0.402902 0.285127 0.176422 0.156547 0.286093
2 0.582293 0.356834 0.055286 0.0862677 0.285355
2 0.411003 0.265508 0.180851 0.200834 0.283989
2 0.223139 0.522187 0.105813 0.215422 0.283928
2 0.222363 0.576055 0.0924042 0.10621 0.283613
2 0.573575 0.213445 0.0910623 0.0894703 0.283361
2 0.576188 0.212577 0.0883735 0.084656 0.276646
2 0.576339 0.214285 0.0829644 0.089679 0.270349
2 0.407628 0.53759 0.0751556 0.10437 0.26978
2 0.543907 0.124764 0.0623511 0.0543141 0.265947
2 0.224846 0.571638 0.100767 0.109078 0.259998
2 0.40654 0.538001 0.0732768 0.112161 0.259849
2 0.41646 0.724131 0.0682141 0.133696 0.258738
2 0.415187 0.53275 0.0938169 0.126285 0.258121
5 0.768847 0.567403 0.0649657 0.0714222 0.247664
2 0.577621 0.213946 0.0864472 0.0866814 0.240631
2 0.415826 0.729292 0.0620342 0.131573 0.240258
5 0.773457 0.570419 0.0571039 0.0638374 0.238385
5 0.769371 0.568025 0.0663899 0.0732595 0.234861
2 0.574694 0.212865 0.0909813 0.0821358 0.232755
2 0.395855 0.266256 0.164913 0.168348 0.229362
5 0.769694 0.56649 0.0671118 0.0723971 0.228615
2 0.511508 0.707065 0.136112 0.20881 0.22602
2 0.414004 0.72097 0.0622217 0.131236 0.22441
2 0.349633 0.698165 0.0725977 0.121706 0.224303
3 0.486629 0.49788 0.790474 0.988221 0.223816
2 0.577212 0.214229 0.087784 0.0843966 0.22095
2 0.41443 0.533614 0.0944544 0.12524 0.206596
2 0.222069 0.522748 0.107677 0.227354 0.201556
2 0.223107 0.518206 0.107269 0.226476 0.199177
2 0.583009 0.355393 0.059479 0.0911789 0.191704
2 0.544442 0.125317 0.0642182 0.0544418 0.191397
2 0.582245 0.354841 0.0583576 0.0902252 0.190999
2 0.581753 0.356419 0.0524404 0.0851127 0.189787
2 0.220822 0.573957 0.0799646 0.108399 0.183315
2 0.416071 0.532173 0.0953486 0.128277 0.178504
2 0.573276 0.213312 0.092285 0.0842398 0.177027
3 0.493973 0.504361 0.773131 0.991279 0.170371
2 0.181843 0.371101 0.0615338 0.126265 0.142375
2 0.583924 0.356552 0.0582436 0.0886865 0.139545
2 0.488679 0.706117 0.0738325 0.196819 0.138205
2 0.583386 0.353824 0.0604333 0.0932257 0.137114
2 0.412203 0.290357 0.186865 0.149202 0.136077
2 0.180631 0.379872 0.0681108 0.145307 0.134862
2 0.489405 0.710778 0.0626028 0.185698 0.132087
2 0.551531 0.122005 0.0583084 0.0485421 0.127996
2 0.416074 0.732755 0.057989 0.121856 0.123978
2 0.577774 0.213403 0.0826242 0.086871 0.120674
2 0.220297 0.503874 0.106551 0.176549 0.11783
2 0.184263 0.357329 0.0607163 0.0961007 0.117747
5 0.77229 0.568646 0.0619818 0.0686453 0.11346
2 0.570058 0.21528 0.0959206 0.0969467 0.111614
2 0.57097 0.214182 0.0979789 0.0919174 0.111591
2 0.24057 0.476896 0.0604211 0.0763616 0.110617
2 0.184969 0.358776 0.0565367 0.100192 0.110256
2 0.232887 0.47096 0.0759041 0.0886785 0.108993
2 0.573322 0.216118 0.0818096 0.0899858 0.108955
2 0.426554 0.241058 0.233608 0.271276 0.108503
2 0.179682 0.383631 0.0682933 0.156504 0.107632
2 0.238423 0.470083 0.0637656 0.0943041 0.103579
2 0.179053 0.377225 0.0657083 0.140721 0.103218
2 0.582288 0.355475 0.0583235 0.088639 0.10228
2 0.54282 0.124321 0.0604404 0.055605 0.098236
2 0.486497 0.219455 0.10226 0.216933 0.0962256
2 0.575135 0.213118 0.0750637 0.0857523 0.0943108
2 0.583537 0.355236 0.0608531 0.0920029 0.0928572
2 0.220245 0.52317 0.110188 0.21898 0.0864499
3 0.49261 0.501594 0.766963 0.979865 0.0855508
2 0.223029 0.515414 0.106663 0.228753 0.0849429
2 0.240569 0.468812 0.0619123 0.0954805 0.084933
2 0.415169 0.721038 0.0633089 0.132356 0.0822883
2 0.221476 0.51145 0.107032 0.202218 0.0819887
2 0.485947 0.218538 0.0997497 0.217722 0.0778545
2 0.347459 0.701891 0.0600951 0.113043 0.077337
2 0.185363 0.355669 0.056148 0.090036 0.0731909
2 0.579999 0.213473 0.0811874 0.0868255 0.072231
2 0.699881 0.502104 0.0779263 0.0821642 0.0711344
2 0.182821 0.374646 0.0614906 0.136811 0.0706179
2 0.585294 0.354564 0.0556901 0.0939224 0.0703205
5 0.773952 0.570662 0.0563406 0.0657134 0.06971
5 0.77651 0.571413 0.0535341 0.0646521 0.0670319
2 0.581732 0.356293 0.0486854 0.0835061 0.0645663
2 0.181085 0.368796 0.0698458 0.122631 0.0642318
2 0.582596 0.355461 0.0566851 0.0878426 0.0636993
2 0.238209 0.468661 0.0621695 0.0971947 0.0628535
2 0.240394 0.477594 0.0610211 0.066849 0.0624872
5 0.755693 0.563535 0.0408874 0.0614742 0.0620143
5 0.775095 0.570417 0.0566167 0.0647547 0.0612088
2 0.557216 0.122041 0.0448264 0.0503556 0.0612038
2 0.480956 0.21386 0.0944818 0.205755 0.0610427
2 0.231428 0.481125 0.0831062 0.1264 0.0594899
2 0.191186 0.350354 0.0436957 0.0764302 0.0586983
2 0.489897 0.217608 0.0961727 0.233705 0.0573821
2 0.701504 0.499693 0.0745159 0.0755162 0.0562303
2 0.5714 0.214145 0.0942962 0.0811858 0.0543138
5 0.771924 0.570434 0.0564888 0.067854 0.0540256
2 0.19351 0.349883 0.0371151 0.0706372 0.0539232
5 0.767083 0.5682 0.0662422 0.0740016 0.0538858
2 0.246094 0.254902 0.0813381 0.104171 0.0531888
2 0.395866 0.264814 0.1635 0.169191 0.0530516
2 0.497539 0.752356 0.0403555 0.105216 0.0525058
2 0.414888 0.720627 0.0657987 0.135417 0.05096
2 0.493881 0.216776 0.085567 0.238518 0.0508734
2 0.187196 0.355205 0.0502665 0.086014 0.0507178
2 0.62097 0.492273 0.229398 0.388069 0.0500656
2 0.547747 0.12396 0.0696861 0.0534041 0.0490062
2 0.578738 0.215654 0.087625 0.0794783 0.0488816
2 0.186452 0.354688 0.05236 0.0902342 0.046923
2 0.428485 0.241715 0.240061 0.303342 0.0454338
2 0.705748 0.495616 0.0649641 0.0717762 0.0444817
2 0.701401 0.492361 0.0770797 0.0634616 0.0440778
2 0.698242 0.50647 0.0810797 0.0924864 0.0424844
2 0.391391 0.0362947 0.0311647 0.0341077 0.0408404
2 0.705271 0.490507 0.0677298 0.059724 0.0400495
2 0.391155 0.0354428 0.0341137 0.0378803 0.0398244
2 0.698959 0.507412 0.0813486 0.0914922 0.0398178
2 0.212853 0.515078 0.0874459 0.112349 0.0392858
3 0.499701 0.502605 0.777389 0.990269 0.0382234
2 0.529445 0.400026 0.022409 0.0371421 0.0374638
2 0.40653 0.540798 0.0741848 0.109674 0.0368631
2 0.646407 0.40602 0.0794622 0.0746273 0.0362071
2 0.615072 0.493935 0.2628 0.410445 0.0352035
2 0.646785 0.408225 0.0795581 0.0776166 0.0352
2 0.409811 0.276391 0.175538 0.207092 0.0345555
2 0.61938 0.490367 0.193726 0.133698 0.034392
2 0.496363 0.750162 0.0421245 0.106577 0.0338503
2 0.242653 0.481049 0.0602006 0.0655168 0.033219
2 0.710455 0.489671 0.0557 0.059859 0.0328798
2 0.58561 0.360997 0.0680797 0.112438 0.0327448
2 0.162187 0.391167 0.033031 0.124766 0.0319927
2 0.496469 0.751311 0.0427414 0.109139 0.0319728
2 0.428581 0.231187 0.233556 0.279773 0.0318727
2 0.647784 0.406005 0.0822948 0.0714323 0.0316346
2 0.221845 0.574208 0.0814247 0.10895 0.0312207
2 0.63669 0.388502 0.103981 0.118315 0.0309947
2 0.646545 0.406996 0.0795436 0.0770672 0.0302693
2 0.645349 0.407024 0.0785726 0.076667 0.0298641
2 0.391601 0.0365752 0.0356358 0.0401735 0.0297001
2 0.643791 0.4055 0.0838535 0.0845838 0.0295735
2 0.529242 0.399993 0.0265009 0.0404997 0.0291269
2 0.416912 0.73161 0.0660438 0.129966 0.0288769
2 0.644863 0.407763 0.0753771 0.0780352 0.0274341
2 0.180059 0.383373 0.0711581 0.153071 0.0273781
2 0.347321 0.69753 0.0758771 0.121672 0.0267049
2 0.529292 0.400184 0.0260456 0.0430227 0.0265839
2 0.622732 0.496999 0.184471 0.120438 0.0261948
2 0.700632 0.502407 0.0772548 0.0861401 0.0247743
2 0.623796 0.465563 0.224935 0.38073 0.0247424
2 0.576668 0.213719 0.0928213 0.0794652 0.0242005
2 0.391536 0.0363785 0.0345647 0.0413532 0.0239996
2 0.248747 0.256468 0.0814924 0.107653 0.0235725
1 0.496837 0.504261 0.771308 0.978032 0.0232793
2 0.411885 0.53743 0.0880442 0.123086 0.0229381
2 0.219392 0.506406 0.101556 0.132688 0.022914
2 0.633173 0.49727 0.188561 0.130062 0.0228116
2 0.583087 0.358807 0.0676705 0.0942272 0.0228076
2 0.351546 0.699573 0.0791276 0.123092 0.0224589
2 0.423054 0.27827 0.216886 0.190137 0.0224362
2 0.647077 0.406908 0.0827958 0.0781235 0.0223766
2 0.222447 0.487339 0.103508 0.115268 0.0223759
2 0.495378 0.749331 0.0433914 0.109154 0.022357
2 0.234197 0.472152 0.0680427 0.10886 0.0214056
2 0.697524 0.5055 0.0796615 0.088114 0.0211936
2 0.422585 0.521759 0.082647 0.103252 0.021143
2 0.219182 0.57483 0.0809097 0.10974 0.0207913
2 0.160368 0.428286 0.0230525 0.0463958 0.0205499
2 0.431186 0.27424 0.233008 0.183782 0.0204357
2 0.346042 0.703944 0.0525201 0.105723 0.0203356
2 0.397118 0.284892 0.16549 0.132817 0.0203311
2 0.186934 0.354155 0.0582062 0.0882422 0.0199543
2 0.711603 0.487861 0.0561683 0.0570295 0.019777
2 0.696809 0.506022 0.0785233 0.0881635 0.01964
2 0.582814 0.35761 0.0628115 0.092531 0.0192125
2 0.223349 0.528246 0.107089 0.201867 0.0189853
2 0.488181 0.219893 0.107611 0.217404 0.0186409
2 0.485839 0.715958 0.0669474 0.177186 0.0186048
2 0.481327 0.208805 0.0961844 0.196997 0.0184201
2 0.419564 0.279469 0.203392 0.191166 0.0183426
2 0.646416 0.407645 0.0810399 0.0792695 0.0183307
2 0.242022 0.480063 0.0623518 0.0621553 0.0183305
2 0.43359 0.517882 0.0599786 0.0928297 0.0180816
2 0.227828 0.572233 0.0942195 0.109124 0.0179804
2 0.465153 0.223773 0.189602 0.254241 0.0177313
2 0.624011 0.373978 0.137375 0.156108 0.0175449
2 0.427947 0.231002 0.232073 0.283538 0.0172484
2 0.483934 0.216137 0.101468 0.20412 0.0166967
2 0.516568 0.217015 0.191839 0.26314 0.0165687
3 0.492579 0.49691 0.768875 0.989197 0.0162679
2 0.486028 0.162064 0.0716967 0.0621875 0.0162584
2 0.647093 0.404737 0.0851677 0.0719239 0.0160579
2 0.632981 0.501732 0.189282 0.113517 0.0160248
2 0.534764 0.946751 0.0143496 0.0223848 0.0158939
2 0.160847 0.427999 0.0235867 0.0438803 0.0156922
2 0.529364 0.400294 0.0276899 0.0443704 0.0156619
2 0.515756 0.636125 0.027093 0.0608442 0.0155015
2 0.442535 0.51391 0.0404455 0.0812727 0.0154202
2 0.486398 0.71162 0.0822762 0.164126 0.0151376
2 0.41789 0.529669 0.0969958 0.128249 0.0147107
2 0.365701 0.254876 0.0989363 0.139929 0.0142889
2 0.376729 0.258238 0.122218 0.149837 0.0142104
2 0.544474 0.131667 0.0727888 0.0684056 0.0140678
2 0.622645 0.52045 0.224971 0.352908 0.0137433
2 0.612968 0.468474 0.283236 0.428517 0.0137415
2 0.350702 0.700979 0.0819396 0.124582 0.0137083
2 0.620946 0.522851 0.228267 0.351388 0.0135906
2 0.714756 0.488444 0.0479676 0.0609085 0.0135269
2 0.68055 0.505599 0.113899 0.0953074 0.0134802
2 0.48636 0.713737 0.0801958 0.171103 0.0134364
2 0.495079 0.165656 0.0519277 0.054949 0.0133948
2 0.493408 0.749652 0.0427557 0.109443 0.0133074
2 0.368244 0.264061 0.104106 0.139149 0.0131695
4 0.619542 0.376889 0.142677 0.1546 0.0130839
2 0.477975 0.173647 0.0934528 0.12041 0.0127307
2 0.617876 0.374593 0.137968 0.154915 0.0127208
2 0.220312 0.495991 0.104062 0.165458 0.0125339
2 0.581989 0.214876 0.0798547 0.0821768 0.0124579
2 0.441649 0.513868 0.0451898 0.0854649 0.0123656
2 0.396522 0.281795 0.167391 0.209505 0.0122823
2 0.418519 0.279312 0.179492 0.172369 0.0120121
2 0.419115 0.52629 0.0906455 0.122325 0.0119909
2 0.390432 0.0372068 0.0389743 0.038412 0.0118487
2 0.490191 0.222433 0.143389 0.24805 0.0117929
2 0.195291 0.513907 0.050006 0.104621 0.0116727
2 0.160843 0.426812 0.0269429 0.0497303 0.0115509
3 0.698611 0.518451 0.342469 0.930025 0.0114949
3 0.671154 0.513707 0.399724 0.949539 0.0114641
2 0.565339 0.211483 0.0583003 0.076226 0.0114326
2 0.443354 0.511494 0.0372236 0.0731232 0.0113999
2 0.706419 0.489679 0.0706177 0.0637145 0.0108855
2 0.172383 0.404334 0.0721498 0.202456 0.0108579
