3 0.503525 0.486511 0.688797 0.679088 0.764425
3 0.500531 0.484517 0.698434 0.679538 0.749502
3 0.49876 0.485482 0.695882 0.679571 0.742782
3 0.501855 0.485731 0.701831 0.677972 0.707376
3 0.498595 0.486272 0.696223 0.677823 0.685171
3 0.505191 0.486121 0.687743 0.676211 0.685099
3 0.492324 0.484645 0.68253 0.675143 0.645922
3 0.501963 0.489082 0.69811 0.678182 0.616976
3 0.504975 0.488815 0.687893 0.680978 0.598843
3 0.499373 0.488195 0.696292 0.681315 0.590924
3 0.131841 0.781653 0.254628 0.380307 0.0248058
3 0.121143 0.766523 0.240829 0.402075 0.0196778
3 0.13149 0.80403 0.262048 0.356299 0.0166945
3 0.131667 0.766488 0.242692 0.40151 0.0164421
3 0.123708 0.781745 0.247415 0.385507 0.0145787
3 0.351567 0.580892 0.245546 0.379722 0.0113836
3 0.348485 0.546282 0.226936 0.365174 0.0112462
3 0.145355 0.803913 0.247287 0.345202 0.0110901
