1 0.469005 0.494618 0.860513 0.965803 0.764499
1 0.468367 0.499501 0.861902 0.982726 0.761573
1 0.471783 0.499074 0.85158 0.998149 0.737356
1 0.463494 0.493786 0.859273 0.968608 0.708989
1 0.464983 0.500358 0.858087 0.981303 0.68132
1 0.462369 0.498172 0.852907 0.995985 0.633531
1 0.48713 0.496575 0.903016 0.971324 0.503548
1 0.487401 0.500532 0.909657 0.996631 0.476513
1 0.487756 0.493376 0.906005 0.96188 0.448461
1 0.460636 0.495045 0.854858 0.961562 0.301665
3 0.773158 0.48872 0.239878 0.54063 0.035333
3 0.326356 0.643116 0.285361 0.377546 0.0317509
0 0.809234 0.490072 0.381533 0.980143 0.0314577
3 0.787057 0.493211 0.425886 0.986422 0.0302399
3 0.771825 0.500749 0.239768 0.491731 0.0296255
0 0.794144 0.490922 0.376527 0.969675 0.0290292
3 0.307231 0.678813 0.280713 0.344607 0.0272836
3 0.799436 0.491179 0.193703 0.631275 0.0271488
3 0.302681 0.647907 0.306994 0.418114 0.0260496
3 0.325228 0.618773 0.305135 0.449521 0.0256795
3 0.1981 0.509732 0.279895 0.411989 0.0244844
3 0.319081 0.676705 0.237087 0.304846 0.0237306
0 0.801788 0.487654 0.382661 0.962429 0.023164
3 0.794035 0.513184 0.203198 0.613007 0.0231426
3 0.183815 0.601535 0.214568 0.453356 0.0231366
3 0.220801 0.53648 0.327998 0.485565 0.0221625
3 0.305109 0.709097 0.218561 0.285514 0.0215785
3 0.776817 0.479302 0.231729 0.571024 0.0213687
3 0.926243 0.723611 0.147163 0.529673 0.0212638
3 0.953508 0.72245 0.0929836 0.5551 0.021242
3 0.19204 0.514284 0.223645 0.342009 0.0205718
3 0.790445 0.485882 0.39004 0.966127 0.0203891
3 0.246226 0.549911 0.347028 0.518153 0.0200252
3 0.21598 0.566997 0.317617 0.496678 0.0199982
3 0.314823 0.70102 0.195384 0.262884 0.0199009
3 0.186364 0.549769 0.204139 0.370834 0.0195169
3 0.180138 0.508997 0.243311 0.39471 0.0194248
3 0.8052 0.487232 0.183986 0.644678 0.0192639
3 0.34179 0.639094 0.297359 0.369032 0.019105
3 0.750972 0.482679 0.288261 0.496021 0.019032
3 0.346511 0.611718 0.317445 0.440381 0.0189453
3 0.93122 0.504896 0.137561 0.768363 0.0187603
3 0.187237 0.627453 0.232991 0.456395 0.0186814
3 0.952795 0.499441 0.0944108 0.752787 0.0182206
3 0.954204 0.695706 0.0915909 0.608589 0.0181411
3 0.179607 0.518938 0.194195 0.318209 0.0179559
3 0.913745 0.498931 0.17251 0.942385 0.0179211
3 0.775373 0.522945 0.229406 0.452532 0.0178014
3 0.27243 0.543847 0.337651 0.503287 0.0176634
3 0.953276 0.464813 0.0934479 0.748192 0.0174762
3 0.927662 0.701693 0.144677 0.595552 0.0174086
3 0.176463 0.544604 0.174881 0.312211 0.0166034
3 0.2794 0.676237 0.29139 0.396595 0.0165442
3 0.197965 0.506774 0.292389 0.455709 0.0163254
3 0.93189 0.470129 0.13622 0.771628 0.0162987
3 0.930687 0.534716 0.138626 0.774343 0.0161193
3 0.785843 0.494336 0.428313 0.988673 0.0160429
3 0.285437 0.706195 0.252324 0.322934 0.0159699
3 0.953415 0.528139 0.0931702 0.766057 0.0158944
3 0.169935 0.583188 0.181424 0.367822 0.0156886
3 0.32566 0.669322 0.250546 0.311399 0.015275
3 0.791858 0.532755 0.206747 0.573375 0.0151771
3 0.207476 0.596951 0.302882 0.527347 0.0151625
3 0.245169 0.581312 0.355307 0.542293 0.0150337
3 0.22199 0.509376 0.323203 0.475648 0.0147891
3 0.751558 0.489983 0.28156 0.426694 0.0147558
3 0.954067 0.430023 0.0918668 0.757414 0.0146578
3 0.2927 0.504305 0.307392 0.418488 0.0146039
3 0.742755 0.486237 0.309695 0.956186 0.0145699
0 0.184642 0.230285 0.131284 0.180285 0.014309
3 0.904167 0.488672 0.191489 0.968416 0.0141457
3 0.908341 0.734166 0.183319 0.488832 0.0140636
3 0.323029 0.691272 0.222279 0.279626 0.0140271
3 0.806984 0.464478 0.183402 0.618172 0.0139557
3 0.779708 0.455405 0.225889 0.574617 0.0139015
3 0.295008 0.494328 0.316262 0.455606 0.0137713
0 0.182704 0.219412 0.141456 0.213074 0.0137389
3 0.316044 0.491536 0.331286 0.477858 0.0136647
3 0.27399 0.512061 0.323797 0.479455 0.0133947
3 0.247864 0.515577 0.331239 0.48716 0.0131722
3 0.202374 0.615143 0.288584 0.527151 0.0130566
3 0.31114 0.502329 0.309248 0.431922 0.0128311
0 0.754004 0.486601 0.314971 0.952303 0.0125515
3 0.901987 0.620864 0.196014 0.75729 0.0124512
3 0.299986 0.632878 0.314826 0.484017 0.0124124
3 0.734807 0.481578 0.330548 0.948244 0.0124032
3 0.93191 0.435914 0.136179 0.782252 0.0121717
3 0.954372 0.555374 0.0912556 0.780117 0.0120681
3 0.273933 0.57876 0.344049 0.532364 0.0118732
3 0.311385 0.72241 0.203557 0.265361 0.0118293
3 0.779132 0.572329 0.222093 0.496711 0.0114433
3 0.298818 0.729293 0.199731 0.270449 0.0113971
0 0.180436 0.223835 0.137502 0.207888 0.0111461
3 0.205774 0.626519 0.270411 0.491522 0.0109468
3 0.751212 0.47001 0.276969 0.521291 0.0109256
3 0.178839 0.509224 0.253222 0.448861 0.0108986
3 0.954362 0.395781 0.0912757 0.771563 0.010837
3 0.93023 0.562329 0.139541 0.782602 0.0107014
3 0.952931 0.345308 0.0941375 0.690617 0.0104345
3 0.910601 0.709359 0.178799 0.534977 0.0104296
3 0.294084 0.556467 0.295705 0.468108 0.0101115
3 0.954923 0.584267 0.0901541 0.787376 0.0100567
