2 0.277035 0.344774 0.0982769 0.0901313 0.593618
2 0.685772 0.364524 0.083515 0.0468303 0.493607
2 0.518931 0.557462 0.162248 0.0536736 0.439678
2 0.485053 0.427028 0.0465575 0.0904168 0.434099
2 0.611324 0.53107 0.0257225 0.0322206 0.228989
2 0.370158 0.514826 0.0420851 0.0485195 0.123892
2 0.50334 0.552266 0.107518 0.0417394 0.105823
2 0.432546 0.49211 0.159813 0.126643 0.0853046
2 0.328205 0.399451 0.0272271 0.0327322 0.0620985
2 0.514247 0.548014 0.184185 0.0931996 0.047487
3 0.44133 0.649682 0.461718 0.219268 0.0448395
2 0.627393 0.421644 0.0392079 0.155376 0.0421505
2 0.487228 0.436796 0.0656758 0.116988 0.0391255
3 0.675792 0.465829 0.133841 0.219942 0.0314134
2 0.480579 0.527652 0.281863 0.287991 0.0300038
2 0.4299 0.488007 0.136372 0.0549919 0.028757
2 0.624841 0.363539 0.0300175 0.0509454 0.0287116
3 0.499026 0.441805 0.608208 0.647686 0.0264738
2 0.385185 0.512747 0.0741996 0.0611243 0.0254759
2 0.484106 0.550082 0.0667956 0.0357455 0.0230533
2 0.61648 0.511952 0.0353096 0.0700521 0.0215355
2 0.460702 0.494946 0.0890173 0.0687013 0.0202002
2 0.624376 0.378985 0.0387323 0.084217 0.0180416
2 0.671857 0.362902 0.0574445 0.0345078 0.0168111
2 0.451249 0.454192 0.135133 0.156043 0.0148281
5 0.620938 0.446024 0.0407712 0.236715 0.0147428
3 0.70219 0.48854 0.189422 0.461173 0.014324
3 0.275202 0.502159 0.146905 0.425907 0.0141634
1 0.496052 0.44596 0.607218 0.642123 0.0134433
2 0.553035 0.56315 0.0955543 0.0488773 0.0126679
2 0.464742 0.50934 0.116964 0.0889051 0.0125785
3 0.684546 0.4082 0.107354 0.134792 0.0125773
2 0.624055 0.426818 0.0619272 0.186734 0.0119016
2 0.685496 0.379266 0.104873 0.0825796 0.0108449
2 0.481537 0.447195 0.035183 0.0813495 0.0105628
2 0.482634 0.507329 0.244007 0.12866 0.0104267
2 0.276676 0.359812 0.147056 0.124464 0.0104248
