2 0.565221 0.318171 0.0545819 0.159007 0.562842
3 0.525266 0.404049 0.591509 0.615281 0.1909
2 0.547801 0.499589 0.0673915 0.233581 0.176099
2 0.554918 0.425714 0.0617636 0.308649 0.0965839
2 0.566471 0.345349 0.0711744 0.296805 0.074197
2 0.565473 0.41375 0.0328266 0.251076 0.0452058
2 0.546968 0.410908 0.299012 0.379842 0.0396541
2 0.319815 0.536259 0.0197567 0.0222543 0.0332011
3 0.524375 0.415818 0.359496 0.413404 0.0270683
2 0.55371 0.348058 0.0319475 0.21423 0.0212292
2 0.540818 0.461407 0.0363563 0.276811 0.0208697
2 0.54282 0.55166 0.0462958 0.121307 0.0197809
3 0.418691 0.412052 0.270346 0.400075 0.0152872
2 0.567231 0.446995 0.19415 0.348816 0.0147617
2 0.370618 0.325585 0.0280251 0.0328466 0.0144688
5 0.543758 0.412911 0.0393297 0.272237 0.0106771
