1 0.496619 0.453466 0.576112 0.77495 0.92549
5 0.564414 0.704083 0.0550401 0.0589901 0.33025
5 0.531235 0.343068 0.0377348 0.0403076 0.297048
5 0.480786 0.321693 0.0226187 0.024625 0.211367
5 0.380337 0.391524 0.0531062 0.104997 0.20031
5 0.480702 0.206083 0.0305428 0.0373909 0.184264
5 0.525524 0.0426133 0.0469451 0.0479159 0.0946848
5 0.479902 0.321833 0.0310321 0.0333639 0.0844135
5 0.484287 0.31044 0.0326357 0.0396723 0.0832919
5 0.488645 0.301079 0.0300283 0.0299872 0.0812221
0 0.50207 0.324498 0.131854 0.113565 0.0369766
5 0.50906 0.686444 0.0373453 0.0397502 0.0297944
5 0.486382 0.299693 0.0421079 0.0434613 0.015203
1 0.492556 0.215735 0.533965 0.294252 0.0145118
5 0.564684 0.701205 0.0842672 0.0864677 0.0131949
0 0.488257 0.310392 0.0557052 0.0609744 0.0128658
5 0.527662 0.341888 0.0571597 0.0599559 0.0123435
0 0.541869 0.687871 0.130524 0.11378 0.0109082
