3 0.529683 0.515858 0.940635 0.915106 0.85788
3 0.507442 0.512332 0.899017 0.922699 0.850513
3 0.504263 0.495526 0.904841 0.902547 0.839542
3 0.506195 0.513077 0.901535 0.92219 0.83262
3 0.512182 0.495678 0.908612 0.899347 0.813332
3 0.506067 0.521905 0.893319 0.915599 0.805051
3 0.502892 0.519936 0.893555 0.916326 0.748784
3 0.529325 0.497979 0.94135 0.893515 0.72607
3 0.530342 0.527962 0.939317 0.900789 0.64484
5 0.578307 0.758403 0.0757292 0.0922463 0.540251
5 0.579012 0.757689 0.0758374 0.0898391 0.473492
5 0.576542 0.756776 0.0703735 0.0893513 0.467656
5 0.576486 0.757287 0.0677507 0.0865509 0.41197
5 0.575669 0.757247 0.0653928 0.0835571 0.322024
5 0.576125 0.75749 0.0663707 0.0813262 0.320169
5 0.577597 0.756244 0.0769163 0.0914407 0.288868
