4 0.534401 0.509055 0.842677 0.955249 0.55036
4 0.533726 0.50664 0.851625 0.960745 0.528619
2 0.370147 0.299025 0.0312418 0.0434444 0.484029
2 0.342291 0.347969 0.0332979 0.0443982 0.481158
4 0.532331 0.471127 0.848929 0.913379 0.475758
2 0.370029 0.298488 0.0302447 0.041648 0.474311
4 0.530721 0.466783 0.837348 0.906883 0.474263
4 0.535638 0.516483 0.853454 0.95976 0.456807
4 0.533116 0.473422 0.842006 0.906183 0.447802
2 0.342796 0.34832 0.0342381 0.0445633 0.44633
4 0.546492 0.509328 0.862171 0.96276 0.438935
2 0.369872 0.299556 0.0309609 0.0445158 0.4158
2 0.370231 0.300151 0.0317387 0.0445142 0.41147
2 0.402249 0.214065 0.0298005 0.0338016 0.40497
2 0.370495 0.300171 0.0315106 0.043813 0.395427
2 0.655942 0.208583 0.0336735 0.0383066 0.39325
4 0.54602 0.474341 0.856228 0.917199 0.393146
2 0.370565 0.299813 0.0308862 0.0438869 0.393044
2 0.342565 0.348257 0.032934 0.0448523 0.387735
2 0.342491 0.349137 0.0318843 0.044496 0.368544
2 0.461094 0.567685 0.0322888 0.0358849 0.368259
2 0.460692 0.568699 0.029964 0.0340199 0.354665
2 0.655947 0.20845 0.0347238 0.0395748 0.352583
4 0.532951 0.468469 0.845803 0.920401 0.346359
2 0.655559 0.208598 0.0340504 0.0383153 0.340158
2 0.342849 0.34892 0.0323283 0.0438296 0.339303
2 0.508879 0.4876 0.0265389 0.0360552 0.337172
2 0.58331 0.380836 0.0308607 0.0385 0.332496
2 0.402039 0.214371 0.0286768 0.0331661 0.321898
2 0.311661 0.24761 0.037067 0.0323906 0.309445
2 0.342838 0.348211 0.0326644 0.0440209 0.307966
2 0.402755 0.214456 0.0320791 0.0357624 0.306244
4 0.545954 0.47213 0.851939 0.933271 0.305822
2 0.402509 0.214363 0.0318651 0.0358134 0.305802
2 0.509944 0.488609 0.0289585 0.0364357 0.294538
2 0.310713 0.247904 0.0380395 0.0318136 0.292377
2 0.460589 0.567298 0.0325259 0.0369003 0.280051
2 0.344026 0.255518 0.0237409 0.0271528 0.279048
2 0.727161 0.316152 0.0406107 0.0441068 0.27861
2 0.509128 0.488619 0.0271105 0.0348276 0.275095
2 0.616396 0.357644 0.0290171 0.0404286 0.269392
2 0.58264 0.38094 0.0290258 0.0374893 0.269177
2 0.460432 0.568319 0.029538 0.0352239 0.267339
2 0.582984 0.380664 0.0326851 0.0405348 0.26285
2 0.636871 0.281828 0.0341476 0.0417725 0.257945
