5 0.502541 0.540688 0.130381 0.170665 0.661717
5 0.501779 0.542815 0.130787 0.167411 0.602736
5 0.501649 0.542206 0.128064 0.166721 0.599747
5 0.501296 0.541784 0.127201 0.169117 0.587567
5 0.501174 0.539567 0.129065 0.170892 0.52648
5 0.502438 0.541218 0.134716 0.171712 0.524153
5 0.50213 0.541631 0.126307 0.167302 0.48765
5 0.501129 0.541194 0.125834 0.1688 0.424869
5 0.501245 0.540931 0.128177 0.168542 0.418999
0 0.561642 0.469814 0.310272 0.500524 0.398459
5 0.502169 0.54146 0.124563 0.167049 0.320554
0 0.564075 0.468741 0.297451 0.486121 0.294059
0 0.569592 0.472085 0.299218 0.504793 0.273008
