3 0.583152 0.372582 0.406677 0.545491 0.844645
3 0.582919 0.3719 0.411976 0.544695 0.825267
3 0.584042 0.372975 0.406458 0.545402 0.823452
3 0.585186 0.375049 0.406091 0.550839 0.821927
3 0.584237 0.374616 0.406504 0.548987 0.8175
3 0.580763 0.372759 0.405956 0.542596 0.807684
3 0.580255 0.37162 0.41012 0.54371 0.799307
3 0.584642 0.372787 0.41232 0.545237 0.793696
3 0.580877 0.372472 0.406044 0.541097 0.784867
3 0.585221 0.37524 0.406949 0.545429 0.727828
2 0.568934 0.246077 0.0508799 0.113109 0.32199
