3 0.588354 0.576939 0.535657 0.626322 0.490498
3 0.589283 0.582597 0.535067 0.635211 0.487581
3 0.58759 0.585256 0.53003 0.64237 0.477139
3 0.587535 0.582857 0.534706 0.636839 0.44624
3 0.589542 0.584404 0.534164 0.63878 0.435621
3 0.587619 0.58627 0.532556 0.645946 0.431381
3 0.587419 0.58513 0.53651 0.642509 0.41105
3 0.586868 0.577834 0.527835 0.628005 0.382738
3 0.588 0.585377 0.531824 0.645339 0.327354
3 0.588636 0.586007 0.537522 0.64605 0.314378
5 0.62942 0.727888 0.041739 0.0399359 0.250931
