4 0.660138 0.642757 0.100055 0.12839 0.47768
4 0.660948 0.64075 0.0990594 0.124549 0.469473
4 0.661598 0.644019 0.103633 0.133837 0.381778
4 0.6619 0.643555 0.102341 0.132427 0.366533
2 0.691387 0.541611 0.0356394 0.0360992 0.325924
2 0.691395 0.54226 0.0354385 0.0362203 0.31885
2 0.718843 0.386054 0.027034 0.0359797 0.317566
2 0.718914 0.386347 0.0303784 0.0374636 0.307482
2 0.69068 0.541795 0.0338291 0.0342945 0.297092
2 0.690437 0.542846 0.031517 0.033074 0.289854
2 0.719638 0.385576 0.0298641 0.0377326 0.283957
2 0.719065 0.386185 0.0322541 0.0384489 0.267118
2 0.689403 0.542392 0.0347935 0.0357088 0.262875
