2 0.443582 0.548991 0.07786 0.16953 0.832569
2 0.444411 0.55022 0.0794208 0.167334 0.827631
2 0.443616 0.549512 0.0791164 0.166083 0.794866
2 0.443493 0.54864 0.0784123 0.167964 0.783777
2 0.572553 0.695543 0.0683939 0.101121 0.770115
2 0.572013 0.696106 0.0682516 0.0992307 0.718224
2 0.442718 0.551432 0.0797113 0.166627 0.716639
2 0.574082 0.694983 0.0699798 0.100928 0.679639
2 0.443744 0.551221 0.0806846 0.164778 0.64294
2 0.571581 0.696184 0.0671951 0.0980376 0.638438
2 0.443312 0.550302 0.0831997 0.166789 0.611807
2 0.573093 0.695363 0.0688083 0.100198 0.584318
2 0.571367 0.696312 0.0670598 0.0989781 0.584146
2 0.44404 0.549923 0.0841504 0.166127 0.424259
2 0.345183 0.425282 0.0508789 0.073132 0.416131
2 0.576575 0.688311 0.0843216 0.120548 0.39023
2 0.345779 0.425561 0.0504595 0.0732239 0.373524
2 0.34628 0.425509 0.0494015 0.0746755 0.3578
2 0.34777 0.425683 0.0487672 0.0741246 0.336105
2 0.346437 0.425577 0.047757 0.073637 0.331599
2 0.347242 0.425586 0.0541527 0.0738239 0.303508
2 0.572438 0.695558 0.0670174 0.100577 0.287616
2 0.346455 0.425114 0.0471553 0.0713448 0.287185
2 0.344778 0.425587 0.0546417 0.0757113 0.285673
2 0.446049 0.552626 0.0789265 0.169203 0.281363
