3 0.481718 0.468941 0.335022 0.420745 0.55677
3 0.481049 0.469678 0.335367 0.422425 0.548578
3 0.483962 0.468817 0.337963 0.423285 0.543938
3 0.477097 0.467863 0.339288 0.42474 0.516424
3 0.480362 0.469036 0.335884 0.423153 0.516391
3 0.483845 0.468017 0.339949 0.423554 0.451602
3 0.48111 0.468027 0.334307 0.422506 0.421888
3 0.483359 0.465773 0.337058 0.41667 0.400997
3 0.481041 0.468359 0.334885 0.421924 0.371717
2 0.341121 0.566906 0.0472423 0.0536678 0.339022
2 0.341534 0.56747 0.0488765 0.0555611 0.321632
2 0.341587 0.567623 0.0495782 0.0553581 0.313091
2 0.341169 0.567246 0.048532 0.0559529 0.278768
2 0.3415 0.567363 0.0492636 0.056418 0.258748
