4 0.489192 0.501784 0.758949 0.996432 0.458099
4 0.487998 0.502094 0.760404 0.989132 0.449722
4 0.489226 0.500628 0.757406 0.998745 0.405314
4 0.488187 0.503808 0.752606 0.98836 0.398573
4 0.494521 0.501043 0.761577 0.997914 0.363261
4 0.489746 0.501219 0.756148 0.997562 0.346407
4 0.492584 0.506186 0.757357 0.987628 0.34163
4 0.488033 0.500295 0.757975 0.99941 0.337965
4 0.494046 0.500435 0.763817 0.999131 0.305764
4 0.481442 0.503585 0.743808 0.992831 0.162882
2 0.728095 0.417008 0.0352876 0.0889443 0.1077
2 0.728342 0.416892 0.0390973 0.0896411 0.0948416
2 0.728689 0.416823 0.0343765 0.0873181 0.0778865
2 0.729498 0.415993 0.0330251 0.0859865 0.0752983
2 0.728391 0.417154 0.0377943 0.0895437 0.0667145
2 0.728379 0.416528 0.0399946 0.0913021 0.0622
2 0.727514 0.41782 0.0376199 0.090938 0.0548557
3 0.284753 0.509619 0.345386 0.980763 0.0444066
2 0.728343 0.416654 0.0416485 0.0919018 0.0418279
2 0.730253 0.416731 0.0411513 0.0940686 0.028159
3 0.283289 0.508825 0.339089 0.98235 0.0240876
3 0.285097 0.507868 0.351213 0.984265 0.0219612
2 0.728954 0.417417 0.0498217 0.100518 0.0218355
2 0.731015 0.417009 0.036694 0.0886673 0.0214455
2 0.731607 0.418297 0.0328903 0.089702 0.0121607
