4 0.47953 0.494186 0.955099 0.912238 0.416345
4 0.44642 0.489246 0.89284 0.903624 0.407142
4 0.530296 0.507656 0.939409 0.916265 0.391254
4 0.50725 0.511448 0.977439 0.917306 0.390324
4 0.445292 0.495947 0.890584 0.908331 0.365258
4 0.509372 0.498289 0.97359 0.920806 0.298264
4 0.532887 0.498136 0.934033 0.924111 0.297114
4 0.445992 0.503251 0.889717 0.909071 0.231643
4 0.382927 0.471409 0.765854 0.865064 0.198704
4 0.557103 0.505624 0.885225 0.913166 0.195759
4 0.477181 0.508732 0.953125 0.911342 0.158307
4 0.56064 0.498312 0.87872 0.926561 0.154058
4 0.408001 0.481751 0.813043 0.887085 0.150731
4 0.477542 0.504913 0.952509 0.927181 0.12773
4 0.174933 0.46208 0.349866 0.8313 0.0724895
4 0.535666 0.510201 0.928668 0.942958 0.0707288
4 0.540454 0.52302 0.919092 0.88947 0.0653115
4 0.171547 0.459712 0.343095 0.823944 0.0486477
4 0.513284 0.510707 0.969761 0.942045 0.0421422
4 0.406355 0.486403 0.811027 0.886496 0.0393059
4 0.17361 0.462928 0.34722 0.827558 0.0212443
4 0.407126 0.496961 0.811871 0.898174 0.0194054
4 0.380888 0.476438 0.761775 0.867278 0.0123371
4 0.488088 0.514671 0.976177 0.917428 0.010974
