5 0.876122 0.680249 0.0725299 0.0968291 0.360159
5 0.877925 0.679394 0.0668638 0.095043 0.323
5 0.87556 0.680571 0.0767461 0.101699 0.300505
5 0.878381 0.681051 0.0659786 0.0953254 0.280809
5 0.874948 0.679576 0.0745564 0.0919275 0.264859
3 0.439593 0.43891 0.877185 0.851506 0.244943
3 0.471667 0.417218 0.93433 0.804463 0.24445
5 0.876729 0.681189 0.0738746 0.102193 0.231471
5 0.878683 0.681678 0.0656811 0.103468 0.21876
5 0.882266 0.679518 0.0558167 0.094574 0.212372
3 0.50361 0.385222 0.960157 0.72701 0.189643
3 0.509557 0.386428 0.952713 0.733087 0.185083
3 0.498235 0.378999 0.958325 0.697408 0.177345
5 0.874599 0.682723 0.07766 0.0968447 0.169199
5 0.883031 0.679234 0.0554237 0.0978474 0.168926
3 0.518465 0.378412 0.887192 0.685105 0.156263
3 0.518293 0.378688 0.887309 0.710838 0.152722
3 0.436537 0.455545 0.868028 0.875404 0.146942
3 0.528505 0.381556 0.890166 0.722785 0.143083
3 0.46559 0.42922 0.922006 0.814494 0.120287
3 0.433609 0.462919 0.861483 0.871461 0.110509
3 0.552224 0.376091 0.841086 0.706481 0.0942819
3 0.555426 0.378127 0.836207 0.687832 0.0930084
3 0.479192 0.399035 0.958384 0.754124 0.0916094
3 0.367756 0.37458 0.416731 0.519876 0.0726314
3 0.409046 0.442684 0.81217 0.862581 0.0677286
3 0.458909 0.446513 0.90434 0.823239 0.0663855
3 0.527593 0.396401 0.867585 0.640539 0.0567709
3 0.356641 0.379497 0.401566 0.45515 0.0547411
5 0.873098 0.681202 0.0871742 0.116555 0.0501404
0 0.554264 0.377084 0.836623 0.715288 0.0501366
3 0.359907 0.360584 0.402643 0.474945 0.0477267
5 0.876056 0.677757 0.0695194 0.0954079 0.0469742
3 0.389223 0.374198 0.428157 0.555517 0.0465537
3 0.445559 0.423739 0.885184 0.816813 0.0451974
3 0.370123 0.387607 0.424111 0.525124 0.0444064
3 0.494493 0.395615 0.935032 0.651764 0.0401044
3 0.35375 0.393033 0.407733 0.481492 0.0374656
3 0.632412 0.420653 0.404597 0.557445 0.037111
3 0.354252 0.366229 0.392617 0.399636 0.034288
3 0.398376 0.382277 0.437596 0.542117 0.032313
3 0.658539 0.427187 0.372521 0.576507 0.0286915
3 0.568286 0.390469 0.820877 0.66009 0.0264051
5 0.884438 0.67692 0.0556354 0.101719 0.0260068
3 0.348077 0.375822 0.37463 0.399554 0.0252815
3 0.614238 0.414508 0.425243 0.534749 0.024584
3 0.626366 0.413804 0.418153 0.563589 0.0240083
0 0.594804 0.376525 0.76422 0.713296 0.0235684
3 0.605579 0.400362 0.44082 0.53117 0.0233005
3 0.373407 0.365404 0.392981 0.519793 0.0230076
3 0.478444 0.408784 0.944812 0.777538 0.0211081
3 0.423441 0.374493 0.444711 0.554403 0.0209517
3 0.411402 0.453667 0.816247 0.873633 0.0207332
5 0.880974 0.676584 0.0646435 0.0993168 0.0205259
3 0.673886 0.427918 0.340364 0.56984 0.020307
3 0.343562 0.3772 0.3873 0.411644 0.0196498
3 0.486929 0.393419 0.957904 0.742668 0.0176324
5 0.872089 0.68121 0.0764244 0.101554 0.0176045
3 0.429739 0.382241 0.444386 0.541529 0.0171949
3 0.670156 0.419511 0.335732 0.592716 0.0143301
3 0.470577 0.451184 0.918695 0.78651 0.013971
3 0.655623 0.409302 0.36561 0.600822 0.0137568
3 0.34946 0.32771 0.394096 0.387832 0.0133428
3 0.354756 0.364692 0.359279 0.353117 0.0132263
3 0.500782 0.467122 0.917098 0.514762 0.0127529
3 0.657908 0.423035 0.382208 0.587103 0.0117597
3 0.635569 0.404018 0.398317 0.58458 0.0111832
3 0.454866 0.384975 0.446002 0.542143 0.0110946
3 0.45309 0.373261 0.448402 0.551166 0.010938
3 0.367906 0.40395 0.425848 0.504276 0.010702
3 0.410975 0.456873 0.818448 0.864589 0.01068
3 0.501803 0.391701 0.464856 0.530206 0.0102693
3 0.478168 0.388855 0.453243 0.541985 0.0101476
3 0.350033 0.399356 0.407662 0.45438 0.0101207
