3 0.494472 0.498562 0.253496 0.317879 0.732505
3 0.49432 0.500555 0.253755 0.32002 0.692106
3 0.49495 0.497797 0.255121 0.315415 0.689588
3 0.494828 0.498781 0.254974 0.31823 0.676129
3 0.494573 0.497427 0.258221 0.314316 0.675754
3 0.494779 0.498567 0.259037 0.317544 0.670679
3 0.495765 0.501272 0.257194 0.314284 0.652486
3 0.495428 0.499647 0.259358 0.313435 0.640705
3 0.494386 0.499924 0.255663 0.316922 0.637193
3 0.497333 0.500354 0.263192 0.318675 0.466569
3 0.495245 0.496565 0.255801 0.305454 0.20159
3 0.501196 0.494742 0.261403 0.3087 0.151647
3 0.496366 0.489684 0.257625 0.308655 0.129473
3 0.495689 0.493424 0.256973 0.316378 0.128747
3 0.491034 0.498358 0.253501 0.30304 0.0543242
3 0.485527 0.49955 0.235439 0.299319 0.0396229
5 0.93449 0.489197 0.0288424 0.0432101 0.0350527
5 0.934153 0.489454 0.0253768 0.0394827 0.0303878
3 0.492779 0.495783 0.255876 0.310503 0.0282047
5 0.933054 0.48996 0.0243928 0.0379906 0.020796
5 0.933815 0.489607 0.0291909 0.043088 0.0197889
5 0.933705 0.489768 0.0307147 0.0453287 0.0159505
3 0.50094 0.434734 0.244232 0.196923 0.0150044
3 0.501047 0.49 0.23739 0.30928 0.0148946
3 0.495957 0.496968 0.249425 0.302566 0.0142858
3 0.508702 0.434099 0.244725 0.194373 0.0104096
