2 0.656305 0.132049 0.0843093 0.20722 0.837987
2 0.339484 0.602462 0.0981188 0.106344 0.798329
2 0.338695 0.601967 0.093513 0.103112 0.78763
2 0.656975 0.14286 0.0864968 0.208202 0.776138
2 0.338729 0.601869 0.0974952 0.105643 0.771127
2 0.65758 0.138678 0.0856782 0.193474 0.769518
2 0.657122 0.139419 0.0821794 0.195897 0.761717
2 0.339386 0.601332 0.0956186 0.102812 0.758975
2 0.338903 0.601205 0.0933936 0.102455 0.756719
2 0.339646 0.6021 0.0998126 0.107835 0.745577
2 0.657044 0.142447 0.0829998 0.210099 0.731465
2 0.338461 0.601707 0.0907538 0.10166 0.731245
2 0.338178 0.601725 0.0934246 0.105822 0.721431
2 0.415811 0.0927667 0.12629 0.171478 0.703007
2 0.655901 0.139951 0.0806034 0.200427 0.698031
2 0.657874 0.131352 0.085794 0.205628 0.672803
2 0.415423 0.0941989 0.124143 0.171071 0.632114
2 0.486191 0.12399 0.0824509 0.247981 0.628663
2 0.338365 0.602894 0.0986645 0.107296 0.613515
2 0.547429 0.0765849 0.118215 0.117919 0.605116
2 0.484928 0.125034 0.0803126 0.250068 0.602195
2 0.420308 0.0943943 0.127372 0.174747 0.588257
2 0.547234 0.0779306 0.117271 0.114987 0.584141
2 0.54865 0.0779587 0.117046 0.120102 0.554812
2 0.548001 0.0713735 0.119643 0.129531 0.546655
2 0.545346 0.535395 0.218269 0.115484 0.534626
2 0.543805 0.0750569 0.13233 0.129765 0.516393
2 0.416756 0.0974346 0.131692 0.182885 0.513831
2 0.548525 0.075374 0.117434 0.119525 0.512362
2 0.724226 0.319144 0.0700463 0.0704377 0.512208
2 0.339565 0.603121 0.101263 0.100809 0.511026
2 0.51383 0.5356 0.275724 0.137966 0.497978
2 0.724096 0.319876 0.0708837 0.0653413 0.47292
2 0.724179 0.319182 0.070239 0.0696676 0.468445
2 0.655672 0.141619 0.0808172 0.209452 0.467058
2 0.724409 0.292626 0.0712842 0.124135 0.441047
2 0.542594 0.0711822 0.132855 0.134517 0.439698
2 0.724571 0.291933 0.0693312 0.125291 0.432429
2 0.5491 0.0799716 0.113008 0.116184 0.419528
2 0.48569 0.128619 0.0829104 0.235001 0.404339
2 0.419068 0.0943901 0.122713 0.170124 0.403468
2 0.72375 0.313621 0.0712239 0.0805135 0.392165
2 0.655195 0.135387 0.0823759 0.211279 0.378925
2 0.723844 0.319677 0.0693457 0.0639597 0.378191
2 0.517514 0.533225 0.283082 0.139631 0.3641
2 0.72321 0.283247 0.0570896 0.115802 0.357126
2 0.378621 0.211815 0.0387187 0.0363561 0.313074
2 0.553777 0.538672 0.19323 0.134372 0.311993
2 0.723772 0.287104 0.0719699 0.133954 0.305649
2 0.551794 0.539244 0.204469 0.111207 0.300884
2 0.487674 0.122268 0.0707327 0.244535 0.29679
2 0.72318 0.273592 0.0549674 0.0943063 0.282257
2 0.418266 0.0972329 0.126252 0.182704 0.280142
2 0.260532 0.287184 0.0349738 0.0493269 0.27642
2 0.544086 0.536893 0.214437 0.100549 0.273952
2 0.54815 0.0741882 0.126594 0.140289 0.26564
2 0.416608 0.0921161 0.127486 0.168831 0.265186
2 0.536375 0.531391 0.221252 0.117612 0.258117
2 0.482486 0.128809 0.0883584 0.234922 0.255887
2 0.377565 0.2117 0.0396133 0.0360822 0.25149
2 0.324069 0.232656 0.0218916 0.0355892 0.247264
2 0.723344 0.285232 0.0611587 0.123203 0.236105
2 0.518644 0.529867 0.278616 0.128366 0.234131
2 0.259776 0.286318 0.0373878 0.0501608 0.231686
2 0.554377 0.539762 0.199304 0.095267 0.226826
2 0.550142 0.539837 0.218648 0.109399 0.226673
2 0.721678 0.264226 0.0491371 0.0749708 0.221665
2 0.260128 0.286773 0.0362347 0.0501818 0.219901
2 0.72201 0.264377 0.0482904 0.072374 0.217232
2 0.259998 0.286828 0.0361406 0.0492247 0.205017
2 0.655481 0.137444 0.0846523 0.207114 0.20123
2 0.548326 0.0875733 0.115298 0.0929169 0.199267
2 0.486828 0.121445 0.0788735 0.242891 0.192298
2 0.324577 0.232881 0.0235685 0.0363573 0.189853
2 0.378529 0.210544 0.0398482 0.0416007 0.184482
2 0.378582 0.211673 0.0415778 0.038094 0.179159
2 0.721776 0.264546 0.0501601 0.0757802 0.178219
2 0.554283 0.543739 0.201127 0.100374 0.164544
2 0.7206 0.264447 0.0429599 0.0717671 0.154881
2 0.566759 0.544689 0.177434 0.0984621 0.153863
2 0.260506 0.286295 0.0416322 0.0536839 0.148625
2 0.513523 0.535938 0.275657 0.141501 0.146777
2 0.260293 0.285473 0.0370157 0.0544045 0.146376
2 0.260383 0.285621 0.0378905 0.0532565 0.143196
2 0.259788 0.286608 0.0409584 0.0538923 0.137492
2 0.592979 0.0259548 0.025333 0.0359386 0.136004
2 0.724579 0.314503 0.0689833 0.0743857 0.128025
2 0.579584 0.541668 0.150252 0.0912756 0.127553
2 0.549981 0.0870616 0.113946 0.0939703 0.127202
2 0.337875 0.603404 0.0929192 0.10119 0.126761
2 0.377845 0.212491 0.0412547 0.0431045 0.125794
2 0.377974 0.209759 0.0415491 0.0422725 0.125523
2 0.378913 0.212815 0.0385654 0.0416385 0.123406
2 0.720636 0.264302 0.044387 0.0736559 0.12007
2 0.543105 0.53574 0.214146 0.110994 0.115603
2 0.593084 0.026638 0.0286501 0.038682 0.114288
2 0.537334 0.534387 0.215195 0.102074 0.108572
2 0.421152 0.0956805 0.125221 0.178547 0.103083
2 0.516394 0.537175 0.281696 0.14342 0.100029
2 0.475311 0.524251 0.184903 0.100194 0.0996402
2 0.724611 0.319397 0.0703211 0.0662635 0.0976938
2 0.325265 0.232736 0.0264193 0.0411967 0.0959202
2 0.588638 0.548848 0.134082 0.0896897 0.0949205
2 0.532054 0.245383 0.0209178 0.031676 0.093637
2 0.567921 0.545295 0.173331 0.0938871 0.0915363
2 0.725428 0.289795 0.0721075 0.132853 0.0905405
2 0.517179 0.52948 0.273972 0.129843 0.0890863
2 0.324826 0.23183 0.0272852 0.0421443 0.0881737
2 0.540786 0.471188 0.0319198 0.0455859 0.0856621
2 0.376437 0.281787 0.0170616 0.027276 0.0764215
2 0.515631 0.546196 0.280173 0.157765 0.075565
2 0.719926 0.264276 0.0464839 0.0743396 0.0724709
2 0.476629 0.526668 0.189069 0.110187 0.0708994
2 0.595624 0.543896 0.117423 0.0825654 0.0703
2 0.482692 0.524625 0.217399 0.108599 0.0694369
2 0.416312 0.093004 0.123896 0.168639 0.0679926
2 0.543736 0.0688863 0.142475 0.137773 0.0672244
2 0.541071 0.470774 0.0307297 0.045292 0.065635
2 0.658879 0.137551 0.0851179 0.192855 0.0623216
2 0.551993 0.54088 0.196365 0.146741 0.0588981
2 0.471065 0.54556 0.175785 0.0622675 0.0586017
2 0.409319 0.668385 0.0351367 0.0385125 0.0573373
2 0.524964 0.529757 0.220699 0.116796 0.0571798
2 0.339451 0.60348 0.100635 0.100107 0.0570785
2 0.409036 0.667177 0.0376648 0.0424484 0.0558957
2 0.592921 0.0267104 0.0248066 0.0343989 0.055528
2 0.378112 0.210767 0.0428404 0.0451331 0.0545705
2 0.408484 0.665917 0.0377174 0.0456306 0.0536032
2 0.290542 0.266035 0.0180632 0.0255079 0.0529246
2 0.492413 0.530202 0.219421 0.123327 0.0498423
2 0.481054 0.551275 0.194131 0.0527057 0.0491649
2 0.263708 0.474417 0.0303802 0.0504781 0.0488285
2 0.547881 0.544144 0.212862 0.147486 0.0485056
2 0.25924 0.285064 0.0425462 0.0606217 0.047763
2 0.26382 0.473462 0.0296627 0.0483855 0.046233
2 0.288676 0.265823 0.0190619 0.0290958 0.0457341
2 0.601422 0.553122 0.101675 0.0732966 0.0441003
2 0.529847 0.534071 0.208368 0.0997543 0.0438715
2 0.470127 0.268403 0.0288074 0.0394526 0.0430117
2 0.438848 0.0932143 0.174326 0.177723 0.0422545
2 0.549474 0.0687664 0.116663 0.131239 0.0399861
2 0.59184 0.0267888 0.0304564 0.0398237 0.0389742
2 0.414521 0.21354 0.0152499 0.0234454 0.0389194
2 0.562354 0.545455 0.172525 0.131086 0.0378949
2 0.540745 0.471076 0.0295509 0.0414554 0.0374925
2 0.322337 0.231892 0.0311982 0.0426363 0.0365775
2 0.553634 0.0258687 0.117989 0.0499072 0.0364375
2 0.394495 0.582984 0.0213248 0.0285461 0.0360521
2 0.55149 0.0681292 0.137543 0.136258 0.0338857
2 0.727292 0.288716 0.0732858 0.136163 0.032821
2 0.324461 0.230838 0.028774 0.0460652 0.0324619
2 0.540868 0.470686 0.0292226 0.0405469 0.0314454
2 0.409545 0.668291 0.0373236 0.0439165 0.0313667
2 0.413767 0.0944373 0.124467 0.173777 0.0310185
2 0.426715 0.026403 0.0215661 0.0324944 0.0308733
2 0.515953 0.548135 0.288914 0.162912 0.0307115
2 0.542339 0.0675595 0.133766 0.135119 0.0305546
2 0.606105 0.548798 0.0905774 0.0653043 0.0304265
2 0.468251 0.526333 0.171337 0.087611 0.0295212
2 0.545338 0.530007 0.180131 0.10579 0.0293022
2 0.484629 0.525288 0.209786 0.112164 0.0288776
2 0.409543 0.667987 0.0404123 0.0468721 0.0286439
2 0.438241 0.26927 0.018307 0.0300946 0.0285994
2 0.420126 0.635293 0.0199942 0.0256415 0.0278158
2 0.411757 0.0927881 0.121739 0.175716 0.027801
2 0.394081 0.582977 0.0194909 0.0278114 0.0277401
2 0.490434 0.12237 0.0638865 0.242148 0.0276254
2 0.470769 0.267067 0.0304515 0.0383537 0.0275357
2 0.496141 0.522247 0.227152 0.115188 0.0273027
2 0.333565 0.601147 0.0829657 0.101874 0.0270282
2 0.531354 0.24287 0.0258958 0.0394657 0.02662
2 0.391251 0.0565044 0.0173312 0.0217502 0.0265309
2 0.379469 0.28112 0.0239496 0.0305304 0.0265026
2 0.442187 0.524453 0.124603 0.0816684 0.02626
2 0.466059 0.540422 0.158681 0.0636822 0.026104
2 0.538656 0.0683839 0.14712 0.136768 0.0252623
2 0.458285 0.526999 0.149324 0.079862 0.0251975
2 0.657956 0.143361 0.0855249 0.208331 0.0251545
2 0.439991 0.127872 0.174186 0.244998 0.0250589
2 0.657668 0.137462 0.086235 0.206214 0.0241713
2 0.378943 0.214476 0.0432976 0.0460235 0.0240441
2 0.515073 0.539774 0.215567 0.0867492 0.0235218
2 0.725382 0.290561 0.0666798 0.135365 0.0225183
2 0.585951 0.54794 0.139219 0.0917577 0.0223383
2 0.468139 0.269384 0.0361418 0.0470101 0.0211713
2 0.558346 0.0261341 0.105067 0.0522682 0.0206008
2 0.409956 0.665789 0.0379719 0.0483974 0.0205329
2 0.263673 0.475052 0.0277941 0.0467478 0.0196308
2 0.485402 0.527 0.23556 0.113803 0.0191717
2 0.484273 0.126616 0.0848481 0.248137 0.019055
2 0.460787 0.269776 0.0529755 0.0462796 0.0190522
2 0.410847 0.667831 0.041958 0.0440554 0.0190484
2 0.510952 0.528845 0.229564 0.11651 0.0185587
2 0.496963 0.551311 0.192075 0.056721 0.0181439
2 0.421694 0.634691 0.0211095 0.0278789 0.0178744
2 0.322599 0.231596 0.0328839 0.0457192 0.0178623
2 0.337813 0.601362 0.0949468 0.106243 0.017849
2 0.473713 0.127987 0.107944 0.249129 0.0176211
2 0.280157 0.658679 0.0341851 0.0578027 0.0174316
2 0.665918 0.286912 0.0198787 0.0331849 0.0172419
2 0.488223 0.125034 0.0725492 0.23652 0.0170799
2 0.533352 0.244104 0.0290314 0.0368249 0.0164972
2 0.506193 0.548845 0.200882 0.0662667 0.0155671
2 0.55056 0.0907381 0.107023 0.0862736 0.0153717
2 0.465159 0.125484 0.121662 0.250968 0.0153426
2 0.280939 0.657334 0.032931 0.0572608 0.0147386
2 0.532639 0.246053 0.0260234 0.03986 0.0147137
2 0.467031 0.528025 0.17566 0.0925805 0.0145857
2 0.263299 0.475419 0.0286369 0.0485565 0.0144209
2 0.468476 0.268938 0.0386055 0.0488957 0.0142922
2 0.548415 0.0797921 0.115479 0.122612 0.0141552
2 0.456015 0.540171 0.141394 0.0572996 0.0140158
2 0.444408 0.125723 0.165083 0.24477 0.0137769
2 0.417218 0.655506 0.0320935 0.0615291 0.0129985
2 0.324962 0.229934 0.0316571 0.0484211 0.0129854
2 0.404481 0.298509 0.0212048 0.0293924 0.0128051
2 0.461624 0.272765 0.0528884 0.0520069 0.0126328
2 0.435882 0.530677 0.113954 0.0728154 0.0123043
2 0.54469 0.0256593 0.162062 0.0513185 0.0122004
2 0.497121 0.527938 0.233267 0.11626 0.0117363
2 0.576577 0.224013 0.0146194 0.0239036 0.0113068
2 0.543673 0.468979 0.0408183 0.0561552 0.0109659
2 0.533287 0.239729 0.0315571 0.0474354 0.0107303
2 0.432229 0.0935013 0.0900417 0.16955 0.0106821
2 0.410468 0.667263 0.0434061 0.0494144 0.0106341
2 0.371018 0.0225609 0.0823233 0.0425917 0.0105259
2 0.541688 0.525333 0.162849 0.0982983 0.0103247
2 0.531527 0.244658 0.0283201 0.0380604 0.0102544
2 0.394906 0.583801 0.0230563 0.0368473 0.0102454
2 0.382244 0.210869 0.0493302 0.0380258 0.0101458
2 0.433072 0.522636 0.103473 0.080226 0.0101375
2 0.407357 0.667742 0.0464737 0.0528929 0.0101047
