0 0.524861 0.5009 0.898245 0.938341 0.26009
0 0.520059 0.512326 0.908285 0.942086 0.231066
0 0.546533 0.506902 0.853155 0.946717 0.196661
0 0.50316 0.503268 0.951258 0.930294 0.184471
0 0.525006 0.510122 0.905201 0.936412 0.155138
0 0.500459 0.520063 0.960975 0.935953 0.149718
0 0.550798 0.49778 0.842518 0.943933 0.148961
0 0.516596 0.504984 0.918675 0.926917 0.141291
0 0.519797 0.522538 0.928956 0.92869 0.104234
0 0.502324 0.519957 0.955123 0.922404 0.100922
3 0.504111 0.438352 0.430158 0.509515 0.0692022
3 0.524257 0.444373 0.434397 0.516373 0.061763
0 0.504064 0.517156 0.924803 0.938354 0.0518175
3 0.507465 0.419109 0.432472 0.514268 0.0483366
0 0.500899 0.502746 0.918027 0.931626 0.0468917
3 0.484088 0.435584 0.428279 0.512587 0.0421304
3 0.547891 0.456124 0.436313 0.536377 0.04036
3 0.487604 0.413072 0.426372 0.521318 0.0361042
3 0.525994 0.425436 0.443342 0.513774 0.0340403
3 0.571395 0.46838 0.440408 0.551311 0.0271461
3 0.526006 0.468132 0.429054 0.51948 0.0258687
3 0.549378 0.485288 0.427925 0.550791 0.0238125
3 0.50523 0.4574 0.430043 0.50093 0.0225134
3 0.573263 0.49927 0.428612 0.569882 0.021734
3 0.458966 0.43404 0.421165 0.518142 0.0215558
0 0.518259 0.519812 0.924251 0.921359 0.0210445
3 0.460168 0.409377 0.419279 0.527281 0.0208827
3 0.548253 0.433885 0.447332 0.519029 0.0199829
0 0.465895 0.510498 0.84849 0.943091 0.0176973
3 0.596796 0.511564 0.424479 0.588798 0.0171239
3 0.593176 0.479825 0.436964 0.567309 0.0169451
0 0.550826 0.503728 0.849919 0.941806 0.0164366
3 0.570856 0.4434 0.45104 0.517458 0.0128086
3 0.484746 0.453179 0.431095 0.496437 0.0127606
3 0.422334 0.408055 0.419942 0.521971 0.0119848
3 0.492994 0.403893 0.427592 0.506463 0.0117666
3 0.514088 0.408913 0.436301 0.500978 0.0109897
3 0.42747 0.430831 0.415146 0.509172 0.0105357
