2 0.411846 0.798906 0.0905173 0.13074 0.61839
2 0.41159 0.799523 0.0901337 0.130216 0.588478
2 0.412314 0.799175 0.088427 0.128876 0.584533
2 0.410874 0.798047 0.090118 0.13134 0.584481
2 0.410385 0.798489 0.0942103 0.132935 0.53654
2 0.410761 0.798922 0.088548 0.131388 0.501209
2 0.411516 0.79225 0.0840615 0.109176 0.374329
2 0.408942 0.798728 0.0950251 0.134979 0.371113
2 0.409938 0.798479 0.0836905 0.12371 0.35525
2 0.411832 0.79636 0.0898331 0.122733 0.319822
1 0.497513 0.500079 0.787656 0.953047 0.232748
1 0.498988 0.496287 0.782222 0.95273 0.223141
2 0.412467 0.797978 0.0896656 0.133337 0.196185
1 0.497117 0.511413 0.789926 0.952088 0.193475
1 0.498124 0.512306 0.777625 0.961469 0.180503
1 0.498749 0.496094 0.780353 0.957356 0.135986
2 0.412778 0.797382 0.0860078 0.134023 0.131849
1 0.499262 0.514381 0.778881 0.971238 0.0886565
2 0.405227 0.798984 0.103356 0.138538 0.0845752
1 0.498317 0.514567 0.778114 0.964853 0.0717848
2 0.412197 0.804748 0.0855041 0.121212 0.0565465
1 0.498122 0.510063 0.788968 0.951206 0.0538989
1 0.496224 0.493008 0.790412 0.96012 0.0531951
2 0.417867 0.810939 0.0704423 0.104433 0.0292907
3 0.493613 0.304014 0.798461 0.56641 0.0192439
2 0.406314 0.773965 0.0730278 0.0691352 0.0183888
3 0.483987 0.228718 0.802505 0.413186 0.0175439
3 0.485557 0.224161 0.802275 0.408992 0.0163844
3 0.496874 0.285933 0.791702 0.526347 0.0155886
3 0.451573 0.217529 0.857004 0.393617 0.012822
3 0.494288 0.231257 0.782086 0.422826 0.0125693
3 0.518913 0.227085 0.755393 0.414991 0.0106103
