5 0.465087 0.435791 0.109701 0.122087 0.656049
5 0.466181 0.435465 0.105888 0.121742 0.542852
5 0.465243 0.435547 0.108241 0.121648 0.497572
5 0.464787 0.4351 0.107236 0.126195 0.442528
5 0.464521 0.434046 0.11015 0.125621 0.43178
5 0.465007 0.434738 0.108872 0.124776 0.403257
5 0.46657 0.435932 0.107006 0.123008 0.382841
5 0.61588 0.196573 0.0513897 0.0739679 0.319476
5 0.615972 0.19711 0.0516243 0.0735866 0.298498
5 0.616404 0.197083 0.0487657 0.0705999 0.287516
5 0.616099 0.197028 0.0476859 0.0694131 0.258308
5 0.615241 0.196935 0.0485196 0.070006 0.257448
5 0.463893 0.436546 0.10887 0.121717 0.255847
5 0.615074 0.197033 0.0483563 0.067874 0.241574
5 0.615718 0.197154 0.0471357 0.0665625 0.239662
5 0.615798 0.197073 0.0491971 0.0707211 0.232541
5 0.464322 0.434166 0.106351 0.125169 0.215965
5 0.465359 0.436817 0.10749 0.121361 0.199899
2 0.24249 0.356662 0.0243473 0.0468864 0.181554
2 0.532102 0.732856 0.0375896 0.0517197 0.177259
5 0.615898 0.19651 0.0537344 0.0763262 0.172682
2 0.532095 0.733197 0.0366446 0.0491882 0.170895
2 0.242865 0.356094 0.0249741 0.0470168 0.141699
2 0.532461 0.732608 0.0346528 0.0487124 0.140836
5 0.615458 0.197196 0.0493881 0.0725096 0.135922
2 0.532606 0.732878 0.0333371 0.0457381 0.124485
5 0.46655 0.436671 0.104534 0.125612 0.120456
5 0.465727 0.435235 0.104416 0.122279 0.111065
2 0.24263 0.35519 0.0292264 0.0531326 0.0944876
2 0.24166 0.356157 0.0306428 0.0525289 0.0922926
5 0.107443 0.78367 0.02664 0.0401678 0.0848482
5 0.445871 0.175403 0.055076 0.078784 0.0848064
0 0.488951 0.459556 0.606936 0.903758 0.0816015
0 0.476912 0.457062 0.634086 0.894666 0.0778395
5 0.437042 0.725232 0.039702 0.0567346 0.0776947
5 0.445124 0.176545 0.047865 0.069144 0.0764651
0 0.456764 0.452425 0.676098 0.883078 0.0746191
2 0.533319 0.731526 0.0397719 0.0552588 0.0742248
2 0.540586 0.62634 0.0269867 0.0342319 0.0717467
2 0.242033 0.356026 0.0310676 0.0523415 0.071136
2 0.533105 0.731928 0.0389902 0.0530995 0.0692962
5 0.445754 0.17666 0.0478771 0.0693938 0.0690686
2 0.437287 0.726101 0.0380298 0.0524217 0.0676829
2 0.532921 0.734979 0.0397403 0.0566437 0.0667595
2 0.492381 0.748 0.0329413 0.0413905 0.0657471
5 0.446136 0.17725 0.0533538 0.0760422 0.0644482
0 0.447046 0.454846 0.691803 0.872928 0.0629924
2 0.540502 0.625942 0.026665 0.0342659 0.062336
5 0.107436 0.783409 0.025085 0.0372154 0.0612929
0 0.452335 0.453105 0.680729 0.880145 0.0611607
2 0.540546 0.626084 0.029597 0.0383305 0.060475
5 0.614855 0.19599 0.062106 0.0798388 0.0596233
2 0.436843 0.725816 0.0371497 0.0523975 0.0587339
2 0.493462 0.74526 0.0378051 0.0491098 0.0586159
5 0.466045 0.435703 0.102756 0.118646 0.0581609
5 0.107088 0.783308 0.0293669 0.0411566 0.0580276
2 0.436622 0.725245 0.03779 0.0555568 0.0554565
5 0.107052 0.783843 0.0275622 0.0380002 0.054952
2 0.533063 0.733847 0.0358708 0.0514293 0.0548625
5 0.446222 0.178058 0.0475659 0.0700079 0.054487
5 0.446139 0.177657 0.0479953 0.069629 0.0508734
2 0.241753 0.355002 0.0329772 0.0562182 0.0502143
2 0.540593 0.625875 0.0287279 0.0383866 0.0493951
5 0.615934 0.193821 0.0590644 0.087672 0.0473608
2 0.465884 0.436656 0.101568 0.119776 0.0471465
5 0.445256 0.177619 0.0479109 0.0691354 0.0470868
0 0.476852 0.4576 0.630753 0.895609 0.0452085
5 0.446441 0.175968 0.0553396 0.0768633 0.0448688
5 0.445876 0.177858 0.0473659 0.0683881 0.0439722
5 0.435045 0.723561 0.0443263 0.0623875 0.0436284
5 0.431955 0.715324 0.0514333 0.0658757 0.042765
0 0.486511 0.46277 0.60802 0.904681 0.042173
5 0.415188 0.694271 0.0190238 0.0293619 0.0399184
5 0.61457 0.197057 0.0495647 0.074125 0.0396255
5 0.61422 0.195008 0.0641295 0.0814218 0.0392499
5 0.445973 0.17577 0.0532815 0.0808589 0.0383722
0 0.442231 0.454471 0.714707 0.880619 0.038349
1 0.238358 0.455348 0.182763 0.850096 0.038143
5 0.502971 0.170605 0.0261156 0.0348796 0.0366944
5 0.443726 0.174289 0.062712 0.083186 0.0340924
2 0.414899 0.695005 0.0219862 0.0342458 0.0324835
2 0.49283 0.748413 0.0384965 0.0441027 0.0312522
0 0.488273 0.457906 0.609128 0.881815 0.0308079
2 0.464967 0.439954 0.109488 0.12461 0.0305704
5 0.502871 0.170323 0.0285679 0.0362954 0.0302611
1 0.207275 0.470047 0.244733 0.874682 0.0294051
1 0.204931 0.465198 0.242825 0.875421 0.0290202
2 0.492413 0.747975 0.0328887 0.0399328 0.0288607
1 0.239212 0.462066 0.175275 0.850499 0.0280203
2 0.43641 0.723363 0.0461972 0.0606127 0.0249327
2 0.53338 0.732251 0.0417721 0.0600175 0.0247686
5 0.13301 0.744883 0.0246112 0.0390776 0.0244998
5 0.503276 0.170263 0.0281738 0.0381047 0.0240274
2 0.436323 0.723496 0.0464066 0.0618293 0.0230977
5 0.42259 0.700802 0.0409768 0.0526905 0.022155
5 0.444826 0.176397 0.0518125 0.0796961 0.0218683
2 0.491357 0.748064 0.03664 0.0440762 0.0214771
0 0.497044 0.460784 0.586264 0.890569 0.0198659
5 0.502998 0.170144 0.0304863 0.0387402 0.0191532
5 0.445076 0.177072 0.0590727 0.0768609 0.0181105
2 0.463134 0.438466 0.109313 0.12124 0.0180107
5 0.432602 0.715933 0.0598722 0.0818535 0.0179768
5 0.133836 0.741821 0.0228196 0.0395302 0.0178984
5 0.615463 0.197962 0.0620732 0.0844771 0.0178551
1 0.229432 0.461405 0.20014 0.857965 0.0176279
5 0.109854 0.780518 0.0379643 0.0505557 0.0158203
2 0.244205 0.355026 0.0312439 0.0527906 0.0157937
5 0.504559 0.169091 0.0363203 0.0423735 0.0147858
5 0.108676 0.783073 0.0382054 0.0446104 0.0143579
5 0.442223 0.141209 0.0243038 0.0174753 0.0143052
5 0.243797 0.355388 0.0321778 0.0522334 0.0139859
5 0.436152 0.721038 0.0516456 0.071806 0.0136675
2 0.534216 0.73022 0.0424259 0.0647591 0.0136505
5 0.465689 0.434016 0.108285 0.125732 0.0122367
5 0.135619 0.740259 0.0202221 0.0322335 0.0121735
1 0.206976 0.473171 0.250835 0.897557 0.0118596
5 0.432809 0.718707 0.0582891 0.087556 0.0114641
2 0.518218 0.740737 0.0672363 0.0648301 0.0110551
5 0.502053 0.174891 0.0338657 0.0500847 0.0108416
5 0.504992 0.168236 0.0361788 0.0455819 0.0107236
3 0.249548 0.43461 0.137141 0.554609 0.0105348
2 0.435014 0.718538 0.0550817 0.0800523 0.0102384
