3 0.493939 0.492104 0.777098 0.939912 0.560206
3 0.489577 0.484452 0.758647 0.920605 0.531934
3 0.487335 0.487245 0.764619 0.928722 0.525919
3 0.489314 0.482119 0.761067 0.908117 0.4912
3 0.494108 0.492304 0.774185 0.935717 0.468946
3 0.489541 0.490381 0.769005 0.905369 0.467679
3 0.487281 0.487349 0.760338 0.923063 0.462967
3 0.487361 0.494241 0.757233 0.910349 0.425398
3 0.492527 0.498027 0.770777 0.919334 0.413883
3 0.488184 0.493848 0.773203 0.933239 0.0769416
3 0.283285 0.503534 0.357662 0.9246 0.0288387
3 0.283674 0.506264 0.355514 0.918768 0.0270343
3 0.288334 0.505306 0.370486 0.935719 0.0171096
3 0.477469 0.406324 0.437987 0.545148 0.0160459
2 0.678056 0.436395 0.0194847 0.034277 0.0156236
3 0.500445 0.42104 0.416628 0.58726 0.0127933
2 0.678186 0.435553 0.0227387 0.0406415 0.0121487
3 0.504002 0.449314 0.41401 0.61676 0.0104214
