3 0.509306 0.51692 0.878998 0.869156 0.45379
3 0.517439 0.495864 0.847373 0.861934 0.435082
3 0.517602 0.519447 0.839506 0.86011 0.424826
3 0.50175 0.501529 0.84704 0.876189 0.408416
3 0.508665 0.517202 0.87444 0.876373 0.385294
3 0.498626 0.522415 0.826123 0.874625 0.375886
3 0.496744 0.51898 0.808876 0.882343 0.375443
3 0.516977 0.516382 0.836127 0.870839 0.374055
2 0.519656 0.0459023 0.0337681 0.0450384 0.306367
3 0.514052 0.527264 0.821948 0.884142 0.301326
2 0.878604 0.121092 0.0444179 0.048857 0.279184
2 0.518854 0.0462313 0.0363191 0.0467445 0.273436
