2 0.395375 0.527002 0.0575194 0.105396 0.8742
2 0.396811 0.527522 0.060839 0.107969 0.85758
2 0.396403 0.527867 0.0577011 0.108943 0.842013
2 0.54718 0.700156 0.0461462 0.0669257 0.816147
2 0.400333 0.654262 0.0614818 0.0867251 0.804684
2 0.395821 0.528079 0.061111 0.111688 0.803755
2 0.547189 0.701239 0.0450814 0.0683148 0.790376
2 0.400476 0.653957 0.0602142 0.0874728 0.784982
2 0.400377 0.653884 0.060828 0.0872227 0.767407
2 0.54673 0.701792 0.0474334 0.0695598 0.757297
2 0.547226 0.700648 0.045368 0.0671238 0.756755
2 0.399924 0.654479 0.0601892 0.0866553 0.73826
2 0.396592 0.527472 0.0578326 0.105364 0.722331
2 0.54699 0.701031 0.0462765 0.0684062 0.719771
2 0.401978 0.65316 0.0598483 0.0885855 0.716758
2 0.401937 0.653453 0.0590254 0.0870618 0.701297
2 0.547167 0.701727 0.0479522 0.0690121 0.701209
2 0.546352 0.702259 0.0462307 0.0679898 0.701139
2 0.400927 0.653928 0.0615764 0.0859433 0.683168
2 0.595939 0.470551 0.044982 0.0427467 0.636061
2 0.545678 0.70297 0.0456869 0.0670659 0.596766
2 0.576936 0.61643 0.0366428 0.0307166 0.580945
2 0.57681 0.615331 0.0376669 0.0306545 0.566674
2 0.547503 0.701155 0.0483593 0.0667612 0.560525
2 0.596809 0.471426 0.0463412 0.0470862 0.559656
2 0.3945 0.52717 0.0601579 0.101668 0.555858
2 0.395279 0.525719 0.0610087 0.104906 0.550733
2 0.596619 0.470731 0.0461789 0.0461139 0.537925
2 0.595827 0.469242 0.0463917 0.0456194 0.532193
2 0.595908 0.470423 0.044222 0.0432818 0.528529
2 0.397174 0.527025 0.0623391 0.109048 0.520173
2 0.595491 0.47115 0.0437817 0.042726 0.514956
2 0.393864 0.5303 0.0527539 0.0980347 0.508894
2 0.595763 0.471376 0.0430304 0.0420532 0.491792
2 0.576379 0.61616 0.038157 0.0293256 0.476911
2 0.595874 0.468733 0.0459521 0.043453 0.475194
2 0.547928 0.699567 0.0430483 0.0651201 0.399056
2 0.545 0.70326 0.046529 0.0692691 0.376221
2 0.576395 0.616416 0.0366161 0.0284029 0.372557
2 0.399584 0.654193 0.0582508 0.0848861 0.360347
2 0.28802 0.66587 0.040715 0.0582468 0.343012
2 0.28826 0.66675 0.0409357 0.0576981 0.301141
2 0.287338 0.666286 0.0431052 0.0569247 0.284053
2 0.395106 0.528671 0.0597102 0.113428 0.274828
2 0.685009 0.223895 0.0330983 0.0359879 0.264771
2 0.402525 0.65484 0.0654668 0.0910942 0.260294
2 0.685103 0.223482 0.0333675 0.0364208 0.259606
2 0.397063 0.527526 0.0607278 0.11316 0.250152
