3 0.565013 0.50193 0.200009 0.220133 0.689397
3 0.571976 0.501707 0.206653 0.217514 0.688539
3 0.573391 0.497414 0.206035 0.2184 0.542808
3 0.564665 0.497154 0.19538 0.219569 0.514879
3 0.568543 0.500801 0.204004 0.213203 0.512125
3 0.566787 0.504205 0.199812 0.218944 0.456797
3 0.572675 0.503779 0.208033 0.216541 0.393005
3 0.570399 0.502735 0.20297 0.221284 0.345851
3 0.56703 0.504556 0.199934 0.211723 0.315868
3 0.572208 0.496537 0.205896 0.213402 0.294861
3 0.569137 0.50252 0.201271 0.224003 0.260066
