3 0.399735 0.437721 0.432704 0.551473 0.844803
3 0.4004 0.440572 0.430112 0.5633 0.823087
3 0.398996 0.442611 0.43307 0.560309 0.808121
3 0.397792 0.445319 0.435312 0.557278 0.80554
3 0.400617 0.438385 0.430699 0.557539 0.802148
3 0.399465 0.44553 0.433261 0.557431 0.801375
3 0.398481 0.439744 0.434097 0.554256 0.798473
3 0.398934 0.440494 0.433274 0.561075 0.763723
3 0.399476 0.439846 0.431722 0.557247 0.743
3 0.400604 0.447961 0.430487 0.55104 0.363543
3 0.400684 0.436726 0.428188 0.553245 0.329881
