2 0.484755 0.289029 0.0562483 0.0698173 0.67564
2 0.48441 0.289322 0.05664 0.0695305 0.615358
2 0.484176 0.287914 0.0558984 0.0654119 0.592959
2 0.484502 0.288388 0.056442 0.0709943 0.58399
2 0.485201 0.288961 0.0579705 0.0687739 0.563728
2 0.484274 0.288459 0.0541946 0.0695258 0.544365
2 0.484086 0.288016 0.0562144 0.0692935 0.495715
2 0.484021 0.289412 0.0523607 0.0659536 0.483402
1 0.456571 0.491565 0.459064 0.530801 0.412298
1 0.456203 0.488375 0.452129 0.541183 0.355141
2 0.485549 0.287535 0.060936 0.0710321 0.312677
1 0.45786 0.488863 0.457296 0.540319 0.30686
2 0.484322 0.288673 0.055653 0.0683269 0.297665
1 0.456199 0.490503 0.455375 0.533675 0.291455
1 0.458131 0.48856 0.45619 0.537679 0.264975
