5 0.504328 0.537612 0.129836 0.168249 0.602497
5 0.504765 0.538145 0.130121 0.167376 0.588373
5 0.503216 0.538471 0.122387 0.163019 0.569878
5 0.504645 0.538131 0.129436 0.166668 0.564351
5 0.504086 0.538089 0.134295 0.165605 0.491956
5 0.50426 0.5393 0.128886 0.163878 0.481846
5 0.502391 0.537786 0.128171 0.162785 0.460835
5 0.505219 0.54041 0.131672 0.164041 0.430321
5 0.505143 0.539487 0.135087 0.165153 0.366722
5 0.503078 0.54021 0.121388 0.165405 0.365846
0 0.530923 0.519066 0.749572 0.957046 0.275186
