2 0.83726 0.708692 0.037946 0.0349328 0.664876
2 0.837419 0.708625 0.0395177 0.0350275 0.653476
4 0.485564 0.513543 0.768228 0.972913 0.513327
4 0.486657 0.510808 0.76057 0.969841 0.479225
4 0.48786 0.513253 0.767343 0.953312 0.478678
2 0.836722 0.708312 0.039755 0.0345148 0.475803
2 0.836685 0.708138 0.0414401 0.0360258 0.471823
2 0.83742 0.707711 0.0405928 0.0349914 0.470503
4 0.496374 0.51254 0.791904 0.949601 0.469353
2 0.67306 0.841655 0.0278275 0.0335539 0.462805
4 0.49491 0.508837 0.782761 0.964274 0.456185
4 0.4932 0.511856 0.788501 0.973313 0.443359
4 0.490718 0.51155 0.791479 0.976899 0.430427
2 0.686794 0.881799 0.0314941 0.0354875 0.429421
4 0.494894 0.513194 0.783174 0.960789 0.420214
2 0.673109 0.84134 0.0282504 0.0339474 0.415457
4 0.49779 0.510696 0.789586 0.964443 0.393942
2 0.535504 0.766852 0.0409 0.0458603 0.37846
4 0.501092 0.510636 0.784636 0.973217 0.373316
2 0.836869 0.707472 0.0424307 0.0367754 0.371117
2 0.672771 0.840918 0.0295914 0.0350643 0.368068
2 0.686384 0.882124 0.0309164 0.033843 0.363542
2 0.755358 0.631639 0.0324928 0.0367024 0.360765
2 0.68628 0.88194 0.0320615 0.0355116 0.346363
2 0.755244 0.6322 0.0327351 0.0357293 0.328055
2 0.673828 0.758346 0.0305942 0.0437572 0.327884
2 0.674026 0.757797 0.0304029 0.0422821 0.32081
2 0.673131 0.841691 0.0288294 0.0355435 0.31861
2 0.674009 0.756949 0.0310279 0.0411809 0.308589
2 0.745953 0.749526 0.0258617 0.0345909 0.303836
2 0.745806 0.749493 0.0254579 0.0338092 0.302579
2 0.561604 0.928733 0.0371994 0.0299526 0.295823
2 0.712904 0.397906 0.0348607 0.0497915 0.28903
2 0.674244 0.758309 0.0323019 0.0454671 0.286297
2 0.535466 0.766718 0.039939 0.0473232 0.282538
2 0.686429 0.881987 0.0323987 0.035814 0.276001
2 0.755139 0.632425 0.0340795 0.040544 0.268939
2 0.713169 0.39813 0.0373054 0.0491425 0.26713
2 0.713421 0.398338 0.0369552 0.0496754 0.256914
2 0.713361 0.396714 0.0370289 0.0492026 0.250468
