2 0.543091 0.40353 0.0949599 0.0951965 0.869808
2 0.54088 0.403547 0.101084 0.0945175 0.863637
2 0.541999 0.403674 0.102067 0.0937366 0.850692
2 0.542586 0.401633 0.105244 0.100609 0.849793
2 0.706449 0.54247 0.0687111 0.0789823 0.786008
2 0.708783 0.541488 0.0659704 0.0799498 0.772564
2 0.544179 0.402466 0.100952 0.0932043 0.71987
2 0.706107 0.542369 0.0672354 0.0806601 0.707682
2 0.708392 0.541784 0.0643233 0.080857 0.663108
2 0.542565 0.402084 0.102581 0.09531 0.579412
2 0.542539 0.401761 0.100159 0.0991875 0.533081
2 0.70653 0.543375 0.0637715 0.0777747 0.527232
2 0.705741 0.543428 0.0713075 0.0802206 0.496456
2 0.707898 0.543119 0.0634661 0.0793853 0.493234
2 0.222611 0.668394 0.122144 0.0867009 0.454557
2 0.218204 0.671263 0.115898 0.0805283 0.353184
2 0.222416 0.678313 0.119868 0.064587 0.321628
2 0.222358 0.664943 0.123965 0.0915368 0.313885
2 0.222823 0.679558 0.117261 0.0615969 0.296657
2 0.705748 0.543275 0.0692231 0.0787125 0.269863
2 0.708783 0.541206 0.0654688 0.08425 0.25364
