3 0.498495 0.492586 0.234536 0.264378 0.405825
3 0.435479 0.446562 0.0926879 0.162095 0.321875
5 0.494592 0.450764 0.0334589 0.129536 0.0798235
2 0.826267 0.928591 0.0659365 0.142818 0.0723515
5 0.367509 0.450654 0.0189832 0.0356969 0.0679552
3 0.547168 0.495496 0.133151 0.254679 0.0671933
0 0.495687 0.449453 0.0424181 0.132105 0.0506496
4 0.92606 0.933462 0.0800516 0.133075 0.0503271
5 0.824062 0.929774 0.0798691 0.140453 0.0440116
5 0.864809 0.924999 0.216417 0.150003 0.043138
0 0.45141 0.447528 0.0979795 0.157845 0.042363
3 0.542236 0.448923 0.130559 0.131128 0.0365883
0 0.871369 0.925992 0.20582 0.148016 0.0329232
4 0.547166 0.459043 0.113648 0.0971067 0.0296745
3 0.519616 0.450991 0.0837091 0.107466 0.0254056
2 0.783744 0.976963 0.0276905 0.0460747 0.0245444
3 0.475883 0.451384 0.108734 0.16671 0.0244062
2 0.333614 0.198868 0.0458217 0.047561 0.0214467
4 0.570208 0.467856 0.0363165 0.0426297 0.0202959
0 0.838821 0.859541 0.278549 0.280919 0.0189854
3 0.549219 0.521715 0.0966352 0.0948821 0.0166877
4 0.531324 0.565644 0.109428 0.114825 0.0162177
3 0.552034 0.494182 0.12713 0.147321 0.0158418
3 0.55154 0.477821 0.117277 0.0725405 0.0126793
3 0.499693 0.449417 0.0580507 0.127109 0.0125141
4 0.855207 0.927309 0.140727 0.145383 0.012401
3 0.542139 0.551478 0.11314 0.133255 0.0121716
3 0.437811 0.487033 0.112604 0.256977 0.0110168
