0 0.538865 0.540882 0.922271 0.884417 0.27587
2 0.293549 0.374195 0.070865 0.110115 0.172845
3 0.275348 0.559831 0.332797 0.524368 0.0662198
2 0.73778 0.254193 0.0292446 0.0467511 0.0447585
2 0.816386 0.462004 0.024675 0.0430255 0.0386741
0 0.223931 0.532579 0.432326 0.726082 0.0213266
2 0.782767 0.444605 0.0267286 0.038786 0.0169653
4 0.217397 0.567078 0.203594 0.407086 0.0139905
2 0.867856 0.464292 0.0248795 0.0484216 0.0138552
1 0.0597086 0.511908 0.118544 0.747778 0.0137443
2 0.275044 0.380865 0.121663 0.124177 0.0135592
5 0.295687 0.372364 0.0840709 0.116799 0.0126037
2 0.803421 0.301721 0.0276762 0.0360709 0.0115223
2 0.225541 0.711115 0.0253843 0.0420181 0.0103242
