1 0.518501 0.549036 0.807902 0.856782 0.389755
5 0.281921 0.544678 0.110625 0.160718 0.350211
2 0.283266 0.541635 0.104962 0.161591 0.269849
5 0.365699 0.221758 0.0198317 0.0299561 0.154588
3 0.514958 0.555074 0.819588 0.877146 0.110553
5 0.386821 0.255016 0.0345195 0.0442409 0.065202
2 0.296992 0.585575 0.16774 0.259263 0.0399122
2 0.263492 0.350129 0.0548132 0.167981 0.0327627
5 0.228998 0.308789 0.0228381 0.029689 0.0264326
1 0.35412 0.102746 0.35044 0.188709 0.0225188
3 0.552539 0.542901 0.364256 0.544237 0.0207349
0 0.235742 0.416596 0.192971 0.411678 0.0190269
5 0.245261 0.358984 0.0429765 0.0669344 0.0174195
1 0.368477 0.375448 0.187165 0.235276 0.0159376
5 0.368577 0.225382 0.0354143 0.0518384 0.0142297
2 0.166636 0.760793 0.0492262 0.0917533 0.0134341
3 0.574545 0.579361 0.270272 0.399407 0.012307
2 0.252835 0.348799 0.0970116 0.217724 0.0108148
5 0.240507 0.364561 0.0233363 0.0291432 0.0100106
