5 0.71112 0.886198 0.0782165 0.10853 0.309986
5 0.655201 0.92488 0.0552948 0.0837701 0.225285
5 0.616518 0.573417 0.0597214 0.11674 0.149335
0 0.634389 0.490625 0.519157 0.957455 0.125195
5 0.758355 0.257028 0.056623 0.0559498 0.0617015
0 0.790724 0.188386 0.271554 0.329211 0.0443599
5 0.738342 0.202942 0.0193114 0.0262495 0.0398657
1 0.767153 0.478419 0.227114 0.395154 0.0369372
2 0.667564 0.060993 0.14444 0.0925714 0.0338847
3 0.262113 0.462342 0.28828 0.694678 0.0334673
5 0.26913 0.428898 0.023191 0.04346 0.0271706
4 0.664361 0.0627685 0.122984 0.0902 0.023217
5 0.520642 0.914566 0.114751 0.161943 0.0232114
1 0.75545 0.419752 0.203839 0.239728 0.0181896
1 0.182973 0.443452 0.122309 0.590649 0.0181893
5 0.275477 0.448217 0.0222061 0.0293752 0.0179063
5 0.272488 0.438624 0.0304056 0.0502771 0.017364
5 0.65171 0.617582 0.206671 0.262267 0.0171461
2 0.700166 0.0718315 0.0876014 0.102295 0.0168861
1 0.466635 0.487294 0.218432 0.626607 0.0147379
5 0.679664 0.177687 0.0296279 0.0363487 0.0137956
2 0.676417 0.0742113 0.228007 0.128497 0.0135723
1 0.697109 0.442517 0.275257 0.402515 0.013208
2 0.697128 0.0678109 0.0416073 0.0814752 0.0124125
1 0.529086 0.364207 0.248582 0.46894 0.0100091
