1 0.547176 0.453799 0.662905 0.528376 0.639597
2 0.90962 0.590739 0.0310224 0.0807578 0.1042
5 0.73769 0.635583 0.0353661 0.055712 0.0801977
5 0.256282 0.5148 0.034262 0.0438506 0.0757215
0 0.821547 0.563048 0.139336 0.302511 0.0465185
5 0.91006 0.588995 0.0397929 0.0864211 0.0443578
2 0.832619 0.530096 0.066494 0.211387 0.0435693
2 0.830178 0.564283 0.0550983 0.13604 0.0390878
2 0.830916 0.589839 0.0337808 0.0748511 0.0347402
5 0.704111 0.681409 0.0189174 0.0245233 0.0331683
2 0.833397 0.601249 0.0235861 0.046397 0.027242
1 0.65259 0.45339 0.223035 0.192839 0.0264645
2 0.855145 0.62629 0.0207086 0.0336432 0.0262848
5 0.798503 0.657018 0.0217841 0.0375971 0.0261119
1 0.389688 0.451267 0.338121 0.493809 0.0255254
0 0.737809 0.650284 0.172481 0.138573 0.0234251
5 0.733238 0.65263 0.0320237 0.0540876 0.0209544
5 0.70415 0.680971 0.0237814 0.0355391 0.0194453
2 0.821715 0.581806 0.0476683 0.0862253 0.0163083
5 0.336342 0.640452 0.0485185 0.067094 0.0162466
0 0.823203 0.522767 0.0777744 0.220101 0.0154749
2 0.86182 0.55889 0.0138791 0.0278355 0.0138484
0 0.764115 0.602095 0.226333 0.246472 0.0130134
5 0.257697 0.530702 0.0547396 0.0908914 0.0117275
5 0.724123 0.617251 0.243017 0.222396 0.0105633
5 0.802828 0.661913 0.0192564 0.033451 0.0102535
5 0.734104 0.642206 0.0544211 0.0805046 0.0101963
