3 0.487299 0.492392 0.851922 0.937603 0.815887
3 0.487968 0.483308 0.855021 0.929688 0.807501
3 0.489777 0.482058 0.855465 0.919922 0.778695
3 0.489403 0.492886 0.862528 0.936215 0.770152
3 0.49542 0.480979 0.865104 0.923901 0.761711
3 0.499913 0.473157 0.865689 0.901707 0.749675
3 0.492653 0.49241 0.85209 0.939053 0.706041
3 0.487877 0.485382 0.85772 0.931228 0.473496
3 0.488819 0.491491 0.854153 0.935581 0.194289
5 0.87698 0.465449 0.0347501 0.0437433 0.163246
3 0.487993 0.503967 0.843543 0.913723 0.157406
5 0.877416 0.466523 0.0368375 0.0466507 0.153943
3 0.488663 0.50136 0.85949 0.914611 0.149626
5 0.876826 0.465746 0.0301349 0.0407731 0.149225
5 0.877293 0.465681 0.0329518 0.042096 0.131618
5 0.877273 0.466114 0.0335952 0.0436131 0.126101
5 0.877161 0.466891 0.0343712 0.0455764 0.118596
5 0.875132 0.46566 0.0362061 0.0471597 0.109707
5 0.875321 0.465649 0.0344961 0.0454071 0.0730675
5 0.875438 0.466088 0.0343108 0.0464383 0.0593911
5 0.877012 0.469853 0.0471493 0.0630506 0.0467712
5 0.872433 0.469357 0.0459661 0.0609426 0.0355249
5 0.849728 0.853661 0.0492967 0.0520558 0.0329499
3 0.500692 0.478951 0.861812 0.921963 0.0311053
5 0.849691 0.853243 0.0528946 0.0545082 0.0286712
1 0.838172 0.940213 0.294069 0.119575 0.0285125
5 0.876755 0.464743 0.0380622 0.0549919 0.0268537
1 0.834655 0.943822 0.294475 0.112357 0.02354
5 0.850195 0.853342 0.0509798 0.0533283 0.0231129
3 0.486643 0.49303 0.864446 0.942602 0.0191881
5 0.236087 0.462994 0.164415 0.455471 0.0189015
1 0.161562 0.546579 0.141203 0.463723 0.0181666
1 0.841479 0.937475 0.284645 0.12505 0.0171445
5 0.850008 0.854136 0.0478279 0.0521543 0.0169749
5 0.212827 0.461942 0.171516 0.473061 0.0166428
5 0.216645 0.402208 0.131122 0.341917 0.0165384
1 0.201555 0.0778668 0.40311 0.154631 0.0155353
3 0.383141 0.186758 0.281953 0.2103 0.0154606
1 0.234717 0.0664521 0.469435 0.132904 0.014733
1 0.181341 0.567557 0.135585 0.46421 0.0141986
1 0.841554 0.939162 0.30046 0.121675 0.0136923
2 0.388922 0.845813 0.0217825 0.0232187 0.0134305
3 0.521828 0.195209 0.746978 0.341978 0.0125718
1 0.212787 0.0757996 0.424655 0.151359 0.0117574
3 0.408994 0.23539 0.272741 0.355414 0.0107858
1 0.821608 0.953132 0.301372 0.0937364 0.0107489
5 0.235515 0.398567 0.161821 0.322949 0.0104328
1 0.297028 0.94116 0.528347 0.117681 0.010043
