0 0.401101 0.470676 0.279722 0.328816 0.376127
0 0.401579 0.470772 0.278292 0.325671 0.365809
0 0.402558 0.470285 0.280493 0.327892 0.343026
0 0.401349 0.469864 0.27942 0.329062 0.330424
0 0.402317 0.470673 0.281852 0.333941 0.33031
0 0.403249 0.46903 0.282163 0.328307 0.329445
0 0.401725 0.470808 0.28058 0.328194 0.326955
0 0.40213 0.470822 0.281449 0.33108 0.326658
0 0.401997 0.469918 0.280364 0.328898 0.310898
0 0.40237 0.471254 0.28008 0.325358 0.305196
0 0.506037 0.464913 0.0829432 0.309011 0.20639
0 0.400764 0.351596 0.231967 0.103226 0.171951
1 0.435376 0.471985 0.106158 0.115656 0.157847
1 0.43063 0.470553 0.121448 0.119391 0.152455
1 0.437643 0.472038 0.104396 0.115496 0.148858
1 0.433413 0.468879 0.114278 0.120963 0.147752
1 0.43376 0.466531 0.111339 0.122731 0.1382
1 0.433439 0.468811 0.107757 0.11949 0.135057
0 0.50363 0.468102 0.0868767 0.311798 0.124744
0 0.403482 0.351177 0.236093 0.100806 0.120336
0 0.506867 0.466479 0.0829398 0.300837 0.0737419
1 0.431665 0.468056 0.124054 0.120015 0.0708335
1 0.437333 0.478285 0.101243 0.105788 0.0689914
1 0.439733 0.473465 0.101015 0.110966 0.0669102
1 0.431201 0.465846 0.118049 0.121181 0.0588273
0 0.399931 0.353601 0.252731 0.106211 0.058128
0 0.396604 0.352387 0.226324 0.108532 0.0557086
1 0.413444 0.486749 0.140147 0.168608 0.0506794
1 0.41116 0.478089 0.141979 0.155517 0.046891
1 0.425596 0.47083 0.140364 0.119721 0.0463392
1 0.408581 0.473041 0.141031 0.145112 0.0444442
0 0.400934 0.350078 0.226625 0.0958785 0.0429187
1 0.411804 0.483763 0.137895 0.155504 0.0358039
1 0.426984 0.47338 0.128191 0.120558 0.0347994
1 0.432748 0.46438 0.108902 0.112761 0.032239
0 0.502023 0.464755 0.084296 0.305514 0.0316617
1 0.435396 0.475724 0.103858 0.107959 0.0316454
1 0.438635 0.480033 0.0991375 0.100779 0.030685
0 0.399222 0.352587 0.223417 0.10678 0.0297493
1 0.431806 0.464595 0.107499 0.107709 0.0227456
1 0.438695 0.470885 0.177584 0.282122 0.0214966
1 0.414819 0.497621 0.144504 0.193055 0.0209878
0 0.39924 0.351426 0.242479 0.0969791 0.0196246
1 0.411112 0.496231 0.150066 0.185417 0.0169011
0 0.400928 0.350006 0.229323 0.0960504 0.0156509
0 0.497093 0.466077 0.0958039 0.311139 0.0125563
0 0.402737 0.353054 0.253926 0.111271 0.0122435
1 0.439667 0.49183 0.179231 0.200999 0.0119715
1 0.405844 0.465443 0.145079 0.138802 0.0114444
1 0.410661 0.469088 0.145259 0.142146 0.0108937
