3 0.519603 0.478538 0.552835 0.602451 0.552325
3 0.521908 0.476344 0.544517 0.604867 0.50446
3 0.519961 0.48015 0.556773 0.608285 0.502842
3 0.519495 0.482876 0.553953 0.602638 0.496929
3 0.521899 0.476645 0.552393 0.607079 0.491496
3 0.520371 0.480211 0.544344 0.608878 0.486918
3 0.520781 0.478267 0.553522 0.603803 0.475784
5 0.597481 0.304019 0.0391871 0.0508882 0.466913
5 0.543602 0.460389 0.0288251 0.0428435 0.464671
5 0.597733 0.304195 0.0391226 0.0496361 0.4585
3 0.520293 0.480953 0.553001 0.606835 0.444618
5 0.543407 0.460151 0.0300423 0.0438576 0.428162
3 0.517572 0.482628 0.542135 0.604956 0.425842
3 0.520448 0.480215 0.554517 0.608789 0.423843
5 0.597612 0.304105 0.0387229 0.0493391 0.408806
2 0.767691 0.503341 0.0373523 0.036395 0.394017
5 0.543612 0.460556 0.0273899 0.0415714 0.390265
5 0.542975 0.460693 0.0286703 0.0426865 0.387226
5 0.597595 0.303951 0.0376797 0.04823 0.367673
2 0.767954 0.503251 0.037945 0.0375031 0.355027
2 0.767533 0.502882 0.0384222 0.0380637 0.334575
5 0.597351 0.304245 0.0395748 0.0498939 0.334054
2 0.767788 0.503337 0.0391145 0.0384204 0.324729
5 0.597831 0.303953 0.0396695 0.050792 0.316448
5 0.597636 0.303989 0.0397371 0.0495553 0.309086
2 0.767971 0.503306 0.0379087 0.0376616 0.307409
5 0.597765 0.303918 0.0393968 0.0491509 0.298607
5 0.767483 0.503321 0.0379196 0.0380227 0.28546
5 0.597922 0.304206 0.0426461 0.053181 0.277615
5 0.543757 0.460007 0.0314672 0.0461928 0.261435
5 0.597695 0.303774 0.0402141 0.0517392 0.257863
5 0.543998 0.461215 0.0311317 0.0455366 0.256992
5 0.767567 0.503551 0.040174 0.0387153 0.24846
5 0.597723 0.304317 0.0428479 0.0554632 0.247405
5 0.543424 0.46005 0.0321695 0.0473364 0.240394
5 0.543548 0.461214 0.032699 0.0454878 0.232778
5 0.544796 0.460234 0.0341865 0.0458753 0.206566
5 0.766965 0.503957 0.0402527 0.0392984 0.191419
5 0.544738 0.460795 0.0341098 0.0450257 0.184428
2 0.76768 0.503785 0.0392296 0.0375471 0.177024
5 0.543415 0.461996 0.0394267 0.0501934 0.126956
5 0.597697 0.304275 0.0436781 0.0545833 0.117617
5 0.544693 0.460355 0.0372696 0.0493222 0.115575
5 0.765704 0.503515 0.0507984 0.0464779 0.0611506
5 0.594881 0.307146 0.0539116 0.0684627 0.0596791
5 0.595527 0.306471 0.0547614 0.064944 0.0497481
5 0.353451 0.508541 0.0193381 0.0274421 0.0427834
3 0.536832 0.527696 0.326621 0.38775 0.0388024
5 0.766272 0.504211 0.0520576 0.0456368 0.0384255
5 0.538973 0.462479 0.0447728 0.0520208 0.0367634
5 0.53866 0.460714 0.0446635 0.0522758 0.0325791
3 0.544169 0.523962 0.294521 0.373957 0.0321914
3 0.526437 0.504343 0.296891 0.413576 0.0294932
5 0.354281 0.508055 0.0233289 0.030887 0.0288568
5 0.354129 0.508469 0.021801 0.0284452 0.0272044
5 0.767709 0.502977 0.0463885 0.0491998 0.0262278
5 0.598259 0.308515 0.0500761 0.0629198 0.0241343
5 0.765675 0.503425 0.0522578 0.046726 0.0223044
3 0.523586 0.515064 0.316857 0.396767 0.0219602
5 0.768344 0.502819 0.047768 0.0498278 0.0192002
5 0.521618 0.505574 0.0223298 0.0231421 0.0191992
5 0.356158 0.509529 0.0239162 0.029311 0.0182134
3 0.438012 0.498245 0.209386 0.487726 0.0143877
3 0.432872 0.485576 0.204037 0.457937 0.0137558
5 0.601039 0.307083 0.0573522 0.0657126 0.0122483
5 0.594701 0.306461 0.0548979 0.0638382 0.0100788
