3 0.528019 0.403959 0.457564 0.617992 0.813343
3 0.527677 0.404055 0.460687 0.61826 0.801329
3 0.525296 0.403312 0.462199 0.613796 0.798213
3 0.526361 0.403479 0.459016 0.613882 0.794906
3 0.526674 0.402498 0.457247 0.616283 0.793208
3 0.529509 0.403601 0.461804 0.616424 0.787095
3 0.524835 0.407529 0.465653 0.620869 0.765848
3 0.527522 0.403251 0.46349 0.613862 0.754315
3 0.525647 0.402037 0.459974 0.616144 0.753455
3 0.528031 0.401837 0.462321 0.616519 0.749021
2 0.639617 0.175375 0.0383512 0.0326621 0.0543751
2 0.640002 0.174375 0.0390956 0.0305225 0.0542902
2 0.639667 0.174897 0.0387672 0.0318256 0.0515782
2 0.639605 0.174333 0.0386302 0.0297182 0.0352024
2 0.639781 0.174239 0.0402741 0.0317353 0.0333513
3 0.490236 0.274071 0.270289 0.189678 0.0324131
2 0.639736 0.173563 0.0394292 0.0298841 0.0320679
3 0.492965 0.286326 0.289421 0.236408 0.0288745
3 0.543433 0.461128 0.322046 0.243055 0.0284898
3 0.492775 0.265935 0.270887 0.187709 0.0282208
3 0.491497 0.299028 0.289014 0.237791 0.0277698
3 0.524948 0.469271 0.290695 0.233797 0.0273146
3 0.541771 0.467224 0.325227 0.253298 0.0236989
3 0.483433 0.289578 0.254738 0.205095 0.0196087
5 0.374207 0.206911 0.0606203 0.0272904 0.0178696
2 0.473064 0.165495 0.151416 0.0755912 0.0172031
2 0.641931 0.178596 0.0414887 0.037047 0.0156649
3 0.526496 0.472544 0.29356 0.241574 0.0155091
2 0.640819 0.177352 0.0403556 0.0351538 0.0152983
3 0.474975 0.309349 0.24028 0.236299 0.0144885
3 0.497204 0.299217 0.29147 0.261071 0.0119652
2 0.473087 0.166021 0.154065 0.0776118 0.0111501
2 0.643581 0.183503 0.0489228 0.0493717 0.011106
