1 0.413679 0.543614 0.475938 0.697455 0.881479
1 0.414913 0.545589 0.479618 0.696399 0.875921
1 0.41196 0.543217 0.475534 0.69724 0.874471
1 0.412728 0.545473 0.478236 0.69728 0.871165
1 0.417046 0.545106 0.483735 0.694734 0.859054
1 0.415694 0.545175 0.48237 0.69411 0.856103
1 0.414356 0.545723 0.480535 0.695442 0.851464
1 0.414601 0.545387 0.482175 0.69459 0.849682
1 0.41592 0.547806 0.484417 0.695622 0.847228
1 0.413366 0.544061 0.478171 0.6965 0.817998
5 0.432152 0.360343 0.0345353 0.0341079 0.204963
5 0.431987 0.360657 0.0313652 0.0325302 0.198176
5 0.431422 0.36082 0.0297522 0.0308586 0.197333
5 0.431747 0.360412 0.0338118 0.0332061 0.193109
5 0.431186 0.360984 0.0369476 0.0347406 0.159591
5 0.430587 0.360859 0.035353 0.034212 0.138964
5 0.429881 0.361218 0.0418997 0.0399251 0.1211
5 0.430043 0.361079 0.0395888 0.0376451 0.1172
5 0.430553 0.360931 0.0402866 0.0379689 0.101828
5 0.272099 0.409695 0.0272325 0.030648 0.0656558
5 0.271962 0.409517 0.0253706 0.0287459 0.0634222
5 0.27212 0.409751 0.03026 0.0318473 0.0577682
5 0.27244 0.409464 0.0281972 0.0320139 0.0461723
5 0.435223 0.360743 0.0452066 0.0408036 0.0253398
5 0.434802 0.360041 0.0452361 0.0392284 0.0245566
5 0.270434 0.409892 0.0346727 0.0351755 0.0234899
5 0.270343 0.409392 0.0348065 0.034935 0.0232326
5 0.273049 0.411723 0.0319457 0.0385452 0.011411
