2 0.565699 0.0741632 0.109255 0.132539 0.303156
2 0.566017 0.0756921 0.111461 0.127896 0.274684
2 0.567157 0.0913471 0.101534 0.0868566 0.254233
2 0.566856 0.0911492 0.0981054 0.0849268 0.205038
0 0.489335 0.502204 0.846626 0.973338 0.201176
0 0.501263 0.500139 0.86554 0.978005 0.193418
0 0.487747 0.534959 0.842243 0.89265 0.178597
2 0.560363 0.0766182 0.119631 0.123438 0.140516
2 0.568914 0.0863691 0.101082 0.0997242 0.125239
0 0.495349 0.499109 0.848308 0.979324 0.1157
2 0.571483 0.0929175 0.0931091 0.0815137 0.114246
2 0.570041 0.0920193 0.0976302 0.0870993 0.110474
2 0.572056 0.0920167 0.0851371 0.0806018 0.105767
0 0.500425 0.524261 0.860784 0.901917 0.0966447
2 0.693793 0.276947 0.0264172 0.030138 0.0799481
2 0.569943 0.074921 0.101702 0.128628 0.0703851
2 0.565137 0.0895871 0.100107 0.0869255 0.0574428
2 0.693914 0.276918 0.027399 0.0329612 0.0530555
2 0.69397 0.277097 0.0272773 0.0322988 0.0527433
0 0.487551 0.568284 0.843386 0.829104 0.0496788
2 0.567931 0.0688048 0.116562 0.13761 0.0468742
2 0.613518 0.392132 0.017295 0.0250296 0.0459485
0 0.490507 0.489471 0.845379 0.972741 0.0412872
0 0.502528 0.490552 0.864034 0.968593 0.0410297
2 0.614632 0.391908 0.0193279 0.0259318 0.0392528
2 0.571471 0.0920379 0.0525701 0.0756656 0.037999
2 0.693918 0.276816 0.028247 0.0326361 0.0377013
0 0.482062 0.519531 0.862963 0.935931 0.0361517
0 0.495813 0.511899 0.845699 0.91235 0.0312066
2 0.578203 0.092902 0.0737938 0.0791288 0.0308408
0 0.496022 0.49192 0.845461 0.968465 0.0277591
2 0.56632 0.068804 0.117779 0.137608 0.0276929
2 0.562837 0.0767804 0.108877 0.120893 0.0274839
2 0.566174 0.0914392 0.0947208 0.0819979 0.0258424
2 0.561474 0.0765642 0.122847 0.123724 0.0240422
5 0.275258 0.66638 0.0247976 0.0286645 0.0239292
2 0.572435 0.09318 0.0921839 0.0846057 0.0235758
5 0.272758 0.715098 0.0304063 0.0309187 0.0235179
5 0.2727 0.715705 0.0316979 0.0330772 0.0233527
2 0.37928 0.654636 0.0237969 0.0360911 0.0202211
2 0.379072 0.654111 0.0235774 0.0355211 0.0189515
5 0.271427 0.715162 0.0379475 0.0356807 0.0177911
2 0.625468 0.425873 0.026715 0.0321749 0.0173788
0 0.488334 0.566852 0.845057 0.803711 0.0161726
2 0.379283 0.653511 0.0254517 0.0373391 0.0155348
2 0.625622 0.425415 0.0259823 0.0287157 0.0149482
5 0.272272 0.716525 0.025601 0.0259637 0.0141061
2 0.57378 0.0782191 0.100482 0.115737 0.0139025
5 0.275088 0.66664 0.0239057 0.0287923 0.0138937
2 0.379089 0.654249 0.0255812 0.0374631 0.0135507
2 0.692065 0.276879 0.0356406 0.0375243 0.0130408
2 0.627017 0.441727 0.0272789 0.0518522 0.0122603
5 0.271058 0.715461 0.0356663 0.0339946 0.0118925
2 0.616125 0.789869 0.0285365 0.0313088 0.0109373
5 0.275042 0.666616 0.0239442 0.0282315 0.0107329
2 0.562647 0.0802807 0.122667 0.116171 0.0101203
