4 0.555672 0.532113 0.478615 0.572088 0.842073
4 0.556075 0.531701 0.473402 0.572789 0.837884
4 0.554632 0.531187 0.477457 0.571944 0.83605
4 0.554046 0.532227 0.475035 0.571416 0.822981
4 0.551935 0.535835 0.476419 0.575575 0.777177
4 0.553185 0.535178 0.474292 0.578953 0.773058
4 0.55318 0.535027 0.479034 0.577422 0.769567
4 0.552747 0.534678 0.475104 0.577234 0.760721
4 0.554723 0.534219 0.474053 0.578864 0.729174
2 0.359553 0.603734 0.0631115 0.0796347 0.702347
4 0.553502 0.534603 0.477506 0.579079 0.702214
2 0.359102 0.604071 0.0634419 0.0803587 0.665091
2 0.358425 0.604393 0.0596887 0.0782838 0.65027
2 0.359744 0.604138 0.0604332 0.0778407 0.638164
2 0.358872 0.604052 0.0606154 0.0788441 0.61675
2 0.358661 0.604422 0.0612297 0.0796231 0.558484
2 0.359192 0.603724 0.0609968 0.0774825 0.513869
2 0.358297 0.604351 0.0596008 0.0785014 0.504264
2 0.358459 0.60427 0.0603345 0.0788707 0.427421
2 0.359872 0.604169 0.0628439 0.0801701 0.383223
2 0.729911 0.589148 0.0519991 0.0636456 0.358935
2 0.73053 0.588811 0.0546618 0.0643943 0.356674
2 0.730226 0.588679 0.0536437 0.0631733 0.336916
2 0.729748 0.589639 0.0515185 0.0633826 0.276242
2 0.730201 0.58895 0.0531288 0.0638337 0.264285
2 0.729768 0.588331 0.0523836 0.0627957 0.263567
2 0.729785 0.588914 0.0515133 0.0630849 0.260835
2 0.671574 0.602329 0.0646555 0.0722209 0.246329
2 0.66722 0.60373 0.0748922 0.0750372 0.241188
2 0.673043 0.602608 0.0626831 0.0738952 0.239348
2 0.667347 0.604473 0.0752547 0.078075 0.233942
2 0.729893 0.587891 0.05389 0.0633127 0.2289
2 0.670272 0.603734 0.06977 0.0774024 0.220841
2 0.66971 0.603449 0.0688107 0.0746183 0.204055
2 0.669301 0.602272 0.0690681 0.0719311 0.200157
2 0.672925 0.601588 0.0616829 0.0725353 0.196121
2 0.665262 0.606574 0.0776404 0.0751993 0.190701
2 0.672866 0.603932 0.0662382 0.0809507 0.173825
2 0.668036 0.603224 0.0720767 0.0738294 0.164424
2 0.712763 0.692633 0.0481883 0.0477849 0.159808
2 0.730225 0.588963 0.0513822 0.0641118 0.15698
2 0.358051 0.60406 0.0594777 0.0780668 0.13379
2 0.712105 0.691916 0.0485685 0.0482927 0.123824
2 0.713077 0.69305 0.0463316 0.0455901 0.123232
2 0.713214 0.693348 0.0499114 0.0479473 0.120185
2 0.359154 0.604045 0.0605325 0.0805774 0.114486
2 0.730002 0.588946 0.0516268 0.0642863 0.113468
2 0.713354 0.69406 0.0487173 0.0474668 0.106825
2 0.713061 0.692431 0.0512175 0.0489758 0.0929559
2 0.454816 0.308378 0.0384443 0.0316469 0.0814795
2 0.542442 0.278822 0.0902979 0.0530849 0.0780003
2 0.454691 0.307869 0.0395472 0.0341825 0.0778921
2 0.497085 0.452443 0.0577928 0.0602275 0.0758215
2 0.45504 0.308912 0.0425192 0.0362273 0.0725596
2 0.542 0.279422 0.0922191 0.0538037 0.068659
2 0.498696 0.451887 0.0587192 0.0620505 0.0682016
2 0.498185 0.452132 0.056012 0.0587705 0.0644931
2 0.454125 0.307932 0.0398028 0.0334583 0.0640459
2 0.711876 0.692082 0.0514717 0.0494986 0.0590541
2 0.713288 0.693892 0.0519445 0.0490806 0.0583408
2 0.453952 0.307216 0.0399168 0.034107 0.0576716
2 0.496525 0.452747 0.0576453 0.0595263 0.0561276
2 0.540624 0.27804 0.0925299 0.050594 0.0523216
2 0.541455 0.277561 0.0900462 0.0484523 0.0516019
2 0.504868 0.710622 0.0377964 0.0321165 0.0480961
2 0.496915 0.452599 0.0598681 0.0627632 0.0462545
2 0.75587 0.552592 0.0437265 0.0434412 0.0443151
2 0.540663 0.280178 0.0879258 0.0516004 0.0434733
2 0.50488 0.710642 0.0389806 0.0333939 0.0429654
2 0.713352 0.69478 0.0523691 0.0496364 0.0404191
2 0.454766 0.308163 0.0425886 0.037275 0.0371199
2 0.674914 0.59912 0.0562668 0.0725897 0.0355304
2 0.495897 0.453278 0.0615835 0.0637033 0.0347486
2 0.756032 0.55316 0.0418906 0.0410694 0.034554
2 0.504631 0.710759 0.038944 0.0338862 0.0336643
2 0.754413 0.55282 0.0469812 0.0453847 0.0336218
2 0.453889 0.309176 0.0427864 0.035098 0.033327
2 0.542269 0.276464 0.0856524 0.0430877 0.0327435
2 0.504468 0.710583 0.0385532 0.0335989 0.0299647
2 0.710967 0.691295 0.0494799 0.048441 0.0280039
2 0.71405 0.693096 0.0565741 0.051396 0.0275393
2 0.496864 0.453158 0.0565485 0.058809 0.0272926
2 0.542011 0.276789 0.0886301 0.0445568 0.0264956
2 0.497937 0.45175 0.0644857 0.0676629 0.0253834
2 0.498495 0.452649 0.0620821 0.0649865 0.0252965
2 0.442969 0.371349 0.0564277 0.0534637 0.0250576
2 0.49576 0.452673 0.0550732 0.05675 0.0236677
2 0.454078 0.309419 0.0478482 0.0394387 0.0235107
2 0.505155 0.71004 0.0375346 0.0339763 0.0227657
2 0.505486 0.710112 0.0382785 0.0341988 0.0225103
2 0.496602 0.452008 0.0577808 0.059825 0.0223057
2 0.667838 0.601818 0.0756436 0.0780975 0.0218821
2 0.496899 0.451759 0.0652483 0.0681793 0.0215874
2 0.539984 0.280413 0.0796621 0.046543 0.0215743
2 0.489442 0.383563 0.0238145 0.0346105 0.0209566
2 0.754866 0.552412 0.0462755 0.0459041 0.0207857
2 0.499539 0.451916 0.0595029 0.0664382 0.0207514
2 0.582223 0.0549815 0.0562937 0.0437733 0.01748
2 0.488956 0.383922 0.024826 0.0349574 0.0171133
2 0.714289 0.695652 0.046862 0.054292 0.016865
2 0.44335 0.370418 0.0541151 0.049681 0.0166885
2 0.442882 0.370224 0.0525715 0.0482407 0.0163256
2 0.756587 0.555772 0.0442537 0.0450857 0.0163233
2 0.699433 0.344741 0.0395642 0.0432299 0.0154276
2 0.44324 0.370095 0.0558314 0.0509279 0.0150649
2 0.452614 0.309519 0.0437773 0.0365043 0.0147373
2 0.443234 0.411427 0.0408749 0.0373751 0.0143566
2 0.582166 0.054437 0.0551823 0.0430183 0.0140876
2 0.732578 0.588106 0.0594283 0.0657796 0.0138255
2 0.698767 0.345624 0.0393776 0.0439897 0.0138224
2 0.442181 0.410595 0.0433984 0.0356912 0.0129319
2 0.712519 0.691814 0.0556653 0.0510383 0.0127401
2 0.724148 0.444902 0.0444996 0.0571379 0.0126894
2 0.557648 0.705824 0.0235979 0.0238129 0.0124662
2 0.54268 0.281189 0.0864135 0.0532924 0.0124187
2 0.756315 0.481184 0.0454069 0.0445436 0.0123682
2 0.550492 0.351913 0.03399 0.0355129 0.0123232
2 0.442307 0.372206 0.0511151 0.0521872 0.0120741
2 0.582291 0.0545917 0.0560776 0.0433182 0.0118831
2 0.489895 0.383678 0.0249491 0.0359915 0.011796
2 0.416082 0.656653 0.0779058 0.0846707 0.0115626
2 0.518037 0.752244 0.0279312 0.0258024 0.0114966
2 0.758235 0.478716 0.0426622 0.0487303 0.0111802
2 0.416108 0.658044 0.0719841 0.0780912 0.0111027
2 0.699464 0.347514 0.0372501 0.0419376 0.0106707
2 0.546802 0.276646 0.074819 0.0410629 0.0105085
2 0.415069 0.656779 0.0767881 0.0845439 0.0104304
2 0.49423 0.660494 0.0298819 0.0278537 0.0101311
2 0.724917 0.444066 0.0419918 0.057717 0.010048
