3 0.479521 0.504179 0.37521 0.455692 0.752587
3 0.47939 0.504118 0.369315 0.457225 0.741923
3 0.481115 0.503793 0.363595 0.458312 0.736172
3 0.479998 0.504575 0.353 0.459695 0.722022
3 0.480451 0.505288 0.371071 0.455578 0.720954
3 0.480576 0.504827 0.358478 0.456776 0.717161
3 0.480163 0.505431 0.363154 0.456766 0.709892
3 0.478468 0.505888 0.369934 0.456915 0.66524
3 0.479692 0.505207 0.374582 0.456959 0.644489
3 0.478135 0.505216 0.365646 0.455967 0.632902
5 0.592386 0.51361 0.0264435 0.0295483 0.375485
5 0.592336 0.513869 0.027357 0.0310167 0.342322
5 0.592329 0.513815 0.0247993 0.0291399 0.312423
5 0.592565 0.514041 0.0267478 0.0301353 0.30071
5 0.64293 0.540766 0.0355382 0.0336053 0.118198
5 0.642814 0.541075 0.0334429 0.0327444 0.115384
5 0.642569 0.540306 0.0345369 0.0352682 0.114976
5 0.643042 0.540115 0.038466 0.0365467 0.104158
5 0.591103 0.515819 0.0371032 0.0417119 0.102702
5 0.642447 0.541062 0.0455989 0.0399039 0.0808029
5 0.642156 0.541457 0.0449843 0.038863 0.0593771
5 0.589523 0.514857 0.0419739 0.0401751 0.0505245
5 0.589772 0.51506 0.0415617 0.0383058 0.0391707
5 0.591546 0.516824 0.0340148 0.0403388 0.0389421
5 0.643987 0.542019 0.0465532 0.0414356 0.034073
5 0.645049 0.537998 0.0480939 0.0459713 0.0292922
5 0.588937 0.516578 0.0463903 0.047973 0.0288165
5 0.64619 0.538334 0.0509748 0.0475167 0.0199179
5 0.59246 0.512353 0.034984 0.0420992 0.019438
5 0.595037 0.513605 0.038349 0.0349709 0.0179891
5 0.64607 0.541846 0.0491076 0.0421559 0.0160965
5 0.642076 0.543406 0.0512951 0.0438957 0.0145985
5 0.595329 0.513675 0.0382693 0.0349497 0.0144396
5 0.646636 0.539022 0.050345 0.0471328 0.0109546
5 0.592713 0.512287 0.0350866 0.0417565 0.0102612
