2 0.807411 0.548039 0.0585181 0.0706779 0.475588
2 0.870818 0.762049 0.0577557 0.0609006 0.250819
2 0.0431737 0.784818 0.0823856 0.164575 0.24277
5 0.806493 0.548115 0.0629932 0.0737035 0.242705
2 0.0268722 0.959602 0.044775 0.0807952 0.176839
2 0.456765 0.298958 0.0854016 0.147199 0.159817
2 0.0262024 0.346879 0.0502488 0.109116 0.152758
3 0.872432 0.282446 0.255137 0.552374 0.150934
2 0.604959 0.310504 0.0923538 0.178506 0.141684
2 0.391309 0.100652 0.0448577 0.12274 0.117035
2 0.126832 0.923007 0.117973 0.153986 0.116934
1 0.870544 0.270664 0.256558 0.528191 0.114022
0 0.871431 0.274523 0.251686 0.533008 0.0812186
2 0.537358 0.156626 0.107117 0.113035 0.0580984
2 0.66296 0.509406 0.0453495 0.106215 0.0564149
2 0.390472 0.292349 0.043132 0.109256 0.0557726
0 0.548698 0.248433 0.172312 0.311236 0.0372927
2 0.0283424 0.312713 0.0566848 0.200616 0.0340949
0 0.534882 0.302886 0.237503 0.439902 0.0312225
2 0.556412 0.222899 0.0319015 0.0371533 0.0255879
2 0.390198 0.0153335 0.0395613 0.030667 0.0234358
2 0.395463 0.0145487 0.024148 0.0290974 0.0230063
2 0.541498 0.0519239 0.0436307 0.100092 0.0188668
2 0.0166068 0.245598 0.0310659 0.075184 0.0179061
2 0.518983 0.220709 0.0299781 0.0379809 0.013815
2 0.0226484 0.256413 0.0433543 0.105057 0.0134985
2 0.019928 0.522181 0.0398559 0.113729 0.012864
0 0.565832 0.378146 0.364607 0.63878 0.0115856
0 0.0275216 0.31773 0.0550431 0.273821 0.0114944
0 0.544077 0.19192 0.138897 0.198368 0.0114244
2 0.567859 0.691182 0.0632451 0.0693247 0.010645
