2 0.957321 0.036317 0.0829114 0.072634 0.190812
2 0.953839 0.06963 0.0923214 0.13926 0.166465
0 0.216263 0.369574 0.423457 0.737851 0.146295
2 0.968243 0.0858064 0.0635135 0.0998042 0.113139
5 0.85875 0.55674 0.0384483 0.0568045 0.0932851
2 0.977398 0.0300928 0.0389983 0.0601855 0.0902461
0 0.392103 0.401544 0.755398 0.803089 0.0854662
2 0.983033 0.473618 0.032177 0.0536039 0.0787211
2 0.574297 0.0820476 0.0480685 0.153479 0.074789
5 0.456818 0.408655 0.0483109 0.065667 0.0692625
0 0.568848 0.414109 0.326264 0.771734 0.0499537
2 0.159566 0.444355 0.0361299 0.0625392 0.0484204
2 0.972488 0.284851 0.0550247 0.111842 0.0395731
2 0.635888 0.292752 0.0461957 0.0891255 0.0361602
2 0.383396 0.4083 0.0390946 0.0940315 0.0361428
2 0.115498 0.0894054 0.0522421 0.153628 0.0352222
5 0.809947 0.558535 0.0334764 0.0540346 0.0339215
2 0.981056 0.587467 0.0378871 0.165781 0.0270294
5 0.570929 0.0851987 0.0498519 0.138102 0.0252373
0 0.796414 0.55823 0.0613173 0.0624062 0.0241709
2 0.983142 0.54859 0.0307895 0.0755286 0.0238481
2 0.937296 0.480571 0.0449842 0.0525314 0.0235324
2 0.0965118 0.100723 0.0384678 0.137933 0.0228937
5 0.779478 0.557294 0.0277988 0.0524907 0.0216784
2 0.793739 0.347782 0.0475942 0.0393018 0.0214808
5 0.798163 0.55928 0.0485531 0.0571255 0.0212678
2 0.374992 0.0609358 0.0699169 0.121872 0.0201457
2 0.176471 0.356225 0.0434129 0.10816 0.0199366
2 0.192105 0.55116 0.065321 0.132313 0.0189333
2 0.333396 0.574173 0.0312757 0.0613122 0.0182045
0 0.817265 0.542876 0.160831 0.145799 0.0175614
2 0.964923 0.200135 0.0692522 0.220066 0.0122295
0 0.280941 0.421397 0.243869 0.516252 0.0121248
2 0.149616 0.0848658 0.0664212 0.169715 0.0116953
2 0.964122 0.587972 0.0717567 0.163376 0.0112607
2 0.952382 0.235234 0.0925062 0.20742 0.0112585
2 0.201355 0.340986 0.037139 0.0951352 0.0109023
0 0.954761 0.174755 0.0827881 0.34951 0.0101479
2 0.130255 0.079347 0.0449853 0.158239 0.01009
