2 0.709413 0.238019 0.155209 0.100583 0.606795
2 0.355316 0.568105 0.130215 0.095971 0.374932
0 0.5 0.560033 1 0.879934 0.354423
2 0.365801 0.410287 0.102563 0.0987771 0.189565
2 0.513082 0.493342 0.0834568 0.07012 0.175502
2 0.506115 0.177875 0.226368 0.169136 0.105844
2 0.60084 0.599172 0.074865 0.0797438 0.0420708
5 0.47286 0.0135868 0.113908 0.0271736 0.0389257
0 0.192223 0.58356 0.384447 0.581596 0.0329073
2 0.133747 0.776138 0.0914135 0.102768 0.0316279
5 0.508566 0.194446 0.215248 0.196192 0.0316226
2 0.733044 0.247459 0.0937002 0.081166 0.0261279
2 0.4692 0.0138627 0.137416 0.0277255 0.0224671
2 0.362163 0.396734 0.138465 0.153485 0.021379
2 0.824524 0.295788 0.0666089 0.0573641 0.0204525
2 0.129721 0.579839 0.259442 0.195167 0.0144054
0 0.491976 0.886548 0.713347 0.226905 0.0140405
2 0.166834 0.773357 0.173897 0.119267 0.0136788
2 0.703081 0.382389 0.136164 0.128791 0.012634
5 0.823041 0.295471 0.0739649 0.0592241 0.0120642
2 0.654203 0.192121 0.0805251 0.137463 0.0113572
0 0.4541 0.206891 0.409095 0.24835 0.0108994
2 0.649372 0.177382 0.0629792 0.0872847 0.0106131
