0 0.496294 0.433255 0.818428 0.753312 0.359591
2 0.768416 0.254858 0.0485992 0.0774132 0.170879
2 0.697552 0.484797 0.198362 0.110139 0.0615591
2 0.7818 0.254848 0.0864192 0.0892845 0.056609
2 0.822641 0.25641 0.129863 0.0970448 0.0366518
2 0.700266 0.449791 0.231059 0.182056 0.0326872
2 0.395581 0.21962 0.122052 0.0844361 0.0253332
2 0.305538 0.0960454 0.0251013 0.0240886 0.0235828
2 0.272929 0.415057 0.134387 0.131713 0.0214614
2 0.464364 0.681965 0.165563 0.224078 0.0210811
2 0.797578 0.715416 0.110327 0.160133 0.020752
2 0.532678 0.475046 0.176036 0.150033 0.0194848
2 0.91222 0.175226 0.0265835 0.0249114 0.0186804
2 0.231896 0.180173 0.0231453 0.018016 0.0170756
2 0.903815 0.738308 0.0804942 0.11673 0.0148672
2 0.255373 0.155834 0.031446 0.0227996 0.0137547
5 0.457621 0.714309 0.139057 0.15298 0.0130512
2 0.84585 0.257085 0.0702994 0.0772051 0.0125534
5 0.192334 0.417912 0.0228449 0.0210993 0.0124693
2 0.455889 0.318281 0.0927419 0.065885 0.0121049
2 0.842946 0.191542 0.0249685 0.0251602 0.0111917
2 0.295321 0.283498 0.0691597 0.0638618 0.0106387
2 0.6299 0.151446 0.0422156 0.0410901 0.0104772
