0 0.548059 0.5 0.894389 1 0.628937
2 0.553422 0.313225 0.0299891 0.0686423 0.210444
0 0.208978 0.515912 0.4163 0.968175 0.124136
2 0.0245746 0.177686 0.0489724 0.182441 0.0902421
2 0.648249 0.290915 0.0503911 0.0966866 0.087503
0 0.769965 0.5 0.459324 1 0.0462208
5 0.620424 0.0777343 0.0908505 0.12933 0.0453191
5 0.655177 0.726038 0.0273925 0.0380899 0.0352244
2 0.274793 0.474453 0.098289 0.221791 0.0311268
2 0.763322 0.108677 0.0830074 0.217354 0.0275778
5 0.54535 0.729863 0.0387313 0.049284 0.0259434
2 0.600133 0.0732595 0.133856 0.146519 0.0229267
5 0.605079 0.648274 0.0534258 0.110343 0.018385
2 0.693042 0.066461 0.0268372 0.0432181 0.0178716
2 0.443923 0.580944 0.186511 0.309741 0.0146152
2 0.507808 0.0353892 0.0625412 0.0707785 0.0142468
2 0.562976 0.511387 0.253565 0.26931 0.0133087
5 0.482216 0.436203 0.019724 0.0323396 0.0132704
5 0.626275 0.639079 0.108896 0.157826 0.0132246
5 0.337596 0.157802 0.0240302 0.0375424 0.012791
2 0.294993 0.440886 0.155626 0.352004 0.0126373
5 0.764376 0.694566 0.0835401 0.220486 0.0122271
2 0.763485 0.0974202 0.0477769 0.19484 0.0117992
0 0.761148 0.87497 0.46029 0.25006 0.0113163
5 0.065162 0.448771 0.0452142 0.0994892 0.0111752
5 0.794828 0.700822 0.112792 0.24529 0.0109278
5 0.660954 0.808937 0.034583 0.0715797 0.0106849
0 0.58608 0.0605714 0.161355 0.121143 0.0104126
2 0.597478 0.584798 0.203088 0.226609 0.0103035
2 0.687161 0.022416 0.0634571 0.044832 0.0102549
5 0.653804 0.725297 0.0396801 0.0509562 0.0102143
