2 0.608397 0.928631 0.0958253 0.0843449 0.201632
2 0.424872 0.924031 0.162724 0.151937 0.157419
2 0.735026 0.903002 0.0840058 0.0442203 0.146107
0 0.531136 0.438841 0.937727 0.877682 0.109877
2 0.325105 0.967557 0.0577711 0.0642549 0.0988733
2 0.254278 0.627262 0.119913 0.129562 0.0837432
0 0.793768 0.285625 0.412463 0.556629 0.0724734
2 0.375857 0.592393 0.0744054 0.0760203 0.0685173
2 0.130985 0.504962 0.0821306 0.0562793 0.0659169
2 0.124972 0.61568 0.0966028 0.123826 0.0575083
2 0.0330732 0.930871 0.0661463 0.137772 0.055846
2 0.449072 0.176632 0.286375 0.155403 0.0558374
3 0.222386 0.930356 0.173563 0.137443 0.0536843
2 0.773659 0.188191 0.327242 0.174617 0.0502905
2 0.305616 0.226141 0.266661 0.199924 0.0497714
2 0.735522 0.908009 0.106998 0.0633465 0.04445
1 0.853444 0.0501907 0.293112 0.100381 0.0409101
2 0.894708 0.846277 0.0799581 0.0609758 0.037197
3 0.205303 0.922044 0.288877 0.150562 0.0368704
2 0.985165 0.279252 0.0296694 0.138025 0.0336733
1 0.259579 0.0637168 0.417297 0.127434 0.0330811
5 0.395635 0.20363 0.271007 0.188094 0.0260432
5 0.347504 0.200711 0.481748 0.247916 0.0256689
2 0.978157 0.29748 0.043687 0.210981 0.0234866
0 0.22888 0.924289 0.280359 0.149144 0.0232526
2 0.895104 0.862847 0.0957661 0.0961434 0.0226982
0 0.290751 0.521646 0.480103 0.856848 0.0208068
2 0.37696 0.554857 0.0950464 0.156959 0.0171009
2 0.371799 0.194624 0.322514 0.175546 0.0161589
0 0.343267 0.921084 0.527441 0.156015 0.0150322
2 0.844037 0.202364 0.311925 0.208304 0.0137897
2 0.917798 0.791263 0.0459224 0.0301702 0.0107859
