3 0.276779 0.501305 0.53476 0.946857 0.381326
5 0.794552 0.780577 0.0301849 0.0492775 0.262672
0 0.761399 0.677307 0.355458 0.561695 0.247289
5 0.74064 0.649708 0.0422742 0.0908631 0.245197
5 0.832626 0.613735 0.0274715 0.0508196 0.225011
5 0.718015 0.646518 0.0979994 0.110953 0.222721
0 0.545775 0.515503 0.796875 0.968994 0.186056
3 0.160049 0.392852 0.315517 0.304823 0.129057
0 0.706319 0.202229 0.156525 0.204621 0.108792
5 0.908418 0.545117 0.0896683 0.19476 0.0832248
3 0.250753 0.719067 0.301368 0.482452 0.074256
5 0.717889 0.62923 0.122677 0.192092 0.0695298
0 0.2513 0.746259 0.296051 0.458193 0.0585956
5 0.793931 0.78111 0.04205 0.0649899 0.0473696
3 0.170045 0.812007 0.12408 0.25145 0.0391005
2 0.721494 0.615069 0.130292 0.217023 0.0340373
0 0.692164 0.252067 0.215515 0.330548 0.0288419
0 0.287658 0.534569 0.454257 0.893098 0.0250808
5 0.831886 0.615223 0.03584 0.0727418 0.0230268
0 0.908934 0.532434 0.0899923 0.171923 0.0221801
0 0.186798 0.762044 0.168671 0.396143 0.0206273
3 0.240317 0.548356 0.342064 0.645572 0.0189275
3 0.462661 0.0682658 0.266717 0.136532 0.0177944
2 0.615166 0.40264 0.0458588 0.0936997 0.0176183
2 0.738438 0.554374 0.166607 0.223693 0.0161764
0 0.905091 0.612703 0.114799 0.464733 0.0152213
3 0.696331 0.266456 0.22474 0.359598 0.0147317
5 0.694584 0.674807 0.0802443 0.165879 0.014118
0 0.735848 0.605916 0.16129 0.273626 0.0129187
3 0.188435 0.755878 0.173391 0.410882 0.0121194
0 0.713637 0.663617 0.120393 0.1827 0.0120903
0 0.691899 0.595851 0.507327 0.778935 0.0106344
