3 0.487059 0.450066 0.524869 0.732221 0.576453
3 0.487069 0.441463 0.52618 0.711058 0.548301
3 0.486952 0.437192 0.530376 0.700853 0.548004
3 0.486793 0.443655 0.52728 0.717744 0.487021
3 0.486106 0.445122 0.531235 0.724839 0.470424
3 0.487598 0.449073 0.523842 0.730748 0.435752
3 0.488127 0.443012 0.525829 0.716445 0.426762
3 0.488333 0.444879 0.530686 0.72465 0.332491
5 0.532453 0.444429 0.0244456 0.0321718 0.323402
5 0.532625 0.444425 0.0254388 0.032089 0.307106
3 0.487571 0.44203 0.533059 0.718115 0.201568
3 0.487171 0.398966 0.521958 0.633445 0.188706
5 0.531164 0.4446 0.0294941 0.03558 0.149697
2 0.392201 0.639242 0.0410127 0.036181 0.145244
2 0.391706 0.639404 0.0419718 0.0364481 0.145178
5 0.531181 0.445075 0.0285128 0.0360055 0.143215
2 0.392214 0.63936 0.0406469 0.036357 0.135175
2 0.392302 0.63911 0.0394854 0.0354701 0.121639
5 0.53379 0.444443 0.0294475 0.0350384 0.12137
5 0.534189 0.44482 0.0291593 0.0359734 0.112215
5 0.305285 0.82026 0.0313749 0.0405865 0.107115
2 0.391742 0.639028 0.0432976 0.0394169 0.101543
5 0.445354 0.569084 0.0305027 0.0453754 0.100787
5 0.305109 0.820247 0.0338876 0.0420249 0.100026
5 0.304913 0.819362 0.0319495 0.0415065 0.0928669
5 0.532136 0.443686 0.030999 0.0387312 0.0907924
5 0.305161 0.819765 0.0332779 0.0420843 0.0885237
2 0.39209 0.638929 0.0422976 0.039289 0.0840579
5 0.30491 0.820048 0.0311135 0.0404392 0.0791127
5 0.445865 0.569835 0.0308412 0.0461006 0.0787242
3 0.47335 0.433938 0.408823 0.49998 0.0686885
5 0.305535 0.82006 0.0335154 0.0420189 0.0667424
5 0.445786 0.569405 0.0312333 0.0461492 0.0665883
2 0.535129 0.478598 0.0239648 0.0259008 0.0616276
5 0.531361 0.444699 0.0324589 0.0429175 0.0576261
5 0.445935 0.569908 0.0315963 0.0479989 0.0536257
5 0.306428 0.819661 0.0402784 0.0482254 0.0526174
5 0.306759 0.820569 0.0382676 0.0470973 0.0526031
3 0.467918 0.409288 0.40797 0.466851 0.0515906
2 0.393705 0.639462 0.0482174 0.0420488 0.0491955
5 0.304887 0.817923 0.0424847 0.0532057 0.048774
3 0.485849 0.435023 0.395509 0.499573 0.0485928
5 0.0391386 0.493989 0.0782773 0.128624 0.043498
3 0.482094 0.40747 0.392195 0.466679 0.0423694
5 0.0385591 0.493016 0.0771181 0.13012 0.0421844
3 0.486578 0.394404 0.523719 0.620122 0.0421232
2 0.391877 0.638981 0.0433991 0.0396247 0.0414965
3 0.456767 0.431013 0.395405 0.490545 0.0406926
5 0.306755 0.820333 0.0387808 0.0464018 0.0381144
2 0.446007 0.570298 0.0326131 0.0464809 0.0374796
5 0.533296 0.443665 0.0331292 0.0408395 0.0370436
5 0.305012 0.817964 0.0427153 0.0525637 0.0365494
5 0.534319 0.468595 0.0290812 0.0473595 0.0363819
5 0.303383 0.819516 0.049366 0.0501145 0.0313918
3 0.451308 0.408582 0.39163 0.456953 0.0302024
2 0.3914 0.639299 0.0435371 0.0392718 0.0290521
5 0.535118 0.461619 0.0313161 0.0579296 0.0267314
2 0.393834 0.639223 0.0482261 0.0430633 0.0258941
2 0.392692 0.638582 0.0450385 0.0420749 0.0253511
3 0.485592 0.447789 0.534276 0.723935 0.0250342
5 0.302135 0.819563 0.0460345 0.0476865 0.0229358
3 0.488215 0.448177 0.532438 0.727296 0.0225193
2 0.446996 0.569797 0.0341038 0.0491398 0.0211858
2 0.536534 0.47794 0.0276982 0.0291621 0.0205958
3 0.497252 0.407746 0.368174 0.462486 0.0177817
5 0.53199 0.459127 0.0347374 0.0592724 0.0174831
3 0.498568 0.436706 0.368724 0.495582 0.0174813
5 0.445336 0.568861 0.0366496 0.0528958 0.0153859
3 0.463199 0.379302 0.387608 0.41807 0.0144072
3 0.482246 0.438572 0.385864 0.512617 0.014318
2 0.0399075 0.491198 0.0797603 0.128978 0.0142218
3 0.478803 0.376268 0.37949 0.423824 0.0134773
3 0.488541 0.393987 0.517114 0.625308 0.0128255
2 0.392937 0.638512 0.0529946 0.0443352 0.0120418
2 0.0379957 0.493662 0.0759914 0.129333 0.0117029
5 0.44504 0.570771 0.0409958 0.0527273 0.0116119
3 0.491168 0.444696 0.378331 0.50611 0.0114079
