3 0.510175 0.472592 0.705944 0.874493 0.852934
3 0.511853 0.505474 0.71161 0.844496 0.850726
3 0.509433 0.473811 0.699786 0.879996 0.83442
3 0.504197 0.481841 0.698921 0.895561 0.82153
3 0.506555 0.477067 0.704773 0.858106 0.808776
3 0.510001 0.476542 0.702556 0.861168 0.807394
3 0.508289 0.482554 0.698498 0.86767 0.806692
3 0.512136 0.47044 0.705085 0.882868 0.806588
3 0.509732 0.47245 0.698573 0.878846 0.797031
3 0.507075 0.468389 0.70709 0.860639 0.785574
3 0.508983 0.4992 0.701991 0.828919 0.229916
5 0.556006 0.32887 0.0335859 0.0475926 0.209379
5 0.556011 0.329263 0.0320866 0.0473194 0.163526
5 0.556171 0.328076 0.0349271 0.0481967 0.159347
5 0.556085 0.327883 0.0327324 0.0468561 0.128887
5 0.555349 0.329043 0.034243 0.0495228 0.104596
5 0.555069 0.329369 0.0344128 0.0505049 0.0712864
5 0.55671 0.328727 0.0377051 0.0517206 0.0521193
5 0.556045 0.327576 0.0376381 0.0517184 0.0468434
5 0.556904 0.327107 0.0387595 0.0523604 0.0425303
3 0.502012 0.51485 0.6984 0.86276 0.0392396
3 0.485203 0.337211 0.439937 0.467452 0.0369965
3 0.463751 0.355721 0.436722 0.500326 0.0321036
3 0.814508 0.528931 0.116632 0.624636 0.0297059
3 0.509415 0.33779 0.439402 0.464441 0.0277381
3 0.813963 0.543373 0.119544 0.592942 0.0273464
3 0.488617 0.355611 0.440208 0.503874 0.0262978
3 0.509114 0.456739 0.706071 0.845725 0.0255842
3 0.460634 0.336031 0.43446 0.46543 0.024658
5 0.556645 0.327656 0.0377529 0.0519257 0.0245985
3 0.439451 0.35736 0.43153 0.492369 0.024014
3 0.531007 0.336297 0.434001 0.457478 0.0222324
3 0.551228 0.33478 0.418176 0.44855 0.0202181
3 0.815021 0.508758 0.116482 0.627925 0.0188934
3 0.558111 0.354255 0.422427 0.482538 0.0183345
3 0.513613 0.356455 0.43948 0.502367 0.0155322
3 0.53695 0.356128 0.433643 0.493989 0.0146222
3 0.806427 0.52305 0.113593 0.618237 0.0139263
3 0.764318 0.5097 0.210841 0.908708 0.0133291
3 0.573078 0.353409 0.400358 0.471205 0.0129762
3 0.805741 0.537305 0.115987 0.585308 0.0125842
3 0.776693 0.525687 0.186903 0.880095 0.0122933
3 0.501122 0.313896 0.426353 0.414675 0.0115993
3 0.568657 0.336699 0.394062 0.433338 0.0113928
3 0.52279 0.311062 0.420202 0.399885 0.011327
5 0.55729 0.328248 0.039189 0.0561087 0.0102504
3 0.812751 0.552845 0.123187 0.541401 0.0100194
