3 0.646925 0.53527 0.518119 0.506761 0.885884
3 0.645512 0.537186 0.518457 0.502963 0.882334
3 0.648868 0.53606 0.516335 0.504617 0.874163
3 0.64533 0.533155 0.521446 0.510295 0.863668
3 0.641852 0.535441 0.522346 0.505146 0.859068
3 0.64404 0.531577 0.519983 0.510616 0.850603
3 0.647124 0.534497 0.5179 0.507809 0.848256
3 0.641845 0.533688 0.522419 0.505642 0.839297
3 0.645691 0.532287 0.517388 0.508337 0.805428
3 0.649855 0.532425 0.511429 0.50344 0.804071
1 0.555399 0.479574 0.117574 0.218959 0.102073
1 0.552983 0.469205 0.119336 0.233818 0.0931397
1 0.555825 0.478742 0.133316 0.22769 0.082028
1 0.552973 0.47091 0.132175 0.237384 0.0779754
1 0.557982 0.499548 0.119026 0.19683 0.0574683
1 0.555021 0.498369 0.141873 0.227937 0.0485503
1 0.550629 0.472809 0.120183 0.220632 0.0445718
1 0.54909 0.470415 0.128456 0.229176 0.0427715
1 0.560677 0.528937 0.121676 0.16721 0.0265488
1 0.558621 0.527187 0.110012 0.165135 0.0214528
1 0.560763 0.52776 0.114247 0.164012 0.0212962
3 0.762368 0.538678 0.288415 0.496633 0.0203529
1 0.562211 0.527963 0.108559 0.160772 0.0158253
1 0.559808 0.536802 0.136336 0.244533 0.0153399
1 0.562575 0.529409 0.125277 0.164163 0.0147669
1 0.52792 0.495878 0.208485 0.317401 0.0147281
1 0.545939 0.468587 0.121792 0.229237 0.0142316
1 0.52539 0.519288 0.214353 0.346936 0.0137773
3 0.471932 0.538447 0.170845 0.394351 0.0134497
3 0.6597 0.411031 0.494015 0.259402 0.012682
3 0.779768 0.539818 0.258081 0.49791 0.0120346
3 0.486016 0.537127 0.193011 0.385785 0.0118706
5 0.641502 0.500668 0.0374603 0.0407357 0.0118522
3 0.49312 0.536056 0.206694 0.394386 0.0118009
1 0.549744 0.471295 0.119406 0.220036 0.0115332
1 0.558099 0.477904 0.129833 0.221846 0.0112229
5 0.641801 0.500033 0.041144 0.0440228 0.0111067
3 0.757883 0.537153 0.294547 0.495254 0.0110069
3 0.47848 0.536834 0.186977 0.412357 0.0110054
1 0.532992 0.531068 0.202076 0.264712 0.0109798
1 0.526019 0.481551 0.202347 0.287703 0.0109146
