3 0.610311 0.391057 0.445691 0.583811 0.911337
3 0.610337 0.390625 0.44696 0.585136 0.895177
3 0.609494 0.388188 0.44938 0.582096 0.892398
3 0.610565 0.391363 0.44689 0.58313 0.886731
3 0.610662 0.390486 0.447648 0.585062 0.884876
3 0.610727 0.38934 0.449688 0.580863 0.883271
3 0.609912 0.391491 0.444326 0.580444 0.86863
3 0.609954 0.389372 0.444725 0.580241 0.854733
3 0.610465 0.390118 0.445134 0.58089 0.836392
3 0.609617 0.392666 0.449935 0.585818 0.314827
5 0.563601 0.691888 0.0210565 0.0256123 0.299084
5 0.564619 0.69156 0.0217745 0.0263938 0.294038
2 0.561118 0.292243 0.0246004 0.0314415 0.265805
5 0.561251 0.29208 0.0218826 0.0294252 0.23826
2 0.562086 0.292802 0.0264174 0.0335595 0.202469
5 0.564151 0.691201 0.0243933 0.0290654 0.160637
5 0.660308 0.673173 0.0286295 0.0340507 0.140916
2 0.5626 0.29198 0.0250756 0.032937 0.140229
5 0.563611 0.691358 0.0224954 0.0285289 0.132429
5 0.660875 0.673329 0.0299176 0.0337141 0.116091
5 0.565189 0.689194 0.0289707 0.033476 0.0714315
5 0.564253 0.690968 0.0275779 0.032131 0.0688116
5 0.661522 0.674187 0.0263548 0.0303495 0.0682888
5 0.66059 0.673563 0.0270251 0.0311657 0.0568108
2 0.558056 0.292054 0.0293133 0.0340051 0.0459403
2 0.55846 0.291616 0.0300454 0.0329323 0.0314692
5 0.663196 0.673303 0.0359963 0.0389942 0.0279015
5 0.378568 0.474179 0.0195835 0.0224364 0.0275274
2 0.784881 0.518615 0.019078 0.0224692 0.0269665
5 0.561754 0.292742 0.0283051 0.0375572 0.0259833
5 0.378928 0.473897 0.0213309 0.0243089 0.0251977
3 0.609907 0.391864 0.446395 0.579794 0.0243185
3 0.614198 0.243215 0.437831 0.294591 0.0229457
3 0.618467 0.227217 0.375079 0.281651 0.0222204
5 0.603743 0.691839 0.0252214 0.0342261 0.0193296
5 0.661718 0.674363 0.0299357 0.0361366 0.0189096
5 0.376976 0.504862 0.0190982 0.0226072 0.0181212
5 0.663126 0.673492 0.0347297 0.0359812 0.0167819
3 0.613825 0.245191 0.437675 0.297126 0.0165175
5 0.603242 0.69213 0.0245605 0.0333107 0.0164522
5 0.428535 0.626027 0.0215844 0.0259446 0.0126247
2 0.624937 0.492707 0.0175337 0.0188928 0.0122885
3 0.604162 0.22187 0.346034 0.277025 0.0121058
5 0.661813 0.666752 0.0327732 0.0510629 0.0119302
5 0.379272 0.473494 0.0232827 0.0235128 0.0110272
2 0.785573 0.517186 0.0220488 0.0290684 0.0110162
