3 0.454631 0.517293 0.477757 0.611819 0.811567
3 0.456085 0.516754 0.482956 0.613724 0.811458
3 0.455447 0.517146 0.478439 0.61555 0.810508
3 0.456255 0.517128 0.48405 0.61222 0.810092
3 0.456044 0.518326 0.485602 0.614105 0.798173
3 0.455366 0.518167 0.482601 0.612981 0.774444
3 0.45347 0.515989 0.480703 0.608039 0.756223
3 0.453904 0.51482 0.479508 0.611566 0.753897
3 0.455406 0.516876 0.478061 0.610956 0.746574
3 0.453784 0.519182 0.484151 0.612896 0.727067
3 0.451052 0.5016 0.389824 0.452902 0.0643983
5 0.747905 0.828696 0.0558233 0.0900006 0.0607072
1 0.74654 0.828723 0.0528233 0.0878889 0.0556155
3 0.437416 0.498074 0.3985 0.444859 0.0500587
1 0.747047 0.828201 0.0537876 0.0886997 0.0462604
3 0.45636 0.515353 0.380002 0.459476 0.0452593
1 0.746113 0.829009 0.0537473 0.0879734 0.0412304
3 0.445666 0.510209 0.392988 0.451863 0.0410373
1 0.746671 0.82886 0.0544473 0.0891883 0.0397841
1 0.746462 0.82872 0.053396 0.0884729 0.0298031
3 0.465502 0.504864 0.366537 0.451545 0.0259096
5 0.747753 0.828211 0.0610848 0.0926834 0.0246577
5 0.745702 0.829315 0.0591471 0.0906653 0.0233441
5 0.7465 0.827912 0.0572926 0.0905931 0.0222669
3 0.469639 0.518208 0.359353 0.456727 0.0221013
3 0.453717 0.389064 0.477251 0.362151 0.0180536
3 0.453301 0.392671 0.479896 0.367515 0.0174382
5 0.748091 0.829103 0.0661178 0.0926915 0.0166439
3 0.447356 0.472128 0.383162 0.417192 0.0149703
3 0.450206 0.500254 0.464509 0.577083 0.0103513
