1 0.420037 0.450242 0.414908 0.476554 0.891803
1 0.419318 0.447997 0.415743 0.476153 0.890645
1 0.419649 0.448561 0.414972 0.47853 0.888912
1 0.421712 0.449509 0.414686 0.475766 0.880674
1 0.42006 0.44734 0.41407 0.475447 0.872622
1 0.420774 0.450493 0.415809 0.478594 0.86336
1 0.420765 0.449921 0.417078 0.478649 0.862982
1 0.422419 0.448632 0.415451 0.475856 0.855983
1 0.42165 0.449441 0.417007 0.478831 0.838
1 0.4213 0.447865 0.418595 0.479209 0.8043
5 0.393235 0.440962 0.0334917 0.0405784 0.145843
5 0.392276 0.440358 0.0390365 0.044853 0.144752
5 0.393421 0.441346 0.0336562 0.0411446 0.144607
5 0.492683 0.294463 0.0217089 0.0283452 0.144384
5 0.39248 0.441405 0.0314042 0.0376673 0.133987
5 0.391369 0.440696 0.0370679 0.0421846 0.132025
5 0.39298 0.441666 0.0306927 0.0385319 0.129512
5 0.492314 0.29419 0.0257247 0.0329741 0.111773
5 0.492554 0.295247 0.0274853 0.0345395 0.0671529
5 0.49119 0.295148 0.0286124 0.0356535 0.0641539
5 0.490873 0.294671 0.0273642 0.0339746 0.0624968
5 0.494726 0.294114 0.0287329 0.0347734 0.0425054
5 0.491625 0.2952 0.0310847 0.0373235 0.0403025
5 0.390261 0.441596 0.0388026 0.0439706 0.0389948
5 0.391668 0.441307 0.0439692 0.0481026 0.037605
5 0.390108 0.441315 0.0386512 0.044561 0.0277993
5 0.493481 0.294422 0.0315339 0.0363448 0.0244008
5 0.546321 0.306777 0.0420293 0.0513664 0.0226699
5 0.494115 0.294783 0.0313617 0.0375776 0.0208574
5 0.395751 0.439791 0.0454473 0.0513595 0.0179856
5 0.391089 0.437701 0.0520706 0.0606176 0.0166619
5 0.391695 0.437652 0.0541505 0.0598769 0.0142417
5 0.54675 0.307957 0.0447291 0.0581747 0.0138204
5 0.395695 0.438517 0.0491257 0.0545055 0.0120859
5 0.395831 0.440372 0.0456566 0.0529564 0.011721
5 0.545995 0.306746 0.0436243 0.0507678 0.0105994
