1 0.495458 0.458136 0.583929 0.759254 0.86427
1 0.496435 0.454542 0.584157 0.761159 0.856342
1 0.496223 0.454816 0.585648 0.762418 0.848286
1 0.496568 0.454703 0.583949 0.761017 0.845881
1 0.497343 0.456453 0.585697 0.757525 0.797249
1 0.497324 0.456776 0.584236 0.760318 0.790976
1 0.497525 0.456724 0.585904 0.75825 0.760072
1 0.49791 0.457325 0.585107 0.770643 0.745896
1 0.498093 0.456802 0.586244 0.77051 0.740537
1 0.495483 0.457356 0.585802 0.758929 0.665754
5 0.38038 0.39038 0.0463223 0.0993709 0.499973
5 0.380828 0.391058 0.0499158 0.104597 0.49124
5 0.379679 0.390839 0.0477794 0.101766 0.485619
5 0.380271 0.390504 0.0450428 0.0965793 0.46491
5 0.564851 0.70541 0.0490568 0.056538 0.45164
5 0.564958 0.705337 0.04946 0.0583473 0.448338
5 0.379793 0.390428 0.0459631 0.0972832 0.447499
5 0.565214 0.704334 0.0507005 0.0600147 0.437404
5 0.379592 0.39185 0.0467899 0.0959429 0.435232
5 0.380149 0.390216 0.0435854 0.0974654 0.426659
5 0.565639 0.704686 0.0555921 0.0650545 0.389056
5 0.530563 0.343446 0.0366167 0.0405444 0.382203
5 0.531961 0.34211 0.0425638 0.0485853 0.378819
5 0.531024 0.343586 0.0373271 0.0409046 0.375124
5 0.565066 0.703705 0.0483651 0.0565769 0.375078
5 0.531161 0.34298 0.0363519 0.0398312 0.37506
5 0.532249 0.342601 0.043054 0.0474486 0.373069
5 0.564794 0.705301 0.0488077 0.0575598 0.370804
5 0.53061 0.343189 0.0366378 0.0401836 0.348092
5 0.565485 0.704092 0.0603804 0.0692938 0.343938
5 0.564872 0.704972 0.0469 0.0545496 0.339401
5 0.381484 0.391845 0.0593886 0.102406 0.335843
5 0.565857 0.705494 0.0578029 0.0671029 0.327737
5 0.380641 0.390227 0.056249 0.10133 0.323857
5 0.531321 0.343034 0.0427301 0.0470219 0.31626
5 0.48067 0.203533 0.0217666 0.0277625 0.312383
5 0.479721 0.321519 0.023102 0.025446 0.304662
5 0.56609 0.704843 0.0551507 0.0580977 0.302046
5 0.532383 0.341658 0.0481951 0.0544435 0.299376
5 0.380041 0.390946 0.0447877 0.0948606 0.247475
5 0.564404 0.703573 0.060738 0.0724552 0.245769
5 0.523182 0.0419807 0.046084 0.0468766 0.244456
5 0.480808 0.203346 0.0268101 0.0327565 0.236442
5 0.566329 0.704584 0.0575947 0.0621346 0.236376
5 0.378648 0.391616 0.0521029 0.108863 0.233455
5 0.564723 0.703805 0.0572773 0.066434 0.227676
5 0.530893 0.343674 0.0425853 0.047557 0.226995
5 0.530956 0.341869 0.0469113 0.0517206 0.226075
5 0.532265 0.342534 0.0503466 0.0592267 0.22582
5 0.523575 0.0425588 0.0469066 0.0446034 0.218991
5 0.378855 0.391625 0.0546948 0.104399 0.215852
5 0.485364 0.298236 0.0318019 0.0276856 0.204378
5 0.510366 0.684658 0.0365514 0.0381793 0.195316
5 0.56525 0.703439 0.0596745 0.0695731 0.187937
5 0.486986 0.29803 0.0291469 0.0276497 0.186438
5 0.566692 0.704709 0.0592197 0.0629979 0.174147
5 0.510988 0.68479 0.0347631 0.036525 0.174085
5 0.481063 0.204359 0.0264792 0.0321017 0.171137
5 0.482862 0.314815 0.0333499 0.0449513 0.169968
5 0.530598 0.341991 0.047488 0.051717 0.168464
5 0.379 0.391957 0.0552824 0.111663 0.165582
5 0.50983 0.68501 0.034985 0.0362224 0.142344
5 0.383013 0.392008 0.0626242 0.105809 0.134522
5 0.51026 0.685225 0.0330979 0.0346935 0.129292
5 0.484896 0.299966 0.0316345 0.0311076 0.122249
1 0.496772 0.456987 0.585638 0.769373 0.12178
5 0.482444 0.203409 0.0274641 0.0337098 0.120651
5 0.482184 0.203716 0.029072 0.03474 0.110732
5 0.481372 0.203162 0.0303266 0.0355394 0.11047
5 0.565259 0.704057 0.0560523 0.066131 0.106297
5 0.461919 0.0545153 0.0458368 0.0380414 0.102409
5 0.523527 0.0435737 0.0517022 0.0498058 0.0941231
5 0.478788 0.321919 0.0298082 0.0322429 0.0932935
5 0.47901 0.204227 0.0286863 0.0336698 0.0923562
5 0.461194 0.0540091 0.0393996 0.0357496 0.0903697
5 0.479054 0.204638 0.0300616 0.036894 0.081139
5 0.480189 0.317253 0.0354508 0.039711 0.0804143
5 0.479908 0.32252 0.0277146 0.0320996 0.0800731
5 0.522852 0.0417212 0.043453 0.0425768 0.0756099
5 0.508598 0.68581 0.0387479 0.0403094 0.0755613
5 0.52699 0.343823 0.0528254 0.0529267 0.0728301
5 0.481788 0.319408 0.0307323 0.0342027 0.0677408
5 0.485691 0.295988 0.0384499 0.035916 0.067344
5 0.50929 0.683223 0.0446493 0.0470238 0.0669513
5 0.522908 0.0414424 0.0451216 0.0448085 0.0643639
1 0.498945 0.200956 0.577007 0.260494 0.0622702
5 0.510453 0.685525 0.0386828 0.0436152 0.0621678
5 0.460753 0.0542018 0.0394897 0.0352672 0.0606382
5 0.4609 0.0555036 0.0442495 0.0402414 0.0604099
5 0.484129 0.296932 0.0400162 0.0376715 0.0579234
5 0.382682 0.390013 0.0587046 0.10237 0.0573693
5 0.479754 0.204331 0.0313927 0.0353111 0.0570744
5 0.508762 0.68357 0.0444278 0.0492522 0.0553657
5 0.508527 0.685425 0.0385211 0.0404434 0.054079
5 0.523723 0.0417707 0.0417563 0.0410924 0.0537912
5 0.585469 0.42485 0.0213938 0.0239353 0.051653
0 0.495276 0.326061 0.153408 0.122811 0.0497598
5 0.526402 0.34231 0.052885 0.0534957 0.049554
5 0.459854 0.054777 0.0474277 0.0403237 0.0489014
5 0.585239 0.424951 0.0250413 0.0288301 0.0480845
5 0.460504 0.0547708 0.043482 0.0402595 0.0479238
0 0.497045 0.329278 0.156095 0.12956 0.0464456
5 0.510452 0.686217 0.0372608 0.0418687 0.0459484
0 0.495198 0.316281 0.171969 0.146849 0.0441075
5 0.524909 0.0426508 0.0509031 0.0494934 0.043856
0 0.536451 0.680547 0.147796 0.134493 0.0417851
5 0.381473 0.392988 0.0726994 0.112972 0.0407645
5 0.524642 0.0412274 0.0543903 0.0545303 0.0398171
0 0.496377 0.318315 0.170106 0.152131 0.0389158
5 0.522766 0.0417846 0.0433025 0.0423535 0.0373316
5 0.460553 0.0540709 0.0401649 0.0356893 0.0364553
5 0.479015 0.322424 0.0320547 0.0366355 0.0351206
5 0.523356 0.0417975 0.0415925 0.0410578 0.0350954
5 0.460639 0.0537403 0.0402808 0.0360617 0.0332747
5 0.482323 0.309272 0.047069 0.057554 0.0316949
0 0.537141 0.679526 0.13367 0.129686 0.0282786
5 0.460066 0.0546407 0.047179 0.0394865 0.0281861
1 0.493617 0.202285 0.567163 0.260981 0.0271532
0 0.536897 0.683752 0.154942 0.138019 0.0259941
5 0.481499 0.320922 0.0326811 0.0395077 0.0259608
5 0.376795 0.39607 0.0555134 0.116017 0.0254064
5 0.523178 0.0413049 0.0445347 0.0433613 0.0253082
5 0.462007 0.0542559 0.0461643 0.0379618 0.0252015
0 0.501836 0.326772 0.176376 0.131494 0.0246919
5 0.563664 0.705319 0.0726492 0.0793965 0.024471
5 0.534085 0.341066 0.062336 0.0645637 0.022631
0 0.538611 0.677011 0.16598 0.13622 0.0219391
5 0.379354 0.39253 0.0655943 0.102387 0.0218465
5 0.508801 0.683465 0.0555671 0.0555662 0.0205094
0 0.498953 0.308879 0.211554 0.165144 0.0198729
0 0.489184 0.340365 0.172796 0.152343 0.0198006
5 0.534924 0.341677 0.0599344 0.0624054 0.0196257
5 0.530173 0.346023 0.0551202 0.0735145 0.0195095
0 0.464905 0.346995 0.235335 0.195234 0.0187709
0 0.490829 0.332469 0.16684 0.134252 0.018518
5 0.528199 0.343045 0.0600115 0.0668202 0.0180574
5 0.582807 0.425317 0.0289899 0.0328136 0.0179057
1 0.49645 0.458393 0.583875 0.757441 0.0173198
0 0.537009 0.658642 0.198854 0.184736 0.0169558
5 0.461692 0.056119 0.0556892 0.0488077 0.0163549
5 0.582919 0.42536 0.0268344 0.0295469 0.0161527
1 0.496686 0.216195 0.581303 0.285984 0.0149537
0 0.536089 0.678405 0.151852 0.134291 0.0147697
0 0.535648 0.682824 0.14298 0.134876 0.0143015
5 0.532368 0.348425 0.0549535 0.0750646 0.0141937
5 0.524449 0.0419766 0.0520933 0.0467384 0.0139502
5 0.342089 0.113566 0.0338619 0.036829 0.0135789
0 0.452123 0.365325 0.274127 0.223497 0.0130593
0 0.380051 0.401118 0.0943119 0.131607 0.0128724
0 0.466781 0.317819 0.238962 0.205596 0.012586
0 0.516546 0.330297 0.0774998 0.0765074 0.0123317
1 0.498544 0.213246 0.574914 0.281614 0.0123213
0 0.530996 0.641335 0.21249 0.230277 0.0120903
5 0.58759 0.424118 0.0267962 0.029986 0.0115637
5 0.5092 0.686158 0.0434235 0.046287 0.0108456
0 0.512001 0.33247 0.0951165 0.0848937 0.0107018
5 0.523237 0.0395519 0.0484999 0.0474921 0.0101493
0 0.50428 0.340029 0.183066 0.148578 0.0100595
