3 0.527307 0.482837 0.573493 0.613764 0.492824
3 0.528056 0.483603 0.567686 0.614334 0.429609
3 0.526712 0.481243 0.562748 0.611377 0.427596
3 0.527864 0.483132 0.573232 0.614186 0.409541
2 0.768421 0.504246 0.0360692 0.0374372 0.39146
2 0.768284 0.503966 0.0367323 0.0386768 0.391078
2 0.76827 0.504032 0.0367252 0.0385949 0.378781
2 0.768079 0.504319 0.0364681 0.0378928 0.358588
3 0.526283 0.484398 0.565468 0.615194 0.356285
2 0.768377 0.504217 0.0383385 0.0393636 0.351997
2 0.768441 0.503865 0.0382717 0.0392737 0.345062
5 0.597948 0.303516 0.037319 0.0476869 0.316902
5 0.598014 0.303844 0.0383099 0.0479648 0.316622
3 0.526442 0.482552 0.566574 0.613343 0.313052
2 0.544507 0.460085 0.0273639 0.0432966 0.309984
5 0.544364 0.459811 0.0268129 0.0431502 0.308587
5 0.597882 0.302804 0.0413112 0.0503438 0.306776
5 0.598604 0.304018 0.0408638 0.0510082 0.294184
5 0.598776 0.303359 0.040812 0.0505098 0.290963
5 0.544599 0.459038 0.0316945 0.0462135 0.290437
2 0.767818 0.504347 0.0378015 0.0394992 0.288647
3 0.525328 0.479745 0.561285 0.614426 0.28679
5 0.598 0.30424 0.0379248 0.0475435 0.282919
3 0.523939 0.484315 0.556521 0.61345 0.281925
5 0.597828 0.304407 0.0402087 0.0508956 0.279167
5 0.597794 0.304344 0.0374207 0.048187 0.273133
3 0.524396 0.482353 0.557387 0.618063 0.264685
5 0.59925 0.303882 0.0450888 0.055872 0.251321
5 0.543689 0.459576 0.0279782 0.0439893 0.23628
2 0.768153 0.504438 0.0381769 0.0401541 0.233398
5 0.597298 0.304847 0.0398856 0.0520087 0.219454
5 0.599005 0.303506 0.044441 0.0549095 0.214749
5 0.598081 0.30296 0.042765 0.0514901 0.212985
2 0.768179 0.504004 0.0384184 0.0410892 0.207934
5 0.544066 0.459457 0.0323822 0.0475233 0.196552
5 0.544828 0.461074 0.0304049 0.0482013 0.189931
3 0.524563 0.480819 0.553681 0.615256 0.188597
5 0.543819 0.460489 0.0281792 0.0446181 0.188531
5 0.353546 0.509001 0.0230304 0.0318961 0.185552
5 0.545996 0.459903 0.0364647 0.051647 0.163152
5 0.546018 0.459471 0.0325398 0.0484485 0.159206
5 0.545915 0.460316 0.0325575 0.0483571 0.138915
5 0.353229 0.508984 0.0242991 0.0332858 0.133131
5 0.354254 0.50893 0.0240857 0.0330683 0.132457
5 0.543922 0.461566 0.0311216 0.049367 0.131613
5 0.545676 0.460844 0.0376926 0.0536222 0.101873
5 0.353775 0.50885 0.0267106 0.0342148 0.0903154
5 0.353451 0.508244 0.0287928 0.0360623 0.0750132
5 0.287939 0.401466 0.0198522 0.0260967 0.0630477
3 0.426714 0.471247 0.202159 0.419892 0.0523848
5 0.288886 0.401284 0.0218236 0.027832 0.0515615
5 0.354054 0.508683 0.0301962 0.0376115 0.0505489
5 0.600254 0.305633 0.0616114 0.0654555 0.0466534
3 0.424892 0.476286 0.196233 0.432389 0.0404526
5 0.288886 0.40063 0.0271175 0.032363 0.0386267
3 0.41474 0.458429 0.191275 0.389515 0.0343702
3 0.414059 0.455904 0.185511 0.380519 0.0316765
5 0.313223 0.356049 0.0212157 0.0255877 0.0269386
5 0.288353 0.401777 0.0257889 0.032147 0.0260013
5 0.287893 0.402283 0.023092 0.0310716 0.0258087
5 0.520985 0.506669 0.0203631 0.0227988 0.0251608
5 0.768641 0.502675 0.0470712 0.05077 0.0250627
5 0.601433 0.305478 0.0576118 0.0633954 0.0236993
5 0.314129 0.35561 0.02362 0.0275155 0.0232116
5 0.287867 0.400692 0.0246705 0.0317089 0.0216318
5 0.313362 0.356065 0.022422 0.0270586 0.0214718
5 0.35049 0.509171 0.0356697 0.040488 0.0190209
5 0.350008 0.50863 0.0356458 0.0413057 0.0190031
3 0.460995 0.485966 0.261581 0.458034 0.0184246
5 0.767916 0.502579 0.0473358 0.0514099 0.0182686
5 0.598594 0.306496 0.0586128 0.0684375 0.0182378
3 0.460983 0.485646 0.242002 0.451971 0.0176885
5 0.313967 0.355726 0.0242185 0.0280927 0.0174835
5 0.766227 0.506303 0.0534204 0.048344 0.016818
5 0.766089 0.505577 0.0528275 0.0457348 0.0165788
5 0.59645 0.306305 0.0588887 0.0631002 0.0145835
3 0.426226 0.445101 0.195603 0.465796 0.0143119
5 0.598819 0.304792 0.0701603 0.0710523 0.0137515
3 0.531246 0.513059 0.27166 0.39131 0.0137256
3 0.517793 0.470434 0.407008 0.483163 0.0125079
5 0.352837 0.509954 0.0441084 0.0480463 0.0124966
5 0.596571 0.306361 0.058114 0.0645446 0.0124375
3 0.511635 0.486544 0.351115 0.483474 0.0113851
3 0.527055 0.47019 0.384753 0.477599 0.0110414
3 0.414103 0.436312 0.188814 0.430163 0.010984
3 0.414114 0.452759 0.160107 0.392283 0.0108106
3 0.409244 0.44042 0.162596 0.342556 0.0107911
3 0.539195 0.529863 0.336663 0.403269 0.0105164
3 0.498483 0.489459 0.371071 0.479694 0.0103232
3 0.535128 0.486629 0.265382 0.439107 0.010132
3 0.543494 0.500401 0.144065 0.341347 0.0101294
