3 0.347874 0.446102 0.494726 0.382716 0.818769
3 0.345906 0.445076 0.489122 0.382708 0.800163
3 0.347757 0.4465 0.493313 0.382919 0.788219
3 0.347731 0.445847 0.490664 0.383741 0.769928
3 0.348604 0.446654 0.495091 0.385362 0.750886
3 0.349353 0.445721 0.496623 0.38543 0.739581
3 0.344389 0.444633 0.493484 0.37987 0.735766
3 0.346531 0.445153 0.494018 0.381411 0.717422
3 0.349326 0.445773 0.499137 0.380877 0.686458
3 0.351454 0.443471 0.503232 0.38398 0.619206
3 0.316517 0.438665 0.277991 0.261612 0.209918
3 0.317234 0.438495 0.282266 0.257864 0.1953
3 0.315751 0.440398 0.275428 0.256697 0.170223
3 0.317881 0.4406 0.281628 0.255816 0.156455
3 0.31636 0.439895 0.269909 0.249323 0.138387
3 0.308699 0.436998 0.263626 0.249937 0.0902763
3 0.309429 0.436948 0.261665 0.257386 0.0817162
3 0.322193 0.441131 0.276201 0.249888 0.0790491
3 0.323268 0.441015 0.26536 0.2487 0.0752988
3 0.302952 0.438308 0.252224 0.243212 0.0648933
3 0.324361 0.442515 0.267086 0.246227 0.0644806
0 0.533731 0.477994 0.119134 0.208357 0.0591751
3 0.316225 0.444101 0.275276 0.263383 0.0535452
3 0.315839 0.445632 0.268868 0.25913 0.0524712
5 0.263228 0.361344 0.0197906 0.0254781 0.0366275
0 0.533989 0.477547 0.118974 0.213363 0.0334621
0 0.536747 0.479112 0.113367 0.201025 0.0334426
5 0.262372 0.361079 0.0202054 0.025008 0.0309521
3 0.536618 0.477501 0.113104 0.210845 0.0280246
0 0.531942 0.479164 0.124284 0.214927 0.0269878
3 0.324482 0.446261 0.263841 0.253254 0.0182323
0 0.52467 0.47714 0.138889 0.215766 0.0177475
0 0.520675 0.466818 0.151178 0.241033 0.0173823
5 0.262856 0.361584 0.0242387 0.0313301 0.0142022
3 0.282176 0.437247 0.220771 0.236141 0.0140842
3 0.329727 0.4409 0.272239 0.246333 0.0132947
3 0.288549 0.436 0.229798 0.241919 0.012341
5 0.262511 0.361476 0.0236407 0.0299866 0.0121248
