3 0.472563 0.479067 0.323803 0.384577 0.768089
3 0.471982 0.479426 0.323895 0.381998 0.757558
3 0.472445 0.479608 0.323172 0.384681 0.708542
3 0.472477 0.479358 0.321018 0.38297 0.708083
3 0.471883 0.479808 0.324317 0.383297 0.691764
3 0.4722 0.479323 0.324989 0.383913 0.652177
3 0.472625 0.480219 0.322265 0.383762 0.647794
3 0.472607 0.48055 0.322822 0.387015 0.643801
3 0.472625 0.480754 0.321739 0.383375 0.622537
3 0.472659 0.481228 0.321692 0.3833 0.558458
5 0.473021 0.438341 0.0235227 0.0239505 0.0716334
5 0.473839 0.438218 0.0245292 0.0259061 0.0509598
5 0.473933 0.438521 0.0268167 0.0291584 0.0479958
5 0.473825 0.438062 0.0283388 0.029685 0.034903
3 0.478999 0.475132 0.235293 0.234662 0.0249187
3 0.482552 0.476094 0.245915 0.250943 0.0187756
3 0.479693 0.466699 0.23701 0.249373 0.0171263
3 0.476196 0.467482 0.232591 0.21648 0.0167501
3 0.482381 0.4718 0.245549 0.242997 0.0159008
5 0.571514 0.59272 0.0221664 0.0243077 0.0142868
5 0.571178 0.593156 0.0227333 0.0238103 0.0123908
5 0.600469 0.440955 0.0145499 0.0174512 0.0120249
