3 0.472412 0.507743 0.522544 0.625062 0.782184
3 0.473528 0.510733 0.520468 0.616186 0.76519
3 0.473831 0.514237 0.521058 0.607278 0.752493
3 0.474276 0.505861 0.522045 0.625301 0.746626
3 0.474492 0.514684 0.518515 0.603219 0.715192
3 0.474825 0.512482 0.517249 0.611323 0.714478
3 0.475186 0.503756 0.521552 0.630124 0.661572
3 0.475123 0.514772 0.517389 0.602667 0.596932
3 0.475573 0.511812 0.515283 0.613178 0.569911
3 0.475556 0.511626 0.513352 0.613682 0.442224
5 0.420514 0.80178 0.0223913 0.0255689 0.1038
5 0.419387 0.801508 0.0220652 0.0270281 0.103597
5 0.620879 0.731317 0.0399989 0.0380163 0.0846267
5 0.138402 0.488495 0.0298182 0.0307505 0.080586
5 0.620445 0.731726 0.0401475 0.0386977 0.0705896
5 0.620196 0.732105 0.0322252 0.0327825 0.0672504
5 0.137195 0.488484 0.0316946 0.0318937 0.0643971
5 0.138291 0.48828 0.0283466 0.0284474 0.062041
5 0.620061 0.732274 0.0340287 0.0339886 0.0594672
5 0.418973 0.802189 0.020278 0.0259783 0.058862
5 0.138902 0.488492 0.0334024 0.0334384 0.0561843
5 0.62191 0.731372 0.0455766 0.0442051 0.0532949
5 0.621441 0.731571 0.0423976 0.0410463 0.0527937
5 0.419996 0.801886 0.0229428 0.0258743 0.0510575
5 0.137238 0.48865 0.0311748 0.0304935 0.0490776
5 0.62001 0.731872 0.0349543 0.0341684 0.0482863
1 0.47746 0.163932 0.390099 0.0902719 0.0432888
5 0.139205 0.488588 0.0326385 0.032753 0.0424562
5 0.62053 0.732284 0.035654 0.0355605 0.0414575
3 0.488135 0.432267 0.40543 0.463071 0.0373089
1 0.481249 0.16104 0.370994 0.0856457 0.036908
3 0.467132 0.43337 0.418271 0.467389 0.0352075
3 0.491548 0.45261 0.399661 0.493242 0.0296103
3 0.47205 0.454039 0.415521 0.50054 0.0277525
1 0.484507 0.166547 0.40199 0.0985126 0.0242892
1 0.489965 0.168078 0.404723 0.0998799 0.0233441
3 0.507465 0.432345 0.397137 0.460828 0.022351
3 0.485858 0.411578 0.399083 0.426866 0.0209918
3 0.44704 0.431932 0.406518 0.463064 0.0208787
1 0.479937 0.168741 0.400196 0.0969277 0.0206609
5 0.621237 0.730882 0.0438372 0.0426106 0.0198386
1 0.513536 0.175478 0.336591 0.107126 0.0190134
3 0.505546 0.413908 0.391972 0.418313 0.0187824
1 0.486631 0.161837 0.382258 0.0867012 0.0166101
3 0.464409 0.409896 0.403428 0.431402 0.0164001
3 0.451547 0.452669 0.409678 0.496822 0.0157275
1 0.480957 0.166868 0.389923 0.0969702 0.0153018
5 0.488548 0.194226 0.0207343 0.0268299 0.013682
1 0.567543 0.179592 0.152622 0.114703 0.0132446
1 0.556809 0.175364 0.161092 0.107384 0.013051
5 0.236652 0.492808 0.0234179 0.0327502 0.0130417
3 0.508265 0.45203 0.393768 0.488044 0.0128364
5 0.488013 0.193269 0.0223365 0.0308754 0.012757
1 0.582274 0.184892 0.206107 0.115362 0.0123994
5 0.526916 0.325817 0.0187316 0.0231247 0.0123625
5 0.488607 0.194506 0.0207365 0.0267929 0.0120189
5 0.233788 0.507367 0.0242192 0.0287162 0.0114218
5 0.136826 0.486274 0.0435655 0.043611 0.0113183
5 0.619089 0.732137 0.0473023 0.0422925 0.010137
5 0.135713 0.486602 0.0490235 0.0495012 0.0100387
