1 0.412894 0.549555 0.476173 0.69441 0.921005
1 0.413872 0.550747 0.474873 0.691607 0.91276
1 0.412587 0.551127 0.473999 0.692072 0.911569
1 0.414917 0.546316 0.475924 0.692236 0.906036
1 0.414722 0.550925 0.475274 0.691477 0.905109
1 0.412656 0.546695 0.476483 0.690848 0.903714
1 0.41611 0.548184 0.477957 0.693817 0.902701
1 0.414708 0.549451 0.477659 0.699171 0.896503
1 0.413731 0.550031 0.479514 0.696904 0.690585
1 0.416212 0.54954 0.479367 0.698665 0.464904
5 0.431973 0.36077 0.0257536 0.0279491 0.319624
5 0.432644 0.360162 0.0272709 0.0297132 0.284016
5 0.432808 0.360165 0.0313124 0.0337879 0.266824
5 0.431705 0.3604 0.0301503 0.0326224 0.252799
5 0.432146 0.360262 0.0320881 0.0341278 0.142581
5 0.431139 0.360731 0.0311021 0.0333455 0.124997
5 0.271097 0.411303 0.0276591 0.0328581 0.10762
5 0.271084 0.410562 0.0240683 0.0284804 0.102316
5 0.272193 0.411841 0.0311038 0.0376331 0.0826818
5 0.494258 0.847019 0.0276658 0.0330586 0.0732327
5 0.494784 0.847549 0.023093 0.0308356 0.072955
5 0.272732 0.410606 0.0285261 0.0336575 0.0695084
5 0.430145 0.361564 0.0383052 0.0385506 0.0694934
5 0.429763 0.361156 0.0362131 0.0361677 0.0589528
5 0.49601 0.846771 0.0280236 0.0349474 0.0362035
5 0.342391 0.862343 0.0350208 0.0318933 0.0337411
5 0.494546 0.846529 0.0319115 0.0360403 0.0333826
5 0.495067 0.848356 0.0300434 0.0341594 0.0301954
5 0.341727 0.860509 0.0387791 0.0390073 0.0265831
5 0.269053 0.412375 0.0324783 0.038544 0.0264186
5 0.342 0.861316 0.0363232 0.0338605 0.022698
5 0.342307 0.860309 0.0383129 0.038814 0.020461
5 0.429785 0.360932 0.0377617 0.039663 0.0185462
5 0.269238 0.411991 0.0324009 0.0361171 0.0173905
5 0.435855 0.360138 0.0418023 0.0393321 0.0156592
5 0.491958 0.84839 0.0317292 0.036817 0.0127694
5 0.497272 0.847656 0.0311908 0.0373887 0.0124763
5 0.491824 0.847716 0.0325666 0.0367522 0.0114724
5 0.274791 0.413096 0.0332304 0.0393845 0.0107544
5 0.342863 0.863927 0.0368499 0.0319021 0.0106195
5 0.435967 0.360065 0.0422255 0.0412429 0.0103146
