3 0.419235 0.458822 0.387035 0.390071 0.876309
3 0.41938 0.458681 0.388197 0.389714 0.872705
3 0.419256 0.45697 0.390969 0.390699 0.869135
3 0.420107 0.457552 0.390421 0.389983 0.857689
3 0.417939 0.458163 0.387098 0.390048 0.839732
3 0.41956 0.456831 0.391378 0.390968 0.829626
3 0.419479 0.456768 0.388045 0.390944 0.819924
3 0.421262 0.456892 0.394183 0.390565 0.818876
3 0.418623 0.456457 0.391155 0.391332 0.762175
3 0.419567 0.456693 0.396216 0.390789 0.700386
3 0.426623 0.445564 0.317203 0.299336 0.019508
3 0.417284 0.429643 0.316037 0.311021 0.0164568
