1 0.58347 0.441566 0.418613 0.548714 0.912182
1 0.58421 0.442829 0.420649 0.549751 0.908641
1 0.585389 0.441347 0.417574 0.549949 0.908637
1 0.58611 0.443113 0.41795 0.550279 0.906872
1 0.584384 0.442978 0.41846 0.549045 0.904434
1 0.583183 0.441969 0.420445 0.548608 0.903048
1 0.584153 0.442446 0.41934 0.548919 0.902439
1 0.583343 0.442305 0.419895 0.549168 0.900018
1 0.583534 0.440394 0.418693 0.549187 0.89906
1 0.584688 0.442332 0.42061 0.547999 0.864599
5 0.618283 0.106861 0.0267995 0.0292719 0.0317326
5 0.617433 0.106976 0.0252794 0.0275366 0.0284613
5 0.618182 0.106693 0.0289345 0.03187 0.0217178
5 0.617982 0.107007 0.0273903 0.0307931 0.0204693
5 0.621112 0.10692 0.0405731 0.037402 0.0103196
5 0.0405858 0.967723 0.081048 0.0645531 0.0101807
