3 0.59551 0.480505 0.477639 0.438219 0.859252
3 0.594799 0.485206 0.478992 0.444592 0.858999
3 0.597595 0.478843 0.473276 0.43096 0.854277
3 0.597426 0.464784 0.473981 0.405742 0.850839
3 0.595517 0.479504 0.477622 0.438526 0.837334
3 0.59629 0.484645 0.476403 0.444392 0.831944
3 0.594383 0.487299 0.480769 0.452877 0.817975
3 0.59694 0.482924 0.4767 0.442863 0.8166
3 0.595155 0.484856 0.478417 0.447937 0.78116
3 0.596066 0.490135 0.477448 0.456727 0.778493
1 0.531465 0.675135 0.142436 0.102816 0.243838
1 0.533841 0.680736 0.135837 0.0944796 0.182432
1 0.482004 0.685231 0.23937 0.104141 0.164676
1 0.482442 0.68678 0.237824 0.103867 0.156512
1 0.533008 0.680005 0.139381 0.100884 0.143701
1 0.529329 0.677456 0.143994 0.103866 0.141985
1 0.531659 0.667842 0.145596 0.113298 0.0939391
1 0.368103 0.490987 0.0594571 0.27316 0.0878525
1 0.366798 0.494112 0.0594343 0.265627 0.086262
1 0.514017 0.682678 0.179525 0.106101 0.0805425
1 0.536003 0.669197 0.137131 0.108985 0.0779928
1 0.483383 0.68475 0.235048 0.103056 0.0729362
1 0.481635 0.689312 0.226312 0.0994807 0.0638666
1 0.370531 0.497024 0.0557279 0.257091 0.0601336
1 0.479085 0.687471 0.220688 0.106014 0.0572011
1 0.369792 0.503711 0.0554895 0.245262 0.0548518
1 0.531886 0.677228 0.144429 0.0914074 0.0530701
1 0.375304 0.495659 0.0649407 0.282622 0.052423
1 0.487861 0.685805 0.227273 0.104267 0.0523944
1 0.370715 0.491523 0.0646667 0.27079 0.0512407
1 0.479237 0.686465 0.248935 0.104454 0.0491674
1 0.538548 0.663555 0.136103 0.113637 0.0445429
1 0.37337 0.510924 0.0616299 0.290913 0.0439885
1 0.521015 0.681077 0.165407 0.106773 0.0432381
1 0.474214 0.6925 0.202574 0.0957445 0.0411508
1 0.528504 0.68305 0.132648 0.0885252 0.0396165
1 0.52637 0.683262 0.13084 0.0964548 0.0393087
1 0.377101 0.485018 0.0696635 0.265185 0.0374021
1 0.532828 0.683096 0.145026 0.100274 0.0371094
1 0.532892 0.675489 0.140063 0.104562 0.0366466
1 0.373641 0.519192 0.0583861 0.295067 0.0362683
1 0.371329 0.524619 0.0551258 0.307472 0.0351475
1 0.52851 0.680067 0.146514 0.102013 0.0329324
1 0.375339 0.508197 0.060735 0.286398 0.0324743
1 0.370664 0.490435 0.0612331 0.274107 0.0313091
1 0.374153 0.490953 0.0668723 0.270412 0.0304642
1 0.530413 0.678051 0.161887 0.111788 0.0302051
1 0.369594 0.515805 0.0543146 0.216595 0.0292591
1 0.365953 0.503125 0.0643286 0.260779 0.0258834
1 0.378829 0.473257 0.0749851 0.239738 0.0238727
1 0.37001 0.494981 0.0604251 0.265582 0.0233117
1 0.378941 0.497543 0.0771331 0.264003 0.0220644
1 0.372489 0.521489 0.0592972 0.297205 0.0217193
1 0.80717 0.489146 0.0522965 0.250297 0.0215091
3 0.598586 0.444219 0.357329 0.357177 0.021382
5 0.395805 0.573929 0.02498 0.0859317 0.0211923
1 0.512839 0.68188 0.193618 0.110171 0.0210664
1 0.374679 0.49674 0.0786242 0.270189 0.0192297
1 0.376088 0.497791 0.061845 0.271881 0.0188585
1 0.373734 0.500358 0.0606553 0.250351 0.018026
1 0.80666 0.489014 0.0545309 0.26581 0.017959
1 0.474275 0.68475 0.119941 0.0955576 0.0179281
1 0.465948 0.683462 0.135784 0.0977707 0.0167666
1 0.380205 0.461328 0.0792094 0.216122 0.0159525
3 0.588739 0.448831 0.378455 0.339181 0.0158428
1 0.806264 0.490637 0.0522848 0.23278 0.0157591
1 0.378288 0.46095 0.0642374 0.156189 0.0156029
1 0.528615 0.653743 0.13919 0.0284548 0.0144254
1 0.370281 0.531934 0.0547984 0.18336 0.0143935
1 0.530736 0.674754 0.146988 0.11553 0.0143892
1 0.479861 0.687538 0.242957 0.108204 0.0134001
1 0.378416 0.449933 0.0727262 0.172961 0.0133167
3 0.582661 0.450625 0.373356 0.3405 0.0130622
3 0.594516 0.449003 0.474831 0.376005 0.0116529
1 0.463428 0.687563 0.205842 0.109206 0.0113225
1 0.379137 0.466289 0.0537493 0.137634 0.0113086
1 0.805402 0.481249 0.0567894 0.261212 0.0109617
5 0.39545 0.573496 0.0259544 0.0872194 0.0109337
1 0.524733 0.685366 0.131534 0.0979395 0.0106035
1 0.800209 0.477752 0.0746424 0.300266 0.0102966
