4 0.553286 0.534287 0.476966 0.571352 0.858733
4 0.554529 0.534482 0.478693 0.570669 0.809225
4 0.553091 0.536012 0.477714 0.571416 0.798214
4 0.552285 0.53503 0.478077 0.572447 0.768397
4 0.554511 0.533259 0.474243 0.566217 0.750993
4 0.553967 0.531535 0.479978 0.570438 0.742122
4 0.553385 0.534608 0.476236 0.568779 0.737912
4 0.553359 0.535245 0.475873 0.570348 0.710011
4 0.553471 0.532914 0.474486 0.563211 0.65684
2 0.359958 0.604689 0.0652372 0.0814926 0.639503
4 0.552367 0.533821 0.474824 0.569867 0.614318
2 0.541534 0.284465 0.0792543 0.0740716 0.594944
2 0.541415 0.284577 0.0812118 0.0733931 0.586731
2 0.359534 0.604373 0.0613625 0.0800478 0.567894
2 0.35949 0.604682 0.0626162 0.0805182 0.552503
2 0.673642 0.601725 0.062818 0.0746513 0.546501
2 0.359891 0.604031 0.0633746 0.0820831 0.542315
2 0.360331 0.605558 0.0636348 0.0815926 0.523517
2 0.359322 0.604051 0.0600723 0.0802528 0.491088
2 0.674188 0.600663 0.0600379 0.0724517 0.483019
2 0.674385 0.600696 0.0605463 0.071953 0.474642
2 0.359607 0.603686 0.0588196 0.0805309 0.468571
2 0.359295 0.603923 0.0610945 0.081021 0.4578
2 0.674196 0.601783 0.0638766 0.0746326 0.441176
2 0.541437 0.284151 0.07832 0.0735357 0.412816
2 0.54178 0.28413 0.0799105 0.0732367 0.400014
2 0.359973 0.60365 0.061712 0.0840532 0.379949
2 0.541254 0.282835 0.0805895 0.0750659 0.377301
2 0.67349 0.601627 0.0625021 0.0735492 0.363324
2 0.673592 0.600924 0.0626646 0.0730974 0.3593
2 0.674025 0.602763 0.0660718 0.0773097 0.325723
2 0.540763 0.282293 0.0785484 0.0694732 0.323618
2 0.671541 0.601857 0.0696502 0.0766703 0.312555
2 0.674054 0.602005 0.0639773 0.0760568 0.309412
2 0.54102 0.283454 0.0825164 0.075632 0.2881
2 0.74375 0.579626 0.0778325 0.0895673 0.237891
2 0.744479 0.579994 0.0776743 0.0864231 0.233476
2 0.541421 0.284207 0.0804767 0.0718791 0.22884
2 0.360261 0.603955 0.0568406 0.0785799 0.200429
2 0.541688 0.283272 0.0796381 0.0710951 0.188216
2 0.540584 0.282542 0.0755189 0.0687371 0.187905
2 0.542297 0.284565 0.0780595 0.0755995 0.181694
2 0.729792 0.585308 0.0474444 0.0717013 0.166559
2 0.744197 0.579855 0.081558 0.0920651 0.161956
2 0.741376 0.58263 0.071531 0.0791204 0.157885
2 0.726824 0.589654 0.0402558 0.0602794 0.15715
2 0.673604 0.601693 0.0595452 0.0754469 0.155545
2 0.74419 0.580038 0.0772727 0.0862276 0.135733
2 0.729666 0.588529 0.047034 0.0646089 0.122617
2 0.668396 0.604519 0.0811386 0.0843352 0.117277
2 0.713536 0.691888 0.0448265 0.0438966 0.113705
2 0.713988 0.692286 0.0471888 0.0453654 0.109342
2 0.726586 0.592547 0.0400569 0.055286 0.105053
2 0.712536 0.691982 0.0464146 0.0452595 0.101135
2 0.673263 0.600764 0.0657515 0.0767756 0.0944316
2 0.727088 0.591258 0.0411469 0.0602621 0.0927376
2 0.455984 0.30561 0.0327869 0.0309493 0.0877279
2 0.713755 0.692523 0.0509694 0.0481529 0.0856913
2 0.743199 0.578956 0.0754173 0.0861767 0.0838848
2 0.71369 0.692566 0.0520927 0.04707 0.0765506
2 0.53913 0.284825 0.07229 0.0751645 0.070458
2 0.360362 0.606008 0.0628931 0.0824104 0.0667016
2 0.71215 0.691664 0.0472226 0.0451027 0.0660913
2 0.455539 0.306175 0.037317 0.0350107 0.0637383
2 0.743712 0.580518 0.0758928 0.0880039 0.0636293
2 0.455686 0.305711 0.0360639 0.0337146 0.063223
2 0.713307 0.692294 0.0483326 0.0448823 0.062518
2 0.455482 0.306179 0.0351649 0.0341919 0.0623497
2 0.502779 0.712058 0.0385013 0.0326813 0.0620316
2 0.743748 0.582358 0.0768509 0.0827799 0.0619339
2 0.502494 0.71212 0.0378773 0.032524 0.0568385
2 0.712591 0.691458 0.0493792 0.04531 0.0506904
2 0.502797 0.71198 0.0390066 0.0334274 0.0476896
2 0.502788 0.712292 0.0380076 0.033364 0.0472544
2 0.360705 0.605371 0.0652266 0.0829595 0.0419206
2 0.416481 0.65711 0.0682442 0.0743898 0.0402901
2 0.499885 0.447633 0.0607059 0.0598605 0.0397788
2 0.359849 0.603785 0.0573377 0.0879403 0.0395083
2 0.499894 0.447552 0.0613883 0.0635952 0.037678
4 0.553006 0.384315 0.470767 0.278881 0.0344979
2 0.499011 0.447815 0.0623226 0.0610508 0.0342763
2 0.497881 0.448379 0.0622674 0.063202 0.0279589
2 0.49594 0.447008 0.0709522 0.0638791 0.0264335
2 0.415944 0.65675 0.0684965 0.0807479 0.0258669
2 0.714359 0.691305 0.055061 0.0484274 0.0257636
2 0.416149 0.657746 0.0667639 0.0768786 0.0250313
2 0.416105 0.657849 0.0696459 0.0732402 0.0245245
2 0.627996 0.322161 0.0280903 0.0332369 0.0243254
2 0.503045 0.711709 0.041352 0.0338372 0.0237647
2 0.453751 0.306301 0.0368544 0.0339849 0.0231403
2 0.628435 0.324138 0.0226204 0.027861 0.0230889
2 0.503651 0.712067 0.0410369 0.0344784 0.0208065
4 0.554301 0.385158 0.461593 0.27743 0.0204641
2 0.498965 0.446308 0.0661718 0.0661476 0.0195526
2 0.516439 0.750921 0.0284492 0.0268649 0.0194991
2 0.629259 0.324305 0.0231757 0.028062 0.0191998
2 0.453516 0.3066 0.0364067 0.035217 0.018949
2 0.499749 0.448892 0.060381 0.0565551 0.0186842
2 0.711561 0.691308 0.0507062 0.0462636 0.0185169
2 0.415922 0.656007 0.0706402 0.0827239 0.0184467
2 0.636631 0.753024 0.0215645 0.0215208 0.0176601
2 0.455374 0.307064 0.037007 0.0370002 0.01635
2 0.455971 0.306796 0.0384859 0.0376978 0.016153
2 0.49643 0.44668 0.0715012 0.0625345 0.015822
2 0.516071 0.750706 0.0286355 0.025963 0.015707
2 0.499256 0.448669 0.0595757 0.057123 0.0153967
2 0.629462 0.323545 0.0260157 0.0361491 0.0150122
2 0.489939 0.381753 0.0257964 0.0360765 0.0147658
2 0.497555 0.449213 0.0566472 0.0556622 0.0147654
2 0.416736 0.65649 0.0681475 0.0830498 0.0144911
2 0.61353 0.319912 0.0491427 0.0343039 0.0141
2 0.515367 0.750733 0.0273453 0.0265537 0.0135442
4 0.551764 0.384007 0.473754 0.277216 0.0131931
4 0.698351 0.536583 0.192341 0.550998 0.0127423
2 0.498772 0.449478 0.0641929 0.0578592 0.0122595
2 0.41564 0.656645 0.068068 0.0766596 0.012214
2 0.742595 0.580072 0.0751927 0.0944649 0.0121977
2 0.49027 0.381395 0.0254887 0.036511 0.0121885
2 0.714316 0.693848 0.0481565 0.0557235 0.0120534
2 0.415826 0.657386 0.0673795 0.0754288 0.0120122
2 0.541296 0.284339 0.075118 0.0728747 0.0119278
2 0.711995 0.691297 0.0517294 0.0469067 0.0118858
2 0.501115 0.446988 0.0599132 0.0619952 0.0117669
2 0.516064 0.751462 0.0280993 0.0286731 0.0116576
2 0.417372 0.654617 0.066773 0.0814683 0.0114532
2 0.475739 0.435281 0.116347 0.0938597 0.0114204
2 0.645184 0.628469 0.0371393 0.0382163 0.0107334
2 0.644718 0.629254 0.0362141 0.0366951 0.0106251
2 0.674051 0.600278 0.0614616 0.0758207 0.0101553
