1 0.535996 0.505736 0.912427 0.899419 0.539689
1 0.533449 0.507289 0.915909 0.877171 0.532301
1 0.515239 0.505291 0.969522 0.903015 0.508352
1 0.512741 0.503556 0.974518 0.886749 0.487755
5 0.456088 0.366197 0.0426614 0.0500388 0.404592
1 0.568934 0.509088 0.844444 0.898559 0.396125
1 0.530402 0.487185 0.921618 0.920141 0.364895
5 0.455875 0.36685 0.0416655 0.0493233 0.363824
5 0.659678 0.346576 0.0414148 0.0534763 0.352959
5 0.455515 0.3665 0.0372812 0.0440048 0.348275
1 0.511085 0.485662 0.97783 0.922775 0.347342
5 0.456089 0.365942 0.0468192 0.0552587 0.346731
5 0.455353 0.367223 0.0368057 0.0432085 0.327205
5 0.65944 0.346543 0.0399146 0.0517327 0.32269
1 0.56447 0.509147 0.85171 0.874897 0.322064
5 0.455408 0.365889 0.0435935 0.0509216 0.301507
5 0.420346 0.737986 0.0325595 0.042614 0.295823
5 0.420263 0.738158 0.0320998 0.0423329 0.286028
5 0.454624 0.366509 0.0399539 0.0475082 0.277704
5 0.658723 0.346585 0.0399134 0.0500071 0.275384
5 0.634469 0.737246 0.0325378 0.0337862 0.273013
5 0.658258 0.346315 0.0397185 0.048821 0.270962
5 0.659022 0.346735 0.0392399 0.0493888 0.270488
5 0.659977 0.346069 0.0475137 0.0576343 0.261512
5 0.659965 0.345757 0.0484199 0.0573465 0.255435
5 0.63416 0.736531 0.0327707 0.0359298 0.252276
5 0.455687 0.365923 0.0528844 0.0596765 0.250207
5 0.454707 0.366623 0.0395274 0.0469482 0.249622
5 0.455997 0.366962 0.0482288 0.0536186 0.240939
5 0.658722 0.346614 0.0380422 0.0482829 0.238897
5 0.660126 0.346866 0.0517086 0.0622196 0.233606
5 0.455592 0.366441 0.047426 0.0546709 0.229916
5 0.419972 0.73753 0.0323366 0.0424305 0.223001
5 0.420554 0.73765 0.0318424 0.0416228 0.219269
5 0.419942 0.737612 0.0372847 0.0474178 0.212506
5 0.633432 0.736239 0.0315186 0.0335332 0.210363
5 0.591535 0.299635 0.032618 0.0408212 0.204816
5 0.419608 0.73638 0.0388494 0.0521421 0.204145
5 0.658269 0.344935 0.0461342 0.0585692 0.198182
5 0.591239 0.29982 0.0303793 0.0398962 0.195419
5 0.591564 0.299966 0.0313971 0.0404599 0.175606
5 0.591243 0.299916 0.0305246 0.0391286 0.171812
5 0.635522 0.736277 0.0433404 0.0460313 0.167278
5 0.418137 0.736012 0.0397396 0.0509158 0.166969
5 0.20819 0.49036 0.0357791 0.0411781 0.166686
5 0.419922 0.737537 0.0377157 0.0482958 0.164587
5 0.45544 0.36681 0.0504307 0.0577647 0.162535
5 0.658125 0.345014 0.0457701 0.0577616 0.161356
5 0.658194 0.347978 0.0541498 0.0682263 0.154565
5 0.632524 0.73731 0.0322171 0.0327223 0.150863
5 0.207158 0.490335 0.0322152 0.0374811 0.150783
5 0.20773 0.490566 0.0283774 0.0334736 0.148161
5 0.208661 0.490546 0.0330975 0.038367 0.148157
5 0.457591 0.73209 0.0276363 0.0339313 0.145718
5 0.635993 0.737346 0.0421899 0.0448064 0.145248
5 0.457512 0.731514 0.0296337 0.0361531 0.140939
5 0.208582 0.490291 0.0379078 0.0434305 0.137595
5 0.591023 0.2993 0.0371962 0.0454571 0.134451
5 0.617757 0.76281 0.0337294 0.0338374 0.132496
5 0.590218 0.299473 0.0355141 0.0449759 0.130287
5 0.659199 0.348358 0.0538238 0.0673504 0.129465
5 0.444998 0.735932 0.0481686 0.0559327 0.124235
5 0.456878 0.731715 0.0340011 0.0419354 0.123014
5 0.59116 0.301652 0.0402217 0.053455 0.120581
5 0.458071 0.36538 0.0577525 0.0637747 0.118441
5 0.626076 0.749404 0.0529094 0.0581133 0.115619
5 0.590711 0.302129 0.0397302 0.0517854 0.114489
5 0.61711 0.762224 0.0324124 0.0322262 0.109549
5 0.457294 0.364428 0.0615132 0.0658824 0.109372
5 0.418227 0.736703 0.0440312 0.051235 0.107061
2 0.617805 0.763215 0.0352303 0.0335277 0.106252
2 0.617694 0.76271 0.033649 0.0326414 0.105769
5 0.629464 0.73849 0.0643689 0.0668226 0.105685
5 0.207936 0.491083 0.0348391 0.0401467 0.104223
5 0.65824 0.346647 0.0492336 0.0566353 0.104151
5 0.778228 0.796593 0.0389946 0.0450074 0.104099
5 0.633784 0.737586 0.0438959 0.054123 0.103057
5 0.778461 0.797088 0.0371231 0.04265 0.102577
5 0.778514 0.796093 0.0388398 0.0447518 0.102029
5 0.420429 0.737024 0.0577299 0.0616236 0.0987144
5 0.658751 0.348601 0.0540743 0.0625188 0.0985109
5 0.657933 0.347051 0.0486815 0.0555697 0.0968713
5 0.778387 0.796988 0.0334756 0.039744 0.0955336
5 0.418214 0.736861 0.0435807 0.0524828 0.0954965
5 0.445759 0.735192 0.0451875 0.0492329 0.0873475
5 0.778201 0.797058 0.0346255 0.0406755 0.0859398
1 0.531196 0.521899 0.923316 0.924461 0.085375
5 0.374724 0.39002 0.03033 0.0338958 0.081357
5 0.632209 0.740372 0.0462256 0.0605231 0.0813351
5 0.778633 0.797116 0.0365049 0.0426371 0.0802804
5 0.587759 0.300219 0.0398036 0.0486903 0.0800251
5 0.374217 0.390357 0.0334388 0.0363719 0.0785479
5 0.620784 0.759185 0.045898 0.0447905 0.0777906
5 0.374081 0.38841 0.0370079 0.0399265 0.0760037
5 0.45801 0.731426 0.0359917 0.0430701 0.075709
5 0.587941 0.299927 0.0397863 0.046419 0.0750001
5 0.659131 0.344944 0.0564503 0.0673906 0.0746421
5 0.588774 0.299897 0.0456772 0.051002 0.0743354
5 0.375472 0.389807 0.0380863 0.040592 0.0733098
5 0.419085 0.737377 0.0508648 0.0609378 0.0718554
5 0.375539 0.388293 0.0390022 0.0428605 0.0715262
5 0.373234 0.39029 0.0354197 0.0395661 0.0710997
5 0.458369 0.732111 0.0304889 0.0368542 0.0700698
5 0.205413 0.49134 0.0374563 0.042578 0.0687858
5 0.207084 0.48921 0.0469253 0.0577146 0.0686439
5 0.372881 0.389403 0.038113 0.0434808 0.0675561
5 0.207129 0.488844 0.0459655 0.0558893 0.0670705
5 0.621895 0.763495 0.052638 0.0448488 0.0670143
5 0.433728 0.735371 0.0551692 0.0503767 0.0667192
5 0.37315 0.390181 0.0342487 0.0381502 0.0665119
5 0.37539 0.389523 0.0368006 0.0396798 0.065812
5 0.779745 0.795339 0.0462178 0.051284 0.0654682
5 0.458153 0.731556 0.0320977 0.0374123 0.0652003
5 0.211937 0.187236 0.0339291 0.0441472 0.0649771
5 0.242157 0.852626 0.0476382 0.0528355 0.0638333
5 0.65906 0.349702 0.0623179 0.0742497 0.0631339
5 0.635479 0.73845 0.0501231 0.0624916 0.0626016
5 0.627223 0.751472 0.0560726 0.0709441 0.0608584
5 0.455721 0.362704 0.0612546 0.069355 0.0599437
5 0.658433 0.346553 0.0590078 0.0669323 0.0584918
1 0.513421 0.520287 0.973158 0.922763 0.0583781
5 0.777105 0.796463 0.0553949 0.0550266 0.0580785
5 0.24125 0.852754 0.0423048 0.0485946 0.0567981
5 0.458924 0.365156 0.0612705 0.0701373 0.0566196
5 0.777178 0.792676 0.0524987 0.0628723 0.0553342
5 0.77959 0.796181 0.0440021 0.0482992 0.0549092
5 0.240794 0.853007 0.0445113 0.049885 0.0547044
5 0.776965 0.793214 0.0544881 0.0642839 0.0538282
5 0.205593 0.491559 0.0373149 0.0405085 0.051587
5 0.587196 0.303597 0.0463654 0.066387 0.0504756
5 0.210635 0.49032 0.0487514 0.05129 0.0496072
5 0.212215 0.187322 0.0298645 0.0402321 0.0480723
5 0.212103 0.187029 0.0311959 0.0419812 0.0479717
5 0.211729 0.187148 0.0303922 0.040917 0.047397
5 0.242461 0.852926 0.0434717 0.0477648 0.0460105
5 0.779444 0.795668 0.0460187 0.0516689 0.0459425
5 0.212275 0.187957 0.0335698 0.0434014 0.0455649
5 0.45651 0.361946 0.0596784 0.0702524 0.0445444
5 0.545929 0.194457 0.0230715 0.0286681 0.0442152
5 0.210895 0.489524 0.0495839 0.0518564 0.0441284
5 0.776073 0.796913 0.0490835 0.0490936 0.043757
5 0.242425 0.852947 0.0448596 0.0492391 0.0432696
5 0.451107 0.367396 0.0581432 0.057928 0.041556
5 0.211794 0.187651 0.0297999 0.0390908 0.040347
5 0.205674 0.491847 0.0398686 0.0460542 0.0359697
5 0.213801 0.187673 0.0405859 0.0489039 0.0358164
5 0.241257 0.853627 0.03666 0.0413698 0.0351535
5 0.545844 0.194814 0.0267537 0.0304322 0.0345833
5 0.656099 0.227974 0.0272218 0.0331131 0.0345416
5 0.660225 0.350919 0.0666108 0.0803335 0.0336942
5 0.214392 0.186778 0.0401841 0.0479157 0.033278
5 0.241511 0.85337 0.0376804 0.0424595 0.0326353
5 0.65684 0.227857 0.0288361 0.0344175 0.031889
5 0.24082 0.853632 0.0372417 0.0425977 0.0314063
5 0.213154 0.187133 0.0444837 0.051147 0.0311367
5 0.657192 0.228096 0.0236039 0.0294063 0.0300176
5 0.656282 0.22829 0.0225937 0.0283979 0.029997
5 0.210486 0.490224 0.0530832 0.0565198 0.0297678
5 0.455347 0.366373 0.0726555 0.0736694 0.0291157
5 0.40172 0.314599 0.0271321 0.0361396 0.0275685
5 0.558101 0.17638 0.0204257 0.0224261 0.0264944
5 0.775636 0.796832 0.0491012 0.0530169 0.026271
5 0.373147 0.385373 0.048561 0.06064 0.0253366
5 0.401267 0.313819 0.0259643 0.035543 0.0252603
5 0.617609 0.763124 0.0453975 0.0394672 0.0251133
5 0.240892 0.853454 0.037129 0.0423222 0.0249507
5 0.451046 0.366608 0.0584647 0.0629973 0.0244866
5 0.594064 0.2991 0.0431003 0.048015 0.0240671
5 0.547707 0.19484 0.0321274 0.0349924 0.0219323
5 0.71646 0.543757 0.0306776 0.0371705 0.0218393
5 0.450261 0.364161 0.0663408 0.0637477 0.0218268
5 0.593307 0.300655 0.0443334 0.0493117 0.0217621
5 0.619107 0.764849 0.0417398 0.0431384 0.021437
5 0.373401 0.392269 0.0422853 0.0528616 0.0213929
5 0.590815 0.309217 0.0443918 0.0760505 0.0208028
5 0.212248 0.185479 0.0401855 0.0524909 0.020743
5 0.241566 0.853685 0.0448313 0.0520929 0.0201303
5 0.62117 0.760125 0.0618108 0.0545248 0.0196623
5 0.589307 0.307518 0.0493006 0.0799657 0.0189278
5 0.375707 0.391565 0.0469647 0.0566076 0.0185503
5 0.211926 0.186169 0.042209 0.0541122 0.0182934
5 0.589208 0.296617 0.0542431 0.0682551 0.0177748
5 0.594905 0.297988 0.0452433 0.0520186 0.0176785
5 0.716405 0.544083 0.0253119 0.0308631 0.0170056
5 0.535601 0.409442 0.0261659 0.0334118 0.0167895
5 0.619046 0.765343 0.0407869 0.0420124 0.0164789
5 0.550919 0.189656 0.0328737 0.0444476 0.0163794
5 0.549304 0.192069 0.0307704 0.0413024 0.0163492
5 0.401056 0.313236 0.0331646 0.0426222 0.0163249
5 0.657093 0.229327 0.0287756 0.0344149 0.0160612
5 0.368396 0.390737 0.0511671 0.0473466 0.0159349
5 0.372783 0.391827 0.0455291 0.0564647 0.0157823
5 0.535554 0.409709 0.0236758 0.0297229 0.0152061
5 0.544594 0.194624 0.031598 0.0374188 0.0149769
5 0.402489 0.314275 0.0311134 0.0399047 0.0149451
5 0.400063 0.314387 0.0321029 0.0399973 0.0148806
5 0.206881 0.489112 0.057765 0.0650206 0.0148736
5 0.402495 0.314134 0.031091 0.0401837 0.0146419
5 0.616805 0.763413 0.0439865 0.0402087 0.0145948
5 0.45433 0.363325 0.0724189 0.0753917 0.0142411
5 0.536431 0.409347 0.0298305 0.0375122 0.0141933
5 0.544129 0.19444 0.0291585 0.0351773 0.0138305
5 0.621562 0.74657 0.0889043 0.0901389 0.013237
5 0.399729 0.314457 0.0311234 0.0395605 0.0131439
5 0.778328 0.798477 0.0469806 0.0583532 0.0130392
5 0.613622 0.574118 0.0386984 0.0433413 0.012945
5 0.7175 0.542979 0.0355892 0.0428224 0.0128861
5 0.518863 0.981713 0.0703062 0.0365747 0.012802
5 0.423638 0.735 0.0579388 0.0591573 0.0125219
5 0.714667 0.544493 0.0326817 0.0406721 0.0124683
5 0.589165 0.296042 0.0522416 0.0661595 0.0124225
5 0.558449 0.17435 0.0229407 0.0281229 0.0123333
5 0.656633 0.22963 0.0263652 0.0344935 0.0121953
5 0.241802 0.852134 0.0547198 0.0601835 0.0116317
5 0.401568 0.317287 0.0314694 0.0455617 0.0115964
5 0.532649 0.979416 0.0998466 0.0411683 0.0115104
5 0.778052 0.79783 0.0463648 0.0578233 0.0114354
5 0.779059 0.79149 0.0567177 0.0701886 0.0113043
5 0.374536 0.385547 0.0509466 0.0620843 0.0112941
5 0.536573 0.409157 0.0280899 0.0346041 0.0110551
5 0.621313 0.763258 0.0596044 0.0547004 0.0106916
5 0.240787 0.85376 0.0445188 0.0532245 0.0106711
2 0.536253 0.979716 0.106474 0.0405689 0.0106697
5 0.368992 0.388305 0.0627921 0.0555096 0.0104962
5 0.23909 0.853864 0.0550132 0.049312 0.0104663
5 0.588555 0.828181 0.0209634 0.0249326 0.010309
5 0.717061 0.545487 0.0299773 0.0368037 0.0102081
