0 0.489224 0.493589 0.507091 0.613627 0.670313
0 0.487145 0.492497 0.506656 0.617413 0.662938
0 0.488197 0.495646 0.511224 0.614302 0.642304
0 0.485173 0.494035 0.511796 0.614595 0.6329
0 0.488587 0.497314 0.515594 0.615584 0.608452
0 0.49146 0.491752 0.507251 0.612549 0.59782
0 0.485979 0.495124 0.514668 0.615139 0.589276
0 0.491736 0.492669 0.510396 0.610112 0.568262
0 0.491368 0.49583 0.517125 0.612167 0.502619
2 0.385202 0.610167 0.294707 0.375408 0.31212
2 0.381781 0.595528 0.284746 0.33579 0.307067
2 0.348393 0.58568 0.212039 0.305127 0.288385
2 0.321892 0.575977 0.142896 0.277367 0.178053
2 0.4027 0.621691 0.351436 0.405425 0.143709
0 0.496024 0.498265 0.513581 0.624439 0.125571
2 0.601945 0.256122 0.0982477 0.0965971 0.109692
2 0.361714 0.57693 0.196868 0.281774 0.107588
2 0.349534 0.591199 0.218504 0.327646 0.101211
2 0.396953 0.610314 0.349833 0.373981 0.0942252
2 0.602127 0.258339 0.0970352 0.0911351 0.051993
2 0.385508 0.618646 0.291645 0.380693 0.0393335
0 0.481994 0.489694 0.509102 0.622279 0.0388278
2 0.60188 0.254006 0.0953079 0.0963598 0.0327593
2 0.603157 0.254184 0.0950966 0.0952724 0.0303858
2 0.603308 0.253882 0.0923902 0.0942594 0.0285613
0 0.478416 0.631463 0.504268 0.337706 0.0282323
2 0.40408 0.627715 0.344243 0.397149 0.0282241
0 0.604317 0.492851 0.280029 0.613998 0.0236
2 0.601229 0.255925 0.0933657 0.091964 0.0227236
2 0.331787 0.586633 0.188026 0.306549 0.0219023
0 0.480575 0.658388 0.493828 0.286228 0.021163
2 0.598964 0.25439 0.0959613 0.100862 0.0202663
2 0.327513 0.560882 0.130835 0.239986 0.0187378
2 0.325105 0.578099 0.167598 0.28328 0.0176856
2 0.601913 0.253757 0.0924377 0.0941823 0.0174424
0 0.476951 0.656374 0.501552 0.294135 0.0168033
2 0.600448 0.255812 0.0937255 0.0920038 0.0161729
0 0.479356 0.626436 0.505298 0.351238 0.0137566
2 0.41167 0.593743 0.346448 0.343292 0.0134887
2 0.399949 0.592212 0.153546 0.121393 0.0122544
0 0.607488 0.494071 0.269237 0.600651 0.0122415
2 0.3972 0.593966 0.158252 0.123724 0.0106933
