0 0.611886 0.435954 0.494922 0.635397 0.308144
5 0.0295059 0.0398691 0.052182 0.0753026 0.0841951
5 0.578467 0.609256 0.0434553 0.0583984 0.0530332
1 0.471066 0.405592 0.176786 0.596398 0.0476972
5 0.624371 0.191553 0.0197101 0.0229776 0.046639
0 0.646227 0.26668 0.190189 0.263511 0.0463323
1 0.658231 0.458703 0.219647 0.310433 0.0403877
3 0.645448 0.26742 0.194016 0.237752 0.0254255
0 0.607928 0.273735 0.476127 0.305342 0.0244783
1 0.623512 0.506312 0.289604 0.522007 0.0184777
4 0.0668431 0.889412 0.133686 0.221176 0.0168059
0 0.788747 0.439607 0.148955 0.636059 0.0126337
4 0.774204 0.656143 0.144888 0.12792 0.011479
4 0.763227 0.631989 0.201098 0.233828 0.0106629
