0 0.579548 0.444943 0.560189 0.694968 0.497386
2 0.358663 0.544241 0.0214919 0.0305188 0.112368
2 0.482898 0.703087 0.249789 0.202829 0.0429972
3 0.661403 0.341126 0.29019 0.315249 0.0343507
3 0.598319 0.401071 0.122703 0.181808 0.0310252
5 0.028337 0.966551 0.0556509 0.0668977 0.0232622
5 0.607842 0.256815 0.0244072 0.0328455 0.0221413
3 0.516117 0.406298 0.344223 0.273623 0.0194245
0 0.48729 0.341688 0.047278 0.128786 0.0190337
5 0.504647 0.700213 0.275978 0.212663 0.01875
5 0.478733 0.3463 0.0357913 0.141397 0.0159375
3 0.565582 0.495377 0.324386 0.362858 0.0124455
0 0.465519 0.406009 0.268244 0.280245 0.010617
3 0.629801 0.430223 0.342137 0.352291 0.0105316
5 0.484045 0.361918 0.0610251 0.17601 0.0101432
2 0.509888 0.701009 0.075935 0.183586 0.0101378
