5 0.471311 0.601689 0.04552 0.0576463 0.43452
3 0.471406 0.508483 0.457575 0.546417 0.369648
3 0.478042 0.510349 0.343622 0.356638 0.232244
5 0.392746 0.503685 0.0407666 0.0508166 0.192233
5 0.366188 0.638265 0.0405766 0.0512394 0.153106
2 0.345819 0.51624 0.0229108 0.0254506 0.0758617
5 0.355591 0.493956 0.0276102 0.0298845 0.0684547
2 0.350638 0.564856 0.0353515 0.0339261 0.063299
2 0.367117 0.473078 0.0320225 0.0299076 0.051525
5 0.363812 0.475782 0.0360023 0.0330477 0.0502889
2 0.366003 0.63875 0.0444532 0.0533632 0.0443591
5 0.348341 0.512611 0.0263648 0.0332148 0.0443471
2 0.318971 0.669121 0.0342336 0.0372827 0.0357771
2 0.358474 0.490253 0.036259 0.0425187 0.0289987
2 0.310012 0.634623 0.0415471 0.038146 0.0216912
0 0.0641144 0.100393 0.127582 0.200388 0.0137977
2 0.349834 0.500448 0.0391694 0.0547931 0.0100068
