3 0.511839 0.494936 0.792633 0.937063 0.789204
5 0.875189 0.465858 0.0234704 0.0354695 0.147385
5 0.237102 0.195552 0.0562603 0.0581322 0.136595
5 0.87668 0.467157 0.036338 0.046456 0.112963
0 0.353227 0.186491 0.289155 0.314582 0.0394476
2 0.521365 0.922 0.0220008 0.0244024 0.0352278
1 0.110357 0.551982 0.180789 0.373282 0.031093
5 0.602015 0.622394 0.0198525 0.0245898 0.0245694
2 0.523135 0.542534 0.0210825 0.0317677 0.0144949
2 0.526565 0.92539 0.022007 0.0220518 0.0115752
3 0.195777 0.451693 0.291209 0.81187 0.0107692
