1 0.477169 0.481509 0.460936 0.440208 0.197112
3 0.478538 0.481143 0.45537 0.443506 0.178993
3 0.33632 0.56956 0.152913 0.153747 0.174807
0 0.345627 0.559069 0.108156 0.1275 0.158926
5 0.348411 0.523792 0.0304386 0.0333331 0.112409
5 0.573267 0.646163 0.0277874 0.0371167 0.090594
3 0.346893 0.570318 0.106644 0.101032 0.0702268
0 0.550315 0.493859 0.0722293 0.0837188 0.0577351
1 0.499721 0.353854 0.388946 0.186516 0.0531802
0 0.552913 0.514284 0.107241 0.126129 0.0523706
3 0.557787 0.518012 0.160897 0.195159 0.051235
0 0.35188 0.586717 0.104901 0.0669192 0.0474413
0 0.367531 0.590365 0.0613661 0.0555454 0.0450528
5 0.556012 0.494296 0.0427169 0.0762806 0.0394092
1 0.464 0.549531 0.129668 0.297203 0.0340384
5 0.567379 0.507223 0.0314662 0.0392307 0.0318151
3 0.540836 0.555714 0.231457 0.311522 0.028108
5 0.368028 0.590144 0.0581638 0.0520526 0.0257574
0 0.563521 0.556341 0.168262 0.266243 0.0251095
0 0.576586 0.484074 0.111121 0.111015 0.0186484
5 0.594233 0.578773 0.0287843 0.0328152 0.0180688
0 0.562598 0.50278 0.0498028 0.0507285 0.0179062
5 0.464891 0.386464 0.0328354 0.0366259 0.0177335
5 0.533634 0.506843 0.0266426 0.0317052 0.0172874
0 0.321729 0.521803 0.120868 0.192014 0.0165505
0 0.577669 0.480659 0.267151 0.451511 0.0145733
5 0.570735 0.643713 0.0431592 0.0520127 0.0134201
5 0.550516 0.475994 0.0304031 0.0386443 0.0133249
5 0.319073 0.583564 0.0403458 0.0547473 0.01252
5 0.592507 0.559795 0.0254891 0.0253256 0.0123273
1 0.336005 0.467161 0.162987 0.368079 0.0112157
5 0.372276 0.424053 0.027109 0.0320555 0.0101566
