5 0.626338 0.596879 0.077753 0.073236 0.643228
0 0.529413 0.522417 0.349693 0.426805 0.617653
5 0.463087 0.639492 0.0880735 0.090799 0.453026
5 0.411358 0.508901 0.0442005 0.0513828 0.378246
5 0.454278 0.369599 0.0443472 0.0388667 0.10914
5 0.554934 0.662155 0.0486914 0.0498766 0.0561017
5 0.686637 0.492529 0.033849 0.0419241 0.0555383
5 0.638928 0.473009 0.0217811 0.0282541 0.0484121
5 0.436889 0.567263 0.0351745 0.0381016 0.0469848
5 0.438708 0.393146 0.0213911 0.0228233 0.046098
5 0.660903 0.536107 0.0235515 0.0267745 0.0387323
5 0.516443 0.377588 0.0354724 0.0391941 0.0373556
5 0.467017 0.339362 0.0237495 0.0264797 0.0247606
5 0.635765 0.544315 0.0208268 0.0252198 0.0194806
5 0.650228 0.505474 0.0193524 0.0211969 0.0165404
5 0.455737 0.366513 0.0639599 0.0647136 0.0132141
5 0.444794 0.387863 0.0425602 0.0387081 0.0105191
5 0.562775 0.621059 0.0289233 0.0281569 0.0104705
5 0.416995 0.425077 0.0312594 0.0294146 0.0101382
