2 0.452177 0.599519 0.0379233 0.0419356 0.249929
2 0.618379 0.541837 0.0348565 0.0356807 0.241019
0 0.506223 0.465711 0.381013 0.459609 0.1917
2 0.36837 0.426139 0.0379417 0.0428241 0.176918
5 0.45167 0.599797 0.0388316 0.0439671 0.174465
5 0.368157 0.425666 0.0353521 0.0392356 0.157501
5 0.472614 0.335773 0.0362681 0.0392661 0.142264
2 0.591695 0.607084 0.023019 0.0235419 0.128744
5 0.608607 0.465107 0.0189425 0.0232197 0.0846728
5 0.616085 0.54133 0.0432888 0.0437476 0.0724192
0 0.502764 0.300741 0.296965 0.124348 0.0568208
5 0.574058 0.312372 0.02284 0.0241913 0.0483521
5 0.465292 0.281067 0.0235102 0.0254426 0.0394902
5 0.368444 0.424373 0.0490975 0.0585892 0.0372037
5 0.412733 0.324712 0.0233722 0.0238452 0.031848
2 0.532956 0.53689 0.0254466 0.0292471 0.0299778
5 0.582337 0.352873 0.0488715 0.0329356 0.0282024
5 0.60723 0.465395 0.0289661 0.0336862 0.0267112
5 0.564605 0.353917 0.0975424 0.0368952 0.0251942
3 0.481546 0.456955 0.189516 0.25496 0.0245941
5 0.521232 0.293372 0.0188053 0.0216683 0.0190508
2 0.489806 0.686697 0.255807 0.0754493 0.0189665
0 0.558562 0.312943 0.14305 0.123259 0.0172719
5 0.531311 0.536681 0.0332403 0.0358333 0.0162619
5 0.589524 0.605969 0.040161 0.0350788 0.01535
5 0.41063 0.326072 0.0345977 0.0350248 0.0139474
2 0.322745 0.544715 0.05295 0.0895361 0.0129289
5 0.428083 0.29805 0.0200946 0.0199784 0.0126364
3 0.517254 0.426757 0.287339 0.321902 0.0120207
3 0.501748 0.51103 0.33703 0.3402 0.0115784
5 0.575983 0.312517 0.0375712 0.032634 0.0113323
0 0.440267 0.333098 0.111608 0.0755629 0.0109401
5 0.468209 0.280058 0.0347384 0.0383398 0.010363
