2 0.807038 0.463086 0.0861416 0.0776338 0.674902
2 0.714735 0.271034 0.0422862 0.0590432 0.589185
2 0.67865 0.275141 0.0287621 0.0690697 0.552308
2 0.649831 0.266339 0.0279821 0.0693482 0.474651
2 0.895694 0.82433 0.0763208 0.24058 0.473555
2 0.623848 0.256286 0.0258211 0.066833 0.430722
2 0.594897 0.245886 0.027359 0.0661482 0.392762
2 0.9352 0.561692 0.0306876 0.0972515 0.318871
2 0.649558 0.465339 0.0726666 0.150494 0.280681
5 0.651726 0.465319 0.072952 0.158381 0.218463
2 0.96802 0.503837 0.0620288 0.0751612 0.209739
2 0.639824 0.768187 0.128593 0.132594 0.178917
2 0.907557 0.597681 0.0513482 0.236052 0.165039
2 0.909751 0.953435 0.0422416 0.0908033 0.16466
