3 0.479433 0.4745 0.701948 0.867738 0.390851
5 0.640753 0.502792 0.0510063 0.0627947 0.236732
5 0.3197 0.379338 0.029511 0.0338489 0.0655605
3 0.529377 0.312473 0.39383 0.487409 0.0623997
5 0.38183 0.24772 0.0302253 0.0395578 0.0620192
5 0.70098 0.558613 0.0372144 0.0435069 0.0405672
5 0.521221 0.285241 0.0235475 0.0273698 0.0351839
5 0.437719 0.281167 0.0267547 0.030502 0.031906
5 0.706753 0.555828 0.057617 0.0590593 0.0289923
5 0.439938 0.547443 0.028631 0.033322 0.0216428
1 0.156002 0.471039 0.103604 0.472458 0.0189392
2 0.381743 0.129533 0.047042 0.0597663 0.0185992
5 0.480379 0.669424 0.0350647 0.0400258 0.0172017
3 0.434569 0.416454 0.433902 0.464501 0.0160723
5 0.383801 0.128411 0.0556662 0.0693739 0.0140121
5 0.320347 0.380846 0.0464172 0.0479587 0.0103897
