5 0.47204 0.601441 0.0432342 0.0524828 0.508484
3 0.474392 0.504997 0.457795 0.540307 0.41074
5 0.392274 0.505107 0.0420958 0.0491152 0.20214
3 0.478532 0.481553 0.32769 0.301628 0.19953
5 0.354503 0.494435 0.027237 0.0312434 0.0794071
2 0.346742 0.515129 0.0222654 0.0258708 0.0773732
2 0.352946 0.494924 0.0248186 0.0314058 0.0692161
4 0.391873 0.505118 0.0440211 0.0494978 0.0568566
2 0.349411 0.503629 0.0301539 0.0514986 0.0555332
5 0.36864 0.47352 0.02853 0.0297069 0.0488254
5 0.359964 0.481627 0.0350854 0.0359174 0.0377299
2 0.365819 0.47293 0.0302994 0.02694 0.0281648
2 0.320328 0.670088 0.0290391 0.0388473 0.0209451
5 0.365725 0.637978 0.0362515 0.0403324 0.0196957
2 0.313435 0.646645 0.0408308 0.0437356 0.0188947
2 0.366104 0.637773 0.0440333 0.0448092 0.0180407
2 0.317227 0.662101 0.0377852 0.0612621 0.013257
