5 0.198348 0.144783 0.0520824 0.0690555 0.596014
0 0.540711 0.447216 0.714921 0.764793 0.176616
5 0.401473 0.566571 0.0205111 0.0271281 0.0437713
0 0.601077 0.512839 0.347729 0.475794 0.0279415
1 0.151561 0.52795 0.135093 0.602881 0.027105
3 0.589225 0.485044 0.360338 0.514691 0.0246089
0 0.213448 0.510154 0.242486 0.934924 0.0202965
5 0.30987 0.547428 0.0182793 0.023942 0.0191857
5 0.667134 0.390827 0.0191634 0.0223293 0.018072
5 0.491973 0.320029 0.0135554 0.0180046 0.01446
5 0.508756 0.308474 0.0167377 0.0181661 0.0140805
5 0.653103 0.369712 0.0159079 0.0187841 0.0139489
5 0.521051 0.291465 0.0133079 0.0176125 0.0112802
5 0.29483 0.55386 0.0203338 0.0241943 0.0109241
