2 0.40989 0.554247 0.0311113 0.0415661 0.642847
2 0.345856 0.565544 0.0287176 0.0369474 0.600933
2 0.399557 0.383612 0.0349529 0.032468 0.547229
2 0.655806 0.423637 0.0382174 0.0360521 0.534368
2 0.582061 0.657505 0.0348753 0.0346492 0.509469
2 0.701187 0.250342 0.0300703 0.0360042 0.418237
2 0.63246 0.526741 0.0277536 0.0325544 0.376248
2 0.241636 0.633266 0.0237346 0.0303272 0.358445
2 0.567809 0.579555 0.0258468 0.035467 0.35027
2 0.761714 0.320037 0.0423694 0.0534524 0.312928
2 0.427893 0.672827 0.0300281 0.0358567 0.294141
2 0.1664 0.483463 0.0195272 0.0239793 0.271083
2 0.663402 0.466873 0.0356775 0.0439438 0.253806
2 0.719797 0.418886 0.0227723 0.0282531 0.216442
2 0.530406 0.344825 0.137621 0.14856 0.166183
2 0.357355 0.205119 0.141143 0.160274 0.161445
2 0.723191 0.308032 0.0270142 0.027725 0.13234
2 0.637058 0.318875 0.0330436 0.0566111 0.125648
2 0.54669 0.511231 0.0163319 0.0200312 0.058971
2 0.242318 0.630816 0.0350341 0.0429372 0.042788
2 0.656009 0.458433 0.0618328 0.0592824 0.0410169
2 0.696771 0.249902 0.0471292 0.046772 0.0341202
2 0.720233 0.310453 0.0419447 0.0377725 0.03248
2 0.552276 0.382886 0.19023 0.198825 0.0254687
2 0.717483 0.417375 0.0367643 0.0411298 0.023639
2 0.166941 0.478091 0.027004 0.0391145 0.0218883
4 0.497307 0.478738 0.832986 0.953221 0.0192901
2 0.636973 0.524095 0.0410307 0.0448398 0.0180221
2 0.375537 0.182361 0.0912027 0.109393 0.015594
2 0.721065 0.373911 0.0388216 0.0478735 0.0151881
2 0.513415 0.771409 0.0321645 0.0422475 0.0149449
2 0.435542 0.67288 0.0508214 0.0454493 0.0134119
2 0.162129 0.507936 0.0222119 0.0225864 0.0132313
2 0.870962 0.45674 0.0360509 0.0631744 0.0132203
2 0.539943 0.378575 0.127686 0.0800723 0.0130413
4 0.486819 0.770967 0.822472 0.343845 0.0108771
