1 0.431016 0.512299 0.474728 0.584852 0.807018
5 0.406814 0.553942 0.0454492 0.0559429 0.471922
5 0.519267 0.743388 0.0177169 0.0217173 0.0719079
5 0.572289 0.712108 0.0242605 0.0320852 0.0464457
5 0.503748 0.760671 0.0207239 0.024033 0.0387987
5 0.568028 0.711808 0.0368345 0.0435052 0.0339393
5 0.288195 0.655363 0.229052 0.278989 0.0339064
5 0.51446 0.746196 0.0280585 0.0285024 0.0282516
5 0.5926 0.686625 0.0217817 0.0237481 0.0276951
5 0.505365 0.762502 0.0427402 0.0531674 0.0205743
5 0.5201 0.735685 0.0357894 0.0369935 0.0181712
1 0.530192 0.521934 0.247806 0.543636 0.0147853
5 0.577017 0.701512 0.0422612 0.044848 0.0122015
