0 0.434276 0.529571 0.504567 0.485812 0.864524
5 0.48969 0.531416 0.0988745 0.167647 0.247493
5 0.283516 0.525563 0.0292438 0.0403155 0.24243
5 0.303392 0.380946 0.0307241 0.0382072 0.135776
5 0.213564 0.459284 0.0325942 0.042326 0.0968856
5 0.488758 0.528206 0.02564 0.0324777 0.0967319
5 0.48531 0.530618 0.0332615 0.0598042 0.0747522
5 0.482252 0.551683 0.0219257 0.0211696 0.071388
0 0.596216 0.463916 0.180004 0.318769 0.0677581
5 0.30485 0.380925 0.0506345 0.0558993 0.0237256
5 0.482255 0.551487 0.0301586 0.0316678 0.0185172
5 0.477446 0.572758 0.0213199 0.0213239 0.0173864
3 0.316197 0.527687 0.271463 0.307426 0.0163723
5 0.497913 0.507157 0.0664643 0.104987 0.0159236
5 0.474362 0.532289 0.0518516 0.15095 0.0138426
