5 0.59641 0.33207 0.0519562 0.0576646 0.550732
0 0.50401 0.502666 0.800422 0.932367 0.24226
5 0.725569 0.463171 0.0248626 0.030479 0.131429
0 0.849182 0.482722 0.12377 0.604447 0.0712404
5 0.148396 0.551071 0.0332761 0.064637 0.0565686
0 0.231035 0.502497 0.295552 0.940169 0.0515491
5 0.726748 0.461307 0.0412674 0.0394092 0.0483317
5 0.523204 0.443994 0.0355033 0.0348394 0.0346877
5 0.551226 0.88371 0.0348328 0.0402938 0.0323014
2 0.149113 0.551687 0.0340024 0.0643455 0.0300776
3 0.54701 0.485763 0.361029 0.567731 0.0198264
5 0.635873 0.486712 0.0255693 0.0267876 0.0169343
5 0.454696 0.625636 0.0198153 0.0239327 0.0160991
5 0.454935 0.46362 0.026727 0.0300548 0.0154874
5 0.473361 0.618612 0.0536063 0.0383889 0.0152435
0 0.594077 0.106582 0.452291 0.165316 0.0138797
5 0.4934 0.429598 0.0240717 0.0255137 0.0137
5 0.506741 0.433706 0.0536985 0.0407268 0.0128159
5 0.733886 0.346706 0.0267392 0.0295586 0.0123501
2 0.133705 0.623352 0.0246868 0.023033 0.0104473
