3 0.47536 0.469664 0.527177 0.680022 0.504738
5 0.13828 0.488649 0.0286262 0.0311455 0.162897
5 0.619095 0.730388 0.0299567 0.0297006 0.0533734
5 0.237288 0.492452 0.0210584 0.026203 0.0296291
5 0.620058 0.725647 0.0470728 0.0470595 0.0249401
5 0.230747 0.509343 0.0190599 0.0187814 0.0245932
1 0.490234 0.17179 0.398124 0.100972 0.0177849
5 0.431561 0.32137 0.0167935 0.0203915 0.0153176
5 0.494093 0.531616 0.0149983 0.0189779 0.0110488
5 0.48092 0.580482 0.0174317 0.0202194 0.0110034
5 0.143583 0.488097 0.0521891 0.0437158 0.0108215
