4 0.634332 0.903715 0.304359 0.153632 0.419084
4 0.575411 0.930336 0.257499 0.126115 0.400995
2 0.693477 0.110704 0.0424092 0.0420513 0.197887
4 0.270837 0.875302 0.334652 0.249397 0.183768
5 0.633771 0.565252 0.0369343 0.0404856 0.179949
2 0.822121 0.569373 0.040034 0.0326273 0.0925953
4 0.414003 0.0658501 0.407804 0.131086 0.0882115
4 0.327532 0.928654 0.194955 0.137622 0.0832802
2 0.855514 0.551764 0.0279187 0.044797 0.0814751
2 0.373084 0.946382 0.0873226 0.0840416 0.0721046
4 0.694401 0.883747 0.169849 0.164678 0.0659377
2 0.0901202 0.362618 0.056142 0.085467 0.0606442
3 0.78736 0.31188 0.215313 0.337494 0.0602186
4 0.172389 0.483589 0.331724 0.953306 0.0595178
5 0.824799 0.423379 0.0897806 0.106799 0.0579009
4 0.488593 0.497997 0.97173 0.990783 0.0565606
2 0.771562 0.200843 0.0389855 0.0308319 0.056269
4 0.64352 0.886783 0.433361 0.217576 0.0553846
4 0.2334 0.13782 0.239009 0.238623 0.0486938
2 0.383714 0.961698 0.0613922 0.0529155 0.0462645
3 0.798275 0.359958 0.152782 0.230002 0.0454865
4 0.0935987 0.52783 0.173482 0.455205 0.0431921
2 0.834824 0.555845 0.0769932 0.0631104 0.0423961
2 0.442327 0.324163 0.0412591 0.0350841 0.0421589
5 0.651835 0.501973 0.0320947 0.0345316 0.0391545
0 0.80794 0.365669 0.131321 0.226013 0.0375689
5 0.822442 0.566623 0.0425264 0.0397212 0.0374997
4 0.250926 0.62799 0.138142 0.188327 0.036281
5 0.82078 0.45207 0.047909 0.0453925 0.0314918
5 0.749944 0.152837 0.0304217 0.0398854 0.0312333
2 0.444333 0.0523525 0.0299162 0.0376562 0.0310329
2 0.821646 0.402885 0.108807 0.150979 0.0298474
1 0.922665 0.422881 0.115242 0.585942 0.029766
4 0.208384 0.825027 0.330884 0.288944 0.0296675
2 0.816366 0.281871 0.0415826 0.030568 0.0292647
5 0.509408 0.530991 0.0431691 0.0443583 0.0288264
4 0.428424 0.889001 0.817876 0.220704 0.02679
5 0.631736 0.562862 0.0552611 0.0541764 0.0266297
2 0.243755 0.592832 0.0610168 0.0762929 0.0262141
5 0.840526 0.557787 0.0640423 0.0589069 0.0259986
2 0.727627 0.852141 0.067162 0.0625546 0.025489
2 0.852304 0.551724 0.0444609 0.0578366 0.0238165
4 0.431481 0.149825 0.80538 0.297121 0.0223405
1 0.530052 0.5 0.890501 1 0.0218228
2 0.300975 0.769986 0.0376759 0.0527541 0.0215823
4 0.208087 0.617809 0.270631 0.23213 0.0209731
2 0.248957 0.640028 0.124582 0.169406 0.0200434
2 0.821306 0.451342 0.0509124 0.0502133 0.0199475
2 0.657241 0.0185349 0.0611512 0.029816 0.0194016
2 0.221738 0.181612 0.0385821 0.0403432 0.0183552
2 0.131547 0.623616 0.0635189 0.0628648 0.0165524
2 0.315309 0.848123 0.0650614 0.0642416 0.0155965
2 0.354068 0.0433351 0.203033 0.0754207 0.0152484
2 0.508748 0.532401 0.0470055 0.0478904 0.0150928
4 0.740449 0.851355 0.237107 0.197567 0.0146431
4 0.457778 0.0360268 0.448631 0.0700659 0.0142581
2 0.813941 0.320792 0.130817 0.127755 0.0141286
4 0.127841 0.643279 0.243827 0.391879 0.0139831
0 0.814365 0.322514 0.129106 0.120448 0.0133494
2 0.659804 0.0207328 0.100289 0.0400539 0.0131489
2 0.299885 0.697482 0.0345405 0.0388238 0.0129914
2 0.563019 0.909081 0.0813029 0.0738626 0.0124846
4 0.32597 0.112647 0.366124 0.224639 0.0122975
2 0.424742 0.0519821 0.0719198 0.046217 0.0120413
5 0.807723 0.392989 0.133257 0.180873 0.0116704
2 0.256189 0.85306 0.193398 0.13398 0.0113924
5 0.786894 0.351035 0.049065 0.0453605 0.0112752
5 0.650482 0.498028 0.0443493 0.0511101 0.0112013
4 0.512606 0.944129 0.137683 0.107059 0.011128
4 0.50755 0.0706397 0.764192 0.141279 0.0110546
2 0.531003 0.942675 0.170925 0.111231 0.0103561
2 0.331181 0.509735 0.0390333 0.0525107 0.0100732
