5 0.468853 0.394272 0.063741 0.0717987 0.699712
3 0.512076 0.528645 0.353982 0.420253 0.465822
5 0.587759 0.539056 0.0427701 0.0464225 0.435043
5 0.456635 0.619773 0.038369 0.0381872 0.431502
5 0.602899 0.655612 0.0364296 0.0431478 0.419702
5 0.630348 0.42899 0.0448607 0.0475244 0.413806
5 0.392366 0.473728 0.0336553 0.0380641 0.388992
5 0.647377 0.501596 0.0302738 0.0348206 0.323009
5 0.713021 0.131627 0.0683164 0.0757699 0.308488
5 0.62863 0.62181 0.0242476 0.0283147 0.308044
2 0.395685 0.614814 0.0265505 0.026624 0.2689
5 0.647645 0.485879 0.0312239 0.034485 0.0989155
5 0.394634 0.613266 0.0340248 0.0346814 0.0802797
5 0.385257 0.458811 0.031955 0.0572663 0.0669119
5 0.585887 0.681234 0.0178128 0.0176598 0.0589602
3 0.493581 0.506819 0.180796 0.188305 0.0548894
5 0.382256 0.441797 0.0220618 0.0224768 0.043781
5 0.650147 0.496698 0.0432771 0.056642 0.0335803
5 0.396422 0.468849 0.0491656 0.0526838 0.0233842
5 0.646377 0.471113 0.0269066 0.0263746 0.021829
5 0.62901 0.535754 0.0196461 0.0229213 0.0191809
5 0.632831 0.569855 0.0205461 0.0223828 0.0178972
5 0.458081 0.620768 0.0592706 0.0621444 0.0116662
