5 0.579109 0.408489 0.0981581 0.0980724 0.506792
2 0.520023 0.604315 0.229254 0.226131 0.371798
0 0.533774 0.501601 0.40551 0.461348 0.189654
5 0.434336 0.527167 0.0791485 0.0771107 0.149761
5 0.482203 0.455414 0.0559644 0.0514 0.14074
5 0.62998 0.567736 0.0278073 0.0321084 0.0545795
2 0.487799 0.66571 0.0298448 0.0332169 0.0340668
2 0.62762 0.632001 0.0420068 0.0403435 0.0306174
2 0.572581 0.58229 0.357055 0.327443 0.0241258
5 0.489104 0.664666 0.0301615 0.034477 0.0173143
2 0.48492 0.456064 0.0555595 0.0566191 0.0145268
2 0.458329 0.644987 0.0436831 0.0415018 0.0134897
2 0.475677 0.610005 0.0284936 0.0287161 0.0128907
0 0.519423 0.605306 0.270455 0.271462 0.0125111
5 0.62395 0.62888 0.0469276 0.0480345 0.0122687
