4 0.445827 0.624377 0.527902 0.66521 0.858932
2 0.207472 0.653446 0.0239617 0.0278752 0.0616608
2 0.206954 0.708833 0.0263195 0.0334053 0.0493734
2 0.648838 0.74031 0.0164249 0.0201534 0.0473357
2 0.35541 0.880826 0.0255074 0.025893 0.0396885
5 0.617258 0.883452 0.0246982 0.0305387 0.0359272
2 0.655132 0.419981 0.0169081 0.0193556 0.0357745
2 0.23546 0.682297 0.0215818 0.0248371 0.0329826
2 0.654784 0.486027 0.0183447 0.0212916 0.0285221
2 0.245871 0.779701 0.0202102 0.0239455 0.0283567
2 0.324013 0.902808 0.0358911 0.0297141 0.0272189
2 0.666081 0.598284 0.0187956 0.0225147 0.0224792
2 0.358091 0.841477 0.027831 0.0248332 0.0188189
2 0.614841 0.731275 0.0169204 0.022008 0.0183603
2 0.217285 0.524114 0.0235432 0.0320718 0.0167547
2 0.259757 0.748697 0.0209253 0.0256205 0.0165002
2 0.662493 0.512415 0.0172931 0.0197085 0.0151424
2 0.295052 0.817924 0.0219631 0.0291961 0.0137714
2 0.31257 0.839316 0.0242897 0.0239716 0.0128299
4 0.886852 0.908461 0.142505 0.181681 0.0115437
5 0.350094 0.934133 0.0253865 0.0284392 0.0114422
2 0.355566 0.809278 0.0186795 0.0231737 0.0114225
2 0.637614 0.44234 0.0209535 0.0231044 0.0111613
2 0.243911 0.608212 0.0208659 0.0228721 0.010033
