3 0.51769 0.479194 0.550936 0.616464 0.695723
2 0.76742 0.503962 0.0375643 0.0382717 0.511802
5 0.598524 0.30355 0.0394855 0.0473612 0.459865
5 0.54426 0.460368 0.0285978 0.0416367 0.397686
5 0.354166 0.508704 0.0226149 0.0283148 0.115029
3 0.505549 0.469056 0.340612 0.406113 0.0992046
5 0.288119 0.402399 0.0194376 0.0224449 0.0751418
5 0.31332 0.355863 0.0190149 0.0231122 0.0573588
3 0.42156 0.42945 0.18639 0.363513 0.0273142
0 0.298021 0.45134 0.107569 0.450232 0.023016
5 0.765776 0.505434 0.0533347 0.0447935 0.0170191
5 0.539569 0.463491 0.0507966 0.0577822 0.016078
