2 0.515429 0.395192 0.0792823 0.0958139 0.649776
4 0.532335 0.521941 0.438268 0.506763 0.444805
2 0.549147 0.527219 0.22457 0.379018 0.40895
2 0.416881 0.392614 0.0434984 0.0480123 0.133456
2 0.585315 0.601065 0.344189 0.31198 0.117374
5 0.416118 0.391992 0.0435231 0.0484552 0.114026
2 0.475954 0.563254 0.0792521 0.0772805 0.0940911
2 0.493006 0.491313 0.0758989 0.0888503 0.0615102
2 0.518972 0.590532 0.1452 0.297895 0.0601238
3 0.572133 0.19982 0.855735 0.398177 0.05792
2 0.515873 0.630089 0.092916 0.228082 0.0476452
2 0.612586 0.534556 0.0585608 0.0627602 0.0309777
2 0.51793 0.448364 0.103966 0.210172 0.02952
2 0.50727 0.497224 0.121067 0.127926 0.0160158
3 0.93272 0.563361 0.13456 0.873277 0.0124248
3 0.592786 0.104952 0.814428 0.209904 0.011475
