2 0.636416 0.281371 0.031487 0.0411672 0.295696
2 0.636533 0.281597 0.0302978 0.038622 0.291695
2 0.635848 0.281028 0.0340434 0.0427436 0.273039
2 0.725368 0.315792 0.038045 0.0407025 0.257671
2 0.636107 0.281521 0.0345173 0.0435109 0.255797
2 0.401729 0.213697 0.0263686 0.0339593 0.245622
2 0.370751 0.300256 0.0332507 0.0466799 0.242131
2 0.401967 0.21411 0.0241165 0.0306089 0.240018
2 0.636601 0.281362 0.0316587 0.0411853 0.226097
2 0.371254 0.300313 0.0314805 0.0421405 0.222847
2 0.635767 0.281497 0.03584 0.0445653 0.218671
2 0.53868 0.247101 0.0255567 0.0315204 0.218195
2 0.420288 0.765886 0.0322226 0.0383807 0.213473
2 0.724222 0.316505 0.0398118 0.0430545 0.210702
2 0.419928 0.765817 0.0293044 0.0378645 0.210048
2 0.420491 0.766462 0.0312505 0.0377737 0.209746
2 0.419784 0.766025 0.0287547 0.0365122 0.208404
2 0.725684 0.316537 0.035509 0.0394762 0.206589
2 0.538978 0.247555 0.0268914 0.0330272 0.199774
2 0.370542 0.299637 0.0310034 0.0440751 0.199116
2 0.724086 0.315506 0.0440822 0.0474219 0.198897
2 0.369673 0.300118 0.0291839 0.0417295 0.195043
2 0.708127 0.517038 0.0300781 0.0396576 0.191354
2 0.371826 0.300429 0.0309029 0.0435075 0.189502
2 0.559758 0.710385 0.0260123 0.032426 0.188866
2 0.708473 0.517183 0.025963 0.0368423 0.187809
2 0.369076 0.299354 0.0302196 0.0429862 0.187745
4 0.482819 0.484209 0.726909 0.961392 0.186722
2 0.538411 0.246992 0.0274389 0.0322634 0.183841
2 0.72452 0.316606 0.0385481 0.0426394 0.183074
2 0.636638 0.281949 0.0352826 0.0416019 0.179204
2 0.343724 0.346853 0.0307734 0.045897 0.174754
2 0.344005 0.347574 0.0320952 0.0475542 0.173667
2 0.509377 0.487904 0.0240941 0.0335543 0.173411
2 0.70599 0.262332 0.0227009 0.0297627 0.173258
2 0.539196 0.248001 0.0281938 0.0328943 0.172787
2 0.59499 0.70939 0.0339651 0.0409419 0.172699
2 0.708962 0.517699 0.0277437 0.0386187 0.171469
2 0.70797 0.516953 0.0279483 0.0393016 0.170252
2 0.343225 0.347082 0.0299584 0.0456778 0.170167
2 0.636892 0.28205 0.0366357 0.0427369 0.167451
2 0.345092 0.347287 0.0339581 0.0480632 0.164692
2 0.705862 0.262403 0.0220669 0.0291286 0.162789
2 0.601436 0.71183 0.0459008 0.0438627 0.159435
2 0.40227 0.213703 0.0324529 0.0378237 0.158
4 0.57859 0.487186 0.799988 0.974371 0.156952
2 0.603036 0.732072 0.052159 0.0881498 0.155761
2 0.724399 0.315749 0.0439905 0.0470407 0.155354
2 0.657117 0.209251 0.0292435 0.0352656 0.154427
2 0.509025 0.487942 0.0247833 0.0340552 0.153925
2 0.602937 0.731839 0.0546499 0.0905571 0.153744
2 0.560022 0.710535 0.0245043 0.0317977 0.153629
2 0.656736 0.20901 0.0296263 0.0362586 0.151088
2 0.4029 0.214359 0.0297505 0.0365257 0.150916
2 0.46034 0.56898 0.025956 0.0331834 0.15082
2 0.602433 0.731622 0.0526954 0.0877686 0.150408
2 0.601963 0.732315 0.052958 0.0856668 0.150182
2 0.656198 0.208243 0.0277369 0.0337689 0.14814
2 0.400557 0.213716 0.0320197 0.037842 0.145747
2 0.741916 0.536562 0.0282266 0.0323362 0.145528
2 0.759823 0.301144 0.0210503 0.0266447 0.144958
2 0.52403 0.72701 0.0302869 0.0358995 0.144865
2 0.529745 0.764912 0.0321727 0.0335493 0.144416
2 0.617635 0.357099 0.0271544 0.0394085 0.141385
2 0.759555 0.301053 0.0216398 0.0259039 0.139891
2 0.723367 0.316862 0.0488129 0.0489462 0.138866
2 0.725394 0.316863 0.0420416 0.0423804 0.138812
2 0.34464 0.347932 0.0327999 0.0468571 0.136976
2 0.602345 0.732163 0.0485227 0.0862096 0.136881
2 0.420547 0.766844 0.0335324 0.0419861 0.136351
2 0.671092 0.263134 0.0373048 0.0373185 0.135733
2 0.584008 0.380669 0.0305721 0.0361588 0.134475
2 0.310921 0.450381 0.0273596 0.0405067 0.133375
2 0.789102 0.527644 0.0282217 0.0391081 0.133337
2 0.553451 0.154957 0.0351315 0.0336672 0.13233
2 0.583059 0.380374 0.0327853 0.0372425 0.13186
2 0.708098 0.517287 0.0280332 0.041998 0.131608
2 0.761172 0.488436 0.0246779 0.0314149 0.131107
2 0.400599 0.213144 0.0314866 0.0368458 0.13092
2 0.740456 0.537029 0.0293586 0.0343855 0.130835
2 0.655383 0.207932 0.0284964 0.0329283 0.130252
2 0.510137 0.488064 0.0285838 0.0376352 0.130248
2 0.461359 0.569615 0.0264153 0.0328737 0.130241
2 0.602569 0.732641 0.0518376 0.08772 0.129586
2 0.316499 0.245863 0.0245923 0.0285906 0.129362
2 0.583693 0.380883 0.0295603 0.0357732 0.127344
2 0.7404 0.536083 0.0290089 0.0341899 0.127171
2 0.617436 0.356919 0.0256803 0.0381934 0.126863
4 0.497358 0.46719 0.755551 0.927857 0.126007
2 0.551208 0.154576 0.044116 0.0424512 0.125548
2 0.523806 0.726435 0.0287861 0.0353336 0.124108
4 0.527944 0.472559 0.821997 0.944815 0.123592
2 0.420608 0.767879 0.032964 0.0397922 0.123102
2 0.31047 0.45027 0.0285856 0.0415776 0.123043
2 0.790486 0.527678 0.0296908 0.0390406 0.122732
2 0.670248 0.262628 0.0360196 0.0360812 0.12272
2 0.762641 0.48852 0.0266537 0.0318361 0.122568
2 0.78928 0.527334 0.0278061 0.0389491 0.12077
2 0.373879 0.755419 0.0222835 0.0237635 0.120668
2 0.583121 0.38143 0.0334442 0.0389944 0.119919
2 0.670978 0.263105 0.0367265 0.0375346 0.119625
2 0.510465 0.488655 0.0275579 0.0377662 0.118767
2 0.742064 0.536689 0.0281333 0.0325919 0.118444
2 0.523147 0.725917 0.0323973 0.0378125 0.118157
2 0.553368 0.154708 0.0345447 0.0341046 0.117989
2 0.725084 0.318409 0.0420176 0.0475663 0.117227
4 0.539753 0.481946 0.868028 0.963892 0.117101
2 0.602385 0.721567 0.0498961 0.0646702 0.116231
2 0.311286 0.451583 0.0315552 0.0429161 0.115681
2 0.310825 0.451043 0.0332107 0.0441344 0.115472
2 0.528508 0.765283 0.0323867 0.036392 0.114582
2 0.460591 0.568969 0.0285239 0.0370202 0.114554
2 0.593376 0.708842 0.0295778 0.0392897 0.113501
2 0.617245 0.356797 0.0248821 0.0367176 0.11326
2 0.344772 0.347831 0.0320628 0.0474399 0.113173
2 0.731048 0.573045 0.024508 0.029185 0.112826
2 0.762999 0.488648 0.025489 0.0330508 0.111639
2 0.351243 0.185077 0.0188314 0.0220073 0.111448
2 0.595317 0.708662 0.0329346 0.0380639 0.111363
2 0.762044 0.487794 0.0246654 0.0312185 0.11125
2 0.551345 0.154687 0.0401914 0.0381641 0.111178
2 0.693126 0.395608 0.029318 0.0522088 0.110772
2 0.723099 0.317533 0.0483153 0.0499409 0.110771
2 0.528968 0.765078 0.0303832 0.0325135 0.110695
2 0.721743 0.384294 0.0251304 0.0350819 0.110626
2 0.373019 0.301042 0.0390235 0.0482802 0.110267
2 0.27166 0.47151 0.0256654 0.0302128 0.110266
2 0.311576 0.450857 0.0285403 0.0439 0.110168
2 0.693389 0.390741 0.0270815 0.0385653 0.109522
2 0.528607 0.764705 0.0312965 0.0347513 0.108538
2 0.380585 0.783833 0.0238673 0.0283998 0.107252
2 0.34491 0.2559 0.0207647 0.0265196 0.107162
2 0.790539 0.528078 0.0284279 0.0389374 0.106918
2 0.272034 0.47162 0.0298178 0.0342016 0.106877
2 0.671621 0.264039 0.0358135 0.0367881 0.104217
2 0.584643 0.381337 0.0368908 0.0405831 0.104156
2 0.461447 0.767638 0.0247819 0.0281564 0.103966
2 0.70894 0.518836 0.0285219 0.0413047 0.10348
4 0.578267 0.48145 0.796637 0.954819 0.102232
2 0.551091 0.154152 0.0404776 0.0363782 0.10108
2 0.692252 0.39204 0.0305657 0.0465025 0.100408
2 0.271374 0.473073 0.0309642 0.0348147 0.0999158
2 0.584272 0.380875 0.0368529 0.0410928 0.0995747
2 0.523187 0.726077 0.03026 0.0373294 0.0992579
2 0.379891 0.783693 0.0225842 0.0263294 0.0992502
2 0.695886 0.396241 0.0374025 0.054067 0.0983808
2 0.551017 0.154266 0.043096 0.0414735 0.097787
2 0.617316 0.357581 0.0253303 0.0381417 0.0969747
2 0.725758 0.315022 0.0407404 0.0444644 0.0967083
2 0.637225 0.278917 0.0377177 0.0483985 0.0963819
2 0.721054 0.409104 0.0226825 0.0297344 0.0960257
2 0.351502 0.185445 0.0202654 0.0243687 0.0945445
2 0.461954 0.568674 0.0303301 0.0364283 0.0944293
2 0.336887 0.154586 0.0230287 0.0320648 0.0942573
2 0.567348 0.795654 0.0272052 0.0285236 0.0921254
2 0.769282 0.457561 0.0186737 0.0296613 0.0919893
2 0.70198 0.397902 0.0434598 0.0545076 0.0919467
2 0.471224 0.599628 0.0206514 0.0241912 0.0903042
2 0.721639 0.385944 0.0251306 0.0369627 0.0899137
2 0.452258 0.489735 0.033634 0.0403651 0.089894
4 0.541789 0.472536 0.878092 0.945072 0.0897416
2 0.730856 0.457897 0.0257056 0.0320917 0.0890044
2 0.70727 0.262478 0.0267744 0.0329681 0.0888177
2 0.271535 0.470708 0.0264247 0.0293793 0.0880868
2 0.302493 0.660039 0.0251598 0.0341018 0.0875792
2 0.503604 0.388533 0.0187191 0.0234904 0.087218
2 0.573337 0.540596 0.0393411 0.0424172 0.0865615
2 0.373495 0.301522 0.0378166 0.0486889 0.0857967
2 0.693519 0.394374 0.0388709 0.0542786 0.0852991
2 0.311276 0.452303 0.0324967 0.0441723 0.0848858
2 0.550055 0.15353 0.0433107 0.0389592 0.0844529
2 0.706839 0.262111 0.0279137 0.0345997 0.0842987
2 0.486657 0.411548 0.021323 0.027599 0.0838578
2 0.564282 0.438096 0.0298582 0.0403827 0.0827645
2 0.572382 0.539987 0.0336906 0.0399541 0.0823746
2 0.302287 0.659233 0.0261834 0.0354399 0.0821152
2 0.302424 0.65917 0.026582 0.0354494 0.0821133
2 0.486261 0.410669 0.0225282 0.0273382 0.0821037
2 0.452986 0.490407 0.0289185 0.0355739 0.0813812
2 0.724943 0.317985 0.0404831 0.045659 0.0813083
2 0.568159 0.796329 0.0255575 0.0266044 0.0810848
2 0.56473 0.437743 0.0292969 0.0376572 0.0804722
2 0.336585 0.154602 0.023309 0.0327665 0.0804457
2 0.3021 0.658952 0.0253065 0.0342522 0.0804147
2 0.346711 0.349959 0.0416424 0.0528651 0.0803942
2 0.523952 0.405643 0.0191005 0.0241207 0.0803746
2 0.566112 0.450773 0.0376539 0.0677297 0.0795709
2 0.53855 0.248274 0.0365252 0.0425213 0.0791164
2 0.750942 0.454241 0.0235217 0.0309973 0.0790731
2 0.676792 0.757366 0.0257403 0.0304097 0.078994
4 0.521596 0.475209 0.889267 0.950419 0.0785786
2 0.572529 0.540589 0.0383822 0.0442058 0.077818
2 0.537592 0.247762 0.0342003 0.0414452 0.0776894
2 0.565433 0.449872 0.0364633 0.0658209 0.0776114
2 0.485925 0.410437 0.0237613 0.0305212 0.0774878
2 0.742521 0.537446 0.0359591 0.0390701 0.0772723
2 0.521901 0.12107 0.0177197 0.0213872 0.0765705
2 0.62776 0.783104 0.0212261 0.0266894 0.0765341
2 0.293559 0.386706 0.029036 0.0338295 0.0764083
2 0.668534 0.703106 0.0426702 0.0733795 0.0763765
2 0.558248 0.711203 0.0320806 0.0375149 0.0763751
2 0.672555 0.266048 0.039338 0.0431307 0.0763636
2 0.731064 0.458007 0.024703 0.0314155 0.0756531
2 0.654225 0.208047 0.0394077 0.0403522 0.0747343
2 0.444234 0.837026 0.0218819 0.0265336 0.0746511
2 0.565751 0.439149 0.0327616 0.0438957 0.0744421
2 0.293627 0.38758 0.0228302 0.0294598 0.074288
2 0.345239 0.255341 0.0250135 0.0305341 0.0740399
2 0.572143 0.540025 0.0371891 0.042101 0.07351
2 0.565298 0.442125 0.0318606 0.0486178 0.0733958
2 0.668623 0.722355 0.0326942 0.0325203 0.0729228
2 0.572255 0.539426 0.0303465 0.0371236 0.0719457
2 0.453093 0.489899 0.0306287 0.0379663 0.0717554
2 0.360851 0.731964 0.0213239 0.0244645 0.0716262
2 0.560333 0.710363 0.030626 0.0370481 0.0714721
2 0.339621 0.587553 0.0268098 0.0326303 0.0711095
2 0.722542 0.383136 0.0275046 0.0353199 0.0696395
2 0.744394 0.455367 0.0328121 0.0335116 0.069283
2 0.742802 0.537143 0.0348712 0.0367881 0.0692015
2 0.31153 0.306788 0.01973 0.0269248 0.0690884
2 0.731472 0.573732 0.026124 0.0326048 0.0681951
2 0.523638 0.405764 0.0205766 0.0260738 0.0669684
2 0.452552 0.101558 0.0184475 0.0211981 0.0668666
2 0.669717 0.69709 0.0439712 0.0733804 0.0665415
2 0.45214 0.49005 0.0331505 0.0396528 0.0664476
2 0.460999 0.767731 0.026724 0.03127 0.0662202
2 0.536271 0.250014 0.0432498 0.0452708 0.0661401
2 0.790355 0.528708 0.0347423 0.0448616 0.0659427
2 0.676153 0.756814 0.0301913 0.0347164 0.0658223
2 0.339075 0.586481 0.033406 0.0394008 0.065542
2 0.721854 0.385588 0.0271904 0.0369623 0.0652105
2 0.769034 0.457498 0.0202767 0.0291612 0.0650654
2 0.485597 0.836529 0.0247823 0.0299578 0.0650442
2 0.373138 0.30166 0.0343607 0.0492475 0.0650299
2 0.732267 0.573413 0.0296394 0.0342835 0.0649588
2 0.475932 0.725901 0.0290617 0.0349372 0.064593
2 0.47751 0.726076 0.0311147 0.035766 0.0645209
2 0.462253 0.767994 0.0250969 0.0269161 0.0644678
2 0.402612 0.214484 0.0283845 0.0384436 0.0640642
2 0.476919 0.727058 0.0267844 0.0321023 0.0640196
4 0.395475 0.490882 0.550383 0.962469 0.0640044
2 0.272486 0.431103 0.0195847 0.0288683 0.0639406
2 0.798605 0.414089 0.0194194 0.0260734 0.0638713
2 0.653486 0.212339 0.0389597 0.0476036 0.0636736
2 0.537731 0.252882 0.0374149 0.0482457 0.0636529
2 0.536734 0.247408 0.0416935 0.0414188 0.0635678
2 0.314138 0.247041 0.0296425 0.0294892 0.0633478
2 0.332303 0.0115287 0.0588099 0.0230574 0.0628852
2 0.683445 0.827196 0.0231047 0.0293118 0.0627336
2 0.7444 0.455324 0.0339962 0.037118 0.0619576
2 0.476401 0.726369 0.0318423 0.0374865 0.0615672
2 0.340246 0.641668 0.023895 0.0300389 0.0615525
2 0.472691 0.600477 0.0236005 0.0252329 0.0615267
2 0.33966 0.587044 0.0297805 0.0354506 0.061209
2 0.705961 0.396757 0.0592131 0.0609339 0.0609331
2 0.331607 0.0110187 0.0542442 0.0220374 0.0608237
4 0.536147 0.466232 0.83993 0.929772 0.0608168
2 0.271986 0.431916 0.0209911 0.0298644 0.0607814
2 0.348017 0.350302 0.0443471 0.0523808 0.0606884
2 0.721376 0.409003 0.020923 0.0279169 0.0606867
2 0.302621 0.768974 0.0266575 0.0286622 0.0606695
2 0.461406 0.569413 0.0334778 0.0399546 0.0603651
2 0.30321 0.769038 0.0281844 0.0282037 0.0603123
2 0.683927 0.82768 0.0218062 0.0288283 0.0602363
2 0.331551 0.0110582 0.0556938 0.0221163 0.0601585
2 0.250749 0.43028 0.0214621 0.0309988 0.0598065
2 0.732375 0.572864 0.0283817 0.033215 0.0597722
2 0.444431 0.837219 0.0256942 0.0299992 0.0595819
2 0.597286 0.709222 0.0396409 0.0448654 0.0595199
2 0.596833 0.708977 0.0386172 0.0449548 0.0594984
2 0.339842 0.642026 0.0246914 0.0307787 0.0594283
2 0.453899 0.491078 0.034937 0.0402283 0.0593474
2 0.733136 0.648949 0.0246445 0.0344307 0.0586706
2 0.248906 0.429832 0.0215736 0.0295531 0.0581886
2 0.561026 0.710596 0.0289828 0.0353039 0.0580636
2 0.292139 0.386199 0.026551 0.0327798 0.057438
2 0.583099 0.38064 0.0394986 0.0454288 0.0573344
2 0.371381 0.756171 0.0270257 0.0263733 0.0571527
2 0.339494 0.587498 0.0275423 0.0339117 0.0567746
2 0.602656 0.712646 0.050469 0.0477046 0.0567574
2 0.722548 0.408792 0.0240388 0.0321535 0.0566784
2 0.733936 0.649237 0.0226274 0.0313362 0.0559799
2 0.292377 0.386761 0.0297894 0.0364513 0.0559355
2 0.760809 0.301351 0.0252487 0.0304288 0.0559091
2 0.452962 0.490654 0.0324623 0.0414084 0.0557582
2 0.308858 0.276852 0.0228505 0.0244513 0.055262
4 0.541463 0.478854 0.862959 0.951277 0.0552256
2 0.550951 0.154171 0.0463956 0.0422908 0.0551944
2 0.31108 0.245866 0.0322429 0.0289715 0.0550273
2 0.30916 0.450441 0.0328957 0.0457515 0.0549354
2 0.734245 0.649674 0.026017 0.0338779 0.0544917
2 0.506902 0.488513 0.0334485 0.0382943 0.0544446
2 0.654512 0.209189 0.0367817 0.0434038 0.0543393
2 0.538565 0.253504 0.0390114 0.049874 0.0542511
2 0.683291 0.827034 0.0241478 0.0307532 0.0542046
2 0.372818 0.300019 0.0414929 0.0516479 0.0539889
2 0.676601 0.757405 0.0292902 0.0338005 0.0536072
2 0.309267 0.450661 0.0337583 0.0449457 0.0534665
2 0.417406 0.374806 0.0228639 0.0257551 0.0527549
2 0.712403 0.403565 0.041582 0.0413375 0.0527309
