3 0.506433 0.473262 0.437665 0.539581 0.686579
3 0.505914 0.475408 0.445391 0.53848 0.676131
3 0.503471 0.474124 0.451812 0.542645 0.670399
3 0.505179 0.475804 0.452661 0.543993 0.660812
3 0.504391 0.47257 0.44415 0.536982 0.65774
3 0.503899 0.474318 0.450636 0.539977 0.653749
3 0.508542 0.473654 0.452608 0.540263 0.606156
3 0.505235 0.477087 0.451983 0.542281 0.598411
3 0.50556 0.47733 0.453851 0.542601 0.585543
3 0.50149 0.461825 0.331331 0.345423 0.27065
3 0.50819 0.47062 0.446198 0.530984 0.240221
3 0.498651 0.463136 0.321512 0.347339 0.211212
3 0.489863 0.460141 0.302101 0.345022 0.157418
3 0.516176 0.463325 0.321662 0.338862 0.154818
3 0.517047 0.466153 0.315877 0.341042 0.132662
3 0.505991 0.44918 0.327114 0.307564 0.121055
3 0.483204 0.460287 0.299639 0.348463 0.110831
3 0.514773 0.445653 0.311623 0.282269 0.0739408
3 0.494007 0.446792 0.299221 0.310057 0.0693537
3 0.469349 0.458721 0.262659 0.344865 0.0563153
3 0.531882 0.468764 0.289174 0.327971 0.045371
3 0.521392 0.464474 0.278566 0.322363 0.0424671
3 0.460224 0.460254 0.261075 0.346399 0.0407245
3 0.505117 0.476624 0.45578 0.543294 0.0381343
3 0.496417 0.466724 0.297674 0.331315 0.0277101
3 0.471821 0.445454 0.256081 0.30901 0.0269086
3 0.474175 0.46541 0.275608 0.329837 0.0234141
1 0.506971 0.261832 0.359478 0.114694 0.0200692
3 0.450804 0.460218 0.244945 0.34461 0.0199047
3 0.51817 0.470589 0.291852 0.328813 0.0178538
3 0.516034 0.432699 0.267676 0.241383 0.0174594
5 0.593281 0.520545 0.018538 0.0229434 0.0154727
3 0.447794 0.466497 0.245042 0.325544 0.0150632
3 0.514589 0.422824 0.320253 0.254991 0.0149302
3 0.444554 0.462826 0.242813 0.346786 0.0147461
3 0.514547 0.410999 0.304079 0.219155 0.0133057
3 0.549224 0.472585 0.252764 0.315048 0.0126168
5 0.592329 0.520227 0.0189225 0.0227331 0.0117308
3 0.539212 0.476274 0.260647 0.317239 0.0113042
3 0.538132 0.463892 0.250091 0.302714 0.0101213
