3 0.490554 0.614991 0.483869 0.692382 0.903081
3 0.487689 0.610174 0.479145 0.688092 0.902177
3 0.487902 0.613636 0.477379 0.688968 0.889246
3 0.487697 0.613875 0.479209 0.689388 0.877676
3 0.485891 0.61014 0.47634 0.690832 0.869572
3 0.483899 0.614537 0.48146 0.691046 0.868292
3 0.485099 0.613534 0.479214 0.690704 0.868246
3 0.484887 0.613593 0.479381 0.692311 0.852574
3 0.484961 0.612777 0.481031 0.692106 0.837598
3 0.485797 0.608668 0.477537 0.694723 0.830158
1 0.700154 0.530517 0.0405537 0.280719 0.0211191
1 0.700487 0.520663 0.0415288 0.277547 0.0188428
3 0.489224 0.609227 0.48032 0.689368 0.0171182
1 0.699496 0.538664 0.0400381 0.275834 0.0114525
1 0.0155957 0.473905 0.0293466 0.315231 0.0101952
