0 0.510224 0.509339 0.543991 0.654435 0.749368
0 0.514571 0.518161 0.539461 0.644301 0.736558
0 0.510811 0.503679 0.547366 0.64067 0.731229
0 0.515695 0.51446 0.541095 0.63432 0.71593
0 0.506369 0.526811 0.542947 0.634738 0.679759
0 0.517912 0.507534 0.538132 0.678097 0.660124
0 0.510733 0.517802 0.54017 0.656952 0.643178
0 0.515233 0.44289 0.538749 0.815957 0.633825
0 0.514582 0.522773 0.526362 0.641447 0.622819
5 0.61479 0.462631 0.135734 0.154844 0.249633
5 0.616469 0.462789 0.134086 0.157664 0.248989
0 0.492222 0.51335 0.470344 0.627531 0.21307
5 0.615813 0.465222 0.135362 0.145839 0.185619
5 0.616091 0.464664 0.13702 0.148748 0.18361
5 0.545485 0.592555 0.0273024 0.0361167 0.0619581
5 0.619986 0.464195 0.118133 0.155335 0.0558867
5 0.628682 0.461184 0.10195 0.152392 0.0527281
5 0.619445 0.456196 0.132195 0.166962 0.0476916
5 0.545206 0.592536 0.0286018 0.0362886 0.0461414
5 0.544404 0.592035 0.0319961 0.0385477 0.0387659
5 0.54605 0.593608 0.0340124 0.0401726 0.0362457
5 0.620896 0.458915 0.13171 0.168237 0.0353243
5 0.54606 0.593865 0.031485 0.0421369 0.0315305
2 0.545912 0.593264 0.0343657 0.0399472 0.0305262
5 0.618956 0.464392 0.120369 0.150419 0.0278059
5 0.544451 0.592642 0.0319467 0.039892 0.0268779
5 0.742477 0.628222 0.0268761 0.031517 0.0266437
5 0.62001 0.46182 0.119109 0.156076 0.026626
5 0.522057 0.507635 0.0216382 0.0279718 0.0257096
5 0.742621 0.628255 0.0268131 0.0310233 0.0242308
5 0.619722 0.467606 0.136365 0.189775 0.0238999
5 0.625009 0.451322 0.124259 0.166597 0.0228957
5 0.61801 0.462805 0.135803 0.17724 0.0224948
5 0.615016 0.47092 0.129752 0.138911 0.0212321
3 0.628743 0.45668 0.0992071 0.139232 0.0199816
5 0.741585 0.628426 0.0326649 0.0359551 0.0196987
5 0.522843 0.507829 0.0259137 0.0311844 0.0180372
5 0.546089 0.594551 0.0411251 0.0436282 0.0178154
1 0.478023 0.18177 0.365335 0.0699218 0.0171657
1 0.462376 0.179658 0.312175 0.0658237 0.0168967
5 0.741847 0.628067 0.0316999 0.0354935 0.0168183
5 0.622996 0.461641 0.12733 0.18227 0.0160934
5 0.637119 0.342379 0.0330505 0.0387752 0.0159979
5 0.637335 0.342615 0.0326478 0.039217 0.0156221
5 0.62651 0.540882 0.161035 0.355126 0.0153589
2 0.326942 0.240011 0.09254 0.0516175 0.0148569
5 0.638058 0.342214 0.0272627 0.034553 0.0147554
2 0.302802 0.267502 0.130199 0.146566 0.0146788
0 0.642992 0.546671 0.229375 0.363653 0.014618
5 0.743 0.627939 0.0328604 0.0359116 0.0142705
3 0.63599 0.445338 0.0867665 0.116023 0.01426
2 0.349673 0.238381 0.0410529 0.0403738 0.0137909
5 0.742595 0.628367 0.0337707 0.0357371 0.0127453
5 0.616777 0.472592 0.135548 0.144739 0.0126491
5 0.608524 0.46585 0.116047 0.142409 0.0124923
5 0.521849 0.508081 0.0241913 0.0308309 0.0124815
0 0.511141 0.512846 0.551476 0.685843 0.0124327
5 0.523096 0.508753 0.0273373 0.0342196 0.0118587
5 0.581879 0.497044 0.0550856 0.068917 0.0114963
5 0.619637 0.460399 0.153087 0.180892 0.0107601
2 0.305509 0.271133 0.133232 0.146386 0.0106526
