1 0.46991 0.461961 0.744419 0.858001 0.362528
1 0.470677 0.469866 0.744011 0.864627 0.295955
1 0.475549 0.454438 0.732405 0.856541 0.293678
1 0.488706 0.462771 0.765868 0.850905 0.286085
1 0.482895 0.452434 0.74833 0.844427 0.251266
1 0.449729 0.465257 0.695564 0.833327 0.209533
1 0.485761 0.477253 0.7508 0.875623 0.187895
1 0.461858 0.471592 0.707079 0.847959 0.173871
1 0.447371 0.459447 0.660729 0.82053 0.106466
1 0.457307 0.44545 0.711462 0.84872 0.0606512
1 0.484575 0.48583 0.744519 0.890131 0.0601451
1 0.493821 0.469048 0.762949 0.873697 0.0288474
