3 0.557247 0.477836 0.607382 0.551767 0.691684
3 0.556634 0.477082 0.603347 0.540449 0.641826
3 0.557513 0.477251 0.604282 0.544255 0.603925
3 0.556169 0.477989 0.59354 0.532545 0.561234
3 0.550372 0.479723 0.591525 0.538237 0.54636
3 0.565985 0.475536 0.57427 0.541785 0.490708
3 0.549652 0.481783 0.573561 0.533967 0.474423
3 0.554032 0.476001 0.611751 0.559105 0.473826
3 0.571568 0.478168 0.540293 0.53227 0.41034
2 0.764844 0.412776 0.0365362 0.0388864 0.251381
2 0.765501 0.413482 0.0352988 0.0347339 0.246476
5 0.611604 0.510775 0.0241707 0.0286856 0.21034
2 0.765119 0.413084 0.0359089 0.034813 0.204912
2 0.764111 0.411956 0.0371497 0.0385771 0.200751
5 0.611295 0.510339 0.0254191 0.0298472 0.196766
3 0.572895 0.480178 0.50396 0.544738 0.174056
2 0.766332 0.414401 0.0380313 0.0348315 0.150021
5 0.769752 0.601778 0.062762 0.0938457 0.13782
2 0.766402 0.414219 0.0409341 0.0383587 0.136349
5 0.769235 0.603704 0.0590791 0.0918868 0.126953
2 0.765545 0.413582 0.0392359 0.0379258 0.120934
3 0.370427 0.695097 0.104982 0.191045 0.119224
2 0.76886 0.603668 0.0561531 0.0889905 0.11152
2 0.769998 0.601777 0.0545879 0.0903225 0.107727
2 0.769387 0.601783 0.0582836 0.0939741 0.100526
5 0.612022 0.51028 0.032708 0.0348198 0.088658
5 0.769716 0.603342 0.067386 0.0975734 0.0839173
5 0.769052 0.605278 0.0607377 0.0930511 0.0833263
5 0.612114 0.511033 0.0315748 0.033876 0.0789413
3 0.366951 0.690781 0.117173 0.183634 0.0767981
5 0.610537 0.510471 0.0303822 0.0321218 0.0728729
5 0.610741 0.510509 0.0316138 0.0349517 0.0723142
5 0.701492 0.885404 0.0305214 0.0346146 0.0668699
2 0.765994 0.413236 0.0429105 0.0415624 0.0644278
2 0.768398 0.604448 0.0544054 0.0890433 0.0635231
2 0.370242 0.680632 0.109331 0.167407 0.0631894
5 0.839597 0.787112 0.0221315 0.02356 0.062928
5 0.610809 0.510031 0.0325901 0.0396005 0.0585962
5 0.771655 0.603354 0.0840462 0.102569 0.0584399
5 0.769779 0.601937 0.0799534 0.100162 0.05718
5 0.701299 0.885826 0.0264439 0.0299406 0.0559408
5 0.700815 0.88551 0.0338406 0.0379261 0.0556056
2 0.769879 0.603545 0.0532593 0.0902164 0.0495277
0 0.373992 0.694882 0.109405 0.194894 0.0492598
0 0.338404 0.742499 0.176126 0.289617 0.0485809
2 0.368685 0.688953 0.113586 0.181684 0.0483509
3 0.374198 0.681038 0.102826 0.165503 0.0478724
2 0.766254 0.414618 0.0446795 0.0408349 0.0462942
5 0.840448 0.785809 0.0243941 0.027412 0.0455909
2 0.374581 0.691732 0.106622 0.19041 0.0445341
5 0.700875 0.885865 0.030562 0.0351737 0.0444422
3 0.372556 0.697688 0.104563 0.193801 0.0438485
2 0.768622 0.6049 0.0541051 0.0890154 0.0411799
5 0.700438 0.886143 0.0321935 0.0363336 0.0411505
3 0.58844 0.528159 0.315092 0.387982 0.040938
2 0.769362 0.602018 0.0589154 0.0929995 0.0397547
0 0.363373 0.740513 0.134633 0.28294 0.0397018
5 0.701815 0.885305 0.0368345 0.0396817 0.038929
3 0.552751 0.499945 0.615008 0.619265 0.0382246
5 0.364206 0.841567 0.0603608 0.126401 0.0369501
3 0.57886 0.392346 0.35636 0.328502 0.0353363
5 0.70211 0.884523 0.03524 0.0363583 0.034737
3 0.587299 0.556142 0.317362 0.351954 0.0346377
3 0.58239 0.545886 0.339909 0.37239 0.0344312
3 0.37337 0.683876 0.0997184 0.167186 0.0320014
3 0.367574 0.698105 0.11003 0.206613 0.0312043
3 0.573641 0.573324 0.343886 0.339898 0.0311689
3 0.566311 0.320121 0.378431 0.192096 0.0310194
5 0.700736 0.885775 0.0345381 0.0399186 0.0284942
2 0.762525 0.403405 0.0413505 0.0647228 0.0282078
0 0.35338 0.747052 0.217268 0.30034 0.0272648
5 0.609894 0.509866 0.0391836 0.0423017 0.0271849
3 0.581651 0.508564 0.331437 0.370366 0.0270081
5 0.610734 0.513524 0.0366252 0.0450919 0.0258331
5 0.852645 0.747294 0.0211615 0.0276367 0.0257073
3 0.564982 0.388595 0.401834 0.315403 0.0256509
3 0.587181 0.513709 0.326669 0.406959 0.0252024
3 0.585311 0.426255 0.350418 0.392004 0.0247331
5 0.412175 0.462697 0.0577427 0.0865337 0.0246339
2 0.342539 0.707507 0.167771 0.219112 0.0243668
3 0.319259 0.408857 0.119562 0.3924 0.0238093
3 0.579006 0.582455 0.329163 0.313644 0.0236462
2 0.762701 0.402478 0.0434362 0.0696394 0.0235951
3 0.561223 0.581401 0.324697 0.327133 0.0234348
3 0.599782 0.533367 0.295592 0.380735 0.0228437
3 0.590022 0.472906 0.334926 0.440932 0.0221908
5 0.611436 0.51006 0.0394448 0.0436899 0.0221648
5 0.839346 0.787474 0.0232682 0.0237636 0.0217827
3 0.319082 0.410731 0.118986 0.387448 0.0216022
3 0.590755 0.451702 0.341804 0.421632 0.0215734
5 0.413143 0.47836 0.0481611 0.0503889 0.0211658
0 0.76905 0.604946 0.0555872 0.0926858 0.0210883
3 0.572158 0.44666 0.367607 0.41121 0.0210465
3 0.571573 0.475253 0.370577 0.452676 0.0204667
3 0.566563 0.324558 0.420513 0.194534 0.0200314
3 0.571456 0.425008 0.375747 0.385635 0.0189877
2 0.347113 0.685118 0.152017 0.177392 0.0189442
3 0.606563 0.469035 0.470858 0.55711 0.0189411
5 0.413323 0.44298 0.0623383 0.125226 0.0189181
5 0.774389 0.60721 0.0904862 0.107175 0.0187777
2 0.419388 0.398506 0.0816019 0.211444 0.0187598
5 0.701064 0.884693 0.0403041 0.0431237 0.0187369
5 0.414644 0.48134 0.0446173 0.0428831 0.0184375
3 0.599894 0.515864 0.319136 0.409371 0.0184054
3 0.575433 0.54688 0.348441 0.375925 0.0183985
3 0.590388 0.497982 0.34262 0.450042 0.0182479
5 0.411031 0.458504 0.0554079 0.0927138 0.0179579
5 0.368707 0.837483 0.0723435 0.135602 0.0178523
4 0.310722 0.402336 0.11196 0.410138 0.0177358
3 0.569307 0.319033 0.351275 0.193569 0.0167213
3 0.577978 0.395442 0.333677 0.339205 0.0166281
3 0.534464 0.594078 0.323199 0.304469 0.016594
5 0.357702 0.843764 0.0561675 0.121997 0.0165282
2 0.409054 0.35819 0.0505663 0.12908 0.0163464
2 0.420527 0.393557 0.0824618 0.204164 0.0160318
5 0.365304 0.839336 0.0623295 0.128911 0.0159541
3 0.588464 0.443094 0.337074 0.403798 0.0156245
5 0.411652 0.43318 0.0570937 0.143808 0.0155773
3 0.360723 0.695787 0.115468 0.193325 0.0154707
5 0.852478 0.746467 0.0254747 0.0315232 0.0149191
3 0.590142 0.533361 0.374542 0.486714 0.0148163
5 0.840196 0.786292 0.0262945 0.0277742 0.0147947
3 0.59247 0.514441 0.359843 0.480174 0.0146119
3 0.568957 0.495087 0.358377 0.399178 0.0145252
3 0.31237 0.405264 0.10666 0.410482 0.0144489
3 0.595929 0.477544 0.329614 0.458323 0.0144227
3 0.615957 0.530521 0.383954 0.477513 0.0142413
5 0.769925 0.602402 0.0788877 0.0987906 0.0140903
5 0.41178 0.468909 0.0527197 0.0692198 0.0137838
3 0.60131 0.56004 0.288565 0.334741 0.0137241
5 0.411657 0.408125 0.04044 0.241811 0.0136115
3 0.584594 0.507373 0.325051 0.359983 0.0136067
3 0.605161 0.502191 0.332607 0.443183 0.0133609
3 0.617377 0.520394 0.374402 0.468368 0.0129264
3 0.598428 0.473687 0.306946 0.44175 0.0127259
5 0.370162 0.827502 0.0727349 0.156652 0.0123186
3 0.455451 0.326203 0.42784 0.319816 0.0121472
5 0.852493 0.746819 0.021502 0.0280243 0.0119161
0 0.348452 0.750571 0.18941 0.305549 0.0119126
3 0.567537 0.485502 0.380865 0.500178 0.011856
3 0.378107 0.693295 0.0975059 0.207947 0.0117027
5 0.413649 0.477942 0.0494763 0.0518329 0.0112895
3 0.659615 0.580808 0.1665 0.238795 0.0111138
3 0.545514 0.308171 0.428658 0.177595 0.0111118
3 0.626492 0.6048 0.174108 0.231613 0.0110252
2 0.411411 0.36544 0.0537537 0.144524 0.011017
3 0.581453 0.426288 0.327255 0.39519 0.0107506
3 0.584297 0.42309 0.347038 0.37556 0.0106806
4 0.308688 0.40281 0.116048 0.420312 0.0105947
3 0.581125 0.383524 0.388909 0.299592 0.0105882
2 0.372946 0.707213 0.112909 0.21883 0.010584
5 0.720616 0.627686 0.01645 0.0190345 0.0105326
5 0.83929 0.779759 0.0299235 0.03633 0.0105045
5 0.761858 0.411587 0.0448994 0.0465772 0.0103901
3 0.556215 0.475225 0.608512 0.554973 0.0103389
5 0.414201 0.403603 0.0607721 0.200967 0.0101983
3 0.613397 0.607586 0.170753 0.232328 0.0101844
