0 0.467632 0.567024 0.432139 0.631626 0.89247
0 0.467615 0.5678 0.434879 0.639094 0.887676
0 0.469222 0.566857 0.433926 0.631338 0.887162
0 0.465972 0.571419 0.433578 0.638751 0.882443
0 0.467788 0.568106 0.431652 0.633064 0.849863
0 0.467342 0.572328 0.435223 0.641552 0.831717
0 0.468545 0.569929 0.428919 0.624784 0.765086
0 0.465457 0.566931 0.435028 0.646586 0.589264
0 0.468858 0.575622 0.429013 0.607035 0.57811
0 0.468742 0.568396 0.429249 0.625656 0.2239
5 0.365532 0.71428 0.0491537 0.0555173 0.208322
5 0.365853 0.715136 0.042922 0.0500748 0.197958
5 0.365339 0.715226 0.0427873 0.0500706 0.191117
5 0.365107 0.715011 0.0428962 0.0499657 0.189999
5 0.364961 0.715723 0.0459634 0.0531413 0.177161
5 0.365319 0.716554 0.0450286 0.0525958 0.168512
5 0.365333 0.715641 0.0442011 0.0507605 0.166472
5 0.365807 0.715052 0.0527615 0.0598805 0.15737
5 0.365653 0.71509 0.051324 0.0587729 0.139988
5 0.457097 0.851518 0.0212081 0.0271072 0.124751
5 0.535465 0.788411 0.0290146 0.0349086 0.114394
5 0.418671 0.714427 0.0416757 0.0479042 0.101912
5 0.456861 0.851613 0.0230488 0.0291122 0.0962581
5 0.457535 0.85116 0.0242906 0.029421 0.0918048
5 0.445257 0.618307 0.0415541 0.0433115 0.0895946
5 0.417222 0.714749 0.0422166 0.0465531 0.089229
5 0.417669 0.714383 0.0425875 0.0481634 0.0879407
5 0.444987 0.617726 0.0462008 0.0483738 0.0874602
5 0.535255 0.788513 0.0318793 0.0349139 0.0867397
5 0.445425 0.618273 0.0423884 0.041938 0.086568
5 0.417852 0.714485 0.0412013 0.0465818 0.0817058
5 0.515322 0.623539 0.040211 0.0525557 0.0813056
5 0.538851 0.826843 0.0312012 0.0352218 0.0799329
5 0.417927 0.714801 0.0496823 0.0604338 0.0769048
5 0.444982 0.617831 0.0456774 0.048051 0.0764886
5 0.418175 0.714934 0.0462039 0.0531235 0.0762542
5 0.457712 0.851894 0.0256943 0.0306409 0.0724079
5 0.445343 0.617703 0.0408528 0.0428037 0.0719977
5 0.365769 0.713929 0.0570468 0.0604369 0.0703116
5 0.535859 0.788169 0.0286511 0.0354263 0.0698362
5 0.441112 0.525051 0.0644351 0.0664986 0.068284
5 0.444706 0.617236 0.0471462 0.049107 0.06802
5 0.535463 0.788105 0.031977 0.035465 0.0667826
5 0.515632 0.622638 0.0443587 0.0538013 0.0662217
5 0.51507 0.622418 0.0379333 0.0505221 0.065459
5 0.53853 0.827107 0.0299556 0.0353829 0.0636766
5 0.417544 0.715243 0.0426596 0.0482125 0.0634679
5 0.366181 0.716047 0.0572563 0.0656285 0.0624258
5 0.515041 0.624094 0.0457938 0.0545434 0.0600854
5 0.440604 0.524606 0.0589294 0.0575497 0.0598886
5 0.534238 0.787958 0.0367713 0.0390366 0.0597629
5 0.445312 0.617643 0.041956 0.0423669 0.0597227
5 0.440524 0.525598 0.0617783 0.0630796 0.0595586
5 0.441404 0.525593 0.0635751 0.0663715 0.0576043
5 0.444653 0.617081 0.0477565 0.0481336 0.0571512
5 0.36673 0.715874 0.0525061 0.0616222 0.055845
5 0.359452 0.544065 0.0310186 0.043637 0.0552322
5 0.358608 0.544181 0.032976 0.0450765 0.0522565
5 0.440746 0.524339 0.0627491 0.0605343 0.050997
5 0.358841 0.544105 0.0326207 0.0458744 0.0504081
5 0.646502 0.568608 0.0483384 0.0643638 0.0501535
5 0.581548 0.774552 0.0405414 0.0486061 0.0495032
5 0.417822 0.715215 0.0430916 0.0502104 0.0489427
5 0.359073 0.544105 0.0313494 0.0428603 0.0487265
5 0.533965 0.788434 0.0364938 0.0409088 0.0486303
5 0.514726 0.622134 0.0359471 0.0490773 0.0474767
5 0.515203 0.623261 0.0422567 0.0539707 0.0470156
5 0.359068 0.544662 0.0365115 0.049337 0.0446686
5 0.514632 0.622552 0.0386941 0.0517116 0.0439724
5 0.457276 0.852051 0.0276729 0.0381938 0.043832
5 0.646536 0.566997 0.0483091 0.060636 0.0438293
5 0.36537 0.714137 0.056355 0.0606547 0.0433496
5 0.359167 0.545084 0.0350008 0.0467021 0.0432801
5 0.538898 0.827965 0.0324421 0.0359682 0.0431034
5 0.495086 0.724456 0.0274345 0.0381522 0.0415892
5 0.581305 0.774383 0.0420645 0.0499344 0.0403628
5 0.440912 0.523412 0.0575216 0.056574 0.0403466
5 0.44097 0.525322 0.0605639 0.0611541 0.0399427
5 0.5814 0.773623 0.0345883 0.044505 0.0385167
5 0.456693 0.851479 0.0314054 0.0377205 0.0379595
5 0.446517 0.618689 0.0480967 0.0479769 0.0370505
5 0.430308 0.849162 0.0194369 0.0253796 0.0359285
5 0.442703 0.617341 0.0552753 0.0578987 0.0357689
5 0.514839 0.622527 0.0397444 0.0517487 0.0357682
5 0.360467 0.546394 0.0390382 0.0529426 0.0356883
5 0.360703 0.54635 0.0386482 0.0521974 0.0352529
2 0.646563 0.56723 0.0444177 0.0589453 0.0346467
5 0.495041 0.72549 0.0266307 0.0402766 0.0339015
5 0.581471 0.773646 0.0343052 0.0452108 0.0336627
5 0.418873 0.715592 0.0482489 0.0567368 0.0335547
2 0.436786 0.30926 0.033454 0.0404601 0.0327345
5 0.581354 0.7736 0.0344938 0.0467329 0.0322757
2 0.537926 0.319705 0.0316755 0.0436461 0.0322515
5 0.534617 0.788005 0.0358935 0.0427188 0.0313622
5 0.369331 0.716816 0.0622977 0.0615483 0.0312174
5 0.441296 0.52413 0.059023 0.0636965 0.0307452
5 0.581235 0.773621 0.0349469 0.0475592 0.0301807
5 0.53899 0.827588 0.0319116 0.0366428 0.0297242
5 0.495222 0.727316 0.0399867 0.0519823 0.0296733
5 0.607478 0.742868 0.02433 0.0320788 0.0296303
5 0.320707 0.532321 0.0394899 0.0505307 0.0294105
5 0.618674 0.419983 0.049563 0.0494569 0.0290687
5 0.514813 0.622348 0.047942 0.0568846 0.0290093
5 0.44167 0.524636 0.0699517 0.0753104 0.0289902
2 0.619899 0.419909 0.0496937 0.049113 0.0289718
5 0.516276 0.622365 0.0446308 0.0548011 0.0289268
5 0.442451 0.522902 0.061963 0.0578788 0.0287121
5 0.623878 0.51546 0.0388286 0.0415721 0.0282229
5 0.360277 0.546203 0.0415721 0.0535392 0.0281662
5 0.534724 0.787891 0.0388291 0.0430786 0.0278292
2 0.437651 0.310839 0.0321378 0.0371878 0.0261305
5 0.618286 0.420629 0.0439887 0.0428212 0.0249589
5 0.581171 0.773077 0.0361524 0.049515 0.0245233
5 0.436099 0.3105 0.0437775 0.043215 0.0243914
5 0.320029 0.532329 0.0375362 0.0490719 0.0241726
5 0.32069 0.536029 0.0416948 0.0499093 0.0238138
2 0.645841 0.568592 0.0430037 0.0586775 0.0237119
5 0.495092 0.72794 0.0392816 0.0560075 0.0232308
5 0.365436 0.714152 0.0660856 0.0717312 0.022977
5 0.536972 0.826129 0.0371506 0.0408488 0.0229454
5 0.623924 0.515617 0.0348247 0.0410803 0.0229396
5 0.618252 0.420834 0.0432087 0.0433867 0.0226725
5 0.60887 0.742948 0.0272673 0.0365851 0.0223712
5 0.618558 0.419756 0.0500434 0.0487367 0.0222975
5 0.320761 0.531421 0.0376388 0.0479407 0.0221519
5 0.617651 0.420823 0.051493 0.0500057 0.0216498
5 0.537765 0.319451 0.0353147 0.0451987 0.0215343
2 0.43571 0.30921 0.0376272 0.0441486 0.0211915
2 0.537742 0.3197 0.0353659 0.0433844 0.0206338
2 0.620162 0.419757 0.0501047 0.0484619 0.0205909
5 0.617761 0.420107 0.0512468 0.0495156 0.0205461
5 0.418336 0.716642 0.0551251 0.0624412 0.0205275
5 0.437518 0.851692 0.0334633 0.0320127 0.0204135
2 0.474254 0.286963 0.0349681 0.048134 0.0203789
5 0.500426 0.728101 0.0452511 0.055272 0.0203286
5 0.446446 0.618422 0.0492112 0.0489291 0.0203189
5 0.295754 0.579281 0.0247437 0.0276377 0.0203047
2 0.436092 0.311372 0.0366514 0.0428317 0.0201925
5 0.623967 0.51565 0.038521 0.0396172 0.020132
5 0.60685 0.741854 0.0250109 0.0335856 0.019873
5 0.320017 0.531591 0.0363564 0.0463 0.0198724
5 0.365738 0.716213 0.0499964 0.0642293 0.0197514
5 0.494707 0.726904 0.0320216 0.0444049 0.0194106
5 0.31991 0.531993 0.0361815 0.0459967 0.0193537
5 0.3695 0.34812 0.0339017 0.0397958 0.0190646
5 0.295562 0.579503 0.0229826 0.0253198 0.0190276
5 0.623918 0.515336 0.0345159 0.0393143 0.0185598
5 0.44614 0.618566 0.0446526 0.047553 0.0183693
2 0.53812 0.320003 0.0379801 0.0454499 0.0183335
5 0.321208 0.534432 0.0434052 0.0524047 0.0182772
5 0.536841 0.319371 0.0309464 0.0424243 0.0181804
5 0.64857 0.566844 0.0486822 0.0644243 0.0180635
5 0.320329 0.53157 0.0382567 0.0483708 0.0175944
5 0.581637 0.773146 0.0370548 0.0512094 0.017475
5 0.618684 0.420321 0.0431907 0.0428275 0.0172102
5 0.418991 0.713795 0.0512328 0.0565106 0.0170229
5 0.370042 0.348421 0.0318578 0.0381551 0.0170217
5 0.495374 0.724313 0.0303907 0.0397408 0.0169614
2 0.537551 0.318908 0.0267113 0.040623 0.0169342
5 0.369394 0.348399 0.0289461 0.0348499 0.0167517
5 0.370151 0.348828 0.0295188 0.0349135 0.0166788
5 0.537411 0.81953 0.0351058 0.0359531 0.0166444
5 0.618147 0.420101 0.0436251 0.0423421 0.0164909
5 0.645471 0.566761 0.043356 0.0559323 0.0157132
5 0.581893 0.774658 0.0362878 0.0484813 0.0156418
5 0.645149 0.566979 0.0429539 0.0559217 0.0155688
5 0.527153 0.494667 0.0382362 0.0514536 0.0152489
5 0.443752 0.523795 0.0640315 0.0615977 0.0151664
2 0.385263 0.311469 0.032314 0.0404195 0.0150353
5 0.621433 0.515819 0.0451015 0.0469351 0.0148945
5 0.418092 0.715991 0.0590979 0.0668488 0.0148339
5 0.581509 0.775135 0.0380147 0.0486949 0.0147798
5 0.366444 0.71575 0.0501405 0.065419 0.0146437
5 0.60767 0.741881 0.0280063 0.0365771 0.0144166
2 0.43363 0.309261 0.0413031 0.0424706 0.0143097
5 0.499402 0.727946 0.05513 0.0689135 0.0142427
5 0.445986 0.617015 0.0519242 0.0523715 0.0142415
5 0.527896 0.495833 0.0453737 0.0588804 0.0141938
5 0.596936 0.756216 0.050446 0.0665193 0.0141613
5 0.534522 0.317231 0.0472175 0.0526617 0.0139804
0 0.466682 0.566525 0.437198 0.644563 0.0138322
5 0.3519 0.488576 0.0246722 0.0317555 0.0136821
2 0.431497 0.309996 0.0472752 0.04509 0.0136674
5 0.527781 0.493856 0.0350575 0.0471551 0.0136462
5 0.351713 0.489194 0.0245922 0.034187 0.0132922
5 0.527831 0.494251 0.0348582 0.0468708 0.0132381
5 0.430256 0.84994 0.0291402 0.0355353 0.013179
2 0.540809 0.321346 0.0488655 0.0540177 0.0130873
5 0.451002 0.85256 0.0420841 0.0359856 0.0127612
5 0.51615 0.622541 0.0528091 0.0614231 0.0127466
5 0.535167 0.318819 0.0488545 0.0546197 0.0125729
5 0.321011 0.535955 0.0409799 0.0524457 0.0125704
5 0.515721 0.622534 0.0509901 0.059135 0.0125412
5 0.29516 0.578043 0.0301101 0.0328989 0.0124253
5 0.53541 0.812193 0.0480055 0.0938598 0.0123293
5 0.294674 0.57891 0.0295943 0.0325133 0.0121634
5 0.527033 0.494431 0.039255 0.050973 0.0117422
5 0.352884 0.489288 0.0280148 0.0369851 0.0116146
5 0.417347 0.713817 0.0507761 0.056529 0.0114249
2 0.437114 0.310957 0.0393688 0.0413703 0.0113814
5 0.527102 0.493981 0.0353765 0.0476867 0.0111137
5 0.443795 0.852094 0.0527587 0.0411941 0.0110937
5 0.441844 0.524116 0.0602862 0.0631441 0.0110873
2 0.474516 0.285835 0.0339276 0.0464796 0.0110727
5 0.621562 0.516066 0.0430276 0.045081 0.0108996
5 0.535744 0.687203 0.0291607 0.0375163 0.0108866
5 0.51341 0.623426 0.0492844 0.0604373 0.0108177
5 0.5355 0.687345 0.0246517 0.0351758 0.0107311
2 0.385844 0.311791 0.033998 0.0421548 0.0105181
5 0.610606 0.744757 0.0374097 0.0441081 0.0104058
5 0.530188 0.309816 0.0479004 0.0570152 0.0103585
5 0.444271 0.851143 0.0560484 0.0354635 0.0102337
5 0.501958 0.730387 0.0495921 0.057028 0.0102326
2 0.385501 0.311196 0.0306923 0.035218 0.0101533
5 0.352951 0.48932 0.0284195 0.0365244 0.0100237
5 0.536077 0.828643 0.0468615 0.0478727 0.0100194
