3 0.611711 0.376187 0.479905 0.656348 0.626408
3 0.612723 0.377687 0.478743 0.647767 0.623961
3 0.615158 0.378457 0.489145 0.660327 0.613689
3 0.61407 0.380608 0.484156 0.662033 0.601429
3 0.61658 0.379558 0.490078 0.668899 0.587693
3 0.614191 0.380946 0.488263 0.668453 0.557883
3 0.610278 0.376102 0.480341 0.667718 0.540199
3 0.612302 0.380315 0.488408 0.668555 0.497276
3 0.613283 0.380016 0.491131 0.672952 0.460656
3 0.611257 0.376823 0.478698 0.65665 0.352859
3 0.614303 0.381129 0.484343 0.677188 0.0927382
3 0.580861 0.395319 0.305372 0.371381 0.0182203
3 0.622148 0.249243 0.476514 0.423108 0.0166272
3 0.579114 0.410875 0.312614 0.388446 0.0151039
3 0.568026 0.434035 0.282542 0.387606 0.0139903
3 0.5647 0.450844 0.279769 0.382169 0.0133786
3 0.571234 0.417344 0.285804 0.369183 0.0127505
3 0.579025 0.431729 0.316477 0.398211 0.0118829
3 0.579004 0.455163 0.318279 0.40394 0.0117494
3 0.584819 0.38041 0.294235 0.332252 0.0105689
