1 0.508295 0.449935 0.556392 0.770285 0.718238
1 0.499316 0.453139 0.568242 0.770173 0.715869
1 0.499342 0.442458 0.573642 0.775838 0.712979
1 0.500291 0.452438 0.56726 0.769999 0.709715
1 0.498479 0.453014 0.581176 0.768089 0.674868
1 0.497936 0.441653 0.585416 0.78112 0.670521
1 0.498178 0.453967 0.574943 0.769613 0.662994
1 0.506126 0.448732 0.559571 0.770101 0.636666
1 0.497506 0.456204 0.574156 0.769683 0.613748
1 0.496793 0.454255 0.578461 0.766971 0.611967
5 0.563305 0.705085 0.0528715 0.0590586 0.337394
5 0.565293 0.705123 0.0648656 0.0653247 0.296119
5 0.530325 0.342198 0.0329817 0.0363288 0.289701
5 0.529972 0.343348 0.0330805 0.0365998 0.28969
5 0.478783 0.322359 0.0221678 0.0216347 0.287922
5 0.563339 0.705572 0.0505307 0.0569006 0.278337
5 0.530525 0.342229 0.0311269 0.0340841 0.276751
5 0.564051 0.705627 0.0549477 0.0605589 0.274225
5 0.564249 0.706409 0.0497169 0.0573294 0.268847
5 0.380241 0.39347 0.0517302 0.0948497 0.26589
5 0.530671 0.342405 0.0312483 0.0340785 0.265116
5 0.479732 0.204821 0.0247756 0.0248001 0.261761
5 0.379121 0.392009 0.0580676 0.0964914 0.260307
5 0.563342 0.705837 0.0494152 0.0562792 0.253689
5 0.56169 0.705913 0.0640806 0.066378 0.247436
5 0.379052 0.392348 0.0515415 0.0951102 0.239703
5 0.378314 0.391137 0.0594168 0.0970895 0.237261
5 0.379051 0.393621 0.0478306 0.0928435 0.229351
5 0.561559 0.705004 0.068212 0.0675501 0.228933
5 0.37928 0.391293 0.068075 0.0995644 0.222307
5 0.531406 0.341798 0.0378189 0.0393149 0.207489
5 0.563558 0.706739 0.0466572 0.0555219 0.204838
5 0.47926 0.205324 0.0293383 0.0303267 0.203582
5 0.563824 0.70427 0.0720071 0.0681028 0.200527
5 0.563467 0.705914 0.0687207 0.0672718 0.1947
5 0.5633 0.706244 0.0485854 0.0549471 0.1921
5 0.562778 0.705315 0.0523784 0.0590253 0.18935
5 0.531501 0.342807 0.0376422 0.0393543 0.185431
5 0.378273 0.391652 0.0618956 0.0977518 0.18442
5 0.486371 0.297429 0.0297892 0.0264938 0.160544
5 0.486517 0.296912 0.031713 0.0270088 0.156514
5 0.509914 0.686268 0.0373366 0.0391215 0.147962
5 0.484485 0.298082 0.0342651 0.0289162 0.145247
1 0.500915 0.447646 0.565182 0.757604 0.144898
5 0.564874 0.706578 0.0673019 0.0673862 0.144731
5 0.510339 0.686847 0.0379376 0.0405953 0.139901
5 0.378051 0.391316 0.06946 0.0983323 0.137367
5 0.530932 0.343074 0.040563 0.0436367 0.132658
5 0.524184 0.0412911 0.0439571 0.0445455 0.132438
5 0.509823 0.686801 0.0412844 0.0425463 0.131576
5 0.529223 0.34304 0.0409375 0.0448405 0.128265
5 0.510201 0.686868 0.036513 0.037799 0.12682
5 0.510475 0.686551 0.0370969 0.0394605 0.12464
5 0.523474 0.0416772 0.043954 0.0440624 0.124429
5 0.528928 0.341044 0.0400928 0.0448362 0.123355
5 0.478869 0.204485 0.0314658 0.0310635 0.123058
5 0.480349 0.20405 0.0323187 0.0325889 0.12145
5 0.377399 0.391947 0.056515 0.0947302 0.11891
5 0.479352 0.20334 0.0311673 0.0326222 0.11689
5 0.509867 0.687144 0.0413974 0.0422386 0.116855
5 0.480411 0.205007 0.0349228 0.0356718 0.111632
5 0.564736 0.705975 0.0759071 0.0733926 0.110464
5 0.379843 0.390816 0.0863166 0.10181 0.109069
5 0.508817 0.686649 0.0436774 0.0443934 0.106271
5 0.509285 0.686411 0.04419 0.0460569 0.103589
5 0.479038 0.205025 0.0336505 0.0357815 0.10334
5 0.478375 0.323783 0.0289411 0.0292984 0.103078
5 0.530528 0.343123 0.0482715 0.0478545 0.0968224
5 0.530697 0.341115 0.0388187 0.0441268 0.0957484
5 0.461696 0.0556662 0.0423634 0.0398766 0.0935905
1 0.499313 0.449025 0.5717 0.760555 0.0888193
5 0.460976 0.0555145 0.0421776 0.0411028 0.0882342
5 0.483343 0.305296 0.0356357 0.0428596 0.0837048
5 0.37837 0.391528 0.0646202 0.0979053 0.0814551
5 0.479429 0.322566 0.0319019 0.0286566 0.0811631
5 0.380652 0.392037 0.0710902 0.100368 0.0809887
5 0.379047 0.388097 0.0410384 0.0822587 0.0789429
5 0.5225 0.0417455 0.0483651 0.0501918 0.0752784
5 0.480518 0.203407 0.035758 0.0379502 0.0749281
5 0.478315 0.203421 0.036733 0.0366469 0.0706967
5 0.481462 0.320481 0.0338289 0.0318117 0.0689975
5 0.383092 0.391009 0.0921494 0.10421 0.0657438
5 0.508062 0.687254 0.0477835 0.0500317 0.0632722
5 0.461834 0.0548655 0.044443 0.0376051 0.0566748
5 0.380687 0.390778 0.0795671 0.0992177 0.0559657
5 0.524412 0.0405064 0.0573048 0.0534751 0.0544313
5 0.482892 0.310168 0.0422166 0.0487942 0.0533263
5 0.378943 0.385748 0.0355026 0.0738029 0.0512989
5 0.460679 0.0557096 0.0370917 0.0332963 0.0477184
5 0.584602 0.423199 0.0292383 0.0316728 0.0472156
5 0.485873 0.295212 0.0372082 0.0346938 0.0470927
5 0.532307 0.340263 0.045055 0.0471708 0.0469103
5 0.584045 0.423403 0.0272842 0.0284631 0.0452992
5 0.564731 0.704372 0.0857445 0.0764855 0.0451205
5 0.525894 0.341552 0.0489767 0.0491083 0.0448804
5 0.461042 0.0551501 0.0372065 0.0325019 0.044829
5 0.484408 0.302703 0.0441911 0.0470797 0.0412012
5 0.479442 0.322904 0.0348603 0.0357429 0.0401988
5 0.509592 0.684234 0.0429952 0.0481014 0.0381676
5 0.462426 0.0549642 0.0500785 0.0466026 0.0367766
5 0.486968 0.295619 0.0355919 0.0350603 0.0357601
5 0.523915 0.0415103 0.0404019 0.0415475 0.0350169
5 0.583659 0.424715 0.0331367 0.0368882 0.0348897
5 0.583317 0.423779 0.035566 0.0369031 0.0340871
5 0.513907 0.68928 0.0516304 0.0550479 0.0322394
5 0.585295 0.424146 0.03442 0.0366193 0.0317044
5 0.337927 0.115344 0.0344556 0.0327921 0.0314053
5 0.524436 0.0408895 0.0524958 0.0493207 0.0305188
5 0.524438 0.342406 0.0478108 0.0433932 0.030446
5 0.541744 0.696714 0.111065 0.074382 0.0296903
5 0.523949 0.0416452 0.040486 0.0405398 0.028374
5 0.510321 0.683964 0.0459608 0.0491066 0.0278901
5 0.585545 0.423856 0.0349838 0.0376362 0.0278543
5 0.584274 0.426771 0.0354392 0.0381907 0.0258293
5 0.56592 0.70444 0.061316 0.0695662 0.0217351
5 0.038991 0.965181 0.0779821 0.0696381 0.0211668
5 0.582956 0.426347 0.0379442 0.0437349 0.0210238
5 0.564871 0.70412 0.05586 0.0667448 0.0204106
5 0.0449514 0.962356 0.0899027 0.0752879 0.0201893
5 0.523317 0.0420577 0.0442204 0.0457893 0.0199485
5 0.376225 0.392907 0.0794012 0.100363 0.0198081
5 0.507468 0.683749 0.055182 0.0563398 0.0193657
1 0.300094 0.475865 0.180769 0.870274 0.0192555
5 0.585162 0.426936 0.0387489 0.0424776 0.0188379
5 0.524273 0.0416691 0.0401003 0.0417471 0.0185514
5 0.487483 0.295511 0.0454814 0.0361052 0.0173644
1 0.301226 0.510269 0.182784 0.952968 0.0173235
5 0.480029 0.322813 0.0369672 0.0373974 0.0172721
1 0.322575 0.460277 0.227508 0.798594 0.0157153
5 0.386209 0.394515 0.0986835 0.104193 0.0151244
5 0.51279 0.689023 0.0534913 0.0521603 0.0150266
5 0.524099 0.0419356 0.0402035 0.0408066 0.0147917
5 0.338184 0.11561 0.0330185 0.0306219 0.0145702
1 0.490496 0.713642 0.472573 0.242315 0.0145549
5 0.460811 0.0551422 0.0374571 0.0343503 0.0139993
5 0.461568 0.0549905 0.0453845 0.0396159 0.0131693
5 0.459066 0.0545607 0.0463291 0.0441465 0.013111
5 0.461021 0.0552995 0.0385594 0.035406 0.0129049
5 0.55855 0.703494 0.0877063 0.078499 0.0123417
1 0.5032 0.216095 0.560903 0.29558 0.0116645
5 0.338011 0.115097 0.0319391 0.0311013 0.0109658
1 0.491898 0.213739 0.55208 0.288493 0.0109404
5 0.526408 0.343347 0.0567788 0.0548144 0.0106886
