3 0.43853 0.481572 0.444123 0.463078 0.914487
3 0.439877 0.477747 0.445433 0.458562 0.912384
3 0.437353 0.48047 0.439069 0.460822 0.909458
3 0.441489 0.476764 0.445523 0.45548 0.904314
3 0.437728 0.477586 0.439826 0.459078 0.897666
3 0.437845 0.476604 0.440953 0.45819 0.894305
3 0.437442 0.478707 0.43937 0.458848 0.883434
3 0.436114 0.47655 0.44069 0.457373 0.872555
3 0.437468 0.473566 0.439698 0.459836 0.87183
3 0.442744 0.476221 0.430562 0.452673 0.797588
5 0.503255 0.506914 0.0221054 0.0276621 0.103098
5 0.503564 0.506316 0.0275094 0.0342647 0.0743118
5 0.502613 0.507173 0.0270928 0.0314654 0.0668925
5 0.503131 0.506776 0.0267436 0.030728 0.0632146
5 0.502511 0.506427 0.0308882 0.0363464 0.0506098
5 0.50307 0.506671 0.0288332 0.0340466 0.035877
5 0.504846 0.506101 0.0342082 0.0351316 0.022453
3 0.388501 0.56226 0.346864 0.35182 0.0177374
5 0.503764 0.507372 0.0381693 0.0411473 0.0151823
5 0.504198 0.505951 0.0371552 0.0393339 0.0150625
