0 0.552801 0.57808 0.604113 0.761964 0.912757
0 0.554139 0.578761 0.607539 0.76047 0.90392
0 0.553625 0.577002 0.604744 0.756532 0.901641
0 0.55272 0.57781 0.608154 0.753568 0.890015
0 0.55169 0.577515 0.599372 0.761119 0.877388
0 0.551968 0.575511 0.598803 0.754035 0.861731
0 0.550875 0.576775 0.60062 0.752736 0.853884
0 0.550829 0.572549 0.605883 0.745484 0.837434
0 0.553166 0.578726 0.606991 0.762633 0.834876
0 0.553123 0.570241 0.604612 0.741653 0.817743
5 0.50839 0.674459 0.0964689 0.121635 0.537362
5 0.509976 0.674826 0.0996689 0.123462 0.445839
5 0.50589 0.675059 0.0965239 0.120803 0.444487
5 0.509122 0.672844 0.0980188 0.12093 0.443295
5 0.506587 0.673261 0.100949 0.122021 0.385207
5 0.504816 0.372585 0.0703805 0.0895184 0.294411
5 0.510123 0.672478 0.101146 0.120658 0.291942
5 0.50778 0.674606 0.0934854 0.125415 0.267058
5 0.505732 0.372683 0.0702572 0.0881944 0.263356
