0 0.404314 0.469607 0.28806 0.321309 0.602564
0 0.404524 0.471413 0.289646 0.323985 0.558864
0 0.404326 0.470737 0.288677 0.326516 0.554383
0 0.404014 0.471707 0.291064 0.326517 0.489317
0 0.40362 0.469727 0.285154 0.319977 0.480563
0 0.403089 0.471241 0.287428 0.322812 0.470542
0 0.403773 0.472125 0.289918 0.328782 0.366545
0 0.403843 0.473886 0.288602 0.330735 0.362901
0 0.4026 0.472697 0.289926 0.325161 0.311476
0 0.40287 0.473544 0.292335 0.330495 0.302153
0 0.410955 0.357525 0.255943 0.10781 0.100696
0 0.409124 0.366476 0.254546 0.111788 0.0911154
5 0.455917 0.383376 0.017496 0.019976 0.0841372
5 0.425399 0.536618 0.0211916 0.0240621 0.0773684
0 0.50339 0.474094 0.10383 0.324644 0.065796
0 0.337072 0.486248 0.145654 0.294021 0.064876
3 0.917706 0.089525 0.160621 0.178 0.055452
2 0.504517 0.414609 0.0532181 0.0673748 0.0545797
0 0.395741 0.355129 0.204656 0.107832 0.0537124
2 0.504678 0.415057 0.0519553 0.0640277 0.0529317
5 0.455905 0.383075 0.0196432 0.0232865 0.0528581
5 0.698571 0.377118 0.0319902 0.0321015 0.0483351
5 0.237462 0.751467 0.131626 0.0503735 0.0473878
0 0.409685 0.342185 0.242095 0.0851245 0.0446643
0 0.404475 0.342111 0.223899 0.0861008 0.0439578
0 0.382313 0.354007 0.184773 0.107223 0.0427741
5 0.698546 0.377023 0.0302258 0.0319697 0.0426668
0 0.336778 0.508285 0.147836 0.203081 0.0421238
5 0.425135 0.536723 0.0216512 0.0245719 0.0417649
2 0.505962 0.416863 0.0429403 0.0642333 0.0414988
3 0.919052 0.0870912 0.161895 0.173898 0.0412848
0 0.508388 0.472028 0.0947831 0.32467 0.0401544
2 0.506589 0.415577 0.0472896 0.0642209 0.0400864
5 0.507628 0.467913 0.0296749 0.0302635 0.039648
2 0.506225 0.416556 0.0404446 0.0610852 0.0383224
2 0.507032 0.415079 0.0451704 0.0615987 0.0382078
2 0.506974 0.415468 0.0441473 0.0634941 0.0374637
5 0.423865 0.535876 0.0276756 0.026523 0.0367471
5 0.699414 0.37701 0.032496 0.0335951 0.0363436
5 0.506368 0.414444 0.0463211 0.0637811 0.0359756
0 0.4193 0.341979 0.2363 0.0819537 0.0357974
0 0.399268 0.341859 0.198626 0.0821884 0.034945
0 0.401629 0.367366 0.265844 0.120427 0.0349267
0 0.400974 0.356291 0.217526 0.10856 0.0344147
5 0.69919 0.376895 0.0313196 0.0312604 0.0328451
3 0.921426 0.0980818 0.157148 0.195757 0.0303983
5 0.423735 0.39117 0.0236196 0.0273898 0.0299806
0 0.403377 0.357494 0.259203 0.107469 0.0286109
0 0.407789 0.358613 0.231909 0.104026 0.0285335
0 0.404172 0.359131 0.264903 0.109207 0.0278071
5 0.248917 0.751241 0.146798 0.0526521 0.0272703
5 0.505386 0.472799 0.0258796 0.0226545 0.0260019
5 0.332319 0.514737 0.143357 0.233039 0.0259359
5 0.249543 0.753895 0.154565 0.0460334 0.0253944
5 0.508232 0.46519 0.0364462 0.0407861 0.0247393
5 0.260983 0.751053 0.18248 0.0504427 0.0245224
1 0.4271 0.474757 0.111578 0.138884 0.0242987
3 0.919391 0.0994489 0.159174 0.198813 0.0242763
0 0.335131 0.467468 0.141069 0.319949 0.0240525
5 0.69931 0.376124 0.0395746 0.0383569 0.0240114
5 0.698577 0.376505 0.0349145 0.0376557 0.0237237
5 0.423554 0.535717 0.0288425 0.0308448 0.0236971
2 0.328021 0.472574 0.131614 0.32172 0.0222272
0 0.403447 0.36791 0.264878 0.112981 0.0220966
5 0.506976 0.465511 0.0334157 0.0362067 0.0219624
0 0.36935 0.353528 0.173589 0.105517 0.0216411
5 0.506945 0.416308 0.0509276 0.0650312 0.0213208
5 0.699432 0.375801 0.0408841 0.0387714 0.0211618
5 0.507474 0.473506 0.0351502 0.0331335 0.0203579
1 0.430891 0.475086 0.101219 0.137763 0.0202522
2 0.504926 0.416839 0.059862 0.0740181 0.020191
5 0.230263 0.753508 0.117591 0.0504489 0.0193053
0 0.340068 0.476166 0.148528 0.192678 0.0190589
0 0.335102 0.518888 0.151658 0.221137 0.0189233
1 0.421183 0.470021 0.131114 0.132389 0.0189158
0 0.418672 0.36007 0.217841 0.0982957 0.018428
1 0.42419 0.473313 0.115939 0.135148 0.0183543
5 0.389275 0.531192 0.015181 0.0163833 0.0182487
5 0.507691 0.463304 0.0341239 0.0375049 0.0181572
5 0.699553 0.375765 0.0419807 0.0420455 0.0179159
0 0.377833 0.358267 0.204846 0.111226 0.0169998
0 0.384524 0.342297 0.174537 0.0808112 0.0159846
0 0.402189 0.397205 0.242002 0.158522 0.0156534
0 0.512997 0.474558 0.0894728 0.319043 0.0155012
5 0.506503 0.418383 0.0445453 0.0567142 0.015451
1 0.426966 0.476184 0.112729 0.142137 0.0152326
1 0.42092 0.468894 0.122678 0.128889 0.0148879
5 0.698209 0.376217 0.0360094 0.0371046 0.0146749
1 0.427891 0.474813 0.110485 0.135004 0.0144122
0 0.366942 0.356678 0.193756 0.109633 0.0140727
0 0.491079 0.469088 0.119083 0.32366 0.0134078
5 0.453571 0.562779 0.0412364 0.0381458 0.013067
5 0.497804 0.496613 0.018185 0.0352753 0.0130619
2 0.372947 0.341396 0.153831 0.0789611 0.012909
5 0.476598 0.731951 0.0187852 0.0178706 0.0127045
1 0.424206 0.47155 0.127494 0.13707 0.0123918
5 0.50616 0.464176 0.0398439 0.0398658 0.0123603
0 0.429452 0.340851 0.214432 0.064836 0.0122245
1 0.42365 0.476108 0.110973 0.140981 0.01186
2 0.505737 0.408763 0.0609564 0.0931982 0.011814
5 0.425884 0.391988 0.0202425 0.0249606 0.0114108
5 0.456473 0.382694 0.0260648 0.0257634 0.0113385
0 0.493342 0.467994 0.112714 0.320116 0.0112099
0 0.516355 0.473274 0.0852244 0.318921 0.0106583
0 0.361921 0.490233 0.147693 0.170507 0.0104741
0 0.399543 0.396962 0.267241 0.170026 0.0103596
4 0.486971 0.389004 0.118883 0.140775 0.010297
5 0.264572 0.749284 0.228198 0.0561261 0.0100555
5 0.260687 0.753904 0.183391 0.0521198 0.0100148
