4 0.481193 0.423916 0.406333 0.546837 0.473372
4 0.480788 0.422343 0.407043 0.546287 0.442924
0 0.481647 0.42419 0.410569 0.545715 0.442789
0 0.480474 0.423741 0.410452 0.548113 0.430834
4 0.482409 0.423893 0.407058 0.544089 0.399532
4 0.479419 0.423745 0.406026 0.550092 0.358369
0 0.480006 0.423194 0.409255 0.543231 0.337456
0 0.480511 0.423979 0.409128 0.541475 0.331674
4 0.480746 0.424004 0.406263 0.544107 0.286047
4 0.481163 0.423079 0.405933 0.546111 0.282595
2 0.508204 0.531893 0.0178857 0.0227217 0.0180301
2 0.464985 0.504555 0.0196252 0.0212485 0.0103509
