1 0.507821 0.577738 0.456533 0.58713 0.828788
1 0.509947 0.578033 0.44916 0.580496 0.824127
1 0.507665 0.578521 0.453872 0.581553 0.814009
1 0.510018 0.578328 0.448794 0.579728 0.813459
1 0.51059 0.581007 0.448104 0.577682 0.809709
1 0.509463 0.579656 0.449313 0.573653 0.80864
1 0.509515 0.578633 0.449695 0.575782 0.805257
1 0.507974 0.580728 0.4506 0.577631 0.791117
1 0.506786 0.578995 0.454887 0.577703 0.764469
1 0.514115 0.578376 0.453697 0.573161 0.754741
5 0.506151 0.526576 0.0255749 0.0359097 0.360308
5 0.506164 0.526905 0.0278837 0.0376092 0.338708
5 0.505552 0.527422 0.0336237 0.044098 0.317244
5 0.505141 0.526838 0.0335214 0.0433211 0.312705
5 0.507096 0.528127 0.0351733 0.044356 0.26482
5 0.506955 0.527861 0.0354112 0.0442382 0.251037
