1 0.499577 0.492645 0.514688 0.598536 0.864853
1 0.499758 0.493072 0.515724 0.600141 0.857598
1 0.501987 0.492121 0.512522 0.601131 0.845708
1 0.499797 0.493543 0.516516 0.59895 0.84002
1 0.501842 0.492719 0.512242 0.602313 0.831207
1 0.499526 0.495301 0.514553 0.599933 0.818473
1 0.50258 0.491359 0.517632 0.600847 0.793127
1 0.50137 0.493208 0.515584 0.602059 0.781488
1 0.499456 0.494911 0.517107 0.601888 0.757092
1 0.499474 0.496213 0.514068 0.599589 0.712832
5 0.547028 0.537899 0.0426076 0.0396405 0.336466
5 0.546958 0.538481 0.0429455 0.0412321 0.321112
5 0.545606 0.538961 0.0466639 0.0449251 0.309775
5 0.545674 0.538866 0.0449169 0.0442376 0.284774
5 0.546503 0.538299 0.042452 0.0400146 0.276614
5 0.546566 0.538637 0.0422345 0.0392616 0.244846
5 0.546595 0.537487 0.0461528 0.045865 0.239654
5 0.544583 0.537227 0.0492762 0.0483068 0.223583
5 0.54719 0.537207 0.0480495 0.0469569 0.216452
5 0.54597 0.539021 0.0504055 0.0475837 0.169602
5 0.545023 0.539309 0.0524722 0.0515414 0.163974
5 0.547015 0.538644 0.0547135 0.0502386 0.134536
5 0.549218 0.537318 0.0592912 0.0510055 0.0747933
5 0.549061 0.538935 0.0586431 0.0516141 0.0698442
5 0.543183 0.538138 0.059892 0.0550323 0.0544884
5 0.543353 0.537211 0.0609745 0.057776 0.0497614
5 0.549058 0.538291 0.0681544 0.0612615 0.0225443
5 0.550362 0.537 0.0601497 0.0540904 0.0175968
5 0.541991 0.536392 0.0634171 0.0563501 0.0158346
5 0.542392 0.5401 0.0648695 0.0616475 0.0134355
5 0.709005 0.222831 0.0334238 0.0288907 0.0130237
1 0.502262 0.490457 0.517549 0.599198 0.0107734
