5 0.687809 0.552866 0.0302001 0.0349439 0.380175
5 0.687121 0.55329 0.0322404 0.0374125 0.367639
5 0.688075 0.552992 0.0311948 0.0355032 0.363647
5 0.68714 0.552335 0.0326385 0.0370267 0.35284
3 0.569252 0.525299 0.319747 0.42637 0.350182
3 0.57024 0.525432 0.312713 0.421221 0.328062
3 0.569143 0.524224 0.31155 0.418893 0.30468
3 0.566287 0.52399 0.324184 0.422849 0.30311
3 0.568945 0.525931 0.324464 0.421677 0.298437
3 0.566518 0.524908 0.326883 0.418959 0.295208
5 0.688946 0.553525 0.0381088 0.0412202 0.261601
5 0.689077 0.553968 0.038213 0.0409949 0.260388
3 0.558944 0.525789 0.34755 0.423402 0.223793
3 0.562037 0.522891 0.329371 0.422572 0.202794
3 0.566563 0.523745 0.317037 0.421037 0.20145
3 0.566978 0.527212 0.334768 0.42485 0.17589
5 0.686401 0.554501 0.0396479 0.0439565 0.152101
5 0.687426 0.554436 0.0358588 0.0426552 0.149203
5 0.687514 0.552394 0.0412606 0.0444041 0.0926568
3 0.56184 0.537061 0.227855 0.289517 0.0813641
3 0.562967 0.533495 0.221936 0.27342 0.0697007
3 0.56457 0.51453 0.220157 0.236435 0.0675752
5 0.688051 0.552011 0.041619 0.0456342 0.0661304
3 0.562246 0.52726 0.22393 0.265105 0.0632477
3 0.631891 0.12098 0.638019 0.241797 0.0587789
5 0.688503 0.554417 0.0415886 0.0459072 0.0582494
3 0.626988 0.119744 0.644571 0.237429 0.0569692
5 0.650169 0.530316 0.0164366 0.0203512 0.0488993
3 0.610541 0.0820836 0.57814 0.16315 0.0395432
3 0.557766 0.543868 0.230428 0.299775 0.0386481
5 0.683596 0.553062 0.0470014 0.0473053 0.0374552
5 0.613618 0.683222 0.0835605 0.0933696 0.0370827
3 0.561752 0.542165 0.221885 0.286089 0.0305744
5 0.690557 0.552635 0.0443447 0.0485327 0.0278327
5 0.61232 0.681232 0.0897076 0.0925365 0.0271008
3 0.550016 0.536935 0.230112 0.303951 0.0252155
3 0.573985 0.507274 0.218275 0.219858 0.0234615
5 0.623595 0.68173 0.0627857 0.0919881 0.0229362
5 0.591711 0.681625 0.139604 0.107373 0.0209663
5 0.684204 0.553282 0.0467547 0.0449452 0.0207293
3 0.573791 0.528302 0.212072 0.262571 0.020561
5 0.590402 0.684914 0.141527 0.109864 0.0201746
3 0.600243 0.11134 0.556241 0.221068 0.0185562
3 0.618492 0.086366 0.607309 0.171462 0.0183012
3 0.601122 0.10778 0.552121 0.21516 0.0173095
3 0.55123 0.532051 0.227128 0.291727 0.0170446
5 0.62245 0.682807 0.0712502 0.0898031 0.0169941
3 0.564408 0.476118 0.219911 0.176759 0.0167702
5 0.622179 0.681216 0.0711323 0.0851081 0.0161882
5 0.50823 0.695226 0.0251342 0.0243123 0.0139283
5 0.62164 0.682458 0.0687589 0.0900646 0.012875
3 0.557818 0.524529 0.33972 0.424277 0.0126338
3 0.630587 0.155443 0.649583 0.31087 0.0126258
2 0.548412 0.171034 0.267448 0.152078 0.0124439
2 0.555441 0.184214 0.26505 0.150729 0.0120107
3 0.554899 0.554058 0.228986 0.314802 0.0117285
5 0.622242 0.682992 0.0685194 0.0856397 0.0116999
5 0.650414 0.529472 0.0212413 0.0255449 0.0115444
3 0.540951 0.0793302 0.391183 0.156934 0.011437
5 0.625033 0.679991 0.0739945 0.0890174 0.010963
3 0.553631 0.0754743 0.43327 0.149356 0.010853
5 0.509275 0.695308 0.0281605 0.0263989 0.0107005
3 0.546294 0.547412 0.2344 0.313503 0.0104246
