2 0.62196 0.686531 0.153707 0.143995 0.181883
2 0.621797 0.696672 0.163453 0.158408 0.17526
2 0.632006 0.685279 0.190806 0.164268 0.162924
2 0.630591 0.686831 0.177803 0.169848 0.144643
3 0.516315 0.515999 0.472837 0.557186 0.141626
2 0.616608 0.69005 0.189641 0.168416 0.140601
2 0.637971 0.680561 0.216776 0.167309 0.105973
2 0.510242 0.724979 0.342218 0.128939 0.102007
3 0.518475 0.51327 0.469905 0.531579 0.100641
2 0.622261 0.687519 0.196517 0.163468 0.0861989
2 0.507954 0.716202 0.341349 0.136112 0.0827254
2 0.53013 0.723378 0.360343 0.131666 0.0813269
3 0.518786 0.509595 0.478687 0.541237 0.0742749
5 0.479709 0.30897 0.301469 0.1732 0.0730229
5 0.458082 0.319917 0.275176 0.181153 0.0725571
2 0.492768 0.716584 0.328226 0.133848 0.0698668
2 0.482426 0.726332 0.285277 0.126067 0.0655461
2 0.623031 0.681631 0.14275 0.130843 0.0649941
3 0.517401 0.476172 0.462558 0.442494 0.0642167
3 0.518971 0.466089 0.478126 0.451459 0.0632634
2 0.527218 0.282803 0.318821 0.144246 0.0621104
2 0.526407 0.715173 0.350366 0.139211 0.061554
5 0.407314 0.483945 0.110574 0.115345 0.0608775
2 0.631051 0.684562 0.144049 0.146498 0.0593443
2 0.573204 0.698633 0.2889 0.169831 0.0576299
2 0.63275 0.679158 0.135479 0.133359 0.0574445
3 0.520546 0.509866 0.470148 0.578211 0.0568896
2 0.490999 0.299868 0.302452 0.154427 0.0544908
2 0.562425 0.270171 0.353508 0.129804 0.0539712
3 0.519745 0.501823 0.478178 0.509307 0.0535716
2 0.43039 0.330494 0.240288 0.197205 0.0531131
2 0.496757 0.289409 0.299938 0.15387 0.0521949
2 0.443752 0.3231 0.256479 0.183453 0.0503232
2 0.618375 0.688223 0.154489 0.142706 0.0449025
2 0.529234 0.27569 0.311368 0.138221 0.043886
3 0.523108 0.51642 0.477737 0.564238 0.0422826
3 0.520731 0.504074 0.465028 0.585266 0.0415232
2 0.635748 0.683929 0.214278 0.171814 0.0381684
5 0.486303 0.295066 0.29757 0.165369 0.0379341
3 0.518071 0.435229 0.464692 0.368019 0.0376282
2 0.617783 0.696136 0.158744 0.159243 0.0368639
3 0.519456 0.481906 0.483136 0.445166 0.0366785
5 0.481565 0.320303 0.294649 0.177412 0.0360227
2 0.582968 0.264574 0.367885 0.121037 0.035906
3 0.518598 0.52423 0.480531 0.508024 0.0356643
2 0.540797 0.713049 0.362197 0.147938 0.0355926
2 0.418744 0.340823 0.246618 0.21347 0.0355013
5 0.40776 0.48515 0.101505 0.111676 0.0353053
5 0.514261 0.385211 0.0636478 0.0624443 0.0339634
2 0.471813 0.714034 0.30443 0.137687 0.0336792
5 0.462056 0.313829 0.283432 0.178511 0.0327199
5 0.448599 0.454869 0.020621 0.0246723 0.0308184
2 0.416107 0.372643 0.242678 0.278926 0.0307146
2 0.537075 0.720335 0.366108 0.136341 0.0301892
5 0.402874 0.486725 0.111917 0.114197 0.029912
5 0.405986 0.48597 0.103747 0.115916 0.0294535
2 0.55068 0.710465 0.360383 0.156892 0.0289989
2 0.560017 0.279748 0.35583 0.142608 0.028716
2 0.372349 0.42831 0.188597 0.331495 0.02816
5 0.517884 0.386002 0.0609537 0.0627814 0.0278146
5 0.449401 0.330892 0.2649 0.199024 0.0276764
2 0.396762 0.403901 0.227096 0.321005 0.0270308
3 0.520326 0.538394 0.480045 0.471558 0.027026
2 0.656928 0.674752 0.191782 0.171694 0.0266383
2 0.548037 0.255988 0.296132 0.0994927 0.0265759
5 0.450747 0.560618 0.0210715 0.026442 0.0265498
2 0.401601 0.402016 0.243108 0.313531 0.025945
2 0.647833 0.678955 0.206444 0.172237 0.0254719
2 0.580303 0.693706 0.282106 0.163804 0.0254316
2 0.497829 0.731483 0.306412 0.114318 0.0253898
5 0.412185 0.480816 0.117923 0.127574 0.025335
2 0.517337 0.387297 0.0575633 0.0544759 0.02464
2 0.57708 0.250142 0.326665 0.0911077 0.0245679
3 0.515927 0.513828 0.468001 0.544237 0.0245319
3 0.525952 0.486166 0.461665 0.529463 0.0238074
5 0.4078 0.484237 0.101765 0.110915 0.0233773
2 0.379494 0.418937 0.209497 0.332693 0.0222648
2 0.429743 0.354612 0.250834 0.251375 0.0215279
3 0.520439 0.411295 0.46269 0.327924 0.0212775
2 0.47035 0.726691 0.295095 0.124338 0.0204789
2 0.495682 0.711807 0.35442 0.144438 0.0194842
2 0.370391 0.443949 0.17223 0.3126 0.0194407
2 0.397847 0.406459 0.207623 0.291211 0.0191954
2 0.51716 0.387333 0.0605505 0.0542861 0.0190008
3 0.567375 0.43531 0.227095 0.190156 0.0188023
2 0.494303 0.279988 0.268931 0.145902 0.0187637
2 0.370047 0.479076 0.182452 0.268302 0.0185648
2 0.623125 0.70026 0.170449 0.15364 0.01834
2 0.472986 0.692404 0.337588 0.185797 0.0177689
2 0.634714 0.681728 0.191125 0.165895 0.0173796
2 0.374964 0.507999 0.198689 0.243565 0.0172305
3 0.5407 0.435048 0.266647 0.191764 0.0171772
2 0.670474 0.597423 0.0216639 0.0240085 0.017085
2 0.519897 0.296814 0.318186 0.149686 0.0170455
2 0.666151 0.671504 0.190643 0.175123 0.0168483
5 0.446833 0.452721 0.0216601 0.0289457 0.0165176
3 0.519339 0.398699 0.470503 0.340508 0.015845
5 0.452499 0.448354 0.0384825 0.0428896 0.0157121
3 0.558682 0.469929 0.459225 0.672967 0.0156875
5 0.518687 0.388267 0.0658772 0.0630861 0.0156328
2 0.468709 0.733331 0.262275 0.117108 0.015374
3 0.532586 0.38993 0.462511 0.276017 0.0152071
5 0.44983 0.560863 0.0248993 0.0298299 0.015168
2 0.525814 0.729265 0.334942 0.117277 0.015108
3 0.562429 0.425583 0.242873 0.196047 0.0148744
5 0.51963 0.388023 0.063136 0.0599213 0.0137853
2 0.507703 0.262384 0.238164 0.110567 0.0134374
5 0.411111 0.481357 0.115923 0.121386 0.0134084
2 0.417217 0.564331 0.275594 0.328069 0.0133047
5 0.518797 0.386733 0.0618467 0.0582976 0.0132697
3 0.544332 0.404199 0.464048 0.378375 0.0130599
2 0.418497 0.393813 0.237789 0.303657 0.0128407
2 0.390133 0.550938 0.233436 0.317377 0.0127591
3 0.542388 0.422437 0.273545 0.204417 0.0125701
3 0.550317 0.464689 0.438289 0.69394 0.0125691
5 0.433996 0.329815 0.266232 0.188166 0.0125163
2 0.594912 0.691555 0.231475 0.178307 0.0122533
5 0.451334 0.561099 0.0247415 0.0303435 0.0121036
2 0.410242 0.519727 0.26694 0.251553 0.0118959
2 0.401406 0.511139 0.254102 0.230081 0.0113672
5 0.670102 0.597132 0.0215621 0.0239782 0.0108823
5 0.496996 0.716963 0.316704 0.128911 0.0106815
5 0.506438 0.580609 0.309631 0.127133 0.0105169
5 0.406722 0.484782 0.0907752 0.106643 0.0104042
2 0.638806 0.673297 0.114799 0.130071 0.0102479
5 0.517466 0.386959 0.0620515 0.0565087 0.0101265
2 0.534612 0.712696 0.379272 0.150245 0.0100366
