3 0.529881 0.514546 0.34081 0.427933 0.734739
3 0.529649 0.515729 0.345844 0.421975 0.723582
3 0.529732 0.51598 0.344536 0.423704 0.721894
3 0.529777 0.514866 0.34088 0.422477 0.720595
3 0.530609 0.516721 0.346364 0.430235 0.71373
3 0.528957 0.513781 0.345371 0.4269 0.696223
3 0.528962 0.512489 0.341787 0.42679 0.695831
3 0.529797 0.513624 0.337811 0.428193 0.686376
3 0.530404 0.51756 0.343492 0.433505 0.66842
3 0.531601 0.513743 0.350991 0.42415 0.635888
5 0.467527 0.602578 0.0196457 0.0199452 0.0750224
5 0.642142 0.535027 0.0190066 0.0240125 0.0679997
5 0.642032 0.535381 0.0229347 0.0278426 0.0480023
5 0.643361 0.534398 0.0228356 0.026158 0.0441648
3 0.536971 0.49369 0.237766 0.227342 0.0436855
5 0.467488 0.60338 0.0194457 0.0211686 0.0412761
5 0.68681 0.551498 0.0243331 0.0280868 0.0388668
3 0.524625 0.100663 0.420017 0.199334 0.0387694
3 0.536457 0.499569 0.252547 0.224366 0.0375761
3 0.511087 0.0976659 0.38792 0.194316 0.0320795
5 0.687224 0.551951 0.0221439 0.0265597 0.0309237
3 0.538278 0.47899 0.229824 0.210347 0.0267774
5 0.686976 0.551939 0.0265071 0.0291152 0.0255497
5 0.643169 0.535609 0.0248977 0.0287389 0.0238323
5 0.687805 0.552824 0.0209517 0.0244393 0.0222991
3 0.53899 0.515004 0.24076 0.295447 0.0212055
3 0.521414 0.098528 0.379585 0.19522 0.0202415
3 0.576463 0.107558 0.578245 0.213116 0.0194172
3 0.512866 0.0907202 0.376112 0.180606 0.0189359
3 0.536514 0.516209 0.255034 0.313142 0.0176327
5 0.38164 0.548207 0.0192848 0.0234441 0.0169639
5 0.380743 0.548026 0.0188019 0.0239108 0.0159667
3 0.512284 0.0957246 0.372968 0.190144 0.0154007
3 0.0633458 0.422403 0.126692 0.834568 0.0146412
3 0.529852 0.103168 0.469103 0.205395 0.0141559
3 0.550166 0.490755 0.221791 0.221488 0.0139966
3 0.49441 0.0771583 0.395321 0.152997 0.0134325
5 0.642367 0.533646 0.0264422 0.0329389 0.0132727
3 0.0657062 0.449042 0.131412 0.853329 0.0125639
5 0.469098 0.601603 0.0272271 0.0260379 0.0124542
3 0.52433 0.0758617 0.31436 0.150524 0.011764
3 0.536404 0.476861 0.240443 0.205723 0.011462
3 0.509546 0.0869783 0.37377 0.173485 0.0112773
3 0.554062 0.47609 0.211405 0.202921 0.0111979
3 0.0606534 0.395475 0.121307 0.788407 0.0106324
