3 0.522253 0.503003 0.479363 0.590478 0.829471
3 0.521058 0.50461 0.486868 0.590267 0.825987
3 0.517861 0.502253 0.476943 0.593709 0.814749
3 0.524113 0.504109 0.48761 0.595161 0.813136
3 0.522699 0.50448 0.474588 0.607985 0.801669
3 0.524778 0.50432 0.477774 0.595636 0.80088
3 0.520611 0.502813 0.480622 0.609407 0.795761
3 0.521096 0.503452 0.481454 0.598737 0.787822
3 0.523716 0.504043 0.47942 0.607008 0.724539
3 0.525195 0.50747 0.480756 0.606153 0.213528
2 0.459351 0.228116 0.0736343 0.0592272 0.148674
2 0.459904 0.22749 0.0734257 0.0598262 0.14122
2 0.457397 0.22627 0.0798871 0.0611977 0.123109
2 0.460516 0.22967 0.0740362 0.0583861 0.116872
2 0.458512 0.229265 0.0753464 0.0606111 0.0945096
2 0.459468 0.229733 0.0743455 0.0582525 0.0842599
2 0.458492 0.226969 0.0783506 0.0640339 0.0712576
5 0.457671 0.224723 0.0790984 0.0635164 0.0524562
5 0.463312 0.227925 0.0818346 0.0622378 0.0368557
2 0.459325 0.229696 0.0756197 0.0622344 0.0293837
2 0.45927 0.230367 0.0867432 0.0662893 0.0276454
5 0.484622 0.228952 0.122225 0.0631649 0.0273422
3 0.449933 0.541116 0.235261 0.377632 0.018028
5 0.458849 0.225722 0.0860551 0.0764641 0.0177741
5 0.162853 0.685963 0.0366984 0.0475608 0.0135076
5 0.162637 0.68614 0.0422203 0.0513182 0.0134182
3 0.450211 0.559672 0.240449 0.373664 0.0126526
5 0.163531 0.685252 0.0393209 0.0490642 0.0121294
5 0.163089 0.686563 0.0436481 0.0511541 0.0120535
5 0.163792 0.686066 0.0405137 0.0489412 0.0117328
3 0.440283 0.563775 0.232882 0.376155 0.0115248
3 0.442724 0.54683 0.2287 0.378954 0.010863
3 0.468306 0.514849 0.272723 0.371081 0.0105773
2 0.462836 0.228142 0.0754156 0.0611267 0.0103942
