0 0.538301 0.576279 0.347482 0.46977 0.229117
3 0.539354 0.60512 0.343716 0.407184 0.198165
3 0.543057 0.611944 0.347346 0.405586 0.195891
3 0.539951 0.59309 0.337903 0.398079 0.186241
0 0.538133 0.574377 0.348349 0.456895 0.185159
3 0.536918 0.598601 0.33331 0.400132 0.175178
3 0.534191 0.599703 0.33643 0.400072 0.172487
3 0.537861 0.604398 0.339055 0.388141 0.165306
0 0.535794 0.595544 0.355809 0.453835 0.164887
3 0.539852 0.600016 0.340675 0.412854 0.14718
3 0.554423 0.0674781 0.419936 0.132596 0.102404
3 0.566669 0.10977 0.786752 0.218411 0.0864221
3 0.52376 0.0676238 0.422535 0.132666 0.0795488
3 0.579031 0.0674054 0.44292 0.132623 0.0688838
3 0.530808 0.112752 0.721923 0.225504 0.0634856
3 0.553165 0.0716262 0.684866 0.142722 0.0616303
3 0.504183 0.0740111 0.625667 0.147226 0.0568041
3 0.495896 0.067676 0.446355 0.132669 0.0442622
3 0.582831 0.117757 0.813538 0.234303 0.0354252
3 0.557615 0.125509 0.808953 0.248836 0.0337895
3 0.548822 0.0608629 0.366536 0.118738 0.0330126
3 0.53485 0.124638 0.762473 0.247691 0.0328628
3 0.516491 0.061948 0.353023 0.120721 0.0313905
3 0.592524 0.0708588 0.723066 0.141551 0.0272249
3 0.477408 0.0760376 0.577785 0.151224 0.0240454
3 0.601451 0.0676104 0.464501 0.133535 0.0231295
3 0.575488 0.0582454 0.397413 0.114281 0.0203736
3 0.501721 0.117638 0.660936 0.235276 0.0194427
3 0.490195 0.0608409 0.38013 0.11919 0.0178404
3 0.473753 0.0679947 0.460876 0.133648 0.0160136
3 0.552669 0.0721442 0.370439 0.144288 0.0107909
