2 0.372809 0.394515 0.0574914 0.0642526 0.78056
2 0.386701 0.296075 0.058565 0.0839332 0.755435
2 0.222082 0.215445 0.0401422 0.0528817 0.74092
2 0.317558 0.245293 0.04083 0.0558001 0.724678
2 0.328959 0.342317 0.038038 0.0584753 0.714649
2 0.47446 0.593593 0.0508077 0.0653422 0.71394
2 0.614377 0.463573 0.0447108 0.0636755 0.710848
2 0.296708 0.456652 0.0473772 0.064366 0.710031
2 0.634175 0.359638 0.0594983 0.0815403 0.70232
2 0.722196 0.235045 0.036346 0.0521474 0.693695
2 0.407787 0.5201 0.0585349 0.0752413 0.693184
2 0.587039 0.386469 0.0414344 0.051399 0.67431
2 0.504481 0.460755 0.0492095 0.0610957 0.673299
2 0.402891 0.591893 0.0303654 0.0495801 0.672374
2 0.470635 0.272466 0.03333 0.0515409 0.664339
2 0.380268 0.463005 0.0518188 0.0654495 0.663676
2 0.582515 0.434718 0.0351358 0.0500522 0.660828
2 0.560591 0.283218 0.036446 0.0551033 0.653783
2 0.416498 0.753121 0.0357356 0.0529067 0.642853
2 0.416622 0.210357 0.0608899 0.064099 0.628922
2 0.538627 0.43535 0.0354712 0.054977 0.626851
2 0.463741 0.484081 0.0345197 0.0520867 0.620894
2 0.492969 0.173688 0.0872761 0.122016 0.617616
2 0.494379 0.678627 0.0409133 0.0550748 0.613819
2 0.599326 0.26209 0.0324803 0.0518607 0.608159
2 0.424241 0.442681 0.0400582 0.068688 0.605291
2 0.628071 0.26056 0.03143 0.0480823 0.601566
2 0.377375 0.661103 0.0364274 0.0445457 0.595152
2 0.609008 0.701998 0.0405025 0.0553897 0.593967
2 0.305219 0.717975 0.0428637 0.0557458 0.590419
2 0.492425 0.742169 0.0394811 0.0505232 0.580958
2 0.682274 0.674855 0.0316964 0.0458272 0.577958
2 0.576699 0.679211 0.0297801 0.0469379 0.574761
2 0.717283 0.649635 0.0325896 0.0500079 0.57241
2 0.824361 0.384556 0.036121 0.0545408 0.568674
2 0.689867 0.101351 0.0412274 0.0591705 0.560393
2 0.85286 0.296003 0.0378374 0.0573227 0.556044
2 0.485747 0.32194 0.0519133 0.0563282 0.549137
2 0.435431 0.56646 0.0339956 0.055013 0.540694
2 0.367603 0.699911 0.035559 0.041248 0.533346
2 0.497624 0.312735 0.0482299 0.0619261 0.503932
2 0.840307 0.51081 0.0331254 0.0486073 0.492421
2 0.477927 0.827586 0.0429601 0.0476497 0.488373
2 0.809936 0.563879 0.0413651 0.0724085 0.478976
2 0.642586 0.20247 0.0455448 0.0476144 0.478001
2 0.486889 0.514442 0.0304654 0.0501481 0.473117
2 0.495835 0.551563 0.0336296 0.0446046 0.456792
2 0.335639 0.602729 0.0753514 0.0582581 0.451542
2 0.639309 0.151755 0.0465281 0.052606 0.44109
2 0.815152 0.60899 0.0369408 0.049628 0.42906
2 0.501085 0.437297 0.0433657 0.0870592 0.423585
2 0.644394 0.191296 0.0536429 0.0742364 0.415911
2 0.429539 0.425437 0.0464777 0.0711603 0.410076
2 0.653745 0.840895 0.0264142 0.0370537 0.3911
2 0.817639 0.699312 0.0397264 0.0633229 0.384349
2 0.763942 0.655003 0.0549814 0.0637611 0.383815
2 0.625889 0.7802 0.0835294 0.0855421 0.372291
2 0.369444 0.575976 0.0381875 0.0710768 0.366609
2 0.351703 0.587112 0.0677069 0.0800673 0.366094
2 0.629798 0.908573 0.0348179 0.0473965 0.36308
2 0.430626 0.167121 0.0337022 0.0429152 0.338529
2 0.78242 0.748217 0.0480681 0.0539653 0.330236
2 0.646158 0.16395 0.0564075 0.0739414 0.320741
2 0.65131 0.177045 0.0437385 0.0653662 0.319424
2 0.871749 0.475821 0.0302407 0.0402391 0.308603
2 0.789986 0.610315 0.0271402 0.0407185 0.274107
2 0.589071 0.446204 0.0342549 0.0611719 0.272105
2 0.490207 0.526705 0.0395887 0.0721065 0.270484
2 0.372292 0.688656 0.0428611 0.0638154 0.256381
2 0.858743 0.576134 0.0292616 0.0584028 0.248348
2 0.74124 0.701775 0.0283719 0.0395625 0.241738
2 0.697897 0.7649 0.0659625 0.141384 0.238738
2 0.879546 0.433271 0.028767 0.0408806 0.231064
2 0.770554 0.140336 0.039142 0.047748 0.219073
2 0.871692 0.52567 0.0235539 0.0401036 0.211787
2 0.615493 0.79883 0.0365177 0.0475646 0.211313
2 0.6255 0.753022 0.0973722 0.154949 0.199601
