2 0.388957 0.693098 0.0473451 0.0669184 0.833234
2 0.382496 0.346149 0.0481317 0.0742331 0.79981
2 0.294395 0.540697 0.0541387 0.0709261 0.779668
2 0.489232 0.639594 0.0592344 0.0709852 0.765428
2 0.379376 0.775058 0.0483544 0.0548016 0.710584
2 0.747784 0.570132 0.0527129 0.0648897 0.710227
2 0.48372 0.80776 0.0480919 0.0640629 0.709799
2 0.624043 0.570652 0.0454323 0.052516 0.708632
2 0.657812 0.72324 0.0363824 0.0616163 0.704648
2 0.553656 0.793532 0.0387537 0.0564581 0.680424
2 0.571892 0.643496 0.0577239 0.0600122 0.675381
2 0.546512 0.17195 0.0489223 0.0591388 0.663911
2 0.693164 0.654235 0.044944 0.0618607 0.662647
2 0.634246 0.254012 0.0540502 0.061662 0.661204
2 0.233456 0.334309 0.0412401 0.0573191 0.630179
2 0.696042 0.717165 0.043152 0.0506599 0.627849
2 0.744402 0.412521 0.0476864 0.073695 0.613965
2 0.437625 0.708665 0.0339908 0.0457335 0.588665
2 0.329795 0.882886 0.0384608 0.050421 0.520865
2 0.204032 0.431414 0.0363814 0.0588657 0.451592
2 0.590921 0.151418 0.0348668 0.0507378 0.34855
2 0.795425 0.241334 0.029986 0.0442404 0.221016
2 0.648302 0.859597 0.0365832 0.0456102 0.206903
2 0.335038 0.146989 0.0332962 0.0527687 0.186951
