0 0.303832 0.553446 0.453884 0.67261 0.438377
0 0.302551 0.552577 0.454025 0.674185 0.411779
0 0.304473 0.554663 0.453047 0.67459 0.406563
0 0.300969 0.551689 0.454286 0.674812 0.401568
0 0.306318 0.556442 0.44982 0.674161 0.396686
0 0.305316 0.55491 0.450834 0.67606 0.391795
0 0.304774 0.553566 0.458706 0.673951 0.377274
0 0.306533 0.555759 0.451993 0.673073 0.358314
0 0.306822 0.556184 0.447884 0.668958 0.354075
0 0.307148 0.555643 0.448849 0.665592 0.312146
0 0.367623 0.373874 0.119076 0.126387 0.24491
0 0.365277 0.368812 0.119812 0.126238 0.172702
0 0.367305 0.373087 0.121311 0.123524 0.121387
0 0.369538 0.374347 0.11946 0.127471 0.111521
0 0.364123 0.368551 0.118257 0.119336 0.0934629
0 0.368382 0.372795 0.115799 0.128945 0.0850415
0 0.369343 0.375341 0.125154 0.12638 0.0830028
0 0.370177 0.373584 0.127724 0.124391 0.0706824
0 0.365795 0.367676 0.133245 0.134032 0.0690004
0 0.368906 0.368361 0.136771 0.131748 0.0516505
0 0.371478 0.374507 0.11134 0.122834 0.0500759
0 0.368854 0.374203 0.13159 0.122881 0.0479373
4 0.308325 0.376324 0.446256 0.315824 0.0471782
4 0.308461 0.368937 0.437669 0.30703 0.0423983
0 0.365316 0.368648 0.132227 0.13734 0.041587
0 0.367461 0.368614 0.133805 0.136475 0.0385058
2 0.46332 0.571697 0.0191926 0.0222353 0.0373838
0 0.304531 0.366803 0.435037 0.305805 0.0338059
0 0.372277 0.376871 0.148691 0.156458 0.0313678
0 0.379037 0.327156 0.172367 0.224891 0.0283654
0 0.359726 0.357029 0.110434 0.106149 0.028309
0 0.377599 0.371693 0.163229 0.141063 0.0282613
4 0.291167 0.727871 0.437219 0.314874 0.026856
0 0.382526 0.40639 0.165303 0.218334 0.0250702
0 0.386549 0.356299 0.180309 0.16315 0.024666
2 0.413838 0.679577 0.123166 0.250291 0.0232766
0 0.305691 0.336659 0.427577 0.242999 0.0228292
5 0.367129 0.367667 0.115039 0.133945 0.022238
0 0.370857 0.373616 0.122277 0.123992 0.0216902
4 0.294957 0.72061 0.436728 0.333182 0.021067
4 0.298705 0.725263 0.436173 0.324346 0.0210123
0 0.367365 0.371336 0.125923 0.11955 0.0207851
0 0.369848 0.374086 0.133461 0.12563 0.0182299
4 0.295218 0.707428 0.439932 0.357134 0.017972
2 0.411352 0.682839 0.129999 0.260382 0.0174635
2 0.211784 0.689537 0.0163936 0.0225029 0.0163545
0 0.360999 0.352535 0.171322 0.166903 0.0162545
2 0.462818 0.571474 0.021968 0.0247395 0.0161123
4 0.300032 0.698048 0.443009 0.37766 0.0159698
0 0.314219 0.365231 0.247527 0.148889 0.0155806
2 0.432502 0.442894 0.0179125 0.0219974 0.0154509
0 0.301468 0.333372 0.425525 0.239614 0.0153882
0 0.386544 0.378764 0.0778941 0.114807 0.0151217
0 0.306708 0.365958 0.435797 0.303523 0.0149202
2 0.443182 0.395133 0.0277236 0.0290266 0.0148254
2 0.407863 0.677077 0.124435 0.24737 0.0147632
2 0.176287 0.304687 0.0192952 0.0248068 0.0147266
0 0.366444 0.389157 0.1442 0.184294 0.0143199
0 0.362471 0.354905 0.116936 0.121656 0.0140338
0 0.323933 0.371366 0.227906 0.155871 0.0134125
4 0.294918 0.693491 0.439593 0.386493 0.0132086
4 0.29942 0.740818 0.439659 0.292379 0.0118667
0 0.307212 0.353199 0.29165 0.159036 0.0110571
2 0.147906 0.529521 0.0180555 0.0208891 0.0108291
2 0.443109 0.394849 0.0282235 0.0288129 0.0107137
2 0.410458 0.418313 0.0206255 0.0283439 0.0106069
0 0.403783 0.3258 0.223243 0.234115 0.0101368
