4 0.520845 0.484315 0.545128 0.721805 0.397302
4 0.522981 0.479858 0.544757 0.722221 0.380155
4 0.525418 0.483096 0.546894 0.728488 0.352984
0 0.52091 0.481554 0.545828 0.725982 0.284917
0 0.521932 0.482126 0.548405 0.726676 0.260489
0 0.522255 0.479605 0.545434 0.721328 0.226176
0 0.522539 0.479749 0.549264 0.723477 0.195426
0 0.523813 0.483195 0.546118 0.726712 0.164823
0 0.525099 0.483582 0.549466 0.728829 0.151338
0 0.528943 0.478978 0.555894 0.731102 0.144061
5 0.41848 0.347578 0.0295473 0.0373213 0.127787
5 0.419147 0.347479 0.030593 0.0387574 0.123986
5 0.418064 0.34706 0.0323637 0.0395304 0.116738
5 0.418217 0.346704 0.0339366 0.0402691 0.114744
5 0.418643 0.347633 0.0325239 0.040906 0.0995031
5 0.417901 0.347454 0.0340643 0.0416776 0.0912817
5 0.514124 0.284982 0.0262933 0.0358384 0.0878786
5 0.51315 0.28514 0.0270376 0.0361465 0.0850138
5 0.349424 0.627923 0.0378361 0.0442281 0.0730991
5 0.513065 0.284948 0.0315829 0.040258 0.0687933
5 0.51392 0.285762 0.0283219 0.0383006 0.0679624
5 0.513267 0.285028 0.0307778 0.0405685 0.0667228
5 0.349868 0.627823 0.0332436 0.0399537 0.0655519
5 0.34909 0.62743 0.0367787 0.0433693 0.0556059
5 0.513636 0.285778 0.0290337 0.0379446 0.0555965
5 0.416694 0.34729 0.0385563 0.0443589 0.0541369
5 0.350026 0.627723 0.0312759 0.0378238 0.0539774
5 0.416656 0.346772 0.0395058 0.047165 0.0527781
5 0.349574 0.627802 0.0368817 0.0429052 0.0498965
5 0.348693 0.626908 0.0404399 0.0455871 0.0496627
5 0.349648 0.627519 0.0365097 0.0418286 0.0489135
5 0.417486 0.347331 0.0410636 0.0466887 0.0452194
5 0.417007 0.345659 0.0434398 0.0537185 0.0441631
5 0.34932 0.627134 0.0401013 0.0450769 0.0433333
5 0.482269 0.29296 0.0367881 0.0448271 0.0428739
5 0.349148 0.627108 0.0363256 0.0419705 0.0427185
5 0.54749 0.72554 0.0215077 0.0257829 0.0373255
5 0.547426 0.724954 0.0232107 0.0274534 0.0370624
5 0.418054 0.345872 0.0456819 0.0554189 0.0359761
5 0.482215 0.295592 0.0332595 0.039532 0.0349572
5 0.402011 0.535983 0.0255003 0.0320861 0.033061
5 0.402546 0.53663 0.0286326 0.034362 0.0309508
5 0.480677 0.297468 0.03493 0.0398626 0.0270224
5 0.692885 0.500173 0.0225504 0.0276517 0.0261196
5 0.548307 0.72535 0.0288694 0.0324586 0.0256543
5 0.349387 0.628595 0.0495274 0.0578123 0.024728
5 0.566533 0.633146 0.0249947 0.030742 0.0237945
5 0.548998 0.725545 0.0273002 0.0317196 0.0235032
5 0.567372 0.632971 0.0246626 0.0305493 0.0220923
5 0.481534 0.296446 0.0346559 0.0395388 0.0216894
5 0.693361 0.499628 0.0242381 0.0284631 0.0212371
5 0.402919 0.535892 0.031502 0.0379082 0.0210056
5 0.6387 0.640238 0.0244255 0.0314002 0.0206063
5 0.402836 0.536828 0.0328668 0.0389024 0.0203763
5 0.482057 0.297773 0.0299685 0.0348043 0.0200278
5 0.348453 0.62897 0.0449123 0.0531188 0.0195398
5 0.37348 0.686218 0.0362256 0.0420928 0.0192577
5 0.566269 0.632516 0.0259956 0.0311388 0.0192169
5 0.567095 0.63224 0.0258745 0.0307862 0.0187412
5 0.402268 0.535641 0.0317415 0.0385648 0.0185841
5 0.639133 0.640538 0.029635 0.0344114 0.0168778
5 0.446673 0.407025 0.0243568 0.0299362 0.0168688
5 0.447389 0.407173 0.0245437 0.0311512 0.0163901
5 0.41969 0.34557 0.0488433 0.0479864 0.0156743
5 0.664241 0.62434 0.0235338 0.0289196 0.0152852
5 0.502422 0.289208 0.0469107 0.0547027 0.0146805
5 0.374099 0.686673 0.03552 0.0422383 0.0145307
5 0.40205 0.535572 0.0358469 0.0417553 0.0143881
5 0.681451 0.32503 0.0251778 0.0299469 0.0140579
5 0.48229 0.29785 0.0320175 0.0368688 0.0139426
5 0.682238 0.324766 0.0278964 0.033607 0.0137043
5 0.637661 0.639178 0.0297089 0.0362589 0.0131504
5 0.680808 0.323915 0.0311169 0.0356186 0.0127093
5 0.355705 0.330259 0.0463579 0.0546238 0.012319
5 0.447222 0.406952 0.023507 0.0301066 0.0123015
5 0.519 0.820745 0.0179811 0.0230472 0.0116056
5 0.515235 0.285065 0.0400638 0.0438069 0.0115191
5 0.374133 0.686065 0.0414043 0.0491333 0.0114236
5 0.447349 0.40736 0.0242064 0.0318495 0.0111625
5 0.355212 0.330276 0.0487834 0.0552333 0.0111244
5 0.591107 0.430298 0.0261225 0.0307752 0.0109364
5 0.479931 0.298176 0.0388892 0.044458 0.0109328
5 0.3551 0.330529 0.0482777 0.0561614 0.0108549
5 0.641179 0.6369 0.0300556 0.0405173 0.0108305
5 0.35611 0.331893 0.0445997 0.0520263 0.0105801
5 0.681951 0.325316 0.031075 0.0362174 0.0105677
5 0.59172 0.430086 0.0281191 0.0320894 0.0104221
5 0.356521 0.331626 0.0400573 0.0508021 0.0101434
