3 0.486168 0.447428 0.542302 0.741244 0.486686
3 0.485277 0.447741 0.540801 0.738387 0.422123
3 0.484102 0.447969 0.535326 0.741842 0.409741
3 0.488609 0.447834 0.531536 0.740375 0.378037
3 0.484132 0.447985 0.532266 0.742723 0.358216
3 0.484522 0.447009 0.536484 0.739301 0.345747
3 0.488305 0.446847 0.528121 0.740943 0.297098
5 0.532264 0.446295 0.025328 0.0350312 0.277135
5 0.532078 0.446054 0.0237423 0.0330895 0.26505
3 0.484414 0.446598 0.534402 0.740015 0.256087
3 0.484917 0.445112 0.529734 0.73413 0.197353
5 0.532056 0.446321 0.0311631 0.0387296 0.170541
5 0.531588 0.446388 0.0297679 0.0398302 0.131345
3 0.519308 0.445667 0.312467 0.399829 0.123987
5 0.533 0.446543 0.0316299 0.0395114 0.111254
3 0.517628 0.439485 0.320108 0.403288 0.099127
5 0.532702 0.446598 0.0315431 0.0401599 0.0978916
3 0.484152 0.444828 0.530823 0.731308 0.0964941
5 0.446548 0.568848 0.0296662 0.0470617 0.0769954
3 0.508388 0.432224 0.328622 0.42824 0.0732053
5 0.532992 0.451669 0.0335546 0.0536477 0.0720565
3 0.519054 0.438005 0.304467 0.424591 0.0714689
5 0.532342 0.449389 0.0381565 0.0481704 0.0686878
5 0.531898 0.446288 0.0310852 0.0427887 0.0664405
3 0.506502 0.436018 0.329121 0.412004 0.0663738
5 0.446301 0.568117 0.0299698 0.0466998 0.0585625
5 0.446609 0.569 0.0313399 0.0486083 0.0549939
5 0.061479 0.952722 0.112885 0.0942369 0.0521184
3 0.509364 0.430526 0.328857 0.440577 0.051785
5 0.0372223 0.49737 0.0744446 0.133932 0.0506318
5 0.53316 0.45275 0.0358113 0.055873 0.049862
5 0.304934 0.820208 0.0320062 0.0371788 0.0485338
3 0.504524 0.438661 0.329177 0.445791 0.0468683
3 0.538322 0.454005 0.266928 0.380015 0.0456726
5 0.303987 0.820037 0.0337058 0.0382867 0.0456244
5 0.529913 0.446096 0.0350745 0.0444786 0.0434725
0 0.0381181 0.497329 0.0760604 0.131449 0.0425792
5 0.0372399 0.498971 0.0738525 0.133331 0.0420355
5 0.533839 0.477563 0.0266103 0.0223812 0.0417057
5 0.446158 0.5684 0.0314388 0.0480169 0.0410919
5 0.0610647 0.952351 0.120186 0.0946989 0.0405875
5 0.304497 0.820332 0.0334528 0.0385578 0.0393216
3 0.515281 0.43674 0.319101 0.440221 0.0387364
5 0.447276 0.568343 0.0331871 0.0508063 0.0351707
5 0.304037 0.820344 0.0316619 0.037232 0.0348772
3 0.536573 0.442065 0.283176 0.395683 0.0335669
5 0.0368552 0.4972 0.0729859 0.131302 0.0324922
5 0.0608842 0.95375 0.121768 0.0917234 0.029781
5 0.446972 0.56872 0.0330944 0.0514613 0.0293208
5 0.532005 0.447591 0.0374059 0.0493164 0.0288787
5 0.304608 0.820314 0.0360343 0.0411381 0.0261116
3 0.509462 0.438397 0.327531 0.410961 0.0253102
5 0.0600607 0.951936 0.119191 0.0956011 0.0250763
0 0.0378854 0.496114 0.0750884 0.129012 0.0243815
5 0.0360864 0.497499 0.0721728 0.131724 0.0243791
3 0.502546 0.412608 0.321669 0.422319 0.0242405
5 0.305136 0.820359 0.0366571 0.0405854 0.0230283
5 0.0613777 0.952066 0.115745 0.0949567 0.021551
5 0.0618626 0.953013 0.108924 0.0931738 0.0214486
5 0.304266 0.819519 0.0421356 0.0445223 0.0214458
5 0.445928 0.56754 0.0362189 0.0506693 0.0212714
2 0.354301 0.469666 0.0264252 0.0295182 0.0202146
5 0.304224 0.820013 0.042005 0.0441915 0.0198898
3 0.485209 0.447756 0.543915 0.741809 0.0197877
3 0.539 0.450723 0.249426 0.389127 0.0184553
5 0.0367918 0.497958 0.0733074 0.133375 0.0182389
5 0.0593784 0.951409 0.117138 0.0968287 0.0173889
5 0.53294 0.472135 0.0360981 0.0350683 0.0172781
5 0.0614356 0.95421 0.120445 0.0915068 0.0162555
4 0.486707 0.188717 0.501066 0.231977 0.0157712
3 0.521012 0.441563 0.295411 0.404295 0.0152332
2 0.354247 0.469722 0.0296242 0.0322727 0.0151815
4 0.480654 0.18532 0.488116 0.225387 0.0148533
3 0.506817 0.468917 0.335483 0.374846 0.0145305
0 0.0435216 0.382333 0.0863942 0.75842 0.0132011
4 0.498535 0.653065 0.509225 0.323284 0.0131455
4 0.552685 0.648559 0.404752 0.330445 0.0127545
3 0.490763 0.433233 0.328339 0.428376 0.0126143
5 0.0381805 0.497909 0.0763609 0.132827 0.011951
5 0.445463 0.568579 0.0413579 0.055121 0.011658
2 0.353364 0.468835 0.0289966 0.0316167 0.0114933
3 0.51562 0.41227 0.303524 0.419275 0.0110474
5 0.304652 0.82014 0.0433164 0.0474103 0.0108013
3 0.493232 0.437466 0.329635 0.415168 0.0104231
3 0.536544 0.43196 0.280273 0.426851 0.0101851
