0 0.494691 0.498689 0.817744 0.992301 0.856239
0 0.496193 0.493844 0.816054 0.987688 0.852536
0 0.510441 0.498203 0.80902 0.98991 0.852373
0 0.510666 0.493684 0.807344 0.987368 0.851264
0 0.493916 0.495035 0.816484 0.988784 0.84227
0 0.51072 0.495867 0.807952 0.988989 0.831115
0 0.496032 0.471921 0.822255 0.942371 0.509435
0 0.508118 0.470953 0.818056 0.940191 0.364757
0 0.502713 0.496947 0.837806 0.985739 0.316341
0 0.498792 0.48981 0.840722 0.976305 0.257084
0 0.497652 0.493703 0.827232 0.986582 0.0303424
0 0.497431 0.493945 0.846562 0.983029 0.0158605
0 0.496928 0.523984 0.80316 0.939834 0.0114649
