1 0.543436 0.395963 0.454882 0.680923 0.932553
1 0.549077 0.398498 0.454403 0.681823 0.919486
1 0.543795 0.398943 0.451661 0.68147 0.918828
1 0.544567 0.398178 0.454054 0.680287 0.918159
1 0.545179 0.398775 0.451364 0.67998 0.9041
1 0.543958 0.399139 0.450502 0.688175 0.901804
1 0.54526 0.400024 0.452931 0.685902 0.900857
1 0.548207 0.398416 0.451814 0.689059 0.89855
1 0.544221 0.397007 0.450284 0.677385 0.884367
1 0.547734 0.39744 0.450857 0.681732 0.882696
5 0.648908 0.387916 0.0426186 0.0513006 0.291764
5 0.648842 0.387844 0.0415047 0.0473326 0.254831
5 0.649168 0.38794 0.0420697 0.0502787 0.237243
5 0.648938 0.387341 0.0468445 0.0537315 0.22227
5 0.64832 0.386788 0.0465995 0.0530232 0.217707
5 0.648771 0.387765 0.0403379 0.0477528 0.212577
5 0.648346 0.387167 0.0449657 0.0512607 0.208116
5 0.648509 0.387813 0.0414523 0.0470417 0.202742
5 0.648926 0.388165 0.0396429 0.0461024 0.182813
5 0.649494 0.38893 0.0550575 0.0639267 0.158151
5 0.649075 0.388636 0.0536813 0.0630375 0.128148
5 0.647466 0.387863 0.0564687 0.0615288 0.111754
5 0.647452 0.387398 0.058456 0.0628637 0.108935
5 0.648041 0.386631 0.0506461 0.058513 0.103643
5 0.574534 0.159134 0.0290134 0.0327249 0.0853082
5 0.597756 0.107071 0.0350325 0.0471955 0.0731136
5 0.598478 0.107879 0.0338879 0.044518 0.0682575
5 0.574531 0.159237 0.031396 0.0370256 0.0674205
5 0.597826 0.107685 0.0362943 0.0464636 0.0581822
5 0.598165 0.107884 0.033046 0.0441526 0.0481621
5 0.574715 0.159106 0.0287822 0.0341493 0.0455329
5 0.647458 0.386928 0.0551378 0.0599648 0.0418867
5 0.648243 0.386904 0.0572555 0.0619791 0.0417484
5 0.650065 0.388719 0.0563807 0.0658958 0.0385127
5 0.575068 0.15901 0.0309527 0.037124 0.0385103
5 0.597038 0.106361 0.0375989 0.0489043 0.0315919
5 0.648524 0.38659 0.0502904 0.0576887 0.0315078
5 0.597471 0.10706 0.0377412 0.0491496 0.0282361
5 0.597349 0.107391 0.0368498 0.0463194 0.0222226
5 0.597563 0.108099 0.0385244 0.0468473 0.0196547
5 0.574843 0.159303 0.0342465 0.0426987 0.0147309
5 0.59688 0.105142 0.0407078 0.0513793 0.0129207
5 0.57372 0.158387 0.0348095 0.0412253 0.0113497
5 0.573113 0.158368 0.0342081 0.0414378 0.0107757
