3 0.495865 0.547572 0.324591 0.434813 0.677512
3 0.496724 0.546285 0.326493 0.437919 0.640334
3 0.496131 0.547626 0.328144 0.433192 0.629652
3 0.496126 0.547794 0.322792 0.435139 0.623962
3 0.495423 0.547281 0.325738 0.433604 0.599511
3 0.496592 0.548072 0.327191 0.434149 0.5757
3 0.495441 0.548187 0.32501 0.433316 0.541925
3 0.496837 0.547261 0.320855 0.436056 0.527131
3 0.497809 0.546202 0.325103 0.434285 0.525384
3 0.496607 0.546748 0.322771 0.433925 0.462608
2 0.594836 0.209782 0.033438 0.0438636 0.177074
5 0.632362 0.34073 0.048837 0.0903092 0.174253
2 0.594479 0.209686 0.0350874 0.0442265 0.131116
5 0.632022 0.338925 0.0451654 0.0885569 0.108939
5 0.631213 0.372888 0.0586916 0.155325 0.101289
2 0.594198 0.209591 0.0365695 0.0454281 0.0692985
5 0.63196 0.342366 0.0521271 0.0937841 0.0625141
5 0.630603 0.339103 0.0469816 0.0898403 0.0612122
2 0.369067 0.641838 0.0191688 0.0317564 0.059765
2 0.594452 0.209815 0.0363535 0.04569 0.0594885
5 0.630614 0.339305 0.0438507 0.0886264 0.0549682
3 0.51985 0.525328 0.217267 0.289174 0.0543813
2 0.369054 0.641897 0.0202908 0.0324012 0.0442838
3 0.513138 0.527922 0.22725 0.298703 0.042491
2 0.593551 0.209819 0.0396873 0.0482676 0.0420344
5 0.628119 0.339478 0.0568466 0.0919631 0.0411904
5 0.397615 0.776652 0.0359439 0.0383018 0.0383946
5 0.629222 0.339266 0.0432363 0.0886574 0.0349749
2 0.593138 0.209898 0.0402752 0.0495846 0.033296
2 0.59416 0.210453 0.041192 0.0469175 0.0315135
5 0.398007 0.777027 0.0347859 0.0372644 0.0270404
5 0.626517 0.339059 0.0582502 0.0900437 0.0263017
3 0.504776 0.522382 0.201466 0.287389 0.0261317
3 0.523789 0.52903 0.211273 0.297059 0.0258544
2 0.593789 0.209159 0.0425562 0.0478711 0.0258095
5 0.397837 0.77772 0.032218 0.0340818 0.0255226
3 0.505727 0.530169 0.223361 0.308964 0.0244116
5 0.39744 0.776996 0.0343809 0.0349772 0.0242024
5 0.631263 0.379027 0.0618672 0.169144 0.0240517
3 0.533679 0.530338 0.195187 0.293196 0.0230197
2 0.593879 0.209765 0.0410295 0.0489809 0.0224729
5 0.629553 0.349214 0.058135 0.109776 0.0206314
5 0.395185 0.775664 0.0447972 0.0477869 0.0193422
4 0.497451 0.371633 0.273085 0.0893264 0.0190664
3 0.505243 0.525999 0.225433 0.284326 0.018309
4 0.499998 0.371819 0.269344 0.0893454 0.018166
2 0.629607 0.339224 0.0387605 0.0872299 0.0175952
5 0.368874 0.643087 0.0238381 0.0384646 0.0157004
2 0.3692 0.64234 0.0219235 0.0357921 0.0146367
2 0.628897 0.33952 0.0395775 0.0878775 0.0129608
5 0.38195 0.197499 0.0258806 0.029215 0.0126123
3 0.503599 0.528774 0.223285 0.293514 0.0122456
5 0.381535 0.197026 0.0241368 0.0251107 0.0119111
3 0.515726 0.527641 0.217214 0.284857 0.0116446
5 0.39397 0.775045 0.0492324 0.049986 0.0112877
2 0.592802 0.209649 0.0439604 0.0511149 0.0104303
4 0.497372 0.374116 0.261076 0.096633 0.0100176
