3 0.637572 0.536341 0.533537 0.515029 0.858326
3 0.635273 0.535937 0.538042 0.508837 0.850503
3 0.636543 0.532444 0.535675 0.512766 0.850493
3 0.638895 0.534973 0.532571 0.511077 0.836784
3 0.63906 0.535337 0.531847 0.512718 0.834889
3 0.635667 0.536537 0.537685 0.510659 0.83463
3 0.637243 0.533833 0.532727 0.514638 0.828835
3 0.638132 0.534986 0.531166 0.510943 0.817059
3 0.637526 0.533418 0.532699 0.511926 0.788448
3 0.637421 0.536845 0.532887 0.508504 0.630101
5 0.641039 0.4998 0.0410957 0.0486258 0.0511074
3 0.635807 0.53472 0.536914 0.516268 0.0427912
5 0.641067 0.499919 0.0408275 0.0475577 0.0406049
5 0.640948 0.499018 0.0408122 0.0479982 0.0371338
5 0.640485 0.499431 0.0420222 0.0502865 0.029789
5 0.641101 0.499214 0.0450337 0.0524622 0.0262626
5 0.641485 0.499825 0.0384736 0.0439818 0.0224961
5 0.64162 0.499865 0.0372965 0.044429 0.0205741
1 0.564989 0.543549 0.142428 0.128646 0.0195322
1 0.56628 0.546908 0.148973 0.128773 0.0193428
1 0.560748 0.540634 0.136064 0.13412 0.01641
5 0.640642 0.49985 0.0421129 0.0474508 0.015348
5 0.640681 0.499658 0.0400039 0.0457117 0.0151105
1 0.554675 0.531189 0.160655 0.302803 0.0151061
5 0.640872 0.500111 0.0398422 0.0453864 0.0147795
1 0.548842 0.528312 0.172292 0.313896 0.0137613
1 0.55659 0.529296 0.1539 0.279656 0.0131593
1 0.568665 0.557419 0.151508 0.106953 0.0129982
1 0.56189 0.544125 0.13845 0.133595 0.0124804
1 0.553159 0.525322 0.162878 0.305647 0.0118462
1 0.552806 0.539159 0.171862 0.324474 0.0107315
1 0.558034 0.535998 0.131502 0.139182 0.010503
