0 0.553475 0.422414 0.484485 0.703857 0.856914
0 0.550959 0.423952 0.482251 0.706771 0.853013
0 0.552663 0.422784 0.487637 0.703378 0.847666
0 0.555916 0.421818 0.496984 0.703658 0.843016
0 0.555837 0.420167 0.491744 0.696868 0.824649
0 0.548326 0.425159 0.476011 0.710948 0.817616
0 0.557823 0.418716 0.497386 0.69436 0.805661
0 0.551109 0.424949 0.483589 0.707928 0.798955
0 0.55267 0.422419 0.486897 0.7054 0.790255
0 0.548825 0.430205 0.477415 0.717176 0.510126
5 0.581998 0.133228 0.0327495 0.0412718 0.136386
5 0.581708 0.13274 0.0341066 0.0424711 0.134526
5 0.581857 0.132937 0.0369662 0.0460055 0.104827
5 0.581993 0.13288 0.033755 0.0423777 0.102797
5 0.581557 0.131974 0.0400462 0.0463397 0.0992101
5 0.581886 0.133294 0.0331883 0.0412839 0.094437
5 0.581612 0.13319 0.0396699 0.0458539 0.0887141
5 0.581549 0.132568 0.0396921 0.0481424 0.0882152
5 0.582537 0.132729 0.0372011 0.0457648 0.0791327
1 0.757608 0.44379 0.109157 0.504448 0.068218
1 0.757291 0.462081 0.109676 0.517263 0.0613724
5 0.581454 0.133809 0.0479811 0.05413 0.0511838
5 0.527922 0.426604 0.057028 0.153229 0.04974
5 0.581462 0.132303 0.0398217 0.0478694 0.0484446
1 0.757961 0.432392 0.109268 0.500473 0.0475579
5 0.581605 0.13305 0.042006 0.0493131 0.0468084
5 0.590359 0.521131 0.0517668 0.0480449 0.0453494
5 0.407112 0.504279 0.0368001 0.0517548 0.0417798
5 0.526859 0.426842 0.0563521 0.153366 0.0358036
5 0.407613 0.503754 0.036983 0.0533156 0.035635
5 0.407266 0.504307 0.0361735 0.0510754 0.0350972
5 0.589944 0.520157 0.054968 0.0523631 0.0342772
1 0.755492 0.475638 0.115812 0.520643 0.0336596
5 0.590528 0.521042 0.0502497 0.0486923 0.0314091
5 0.590273 0.522145 0.051434 0.0482706 0.0304582
5 0.590385 0.520755 0.053817 0.049635 0.0255621
5 0.590235 0.521003 0.0554573 0.0517077 0.0228827
5 0.525408 0.425818 0.0499256 0.149562 0.0228716
0 0.590796 0.520788 0.0525272 0.0492399 0.021899
5 0.537204 0.605956 0.0396992 0.0550398 0.0213152
0 0.526186 0.427961 0.0557535 0.150761 0.0209697
1 0.756651 0.459633 0.11233 0.51915 0.0208073
0 0.617952 0.404951 0.239982 0.29794 0.0207564
5 0.40635 0.505036 0.0433736 0.0585718 0.0198251
0 0.525684 0.42879 0.0565322 0.152312 0.0196496
5 0.537754 0.605496 0.0369589 0.0531971 0.0178808
0 0.615223 0.434952 0.231914 0.234467 0.0171825
0 0.541792 0.268237 0.379141 0.214535 0.017024
0 0.608196 0.438926 0.229676 0.23123 0.0164616
0 0.619319 0.357015 0.240894 0.395776 0.0164512
1 0.754865 0.44482 0.11766 0.501496 0.0164409
1 0.761922 0.436992 0.102629 0.529137 0.0162182
0 0.612572 0.43861 0.229115 0.225274 0.015967
5 0.590408 0.522073 0.0502653 0.0490457 0.0155917
5 0.543041 0.426861 0.0902837 0.157413 0.014786
0 0.549808 0.271152 0.378073 0.219764 0.0146366
1 0.755737 0.47462 0.114197 0.51949 0.0144882
5 0.406857 0.504602 0.0389516 0.0535723 0.0143941
0 0.599548 0.447134 0.245867 0.241481 0.0140303
0 0.590059 0.27862 0.293959 0.224413 0.0139885
0 0.550248 0.426767 0.474293 0.712161 0.013744
0 0.562416 0.264526 0.337459 0.216728 0.0132362
5 0.526978 0.426939 0.0538219 0.152784 0.0131303
0 0.593411 0.266567 0.278119 0.215751 0.0130518
5 0.347191 0.362129 0.0252429 0.0316646 0.0128877
5 0.347197 0.362529 0.0280772 0.0344463 0.0127514
5 0.407699 0.50381 0.0416086 0.0564834 0.0124113
5 0.40613 0.503865 0.043745 0.0613533 0.0123189
0 0.55469 0.264043 0.339556 0.216429 0.0120868
0 0.549293 0.493831 0.357087 0.345449 0.0116657
5 0.407285 0.504711 0.0386201 0.0518062 0.0113817
5 0.58966 0.51966 0.0579337 0.0535999 0.0111513
0 0.53783 0.605722 0.0389161 0.0545381 0.010712
3 0.577082 0.408444 0.150535 0.168088 0.0101762
5 0.406063 0.504495 0.0447754 0.0598518 0.0100668
