2 0.597109 0.503921 0.0836087 0.0814264 0.632235
2 0.596748 0.503447 0.085143 0.0837898 0.626456
2 0.596323 0.503777 0.0848832 0.0812348 0.619261
2 0.596626 0.503998 0.0854925 0.0828634 0.617522
2 0.59774 0.503899 0.0871043 0.0824133 0.600673
2 0.596174 0.50349 0.0859214 0.0815293 0.579848
2 0.597189 0.503134 0.0878887 0.0811792 0.575713
2 0.596088 0.503587 0.0830446 0.083135 0.554377
2 0.627386 0.588506 0.0488233 0.0549883 0.542259
2 0.626076 0.589579 0.047707 0.0584861 0.538504
2 0.622319 0.589128 0.038999 0.0551168 0.502565
2 0.628902 0.589824 0.0550144 0.0601176 0.485074
2 0.628474 0.589638 0.0549634 0.0607029 0.468616
2 0.628931 0.589579 0.0537552 0.0604523 0.466848
2 0.629299 0.590462 0.0567855 0.0640446 0.46383
2 0.628946 0.589017 0.0534477 0.057948 0.442585
2 0.46307 0.547738 0.0516761 0.0549579 0.439199
2 0.628033 0.588966 0.0509907 0.0580739 0.428086
2 0.462848 0.693725 0.116281 0.101481 0.405077
2 0.462281 0.54768 0.0525057 0.0553527 0.404649
2 0.463503 0.547838 0.053751 0.0575042 0.392774
2 0.462876 0.547276 0.0518979 0.0568926 0.390842
2 0.576766 0.685774 0.0680846 0.0966715 0.383739
2 0.462471 0.698755 0.118399 0.10972 0.365669
2 0.463623 0.54758 0.0522373 0.0572407 0.363468
2 0.463521 0.547626 0.0525186 0.0560952 0.359661
2 0.463897 0.547557 0.0528958 0.0596748 0.330403
2 0.46322 0.549082 0.0505901 0.054539 0.328237
2 0.577129 0.6868 0.062919 0.0923596 0.326818
2 0.463528 0.54801 0.0526346 0.0561219 0.324601
2 0.575244 0.684464 0.0687315 0.0959967 0.312695
2 0.57348 0.685178 0.0642789 0.0943489 0.299507
2 0.46323 0.698448 0.123462 0.108075 0.296616
2 0.578106 0.685538 0.0716366 0.0946042 0.292361
2 0.597665 0.502962 0.0826957 0.0810232 0.286318
2 0.577486 0.685994 0.0646297 0.0946772 0.283028
2 0.578876 0.688051 0.0718625 0.0963062 0.275116
2 0.462395 0.692983 0.121374 0.0987067 0.271236
2 0.59858 0.504941 0.0809783 0.0808973 0.270851
2 0.461281 0.723057 0.128977 0.156504 0.270114
2 0.595671 0.50338 0.0831737 0.0838031 0.268771
2 0.461642 0.711141 0.1224 0.132778 0.266446
2 0.461878 0.694861 0.117677 0.102414 0.265742
2 0.444995 0.465031 0.0641109 0.0954213 0.253279
2 0.596716 0.503414 0.087405 0.0802033 0.252106
2 0.44262 0.463156 0.0625562 0.0898555 0.237472
2 0.578543 0.687735 0.0648382 0.0913456 0.21899
2 0.442475 0.462279 0.0623509 0.0881109 0.212075
2 0.443973 0.46435 0.0674383 0.0946409 0.192209
2 0.581512 0.687945 0.0825641 0.0974095 0.191666
2 0.578597 0.687744 0.065409 0.0929881 0.191038
2 0.443275 0.463453 0.0608733 0.0897931 0.186746
2 0.443199 0.462212 0.0619635 0.0867803 0.183342
2 0.630977 0.589239 0.0614595 0.0714515 0.17904
2 0.461174 0.548633 0.0540577 0.0597906 0.161514
2 0.462896 0.69861 0.112398 0.11163 0.160039
2 0.463353 0.694604 0.111033 0.103352 0.156241
2 0.461317 0.693333 0.123298 0.0980329 0.156176
2 0.443679 0.461827 0.0587051 0.0877771 0.155561
2 0.46209 0.549979 0.0516312 0.0562172 0.150138
2 0.44483 0.46535 0.0658407 0.0929916 0.142916
2 0.62782 0.591114 0.0632001 0.067436 0.14043
2 0.4417 0.462277 0.0642467 0.092113 0.136667
2 0.463648 0.547882 0.0609813 0.0612195 0.13557
2 0.462732 0.550053 0.0554324 0.0560343 0.128828
2 0.443796 0.463348 0.0635986 0.0886739 0.118365
2 0.567621 0.683068 0.0531874 0.0897077 0.113741
2 0.583693 0.690432 0.0843807 0.0988128 0.105093
2 0.582683 0.68998 0.0802277 0.0951498 0.10481
2 0.628139 0.590796 0.0668987 0.0707658 0.0991158
2 0.496831 0.596219 0.0293253 0.0590289 0.0962504
2 0.629633 0.590518 0.0603447 0.0653247 0.0956082
2 0.496767 0.59672 0.0321236 0.0604897 0.0941478
2 0.448158 0.465801 0.0713857 0.0971528 0.0894229
4 0.524939 0.561898 0.454252 0.54446 0.0893452
2 0.496398 0.594036 0.0291883 0.0581691 0.087297
2 0.496774 0.596722 0.0333889 0.0606501 0.0849517
2 0.63005 0.589234 0.0655259 0.0740093 0.0771768
2 0.577682 0.686578 0.0690153 0.0940167 0.0749941
2 0.450464 0.733849 0.147999 0.18923 0.0725527
2 0.461522 0.691079 0.125501 0.093436 0.0719765
2 0.581951 0.689594 0.0803522 0.094005 0.0703876
2 0.721708 0.700421 0.116911 0.186329 0.0681484
2 0.718125 0.707701 0.126194 0.190508 0.058996
2 0.547154 0.549828 0.0414985 0.0604411 0.0578828
2 0.580034 0.567065 0.0336832 0.0405954 0.0562851
2 0.461394 0.700253 0.130328 0.110862 0.0549752
4 0.529533 0.550639 0.461559 0.566776 0.0540473
2 0.49663 0.595815 0.0302236 0.0576851 0.0526506
0 0.527824 0.550957 0.457849 0.568174 0.0524769
4 0.526258 0.548871 0.459684 0.569849 0.0517597
2 0.587976 0.620648 0.0718803 0.0561066 0.0488599
2 0.626783 0.588473 0.0611144 0.067363 0.0458278
2 0.580483 0.567544 0.0330667 0.0409879 0.0439923
2 0.718241 0.700785 0.129742 0.188402 0.0424736
2 0.463271 0.694225 0.110682 0.101838 0.0404743
2 0.463176 0.704138 0.114784 0.118444 0.0403994
2 0.482943 0.387963 0.0375362 0.0525117 0.0401647
2 0.586566 0.617961 0.0595059 0.0514575 0.0393011
2 0.453135 0.724447 0.14145 0.159612 0.0387752
2 0.548508 0.547832 0.0382016 0.0547126 0.0383804
2 0.595966 0.504388 0.0862497 0.0780778 0.0371711
2 0.547866 0.54589 0.0358672 0.0516319 0.0367596
2 0.593195 0.617542 0.0495754 0.0536399 0.0366917
2 0.586389 0.619132 0.0743123 0.0515129 0.0359203
2 0.721448 0.706847 0.108074 0.187889 0.0351772
0 0.528366 0.549491 0.458605 0.56865 0.0351557
2 0.494202 0.597492 0.0359659 0.0628719 0.0346231
2 0.506149 0.588548 0.0476677 0.0683267 0.0342934
2 0.482572 0.388009 0.0400232 0.0533358 0.03399
2 0.549006 0.547944 0.0363129 0.0536455 0.0338102
2 0.585525 0.689518 0.087837 0.0984278 0.0335106
2 0.69004 0.429935 0.0437769 0.043665 0.0331714
2 0.690289 0.429746 0.0404627 0.0396266 0.0310056
2 0.596351 0.50339 0.0869355 0.0820302 0.0309963
2 0.690663 0.430085 0.0490852 0.0462443 0.0309681
2 0.689543 0.431194 0.0427385 0.043113 0.030132
2 0.531336 0.555326 0.0901089 0.129418 0.0299363
2 0.448892 0.467177 0.0747907 0.100617 0.0289201
2 0.69012 0.429935 0.0394577 0.0385546 0.0286914
0 0.524452 0.551004 0.454654 0.569921 0.028555
2 0.482385 0.388087 0.0382981 0.0510165 0.0281665
2 0.447654 0.756022 0.105951 0.08687 0.0280905
2 0.462571 0.550086 0.057828 0.0587962 0.0279563
2 0.68944 0.430235 0.0418514 0.0418447 0.0273312
2 0.546075 0.546884 0.0370968 0.0569766 0.0269568
2 0.496826 0.59322 0.0294485 0.0584412 0.0268902
2 0.436903 0.465073 0.0860579 0.0967303 0.0266683
2 0.542301 0.559083 0.0563237 0.0829028 0.0262446
2 0.529886 0.563374 0.0853749 0.109167 0.0256925
4 0.524065 0.550558 0.455125 0.563217 0.025392
2 0.550274 0.550124 0.0346711 0.0530716 0.0249211
2 0.629909 0.589214 0.0727567 0.0784764 0.0248029
2 0.548224 0.548427 0.039414 0.0544795 0.0247871
0 0.525104 0.547779 0.455361 0.570537 0.0243438
2 0.495686 0.592431 0.0288913 0.0585524 0.0242753
2 0.69088 0.430594 0.0483194 0.0473822 0.0237984
2 0.444404 0.462125 0.05971 0.0864433 0.0237907
2 0.451442 0.468512 0.0749954 0.0997535 0.023292
2 0.690083 0.431091 0.0425274 0.0418438 0.0229336
2 0.57124 0.684025 0.073974 0.0963311 0.0226557
2 0.459989 0.545926 0.0740754 0.0727662 0.0221391
2 0.580061 0.567522 0.0336185 0.041729 0.0221332
2 0.482067 0.387808 0.04051 0.0531047 0.0218378
2 0.591188 0.620075 0.0885566 0.0558866 0.0214518
2 0.462091 0.757492 0.135226 0.0921621 0.0214175
2 0.432807 0.463153 0.0938743 0.0984303 0.0213088
2 0.494244 0.598788 0.0399379 0.0644003 0.0204785
2 0.448146 0.757364 0.106061 0.0894281 0.0204683
2 0.56754 0.657646 0.0441477 0.037724 0.0200308
2 0.59252 0.622438 0.0866814 0.0602558 0.0199042
2 0.460999 0.690536 0.118992 0.102473 0.0190994
2 0.496487 0.598428 0.0455045 0.0671533 0.0189803
2 0.58053 0.567337 0.033889 0.0420745 0.0184954
2 0.468535 0.551333 0.0672282 0.0677849 0.0175769
2 0.691143 0.431746 0.0463887 0.0443221 0.0172203
2 0.493953 0.593894 0.0355453 0.060704 0.0170937
2 0.579703 0.568405 0.0353271 0.0435408 0.0169115
2 0.413277 0.737171 0.229629 0.1998 0.0168334
2 0.527919 0.560397 0.0829714 0.124334 0.0161749
2 0.575012 0.623142 0.0488174 0.0403218 0.0160205
2 0.455311 0.757463 0.120626 0.0941546 0.0157963
2 0.481468 0.388622 0.0416103 0.0521647 0.01561
2 0.48203 0.386867 0.0418936 0.0552879 0.0155084
2 0.628796 0.588655 0.0639509 0.0684914 0.0154998
2 0.46057 0.689722 0.121969 0.0883566 0.0136753
0 0.520822 0.551893 0.449745 0.573974 0.0136141
2 0.44342 0.75674 0.0956035 0.0825888 0.0130764
2 0.454666 0.469884 0.0720051 0.0970697 0.0130255
2 0.494801 0.600172 0.0419884 0.0658925 0.0130126
2 0.596301 0.622345 0.0963918 0.0683334 0.0127745
2 0.523327 0.561276 0.0767788 0.11903 0.012675
2 0.622604 0.587124 0.047306 0.062799 0.0126572
2 0.568446 0.625367 0.033827 0.0316773 0.0123251
0 0.522157 0.546048 0.45087 0.565996 0.0120429
2 0.57809 0.688272 0.0602507 0.0929634 0.0114187
2 0.535978 0.564945 0.0856978 0.105386 0.0112317
0 0.527445 0.51919 0.248123 0.21202 0.0109414
0 0.527594 0.51662 0.248458 0.214543 0.0109098
2 0.563795 0.657761 0.041329 0.037621 0.0108089
2 0.456495 0.728866 0.14502 0.179828 0.0107392
2 0.630323 0.587094 0.0774556 0.0947617 0.0106758
2 0.623685 0.590917 0.0658284 0.0798194 0.0106472
2 0.454349 0.480496 0.0718615 0.0762675 0.0103373
2 0.482018 0.386721 0.0433952 0.0540523 0.0100625
