3 0.532506 0.51028 0.475782 0.564547 0.438931
0 0.533967 0.508337 0.474526 0.565358 0.414038
3 0.532786 0.506751 0.475189 0.564196 0.39257
3 0.532759 0.510985 0.475412 0.563223 0.3647
3 0.532473 0.505762 0.472512 0.564877 0.35728
3 0.532572 0.50971 0.473036 0.564941 0.347974
3 0.532249 0.508298 0.47368 0.565655 0.335489
3 0.532337 0.509566 0.474607 0.56367 0.327875
5 0.443609 0.718765 0.0378565 0.042867 0.324603
5 0.443773 0.71911 0.0392645 0.0445836 0.312948
5 0.443588 0.718392 0.0422769 0.0434635 0.310153
5 0.443992 0.719032 0.0365215 0.0408221 0.284942
3 0.5342 0.509508 0.474302 0.565077 0.279196
5 0.443515 0.718887 0.0374397 0.0422086 0.277133
5 0.443689 0.718053 0.0431945 0.0456001 0.267558
5 0.443369 0.718097 0.0408889 0.0434737 0.264234
3 0.534665 0.50584 0.472604 0.565762 0.257258
5 0.724716 0.544773 0.0259134 0.0329885 0.256005
5 0.443592 0.718992 0.0377655 0.0423373 0.247985
5 0.725085 0.5448 0.0247278 0.031434 0.243266
5 0.724502 0.54456 0.0286728 0.0355407 0.237384
5 0.72444 0.544434 0.0282282 0.0342885 0.225716
5 0.444171 0.718975 0.0353527 0.0411355 0.213233
5 0.725784 0.544506 0.0323607 0.0380976 0.190863
5 0.641915 0.596429 0.0271939 0.0334228 0.180603
5 0.724622 0.544704 0.0303011 0.0370835 0.166263
5 0.641582 0.59604 0.0294135 0.0357979 0.164528
5 0.642604 0.596411 0.029551 0.0367169 0.153046
5 0.641706 0.595884 0.0318537 0.0377492 0.150739
5 0.641949 0.596156 0.0341331 0.0408454 0.137987
5 0.641106 0.596023 0.0361587 0.0423133 0.108777
5 0.640348 0.595911 0.0371007 0.0428595 0.0852745
5 0.640138 0.596006 0.0372485 0.0448084 0.0837559
5 0.44473 0.71767 0.0511708 0.0505241 0.081373
5 0.444521 0.717282 0.0533779 0.0551994 0.0791587
5 0.442038 0.718995 0.0507315 0.0566404 0.0785425
5 0.641188 0.596144 0.0421371 0.0458028 0.0774967
5 0.727494 0.546408 0.0379313 0.0420414 0.0628307
5 0.640904 0.59449 0.0383839 0.0506811 0.0545671
5 0.335432 0.555369 0.0186233 0.0232243 0.0524025
5 0.539199 0.781514 0.0421307 0.0334242 0.0515227
5 0.445261 0.718023 0.0502421 0.0503733 0.0498036
5 0.442305 0.719772 0.0518741 0.0571353 0.0419282
3 0.533785 0.481917 0.328629 0.370922 0.0417689
5 0.64014 0.59537 0.0445105 0.0540753 0.0412441
5 0.727178 0.544702 0.0372716 0.0417049 0.041203
5 0.538471 0.782159 0.039095 0.0337465 0.0402232
5 0.444125 0.716366 0.0496369 0.0583809 0.0381043
3 0.54446 0.488242 0.324934 0.381848 0.0362481
5 0.443421 0.716476 0.0542328 0.0601692 0.0339632
5 0.722179 0.544505 0.042315 0.043927 0.0335535
3 0.536057 0.466884 0.32006 0.354891 0.0315059
3 0.533838 0.491994 0.335385 0.398596 0.0313254
3 0.545283 0.507817 0.334941 0.414676 0.0291924
5 0.72203 0.544877 0.0429063 0.0478295 0.0270937
5 0.334972 0.554303 0.0216537 0.0249833 0.026027
5 0.723846 0.543452 0.0390093 0.0541468 0.0239483
5 0.723683 0.544091 0.0402428 0.0559884 0.0236066
5 0.538893 0.782997 0.0400046 0.0348942 0.0234456
5 0.721856 0.545191 0.0432313 0.0462165 0.0188249
3 0.545451 0.472322 0.312861 0.35915 0.0182723
5 0.727144 0.545685 0.0401431 0.0430764 0.0163744
3 0.533072 0.502622 0.330492 0.404648 0.01389
5 0.537632 0.783732 0.0358214 0.0348538 0.0137919
5 0.644656 0.59613 0.0455966 0.0454875 0.0136546
5 0.424501 0.763183 0.0260831 0.0283659 0.0132617
3 0.549271 0.515069 0.33109 0.423127 0.0109704
5 0.438668 0.72287 0.0537646 0.0622763 0.010311
