2 0.341405 0.472056 0.0358385 0.0334185 0.747654
2 0.447565 0.372525 0.0555551 0.0623223 0.727517
2 0.372847 0.534013 0.0368798 0.0387939 0.706498
2 0.324673 0.518686 0.0440374 0.0446952 0.660737
2 0.359334 0.403418 0.0448536 0.0825994 0.619242
2 0.304618 0.458501 0.0314844 0.0515125 0.617195
2 0.389345 0.36169 0.0415657 0.0512584 0.48809
2 0.38599 0.272141 0.038996 0.0526801 0.473892
2 0.297423 0.340552 0.0281851 0.0486486 0.470455
2 0.434602 0.524965 0.0775285 0.061245 0.46529
2 0.495196 0.426255 0.0454443 0.0431387 0.448621
2 0.52313 0.469811 0.0360254 0.0494273 0.436361
2 0.507557 0.476044 0.069371 0.0628788 0.423747
2 0.45847 0.373558 0.0560562 0.0659491 0.412286
2 0.483314 0.558411 0.0371481 0.0497182 0.399273
2 0.46276 0.203121 0.0460452 0.0617017 0.354839
2 0.490448 0.427246 0.0374812 0.0375108 0.349464
2 0.366331 0.421971 0.0515562 0.0487563 0.345778
2 0.446041 0.524916 0.0540712 0.058714 0.322929
2 0.323622 0.352368 0.0286042 0.0442936 0.301394
2 0.50005 0.609671 0.0289149 0.0344058 0.28516
2 0.509404 0.488518 0.0648067 0.0864991 0.261639
2 0.513482 0.514021 0.0531697 0.0454377 0.256741
