1 0.451077 0.553151 0.689862 0.829125 0.708757
5 0.211534 0.458506 0.0302629 0.0384681 0.182078
5 0.230733 0.401315 0.032595 0.0441673 0.16678
5 0.452806 0.702831 0.0306613 0.0385123 0.0938862
5 0.211799 0.460848 0.0453032 0.0535166 0.0803609
5 0.466239 0.327754 0.0426691 0.0487825 0.0488522
5 0.477374 0.335367 0.020687 0.026301 0.0350779
5 0.460819 0.323448 0.0285887 0.0351634 0.0271542
5 0.233274 0.40507 0.0518443 0.0641967 0.0208593
5 0.4453 0.698094 0.0567148 0.0606509 0.0184035
5 0.463132 0.331859 0.065087 0.0713143 0.0149317
5 0.566162 0.178923 0.0198129 0.0239831 0.0119498
