5 0.471892 0.601392 0.0499474 0.0611713 0.436001
3 0.475323 0.502076 0.458888 0.538352 0.427435
5 0.39373 0.505462 0.0445526 0.0516667 0.359598
5 0.349623 0.508051 0.0327927 0.0530147 0.0902351
0 0.0676065 0.951133 0.134968 0.0977338 0.0706678
5 0.37062 0.473731 0.026134 0.0289106 0.0676269
5 0.346667 0.5162 0.0246607 0.0312171 0.0485967
5 0.353969 0.4941 0.0256483 0.0315786 0.0458047
2 0.370332 0.474909 0.0281385 0.0296698 0.029539
2 0.321066 0.670701 0.0408146 0.0467783 0.0240545
5 0.358927 0.489093 0.040369 0.0537764 0.0214539
1 0.467103 0.511824 0.485698 0.549061 0.0178207
5 0.364264 0.642674 0.0393827 0.0474465 0.01414
3 0.502798 0.487124 0.336326 0.359249 0.0129397
5 0.465369 0.609415 0.0710433 0.0955245 0.0123228
