4 0.447595 0.624909 0.526818 0.670233 0.837566
2 0.357359 0.880434 0.0259693 0.0274524 0.0599704
2 0.450925 0.663352 0.014736 0.0182645 0.0498995
2 0.209757 0.653514 0.0231273 0.0273429 0.0450518
2 0.354488 0.809063 0.0172369 0.0197726 0.0386951
2 0.395519 0.738603 0.0166467 0.0222268 0.0376929
2 0.61097 0.653815 0.0163361 0.0206692 0.0361189
2 0.65673 0.419823 0.0181421 0.0199273 0.0354537
2 0.392358 0.743945 0.0203313 0.0265781 0.0305759
2 0.655617 0.486635 0.016187 0.0208036 0.0299059
2 0.428397 0.669593 0.0173364 0.0204875 0.0275024
2 0.511137 0.651131 0.0180407 0.0198289 0.0269028
2 0.294475 0.592754 0.0216082 0.0304229 0.0254492
2 0.296909 0.643203 0.0162303 0.0202324 0.02508
2 0.350939 0.698522 0.0177388 0.0218979 0.0243592
2 0.621101 0.464064 0.0144668 0.0172159 0.0240334
2 0.35828 0.838825 0.0231101 0.0247147 0.0235576
2 0.388905 0.749211 0.0164515 0.0188839 0.0224106
2 0.607409 0.451977 0.0136657 0.0187901 0.0223679
2 0.330215 0.6905 0.0160878 0.0186215 0.0221713
2 0.270451 0.654069 0.0198982 0.0292441 0.0211409
2 0.282092 0.623905 0.0161716 0.0196161 0.0203597
4 0.609445 0.600183 0.195375 0.643079 0.0194849
2 0.314583 0.660961 0.0152696 0.0203817 0.0190955
2 0.296755 0.479079 0.0190151 0.0220428 0.0166022
2 0.243982 0.606562 0.0178536 0.0206256 0.0163641
2 0.322287 0.592236 0.0187846 0.0213442 0.0160316
2 0.343881 0.675086 0.0152238 0.018295 0.0151524
2 0.463697 0.875175 0.0205164 0.0205267 0.0150993
2 0.510735 0.330153 0.0165875 0.0213956 0.0146603
2 0.34755 0.938149 0.026933 0.0314319 0.0146315
2 0.389408 0.591243 0.0157984 0.0187825 0.0144249
2 0.614585 0.731307 0.0156954 0.0217402 0.013807
2 0.598074 0.473993 0.0195768 0.0211935 0.0131809
5 0.617486 0.883813 0.02283 0.0288825 0.0131251
2 0.403271 0.767893 0.0159895 0.0179323 0.0130419
2 0.244999 0.781192 0.0248814 0.0310669 0.0129763
2 0.639178 0.379229 0.0226619 0.0268259 0.0125959
2 0.429835 0.34212 0.019257 0.019298 0.0124492
2 0.372642 0.658335 0.0154462 0.0195756 0.0117663
2 0.427062 0.4814 0.0184083 0.0206534 0.0115708
2 0.4076 0.64062 0.0175532 0.0180201 0.0114644
2 0.617864 0.568374 0.0142007 0.0187444 0.0114292
2 0.657161 0.419687 0.0250549 0.0290355 0.0114144
2 0.346921 0.584804 0.0180593 0.0208809 0.0113825
2 0.48665 0.621755 0.0166945 0.0204761 0.0112198
2 0.664455 0.542136 0.0148285 0.018715 0.010909
2 0.466711 0.546079 0.0201894 0.0233869 0.0107853
2 0.468484 0.76482 0.0195244 0.0209389 0.0107119
2 0.435107 0.819595 0.018182 0.0201702 0.0106488
2 0.684391 0.557091 0.0205347 0.0315877 0.010395
2 0.279948 0.701743 0.0181199 0.0196433 0.0101571
