1 0.598134 0.48437 0.706111 0.507586 0.403271
5 0.455878 0.250307 0.0411941 0.0412052 0.1687
5 0.726138 0.204788 0.042923 0.0431078 0.123251
5 0.766662 0.477821 0.0307699 0.038614 0.0974644
5 0.632714 0.753812 0.0309033 0.0445308 0.0449215
5 0.722575 0.204503 0.0612397 0.0626078 0.0399725
5 0.50613 0.427389 0.0308748 0.0335081 0.0259398
5 0.773126 0.280853 0.0328514 0.0329644 0.0157267
5 0.638697 0.478908 0.0243488 0.0312116 0.0134547
5 0.32018 0.635527 0.0407913 0.0412842 0.0130825
5 0.458229 0.24868 0.0608711 0.0594724 0.010779
3 0.562315 0.443873 0.385614 0.423621 0.0104188
0 0.387229 0.303099 0.18443 0.108616 0.0103695
