1 0.381477 0.456002 0.274443 0.415297 0.807251
5 0.600463 0.506212 0.0683987 0.0916351 0.619698
5 0.361726 0.597759 0.0270813 0.031408 0.268323
5 0.729752 0.501017 0.136543 0.106123 0.191932
5 0.803527 0.473571 0.0344212 0.0482385 0.157921
5 0.626984 0.423113 0.0291961 0.0348354 0.105231
5 0.643095 0.397459 0.0346314 0.0427754 0.0531263
5 0.63396 0.408789 0.0497007 0.0678842 0.0473711
5 0.357185 0.595393 0.043157 0.0409555 0.0393669
0 0.700262 0.378808 0.283004 0.359905 0.0348171
0 0.726114 0.460089 0.343338 0.624956 0.0269083
5 0.800439 0.476006 0.0562013 0.0684895 0.0265263
5 0.644455 0.397174 0.0226844 0.0316557 0.0222242
5 0.854721 0.43705 0.0800137 0.0588843 0.0218366
5 0.822976 0.576697 0.0255569 0.0305825 0.0159702
0 0.61553 0.273102 0.100826 0.0997614 0.0159367
5 0.820849 0.613837 0.0274639 0.0364933 0.0130615
5 0.650934 0.238097 0.0294864 0.0344615 0.0127639
5 0.83034 0.454005 0.123794 0.0943058 0.0121921
1 0.49866 0.502116 0.567486 0.553259 0.0113213
5 0.625744 0.288783 0.0271717 0.0306688 0.0103473
5 0.701042 0.285885 0.0207602 0.0266347 0.010206
