2 0.83036 0.429487 0.0680624 0.0947068 0.454239
2 0.509677 0.532683 0.0329009 0.0372214 0.254638
2 0.796064 0.291054 0.080407 0.0574733 0.210696
2 0.772756 0.202227 0.0388151 0.0315691 0.187955
2 0.821693 0.569395 0.0347464 0.0350553 0.187777
2 0.8551 0.550518 0.0254597 0.041017 0.184453
2 0.74881 0.153923 0.0283113 0.0382286 0.182949
2 0.330663 0.509588 0.0274002 0.0459567 0.159433
2 0.441166 0.326624 0.0376424 0.0321058 0.157304
2 0.301847 0.769347 0.0266816 0.0441256 0.139491
2 0.244025 0.595148 0.0590352 0.0813614 0.137565
2 0.693604 0.112617 0.0424483 0.0456317 0.134253
4 0.415758 0.498196 0.758633 0.929615 0.112759
2 0.632986 0.569264 0.0380462 0.041259 0.104864
2 0.752691 0.261925 0.0336734 0.0345555 0.103778
2 0.653956 0.0199417 0.0633909 0.0355907 0.0897904
2 0.845365 0.426085 0.0336372 0.0822182 0.0875195
2 0.399307 0.0445216 0.0897212 0.0714718 0.0865717
2 0.0878769 0.36621 0.0641777 0.0853771 0.0845722
2 0.786301 0.35331 0.0530231 0.0452772 0.0797377
2 0.245006 0.620121 0.0948491 0.130973 0.0770368
2 0.809389 0.284091 0.049037 0.0373171 0.0729219
2 0.847353 0.360713 0.041415 0.0320028 0.0529379
4 0.175146 0.569595 0.347302 0.809263 0.0499745
2 0.453507 0.0533085 0.0331441 0.0418347 0.0477646
2 0.233337 0.628768 0.0673065 0.0667671 0.0473049
0 0.602214 0.924177 0.466014 0.127103 0.0463111
2 0.261854 0.637721 0.146188 0.198987 0.0451883
2 0.302649 0.694481 0.0357507 0.0399371 0.0428823
2 0.651467 0.505124 0.027592 0.0335075 0.0410947
2 0.214984 0.844204 0.1468 0.118781 0.0374388
0 0.393255 0.0512599 0.396509 0.0997442 0.0367674
2 0.0948033 0.578403 0.0248793 0.0345854 0.0350357
2 0.438666 0.330856 0.0553126 0.0518045 0.0344243
2 0.269034 0.379711 0.0265648 0.03827 0.0343239
2 0.51401 0.320967 0.0289417 0.0320341 0.0333178
2 0.635116 0.568602 0.0256166 0.0303361 0.0328541
2 0.39106 0.519479 0.0307299 0.0309569 0.0290394
2 0.816661 0.567642 0.0562906 0.0519548 0.0278591
2 0.224878 0.689007 0.0269697 0.0335143 0.0270629
2 0.203942 0.678208 0.0193681 0.0315774 0.0264984
2 0.457237 0.200259 0.0404546 0.0347333 0.0259521
2 0.640334 0.678931 0.0279579 0.0332288 0.0249651
4 0.373738 0.0454444 0.174627 0.086973 0.0245591
2 0.816442 0.405836 0.109888 0.156687 0.024316
2 0.510993 0.536025 0.0472609 0.0525838 0.0242153
2 0.784601 0.283568 0.111864 0.085243 0.0233033
2 0.639936 0.269413 0.0294112 0.0366428 0.0218905
2 0.852761 0.557877 0.0404356 0.0627146 0.0217225
2 0.366218 0.495768 0.112742 0.109696 0.0204544
2 0.672298 0.0187908 0.0333358 0.0277432 0.0200952
2 0.847468 0.411666 0.0245462 0.0497994 0.0191668
2 0.335651 0.508638 0.0437146 0.0582283 0.0185664
2 0.55912 0.917094 0.0653046 0.0544498 0.0183399
2 0.0601039 0.546429 0.0859968 0.158447 0.0182067
2 0.47341 0.35776 0.0336386 0.0329341 0.016849
2 0.693872 0.768981 0.0282262 0.0208266 0.015757
4 0.0970794 0.587017 0.162783 0.558797 0.0151504
2 0.242861 0.117223 0.134516 0.11096 0.0150727
2 0.273678 0.387593 0.0447606 0.0594187 0.014897
2 0.214103 0.174071 0.0431248 0.0600589 0.0147574
2 0.215191 0.682632 0.0438369 0.0458146 0.0140085
2 0.0819296 0.369073 0.0316549 0.0681354 0.0139699
2 0.81074 0.27899 0.032474 0.0257321 0.0139082
4 0.586852 0.92858 0.162049 0.111229 0.0136668
2 0.0853327 0.69088 0.125584 0.16114 0.0130424
2 0.459869 0.671601 0.0321469 0.0350044 0.0129442
2 0.655126 0.508983 0.0432242 0.0479235 0.0127863
2 0.573944 0.921034 0.0263513 0.0247799 0.0118381
2 0.683885 0.802002 0.0310678 0.028138 0.0103523
