5 0.459163 0.636969 0.0947342 0.100825 0.591047
5 0.62639 0.599198 0.0713782 0.0753814 0.489908
0 0.526998 0.526523 0.378566 0.443767 0.446243
5 0.410838 0.507165 0.0365606 0.0475203 0.307018
5 0.458586 0.367885 0.0442881 0.0460496 0.138555
5 0.554041 0.662063 0.0352265 0.0408462 0.124675
5 0.412925 0.422368 0.0257446 0.0327339 0.106382
5 0.436501 0.568743 0.0319746 0.0388782 0.105555
5 0.515927 0.376032 0.0261318 0.031913 0.078147
5 0.68384 0.493383 0.0305644 0.0411275 0.055556
5 0.464504 0.340524 0.0208488 0.0234231 0.0533229
5 0.639053 0.471891 0.0298478 0.0343084 0.053154
5 0.436422 0.394384 0.0242353 0.0269759 0.048712
5 0.664627 0.542382 0.0282069 0.0449393 0.0405046
5 0.660796 0.536914 0.0222507 0.0280684 0.0381663
5 0.524472 0.326073 0.0277897 0.0327354 0.0369413
5 0.608218 0.650003 0.0219161 0.0248929 0.0349457
5 0.439163 0.623427 0.158494 0.133207 0.030478
5 0.414102 0.422383 0.0393544 0.0458783 0.0275044
5 0.546192 0.34616 0.0240089 0.0260351 0.0273336
5 0.556247 0.663603 0.0531136 0.0553914 0.0248811
5 0.627421 0.39684 0.0258556 0.026934 0.0237518
5 0.544416 0.340952 0.0346724 0.0382146 0.023725
5 0.533427 0.333861 0.0528955 0.052229 0.023059
5 0.514105 0.372606 0.0380816 0.048055 0.0191126
5 0.444388 0.379625 0.0461859 0.0609176 0.0190377
5 0.668474 0.553961 0.0218277 0.0247257 0.0168749
5 0.649412 0.504226 0.0228956 0.0256717 0.01658
5 0.414811 0.510296 0.0557249 0.0652068 0.0143115
5 0.543063 0.322371 0.0175148 0.0231538 0.0140958
5 0.560781 0.624513 0.0209031 0.0241838 0.0133121
5 0.494219 0.318241 0.0180646 0.0198608 0.0131395
0 0.507072 0.351076 0.211652 0.0985751 0.012933
5 0.597601 0.374044 0.0183579 0.0222298 0.0128518
5 0.536563 0.324766 0.0273273 0.0315308 0.0127389
0 0.53588 0.395816 0.366121 0.191172 0.0121537
5 0.438193 0.568083 0.0479361 0.0550997 0.0115433
5 0.626264 0.394649 0.0375009 0.0380747 0.0105697
5 0.673502 0.584379 0.0183417 0.02338 0.0101817
