5 0.604896 0.656802 0.0394761 0.0475273 0.529155
5 0.630099 0.429034 0.0476478 0.050759 0.390118
5 0.39071 0.47247 0.0356835 0.044306 0.354159
5 0.584347 0.541781 0.0319454 0.0426352 0.332471
5 0.648603 0.503832 0.0315056 0.0396882 0.324694
5 0.456227 0.620539 0.034313 0.041172 0.299108
5 0.469807 0.395663 0.0578827 0.0764268 0.293826
3 0.508337 0.524141 0.370225 0.431496 0.276402
5 0.712738 0.136921 0.0473504 0.064224 0.215046
5 0.627901 0.622727 0.0239039 0.0292096 0.19009
5 0.396492 0.61646 0.0255074 0.0287526 0.142008
5 0.396956 0.616446 0.0387922 0.0415226 0.0657614
5 0.389464 0.473948 0.0537896 0.0608412 0.0463829
5 0.586338 0.542211 0.0505141 0.0582097 0.0374022
5 0.381975 0.442021 0.0228818 0.0261848 0.0333614
5 0.599612 0.658851 0.0567387 0.0667652 0.0330885
5 0.454187 0.621704 0.0530759 0.0569994 0.0290465
5 0.6299 0.621746 0.0363731 0.040549 0.0240244
3 0.498119 0.507261 0.172188 0.194278 0.0223492
5 0.430687 0.393062 0.149817 0.127708 0.0134698
5 0.584792 0.680965 0.0197884 0.0237553 0.0134202
5 0.646587 0.469931 0.0328474 0.0362013 0.0122484
5 0.385069 0.443894 0.0338811 0.0401812 0.0111445
5 0.71161 0.135373 0.073436 0.0907982 0.0106219
5 0.644851 0.486792 0.0448546 0.0754933 0.0106077
