3 0.498863 0.444698 0.987512 0.870162 0.641744
2 0.874153 0.678841 0.0603589 0.0882683 0.260418
5 0.878965 0.67877 0.0466618 0.0924466 0.107858
3 0.654746 0.398181 0.366706 0.473213 0.0800062
3 0.275389 0.394554 0.368916 0.410483 0.0360169
5 0.857576 0.688615 0.0411357 0.0695847 0.0195956
5 0.0378551 0.77964 0.0195256 0.0332817 0.0190628
5 0.780542 0.860353 0.0217186 0.033973 0.0186663
3 0.750674 0.366688 0.273988 0.421509 0.0175429
5 0.884808 0.664458 0.0667825 0.144152 0.0161093
3 0.395036 0.422241 0.395617 0.490649 0.0109174
