2 0.299719 0.7334 0.0444526 0.0881591 0.607081
2 0.630522 0.847112 0.0727337 0.0668182 0.494502
2 0.842291 0.359137 0.0433507 0.0517577 0.352559
2 0.298791 0.602579 0.188329 0.162212 0.349138
3 0.497271 0.434658 0.976932 0.799832 0.214425
2 0.301804 0.164731 0.0544327 0.0941549 0.140989
2 0.231351 0.564345 0.0622066 0.0676641 0.0979614
2 0.57557 0.594021 0.0791164 0.0833712 0.0691254
2 0.488867 0.335886 0.0273299 0.0398273 0.0391732
2 0.724261 0.604492 0.116051 0.146736 0.0337964
2 0.434228 0.673728 0.0969932 0.0925156 0.0261971
2 0.386723 0.571625 0.0222162 0.0335811 0.0255623
2 0.312465 0.147169 0.0362987 0.0462476 0.0244982
2 0.701809 0.268023 0.0383016 0.0324032 0.015826
2 0.562861 0.927978 0.0372812 0.0500068 0.0149615
2 0.521351 0.711722 0.0464975 0.0665363 0.0122642
2 0.840202 0.394362 0.0453573 0.105845 0.0111324
2 0.587885 0.575507 0.110106 0.0955271 0.0109995
5 0.301121 0.162543 0.0634839 0.109747 0.0107491
2 0.528101 0.704112 0.0734823 0.0973626 0.010585
