4 0.503647 0.510584 0.992705 0.89144 0.375462
0 0.543074 0.519586 0.906617 0.917093 0.238907
0 0.150485 0.596141 0.0336875 0.0804824 0.0700933
5 0.292061 0.374364 0.0787824 0.109739 0.0441396
0 0.289668 0.376833 0.0846952 0.107641 0.0349016
5 0.262783 0.732616 0.0226884 0.0389435 0.0246978
5 0.223739 0.712411 0.0249559 0.046852 0.0232306
3 0.26839 0.530971 0.283083 0.451953 0.0202175
2 0.199548 0.618388 0.0165273 0.0247826 0.016117
5 0.151202 0.608176 0.0257509 0.0568017 0.0137727
0 0.201284 0.487921 0.371758 0.657146 0.0124048
0 0.664329 0.650234 0.120816 0.156091 0.0104684
5 0.260427 0.517591 0.0211055 0.0353831 0.0101965
