3 0.390971 0.463951 0.579591 0.573174 0.329596
5 0.384049 0.309646 0.0209796 0.0296485 0.094105
3 0.425457 0.461782 0.321027 0.454123 0.0523703
5 0.858634 0.570112 0.033372 0.100919 0.0481025
5 0.853706 0.942524 0.0346647 0.108492 0.0456204
2 0.853858 0.943175 0.0324334 0.103019 0.0442187
3 0.515163 0.467479 0.46733 0.815718 0.0269902
5 0.861052 0.594401 0.048629 0.160695 0.0237587
5 0.383205 0.314044 0.0342578 0.0480331 0.0216702
0 0.874975 0.491111 0.250049 0.982222 0.0154687
0 0.701895 0.483071 0.283213 0.925347 0.015236
5 0.87355 0.621049 0.0191654 0.0273114 0.0131853
3 0.514062 0.440404 0.254387 0.445752 0.0129853
3 0.915174 0.492147 0.169652 0.984294 0.0124971
5 0.865858 0.227035 0.0598474 0.298789 0.012483
5 0.853336 0.0599007 0.0168203 0.0271677 0.0104116
