3 0.530002 0.502757 0.737805 0.9443 0.591615
5 0.164375 0.415324 0.0314995 0.0485172 0.194496
0 0.418792 0.616278 0.165123 0.127202 0.0944904
2 0.218116 0.555056 0.0279775 0.0424304 0.0884157
0 0.41812 0.647809 0.163955 0.0558698 0.0754008
5 0.478931 0.480783 0.0330732 0.06248 0.0675751
0 0.478673 0.482014 0.0358172 0.0642867 0.0668953
5 0.532017 0.508869 0.0211444 0.0383498 0.0526428
5 0.217628 0.553698 0.0312228 0.045858 0.0430561
5 0.421733 0.650657 0.157219 0.0515968 0.0387615
2 0.231702 0.28498 0.0238751 0.0315792 0.0268879
0 0.317847 0.642859 0.0479833 0.0567898 0.02639
5 0.477612 0.729201 0.0215522 0.0366342 0.0249272
5 0.772349 0.150522 0.0385449 0.0501462 0.0245222
2 0.845676 0.556201 0.0240727 0.0396313 0.0231998
0 0.379159 0.704842 0.0361519 0.046625 0.0224123
5 0.444854 0.62139 0.100446 0.112299 0.0220005
0 0.468017 0.520488 0.0705849 0.155725 0.0199149
0 0.442018 0.584578 0.112239 0.196914 0.0186371
2 0.408139 0.653465 0.126754 0.0465862 0.0168451
5 0.462 0.772909 0.0280788 0.0409221 0.0151314
2 0.773162 0.151667 0.0369309 0.0474431 0.0147718
2 0.777565 0.747222 0.0184318 0.0320602 0.0135821
5 0.416418 0.317808 0.0226934 0.0354927 0.0131543
5 0.264756 0.55508 0.0286913 0.0528895 0.0131206
2 0.547208 0.429011 0.0202245 0.030761 0.0121552
2 0.419006 0.704486 0.0154853 0.025432 0.0120706
0 0.264879 0.55539 0.0290181 0.0538457 0.011816
3 0.682188 0.492857 0.361361 0.573775 0.0115181
5 0.634338 0.450447 0.016446 0.028886 0.0111081
2 0.378556 0.704466 0.0406467 0.0518794 0.0109784
5 0.378856 0.705301 0.0357422 0.046685 0.0107133
