3 0.346011 0.338647 0.679863 0.677294 0.836272
3 0.667966 0.500011 0.664068 0.995822 0.0764441
2 0.100831 0.397928 0.196896 0.383764 0.0525043
2 0.29943 0.225667 0.0662892 0.0605149 0.0476613
2 0.0961646 0.449236 0.192329 0.0797249 0.0388798
2 0.526883 0.186109 0.113775 0.336688 0.032906
2 0.142141 0.384504 0.136883 0.171182 0.0207005
2 0.364091 0.607196 0.0230424 0.0319692 0.0190877
2 0.363382 0.0670744 0.043872 0.0638192 0.0167063
3 0.214185 0.251049 0.42837 0.502099 0.0131633
2 0.115747 0.473083 0.164759 0.184884 0.0126311
3 0.51832 0.309104 0.32163 0.618209 0.0102683
