0 0.546147 0.416075 0.907707 0.832151 0.655023
5 0.760708 0.671674 0.112858 0.126818 0.38622
5 0.318282 0.167006 0.0504972 0.0805638 0.242402
5 0.780378 0.677343 0.0653908 0.108463 0.183703
5 0.26822 0.148017 0.0303922 0.0373931 0.150933
5 0.838128 0.112721 0.0399716 0.0609451 0.0960657
5 0.294034 0.0924369 0.0446256 0.0464055 0.0920359
5 0.570497 0.210763 0.0361538 0.0665659 0.0833124
5 0.772305 0.187892 0.0322358 0.0510803 0.0642417
5 0.989489 0.515808 0.0210219 0.0376004 0.0631341
5 0.682977 0.326559 0.0516092 0.0658886 0.0428781
5 0.579085 0.672236 0.0267583 0.0400071 0.0415436
5 0.723924 0.534556 0.0215689 0.0358999 0.0390984
5 0.261094 0.0917569 0.110545 0.0496605 0.038712
5 0.391104 0.145407 0.0334155 0.0556233 0.0376644
5 0.524879 0.680814 0.0337613 0.0502378 0.0271337
5 0.082772 0.0778248 0.0553871 0.100775 0.0253666
5 0.88177 0.461573 0.0196381 0.0316209 0.0232494
5 0.209838 0.107253 0.0261772 0.0420577 0.0230138
4 0.120122 0.0814556 0.133935 0.111331 0.0225571
5 0.65694 0.510527 0.0365621 0.0543923 0.0220901
5 0.955389 0.407078 0.0252027 0.0387763 0.0209247
5 0.346741 0.565927 0.0274205 0.0472875 0.0192311
0 0.200135 0.0769214 0.302918 0.14825 0.0165049
2 0.226477 0.149793 0.0360574 0.0333524 0.0159717
2 0.0752541 0.0755997 0.0376289 0.0973382 0.0153347
5 0.701821 0.792222 0.0292117 0.0437087 0.0148768
2 0.525246 0.679997 0.0328974 0.0483412 0.0146716
5 0.781672 0.494097 0.0296391 0.0535755 0.0129954
5 0.864953 0.340964 0.0443188 0.0722097 0.012489
5 0.650437 0.767455 0.0185497 0.028179 0.0124823
5 0.54265 0.397212 0.0453459 0.0709452 0.0123207
5 0.279083 0.421053 0.0344158 0.0373561 0.011977
0 0.443542 0.10872 0.0541625 0.0868403 0.0117905
5 0.275581 0.451198 0.0308024 0.0517065 0.0113244
