2 0.246218 0.256854 0.0787384 0.104401 0.739532
2 0.346853 0.70107 0.0666423 0.117597 0.656458
2 0.57941 0.210856 0.0781221 0.0829008 0.576098
2 0.396495 0.256095 0.154294 0.171191 0.542702
2 0.41709 0.722087 0.0671113 0.128567 0.457841
2 0.544517 0.123987 0.063275 0.050908 0.400835
2 0.648735 0.408425 0.0737449 0.0683855 0.399478
2 0.514513 0.707094 0.136064 0.208302 0.337198
2 0.223625 0.574757 0.104368 0.113464 0.31129
2 0.222492 0.522754 0.108496 0.229973 0.300627
2 0.494819 0.74936 0.0550732 0.106499 0.282656
2 0.780771 0.571666 0.0399808 0.0563013 0.270122
2 0.701609 0.495697 0.0736527 0.0642872 0.243161
2 0.410087 0.530966 0.0818357 0.108628 0.213244
2 0.184782 0.355016 0.0547701 0.0849959 0.211397
2 0.174914 0.383162 0.077221 0.146586 0.161875
2 0.221764 0.469772 0.100342 0.102186 0.141883
2 0.58227 0.354741 0.0537832 0.0900984 0.140539
2 0.624601 0.615424 0.148898 0.139289 0.129631
3 0.496608 0.500271 0.765592 0.950666 0.0811776
2 0.753513 0.559796 0.0332844 0.0542997 0.0735953
2 0.392712 0.038106 0.0291861 0.0325229 0.0601251
2 0.470668 0.151588 0.0757589 0.0844121 0.0551109
2 0.183891 0.464204 0.1095 0.321159 0.0539417
4 0.50789 0.511637 0.78508 0.961217 0.0494508
2 0.662306 0.586951 0.0684429 0.0599242 0.0473331
2 0.489032 0.721006 0.0802413 0.171235 0.0436081
2 0.438515 0.513982 0.0552543 0.0798893 0.0405069
2 0.646724 0.496922 0.192456 0.100299 0.035252
3 0.575423 0.492786 0.323814 0.438091 0.0310675
2 0.515916 0.217409 0.181246 0.245365 0.0300134
2 0.630515 0.489126 0.216112 0.403768 0.0223136
2 0.443334 0.241964 0.26781 0.241918 0.0209487
2 0.202648 0.54345 0.166181 0.43811 0.0196923
2 0.631311 0.590823 0.128893 0.0701829 0.0192501
2 0.503252 0.149254 0.143276 0.0949281 0.0169839
4 0.457438 0.229636 0.29868 0.264892 0.0169266
2 0.500091 0.164751 0.0475678 0.0570636 0.0164169
2 0.459977 0.696464 0.237781 0.228599 0.0126432
2 0.765844 0.566011 0.0650035 0.0723495 0.0118475
3 0.461323 0.230763 0.277137 0.264746 0.0113663
2 0.155354 0.427196 0.0374338 0.055673 0.0113287
2 0.528773 0.398186 0.0249877 0.0377692 0.0108624
2 0.404237 0.552102 0.0597332 0.0782228 0.0102261
