3 0.440204 0.513955 0.711363 0.841439 0.547234
5 0.699618 0.620489 0.0232672 0.0314884 0.297268
5 0.766998 0.711734 0.0219739 0.0299672 0.287371
5 0.671181 0.748112 0.0188107 0.0269179 0.212636
5 0.738792 0.720215 0.0218021 0.0296454 0.202767
5 0.683718 0.726196 0.0179743 0.0233046 0.180798
5 0.753734 0.736863 0.0152419 0.0236035 0.158927
5 0.802514 0.842158 0.0223687 0.0285623 0.158571
2 0.969258 0.804393 0.023553 0.0374099 0.104868
5 0.758203 0.729363 0.0185051 0.0326176 0.100184
5 0.733153 0.779107 0.0187878 0.0269865 0.0954041
5 0.790495 0.866099 0.0176309 0.0222762 0.0901004
5 0.781515 0.806986 0.0217935 0.0309941 0.0851526
5 0.750322 0.727757 0.0228145 0.040074 0.0801262
2 0.732629 0.778335 0.0203627 0.0316191 0.0764439
5 0.590372 0.711848 0.0587621 0.0784904 0.0680425
2 0.973273 0.766821 0.0230079 0.0342579 0.0678173
5 0.621832 0.586223 0.0184926 0.0235572 0.0659651
5 0.856158 0.791572 0.0220546 0.0309132 0.0637199
2 0.943203 0.780889 0.0215744 0.033802 0.0583423
5 0.701424 0.619418 0.0379872 0.0429021 0.0494661
5 0.584859 0.574892 0.0176031 0.0256993 0.0415434
5 0.768839 0.709195 0.0351627 0.0431311 0.0406855
3 0.53152 0.543913 0.327717 0.434268 0.0394333
2 0.85596 0.79141 0.0221466 0.0308505 0.0375589
2 0.948754 0.83197 0.0174095 0.0245225 0.0372811
5 0.684423 0.7259 0.0252945 0.0352132 0.0367768
5 0.550788 0.676961 0.0168007 0.0246615 0.0326662
5 0.948361 0.748987 0.0203296 0.0293158 0.0307321
5 0.794251 0.861684 0.0276423 0.0318763 0.0305039
5 0.100728 0.2162 0.0690891 0.0537074 0.0255807
5 0.681466 0.735907 0.0286522 0.0441492 0.0243512
5 0.636282 0.667198 0.0267055 0.0332084 0.0237221
0 0.624512 0.63193 0.203247 0.283919 0.0225892
5 0.928663 0.734721 0.0157768 0.0253431 0.0217829
2 0.894019 0.888515 0.0164873 0.0244465 0.0213472
2 0.947495 0.74767 0.022067 0.0303962 0.0206953
2 0.874161 0.82861 0.0202841 0.0278419 0.0203822
2 0.966724 0.91659 0.0550822 0.0862411 0.0187115
2 0.780907 0.806028 0.0303851 0.038165 0.0171395
5 0.730558 0.779624 0.0310575 0.0353426 0.016858
5 0.931689 0.821433 0.0169 0.0267137 0.0155968
5 0.621564 0.584221 0.0256581 0.0354312 0.012184
5 0.606073 0.684944 0.0281143 0.0292163 0.0117063
5 0.793944 0.821448 0.0337762 0.0423923 0.0116567
5 0.63599 0.730211 0.0163264 0.0226785 0.0106597
5 0.951865 0.830519 0.0157162 0.0272863 0.0104555
5 0.592544 0.559546 0.0244432 0.0253791 0.0102518
