1 0.506521 0.510299 0.897776 0.944956 0.702533
3 0.518941 0.511 0.84588 0.947473 0.36971
5 0.12593 0.745748 0.0387754 0.0603869 0.218099
5 0.302562 0.218378 0.0231261 0.0375328 0.157441
5 0.308032 0.881634 0.0214518 0.0305176 0.0750823
5 0.667252 0.566541 0.0187982 0.0298835 0.0548026
5 0.302191 0.222197 0.0392271 0.0580725 0.0307373
5 0.309242 0.880938 0.0329007 0.0416479 0.0263655
3 0.476349 0.524604 0.334773 0.454827 0.0240124
5 0.141928 0.236036 0.0230961 0.035152 0.0153763
5 0.668272 0.567224 0.027599 0.0414442 0.0114382
