5 0.37072 0.727862 0.0243097 0.0354359 0.408263
5 0.447954 0.599403 0.0360091 0.0588395 0.395992
5 0.489306 0.183298 0.0235616 0.0356192 0.36861
1 0.3634 0.457532 0.718848 0.89568 0.268919
3 0.366314 0.45493 0.729554 0.883427 0.2477
5 0.664267 0.585959 0.0254416 0.0327122 0.218329
5 0.514289 0.74372 0.022523 0.0344178 0.210879
5 0.410817 0.881691 0.0201221 0.0288222 0.188502
5 0.372103 0.731399 0.0385179 0.0556255 0.106499
5 0.488967 0.185483 0.0355883 0.0576727 0.095832
5 0.450024 0.600468 0.05761 0.0828423 0.0654718
5 0.24052 0.835741 0.0312513 0.0552269 0.0465438
3 0.39519 0.320166 0.344296 0.543567 0.0409577
5 0.00668564 0.434139 0.0127931 0.0417463 0.0384989
0 0.485586 0.220046 0.147487 0.264602 0.02226
3 0.312741 0.417655 0.313168 0.587843 0.0208891
5 0.513533 0.747601 0.0407515 0.0575977 0.0201875
5 0.370746 0.891209 0.0235122 0.0307762 0.0180654
5 0.477508 0.306134 0.0195835 0.0287998 0.0168139
0 0.471374 0.273078 0.114406 0.140548 0.0163801
5 0.00753081 0.456695 0.014996 0.0945468 0.0152916
3 0.232701 0.340312 0.30919 0.409357 0.0131404
1 0.577324 0.439015 0.293999 0.844521 0.013028
3 0.918309 0.469176 0.163382 0.938351 0.0126393
5 0.00716328 0.36987 0.0136935 0.0530009 0.0120765
1 0.117762 0.46617 0.23548 0.821056 0.0110148
5 0.00829531 0.414913 0.0165906 0.124461 0.0106855
5 0.279509 0.152364 0.0253969 0.0392308 0.0101709
