0 0.641148 0.509586 0.62171 0.936312 0.659687
5 0.684043 0.137814 0.105817 0.103817 0.323172
5 0.101473 0.569393 0.0216197 0.035077 0.0895688
2 0.465889 0.688737 0.0177851 0.0283618 0.0605978
2 0.683549 0.136559 0.104248 0.10571 0.0374781
5 0.0983999 0.569991 0.0327132 0.0499002 0.033582
3 0.061712 0.485761 0.123424 0.960275 0.0256149
5 0.392118 0.596794 0.0364228 0.0474195 0.0240661
0 0.103467 0.466102 0.206933 0.929836 0.023015
0 0.846144 0.505262 0.209551 0.892053 0.0218415
0 0.437294 0.496234 0.234322 0.883987 0.0194171
2 0.700065 0.136773 0.146546 0.152005 0.0126187
3 0.482636 0.533922 0.244553 0.594533 0.0115836
