2 0.688249 0.24906 0.0838994 0.0873393 0.732366
2 0.317219 0.29192 0.0608332 0.0751445 0.725698
2 0.603141 0.233245 0.0712696 0.0781161 0.691518
2 0.278244 0.571295 0.0846512 0.146669 0.621345
2 0.272113 0.210517 0.0846205 0.0952982 0.606256
2 0.372237 0.39117 0.0772133 0.113544 0.573402
2 0.738388 0.203301 0.117634 0.125433 0.525641
2 0.717359 0.688471 0.0977059 0.134537 0.524994
2 0.647072 0.824477 0.0703411 0.0753667 0.475296
2 0.277105 0.381348 0.085164 0.0968711 0.464009
2 0.417471 0.115011 0.089366 0.0716533 0.386885
2 0.209126 0.535941 0.0634728 0.108698 0.372177
2 0.608814 0.617189 0.0862805 0.123384 0.282084
2 0.630336 0.896162 0.0645686 0.0747531 0.2479
2 0.382305 0.862943 0.0975946 0.113688 0.194553
