3 0.520165 0.475187 0.872548 0.886853 0.492901
3 0.520144 0.430349 0.87246 0.828836 0.480861
2 0.534404 0.373994 0.110491 0.0840008 0.461719
3 0.510063 0.430248 0.869136 0.812855 0.456245
3 0.502156 0.481595 0.855584 0.881942 0.439853
3 0.52071 0.374162 0.871414 0.727406 0.400774
3 0.517179 0.37484 0.883862 0.714512 0.386654
3 0.485477 0.422091 0.832696 0.778361 0.341974
3 0.519185 0.478167 0.871156 0.868244 0.340392
2 0.535147 0.375185 0.113203 0.0841664 0.333389
3 0.485529 0.477968 0.832537 0.849705 0.331961
3 0.496367 0.486523 0.849154 0.863797 0.322723
2 0.581682 0.658413 0.0387366 0.0400174 0.320649
2 0.581313 0.657354 0.0360937 0.0373655 0.30895
2 0.703286 0.250261 0.0352219 0.0403469 0.286554
2 0.657022 0.423 0.037209 0.0362294 0.270737
2 0.533098 0.368802 0.114335 0.100318 0.270566
2 0.581196 0.657991 0.0364916 0.0368558 0.268921
2 0.65634 0.423167 0.0375107 0.0346975 0.268202
2 0.702893 0.250211 0.033684 0.0393938 0.257597
2 0.580639 0.6565 0.0353795 0.0365073 0.254589
2 0.581603 0.657301 0.040844 0.0407191 0.252774
2 0.581897 0.658523 0.0416709 0.0438206 0.252379
2 0.657087 0.423455 0.0405143 0.0403101 0.245928
5 0.399117 0.382838 0.0395461 0.0409393 0.245892
2 0.657007 0.422913 0.0387255 0.0400441 0.243199
2 0.411437 0.554372 0.0287256 0.0427176 0.24079
2 0.410809 0.553962 0.0305597 0.0445338 0.230815
2 0.581594 0.658491 0.0424979 0.0449236 0.22656
5 0.399484 0.382885 0.0389041 0.0411238 0.221203
2 0.411518 0.553853 0.0331789 0.046307 0.2145
5 0.399892 0.383217 0.0386268 0.0405698 0.211618
5 0.398893 0.382766 0.0326219 0.0345815 0.211569
2 0.763264 0.318044 0.0443455 0.0538018 0.207792
2 0.656291 0.422117 0.0384193 0.0379946 0.206603
2 0.410874 0.553946 0.0282534 0.0421369 0.206483
2 0.41092 0.554175 0.0270492 0.040484 0.20011
2 0.662599 0.466866 0.0351836 0.043608 0.199754
2 0.411556 0.553915 0.0298462 0.0448829 0.198258
5 0.41123 0.554092 0.0353575 0.0466449 0.197128
2 0.581012 0.656656 0.0336288 0.0338741 0.196002
2 0.703148 0.249355 0.0349415 0.038648 0.195535
2 0.763068 0.318277 0.0449363 0.0533823 0.191948
2 0.702933 0.25004 0.0327921 0.0381747 0.188901
3 0.491854 0.519634 0.839347 0.795688 0.187968
2 0.581523 0.65884 0.0430475 0.0454874 0.186427
2 0.763402 0.318524 0.0471466 0.0528694 0.18641
2 0.533754 0.376926 0.108586 0.0762708 0.184243
2 0.763608 0.318165 0.0449612 0.0525901 0.180662
2 0.656432 0.422493 0.0352062 0.0327493 0.173787
5 0.399218 0.382672 0.0378807 0.0385482 0.172323
2 0.703098 0.25033 0.0399444 0.0435674 0.16949
5 0.398645 0.382126 0.0329058 0.0355207 0.169483
5 0.399793 0.38334 0.0455844 0.0459193 0.166374
2 0.656879 0.422816 0.0351253 0.034273 0.163144
2 0.581207 0.657344 0.0339508 0.034227 0.162876
2 0.410858 0.554012 0.025861 0.0391779 0.161752
3 0.485669 0.3719 0.836202 0.681626 0.160075
2 0.662631 0.466915 0.0310985 0.040845 0.158744
2 0.662278 0.466574 0.0316592 0.0407604 0.157774
5 0.410595 0.553757 0.0281951 0.0419092 0.154115
2 0.657337 0.423339 0.0421072 0.043586 0.15395
2 0.662737 0.467555 0.0351324 0.0436602 0.152872
5 0.398513 0.382056 0.0336969 0.0357835 0.15116
2 0.702643 0.249824 0.0312867 0.0377632 0.150369
2 0.242148 0.633885 0.027346 0.0328629 0.150132
2 0.534082 0.369043 0.120773 0.101076 0.148189
2 0.533848 0.371508 0.119343 0.0993794 0.147838
2 0.702154 0.249821 0.0311098 0.0363767 0.144975
5 0.399705 0.383141 0.0346166 0.0368307 0.143821
2 0.656787 0.421581 0.0361456 0.0353261 0.142446
2 0.662649 0.467824 0.031665 0.0411195 0.142416
2 0.702099 0.248793 0.0306575 0.0368542 0.133515
5 0.412069 0.554379 0.0368939 0.0495899 0.133321
2 0.661518 0.466751 0.0369468 0.0437392 0.131858
3 0.48429 0.495329 0.829037 0.827576 0.13109
2 0.5292 0.37576 0.109467 0.0746951 0.129449
2 0.346104 0.565039 0.0325489 0.0417595 0.128372
5 0.398202 0.381482 0.0405774 0.0409662 0.128108
2 0.70273 0.249113 0.0363172 0.0400123 0.126449
2 0.631463 0.525668 0.0292234 0.0344656 0.126188
2 0.532813 0.376913 0.110416 0.0760187 0.125703
5 0.399084 0.382618 0.0303439 0.032941 0.121807
2 0.537815 0.377748 0.10714 0.0786346 0.120261
2 0.346055 0.564812 0.0313388 0.040438 0.119988
2 0.662814 0.467194 0.0314486 0.0394031 0.11961
2 0.53534 0.375638 0.116688 0.100028 0.119119
2 0.631867 0.526409 0.0268716 0.0307969 0.119056
5 0.399208 0.382864 0.0320914 0.034919 0.118962
2 0.723844 0.306278 0.0257637 0.0295082 0.118833
2 0.763457 0.318085 0.0452973 0.0551561 0.11862
2 0.656808 0.42378 0.0436278 0.0406236 0.118385
2 0.428794 0.673876 0.0324589 0.0435355 0.1183
2 0.662634 0.467824 0.0331622 0.0419709 0.117894
2 0.662203 0.468199 0.0314781 0.0386303 0.117758
2 0.242103 0.634222 0.0284459 0.0347477 0.117664
2 0.345279 0.564793 0.0285363 0.0383797 0.115969
2 0.242735 0.63457 0.0280206 0.0352951 0.115727
2 0.701902 0.249327 0.0354289 0.0399046 0.113916
2 0.723377 0.306042 0.0267796 0.0292782 0.113584
2 0.531788 0.35697 0.120459 0.12426 0.113094
2 0.719666 0.419806 0.0248035 0.0326056 0.111752
2 0.631939 0.526014 0.0269319 0.032315 0.111194
2 0.719543 0.41974 0.0233582 0.0292025 0.109482
2 0.719406 0.419551 0.0240278 0.0286643 0.109274
2 0.242558 0.634069 0.0295803 0.0369305 0.108927
2 0.580868 0.655627 0.0424174 0.0417703 0.107967
3 0.517688 0.339188 0.881273 0.648788 0.104257
2 0.345989 0.565187 0.0285279 0.0383558 0.10305
5 0.399164 0.382704 0.0501599 0.0486 0.102521
2 0.410827 0.553621 0.0273081 0.0384541 0.102161
2 0.345715 0.564427 0.0269369 0.0379127 0.0994964
2 0.702171 0.24924 0.0302725 0.0369131 0.0991404
2 0.66283 0.468043 0.0396582 0.0468431 0.0991026
5 0.412138 0.553942 0.0477044 0.0539325 0.0985275
2 0.346003 0.564589 0.0326022 0.0419954 0.0984525
2 0.567831 0.580141 0.0314765 0.0411981 0.0977136
2 0.702575 0.250512 0.041543 0.045808 0.0952354
2 0.662276 0.467876 0.0348246 0.0424797 0.094904
2 0.528198 0.375311 0.110694 0.0752039 0.0929478
2 0.241654 0.633419 0.0296417 0.0347443 0.0929308
2 0.566525 0.579691 0.0253354 0.0356222 0.0929197
2 0.34543 0.563789 0.0267734 0.0372385 0.0923082
2 0.763742 0.318611 0.0484603 0.0554889 0.0915352
2 0.632092 0.526613 0.0269165 0.0334734 0.0914232
2 0.631888 0.526395 0.0248258 0.0324683 0.0911749
2 0.719783 0.419186 0.0271303 0.0336702 0.0902532
2 0.579939 0.656971 0.0332544 0.033653 0.0872337
2 0.724394 0.306274 0.0240118 0.0281565 0.0870384
2 0.581371 0.659539 0.049043 0.0491929 0.0868476
2 0.537008 0.377409 0.10966 0.0777623 0.0866955
2 0.763454 0.317641 0.0480921 0.0556481 0.0865986
2 0.58019 0.658157 0.0381201 0.0395974 0.0857077
2 0.656152 0.422661 0.0464727 0.0460699 0.0856175
5 0.398933 0.381824 0.0509409 0.0479908 0.0854859
2 0.241559 0.634365 0.0311273 0.037487 0.0848012
2 0.762544 0.319979 0.0510496 0.0565693 0.0844703
2 0.566408 0.578446 0.0286128 0.0378063 0.0842605
2 0.719591 0.419453 0.0235085 0.0287213 0.0827169
5 0.41114 0.553442 0.0407587 0.0502189 0.0823412
2 0.763165 0.319166 0.0446614 0.0491813 0.0817322
2 0.655641 0.420949 0.0399475 0.0390282 0.0815746
2 0.631465 0.526297 0.0245851 0.0308977 0.0814845
2 0.345186 0.563927 0.0255837 0.035656 0.080815
2 0.345317 0.564302 0.0255898 0.0363539 0.0800082
2 0.165409 0.483701 0.0241668 0.0274116 0.0796414
2 0.630763 0.526954 0.0285262 0.0341395 0.0794105
2 0.428451 0.673855 0.0293962 0.0406189 0.079277
2 0.762367 0.319529 0.0511999 0.056546 0.0787112
2 0.724489 0.306207 0.0267381 0.0319445 0.0764729
2 0.724242 0.306183 0.025176 0.0290185 0.0749498
2 0.719048 0.419568 0.0212533 0.0268641 0.0746903
2 0.346304 0.565152 0.039396 0.0464598 0.074036
5 0.632046 0.526261 0.0319512 0.0385903 0.0736783
2 0.24167 0.634216 0.0246023 0.0313968 0.0727319
2 0.428929 0.674103 0.0309623 0.0424827 0.0724526
2 0.567116 0.580368 0.0255422 0.0359592 0.070567
2 0.241528 0.634107 0.0255689 0.0324566 0.0704798
2 0.764876 0.319038 0.0422296 0.0518089 0.0694631
2 0.662352 0.466653 0.0348043 0.0402975 0.068558
2 0.566329 0.580148 0.0290138 0.0372316 0.067792
2 0.428982 0.674196 0.0327655 0.0449762 0.0676152
2 0.242045 0.634592 0.0349412 0.0421657 0.0672819
2 0.631576 0.526453 0.0232104 0.0306676 0.0670574
2 0.567014 0.579521 0.031781 0.0409672 0.0666624
5 0.398856 0.384855 0.051297 0.0533115 0.0661754
2 0.701432 0.25022 0.0429223 0.0455234 0.0653476
2 0.566447 0.578704 0.0267388 0.0346686 0.0648463
2 0.345653 0.565141 0.0365663 0.0460858 0.0648
2 0.719138 0.419333 0.0212255 0.0277339 0.0642331
2 0.71959 0.419347 0.0238792 0.0283924 0.0635114
5 0.396858 0.381974 0.0340416 0.0349947 0.0634434
2 0.630911 0.526543 0.0274381 0.0322932 0.0632421
2 0.241266 0.63372 0.0253121 0.0315311 0.0630123
2 0.655992 0.421459 0.0391213 0.0371017 0.0627955
2 0.165581 0.484817 0.0220271 0.027866 0.0623679
2 0.166168 0.483898 0.0235277 0.0273293 0.0616681
2 0.24211 0.634441 0.0240035 0.0309904 0.0610609
2 0.345937 0.564208 0.0344947 0.0425164 0.0608346
2 0.567061 0.580359 0.0281147 0.0389126 0.0605008
5 0.413768 0.554959 0.0517774 0.0577366 0.0603998
2 0.719397 0.419567 0.0277967 0.0342393 0.0590788
2 0.63801 0.315924 0.0389019 0.0633393 0.0589326
2 0.41168 0.554409 0.0412925 0.0529229 0.0584988
2 0.632722 0.526966 0.0316401 0.039544 0.0581462
2 0.632336 0.52671 0.0295218 0.0371616 0.0580186
2 0.719309 0.420493 0.0304742 0.0341595 0.0579277
2 0.534554 0.374955 0.115519 0.0907076 0.0569947
2 0.762907 0.318281 0.0437065 0.0499958 0.0568958
2 0.701736 0.248091 0.0315522 0.0373174 0.0567573
2 0.529067 0.405222 0.137493 0.204748 0.0561187
2 0.532709 0.340351 0.126584 0.160245 0.0556705
2 0.655477 0.421462 0.0469902 0.0450062 0.0555109
5 0.413177 0.554672 0.0531179 0.0568663 0.0554099
2 0.579463 0.655994 0.0352842 0.0366425 0.0552042
2 0.7238 0.305562 0.0302349 0.0341473 0.05474
2 0.719315 0.419512 0.0299151 0.0343483 0.0534672
2 0.428648 0.673694 0.0297316 0.0410267 0.0530581
5 0.397006 0.383162 0.0380746 0.0406938 0.0529667
5 0.400933 0.38399 0.0589135 0.0556337 0.0515534
2 0.165262 0.484304 0.0218718 0.0268693 0.0512517
5 0.399671 0.385578 0.0599847 0.0571232 0.0508653
2 0.723902 0.306268 0.0232865 0.0273496 0.0506895
2 0.722869 0.30624 0.0272582 0.0314912 0.0501736
2 0.242233 0.634241 0.036957 0.0435062 0.0501588
2 0.42837 0.671446 0.0263537 0.0359628 0.0498057
2 0.167063 0.484681 0.0238823 0.0309908 0.0493187
2 0.724099 0.306384 0.0238748 0.028027 0.0490269
2 0.166886 0.483993 0.0266893 0.0316232 0.0483819
2 0.4282 0.673184 0.026656 0.038148 0.0477609
2 0.242145 0.635205 0.0393958 0.0457105 0.0468968
2 0.58165 0.658795 0.052784 0.0521003 0.046784
2 0.534188 0.383648 0.12707 0.13465 0.0467545
2 0.566476 0.579939 0.023574 0.032753 0.0463941
2 0.24237 0.63318 0.0350335 0.0398114 0.0461569
2 0.566094 0.580144 0.0243932 0.0336717 0.0457925
2 0.638434 0.316401 0.0356042 0.0599669 0.0457839
2 0.532353 0.406519 0.132857 0.187274 0.0445359
5 0.413247 0.555141 0.0511559 0.0555863 0.0439067
2 0.429696 0.673985 0.0369611 0.04758 0.0436082
2 0.568185 0.580743 0.0380734 0.046842 0.0432133
2 0.565277 0.579697 0.0290846 0.0363888 0.0427284
2 0.762493 0.322155 0.0508718 0.0590588 0.0414782
2 0.722364 0.306626 0.0317151 0.0353657 0.0409442
2 0.166109 0.484273 0.021142 0.0269172 0.0405742
2 0.565165 0.580525 0.0305491 0.0383827 0.03923
2 0.410509 0.555969 0.0433199 0.0567844 0.0381635
2 0.579853 0.653544 0.0423677 0.0431407 0.0380225
2 0.657241 0.424092 0.0513655 0.0503853 0.0377242
2 0.580876 0.657219 0.0505778 0.0498234 0.0376277
2 0.637448 0.31258 0.0445067 0.0707212 0.0370947
2 0.763586 0.319985 0.057158 0.0620792 0.0368617
2 0.631335 0.527418 0.0350515 0.0410924 0.0364411
2 0.527586 0.410444 0.131269 0.193894 0.0361525
2 0.771757 0.218278 0.0350274 0.0399581 0.035963
2 0.53493 0.376964 0.103916 0.0793607 0.0354725
2 0.165407 0.483916 0.0211905 0.0261913 0.0350792
2 0.345216 0.562442 0.0297244 0.0402116 0.034933
2 0.538184 0.374135 0.120788 0.0895152 0.0345782
2 0.771139 0.218442 0.0327933 0.0372885 0.0344535
2 0.428614 0.672206 0.0290654 0.0401475 0.0343858
5 0.409484 0.553635 0.0317438 0.0411411 0.033993
2 0.528638 0.338622 0.122436 0.164076 0.0338083
5 0.409551 0.553741 0.0356548 0.0457077 0.0335449
2 0.240762 0.632884 0.0312855 0.0363026 0.0330364
2 0.242976 0.634796 0.0404488 0.0472167 0.032691
2 0.771919 0.218875 0.0353522 0.0386693 0.0326662
2 0.638435 0.316875 0.0319669 0.0578951 0.032496
2 0.242211 0.633299 0.039654 0.0448757 0.0323163
2 0.771059 0.218087 0.0322125 0.037517 0.032081
2 0.637627 0.314385 0.0525498 0.0736108 0.0317246
2 0.165843 0.484621 0.0315779 0.0349262 0.0314957
2 0.704025 0.251987 0.048267 0.0500973 0.0312555
2 0.763431 0.318227 0.0507602 0.060135 0.0310638
2 0.546727 0.509336 0.0193251 0.0208784 0.0308137
2 0.346524 0.565338 0.0449654 0.0495893 0.0302132
2 0.63864 0.316427 0.0451386 0.0644321 0.0300927
2 0.72422 0.306083 0.0294551 0.0333537 0.0297067
2 0.6382 0.316964 0.0331355 0.0589291 0.0295884
5 0.395789 0.381603 0.0389795 0.0401645 0.0283676
2 0.661453 0.466699 0.0502666 0.0513887 0.0281481
2 0.429961 0.674649 0.0401183 0.0500576 0.0279087
2 0.71975 0.420672 0.0378912 0.043814 0.0275289
2 0.542274 0.378925 0.103177 0.0763487 0.027224
2 0.529395 0.431881 0.122704 0.137787 0.026745
2 0.525749 0.402646 0.158842 0.20226 0.0267351
2 0.429934 0.673924 0.0378593 0.0484349 0.0266404
2 0.54678 0.509471 0.019889 0.0216761 0.02663
2 0.727367 0.618303 0.0574497 0.0770611 0.0264276
2 0.428835 0.674397 0.0427996 0.0524726 0.0261272
5 0.633181 0.528786 0.0409955 0.0476821 0.0258634
2 0.630196 0.526435 0.0314052 0.0356522 0.0257754
2 0.656025 0.425021 0.0514435 0.0501912 0.0253741
5 0.397733 0.386641 0.0539915 0.0578769 0.0252843
2 0.164972 0.485152 0.0314366 0.0358473 0.0250519
2 0.541796 0.377281 0.105488 0.0771167 0.0246281
2 0.52025 0.403614 0.177046 0.218933 0.0241309
2 0.538155 0.377562 0.102937 0.0808262 0.0238941
2 0.661811 0.468268 0.0482254 0.0508381 0.0236484
2 0.166301 0.485041 0.0258801 0.0319919 0.0232178
2 0.727315 0.618228 0.0617421 0.0785834 0.0226366
2 0.42936 0.674395 0.042234 0.0506084 0.022529
2 0.580685 0.653719 0.0392123 0.042982 0.0222476
2 0.427713 0.673514 0.0331154 0.0423941 0.0211153
2 0.662029 0.46938 0.0426001 0.0489203 0.0210535
2 0.63915 0.317834 0.0351275 0.0606369 0.0208198
2 0.547175 0.510234 0.0168684 0.0193648 0.0206005
2 0.537994 0.340063 0.139941 0.166303 0.0205487
2 0.722693 0.30553 0.0288823 0.0327329 0.0200961
2 0.538714 0.436853 0.111056 0.12376 0.0199368
2 0.346211 0.564429 0.0452114 0.0494563 0.0193638
2 0.564751 0.578611 0.0337465 0.0401133 0.0193307
3 0.507852 0.304942 0.886315 0.589709 0.019208
5 0.630851 0.529841 0.0431346 0.0517285 0.018915
2 0.7016 0.246883 0.0354289 0.0411333 0.0185325
2 0.534022 0.407685 0.129598 0.196094 0.0184413
2 0.727529 0.619371 0.057322 0.0780084 0.0183673
2 0.638423 0.307157 0.0601852 0.0901553 0.0181903
5 0.398762 0.379895 0.0563146 0.0529629 0.0181895
5 0.343714 0.564042 0.0347808 0.0419984 0.0181266
