1 0.586401 0.439824 0.419468 0.55399 0.932933
1 0.589241 0.439778 0.412981 0.560447 0.912515
1 0.588795 0.439135 0.420828 0.560999 0.906875
1 0.587012 0.441579 0.423151 0.552891 0.906502
1 0.587283 0.441749 0.426352 0.551415 0.88751
1 0.588726 0.440197 0.427232 0.563813 0.872728
1 0.589222 0.445271 0.415294 0.556217 0.854484
1 0.583638 0.43933 0.416703 0.549326 0.848294
1 0.588296 0.445904 0.421776 0.554055 0.721086
1 0.587114 0.437432 0.422699 0.546657 0.669653
1 0.585246 0.445622 0.421646 0.557978 0.61027
1 0.58623 0.439239 0.419103 0.548043 0.539662
5 0.0410421 0.969819 0.0716862 0.0603612 0.174104
5 0.0418243 0.969732 0.0759304 0.0605351 0.124637
5 0.0403557 0.969212 0.0690693 0.0615766 0.123705
5 0.0413045 0.967807 0.0755671 0.0643861 0.104318
5 0.0399317 0.970422 0.068664 0.0591551 0.0875913
5 0.0403168 0.970925 0.0787442 0.0581491 0.0734347
5 0.0419122 0.971276 0.0809251 0.0574483 0.0568832
5 0.0390937 0.970261 0.0663327 0.0594776 0.0562847
5 0.0440613 0.968951 0.0825097 0.062097 0.0377241
5 0.0400778 0.971527 0.0746731 0.056946 0.0358615
5 0.0390949 0.968581 0.0722399 0.0628373 0.03165
5 0.0409174 0.966324 0.0779966 0.0673515 0.030981
5 0.0442228 0.9651 0.082555 0.0697995 0.0295807
5 0.044332 0.97182 0.0856285 0.0563605 0.0137812
5 0.617035 0.106216 0.0259357 0.0280184 0.0133271
5 0.61684 0.106791 0.0242898 0.0275805 0.0132282
5 0.392696 0.960603 0.0290732 0.0297494 0.0100361
