0 0.558175 0.498331 0.667576 0.927798 0.903683
0 0.559879 0.478388 0.667728 0.928432 0.884273
0 0.558165 0.49794 0.669572 0.913874 0.874253
0 0.562531 0.479126 0.6667 0.919253 0.860001
0 0.556714 0.507874 0.665399 0.908877 0.786163
0 0.553396 0.507276 0.665803 0.896209 0.773315
0 0.561072 0.495098 0.6725 0.933892 0.72924
0 0.565803 0.471633 0.669729 0.923459 0.637161
0 0.556283 0.50372 0.671114 0.925848 0.599437
0 0.555044 0.521652 0.655942 0.904261 0.48635
0 0.560867 0.41448 0.665509 0.791011 0.476857
5 0.300302 0.62841 0.0916059 0.190885 0.435635
5 0.299629 0.622177 0.0937697 0.190211 0.257683
5 0.296296 0.626193 0.100004 0.19306 0.244768
5 0.301462 0.631591 0.0902369 0.200565 0.244697
5 0.306846 0.632239 0.0812543 0.196874 0.174181
5 0.403076 0.880555 0.0499352 0.0493742 0.157537
5 0.295768 0.619271 0.101974 0.195442 0.152933
5 0.40386 0.881402 0.0486347 0.0497292 0.151092
5 0.404294 0.882492 0.0487123 0.0487478 0.121745
5 0.404679 0.881992 0.0560317 0.0554006 0.113509
5 0.40277 0.880494 0.0454607 0.0439112 0.104761
0 0.548818 0.521567 0.6565 0.895126 0.103328
5 0.308766 0.64071 0.0817705 0.216236 0.101645
5 0.403206 0.882962 0.0439445 0.0444043 0.0997748
5 0.295866 0.628961 0.100802 0.202177 0.0995822
5 0.402277 0.879039 0.0572794 0.0542904 0.0968942
5 0.404038 0.882483 0.0417815 0.0429278 0.0963825
5 0.403189 0.881819 0.040762 0.04142 0.09165
5 0.404545 0.880161 0.0625286 0.0595545 0.0810349
5 0.404567 0.881354 0.0601689 0.0574787 0.0787158
5 0.403057 0.881432 0.0398141 0.0393946 0.0714612
5 0.30618 0.623813 0.0848927 0.19087 0.0619904
5 0.450319 0.886178 0.0291217 0.0315407 0.0566744
5 0.40315 0.883396 0.0371419 0.0376262 0.0562125
5 0.403075 0.882858 0.0356845 0.036138 0.0433294
5 0.401782 0.884196 0.0372306 0.0367701 0.0430513
5 0.451455 0.884937 0.0324603 0.0367078 0.0430502
5 0.451716 0.885131 0.0336434 0.0376085 0.0405884
5 0.45195 0.885389 0.0308199 0.0352924 0.0380666
5 0.294763 0.611373 0.106301 0.197677 0.0372933
5 0.450709 0.885356 0.0261821 0.0302052 0.036675
5 0.299456 0.613969 0.0983011 0.186935 0.0364972
5 0.451372 0.883597 0.0319921 0.0371905 0.0361241
5 0.401573 0.8829 0.0351403 0.0356395 0.0359864
5 0.40088 0.881203 0.0391779 0.0400326 0.0336963
5 0.289529 0.622282 0.11644 0.208962 0.0335664
5 0.450344 0.885955 0.0248028 0.0293423 0.0335637
5 0.451036 0.886052 0.0277959 0.0305517 0.0335217
5 0.406762 0.882268 0.0679877 0.0636759 0.0333137
5 0.451011 0.886434 0.0378573 0.0408853 0.0298066
5 0.402422 0.883749 0.0589761 0.0596974 0.0297836
5 0.450811 0.885546 0.0264431 0.0312436 0.0290283
5 0.489749 0.450527 0.0310362 0.0350777 0.028312
5 0.450704 0.883511 0.033163 0.0382578 0.0276466
5 0.406176 0.878436 0.0703259 0.0675856 0.0272164
5 0.40202 0.877518 0.0538199 0.0515928 0.0259376
5 0.682529 0.91556 0.0457766 0.0447195 0.0257957
5 0.683271 0.915206 0.0554526 0.0516233 0.0255151
5 0.288995 0.612584 0.1172 0.215734 0.0235954
5 0.450858 0.885881 0.0253019 0.0296462 0.0213903
5 0.451856 0.886716 0.0448105 0.046461 0.021295
5 0.401481 0.883658 0.0471737 0.0487502 0.0207913
5 0.490361 0.450288 0.0289451 0.0334623 0.020553
5 0.303624 0.647255 0.09479 0.232069 0.0196901
5 0.450145 0.886725 0.0405455 0.0438959 0.0196723
5 0.400811 0.884336 0.0569626 0.0581103 0.019132
5 0.680256 0.915813 0.0472034 0.0462725 0.0185646
5 0.451797 0.8832 0.0417588 0.0438831 0.0178726
5 0.40228 0.877929 0.0461237 0.0467507 0.0177109
5 0.683351 0.91458 0.0447693 0.0432239 0.0173394
5 0.404769 0.883979 0.0676402 0.0665127 0.017073
5 0.490103 0.44999 0.0360595 0.0415408 0.0168604
5 0.451603 0.8848 0.0439144 0.046045 0.0168382
5 0.681224 0.916002 0.0351067 0.0340448 0.0159257
5 0.491016 0.450633 0.0285241 0.034107 0.0150691
5 0.490128 0.450381 0.028382 0.0339191 0.0145759
5 0.448969 0.885849 0.036241 0.0372326 0.0145196
5 0.68343 0.914537 0.0591514 0.0528075 0.0142649
5 0.680874 0.91347 0.042734 0.0394351 0.0141304
5 0.489662 0.450293 0.0238686 0.0287555 0.0138037
5 0.684465 0.915941 0.0686029 0.0605071 0.0130476
5 0.682305 0.913877 0.0438277 0.0418816 0.0129813
5 0.451983 0.883652 0.0480284 0.048113 0.0126056
5 0.448489 0.884678 0.0380341 0.039446 0.0119907
5 0.681047 0.912291 0.051972 0.0469376 0.0119112
5 0.682568 0.915735 0.0354178 0.034466 0.0118057
5 0.452975 0.885585 0.0462855 0.049222 0.0114686
5 0.490437 0.450383 0.0227131 0.02716 0.0111768
5 0.490218 0.450332 0.02316 0.0278068 0.0108575
0 0.565767 0.425579 0.662666 0.811176 0.0102087
5 0.489782 0.450246 0.0239035 0.0285241 0.0101697
