3 0.499142 0.580324 0.601616 0.78164 0.942315
3 0.498385 0.575288 0.60063 0.799226 0.934178
3 0.503139 0.578163 0.592565 0.778312 0.885909
3 0.499021 0.576892 0.600656 0.781194 0.882518
3 0.505001 0.574956 0.596716 0.799999 0.876197
3 0.501268 0.57768 0.614206 0.797079 0.857723
3 0.501453 0.581054 0.616275 0.781375 0.857432
3 0.502802 0.57281 0.593479 0.777411 0.843643
3 0.50218 0.57589 0.613789 0.777622 0.834647
3 0.496086 0.571817 0.598899 0.799311 0.636379
3 0.497963 0.508323 0.585833 0.624653 0.429629
3 0.504271 0.56781 0.392666 0.359177 0.0279834
3 0.514983 0.380099 0.534269 0.362014 0.0259268
3 0.509587 0.541725 0.406164 0.416434 0.0258888
3 0.496984 0.438091 0.592155 0.494166 0.0216205
3 0.514714 0.361862 0.530954 0.330767 0.0201558
3 0.509628 0.581816 0.360464 0.326484 0.0137894
3 0.4957 0.402787 0.589365 0.41543 0.0126681
3 0.518804 0.360625 0.550427 0.325199 0.0104887
