3 0.448533 0.450844 0.467425 0.617319 0.827262
3 0.442574 0.450717 0.47667 0.616946 0.797491
3 0.45132 0.454692 0.465806 0.610646 0.793302
3 0.447288 0.45462 0.468966 0.612537 0.770019
3 0.443004 0.453243 0.474581 0.614559 0.74665
3 0.448549 0.453691 0.472404 0.616479 0.742201
3 0.448228 0.451916 0.47303 0.621239 0.656133
3 0.453342 0.453712 0.464186 0.618834 0.585302
3 0.450904 0.451216 0.46524 0.617265 0.531723
3 0.446979 0.454711 0.466816 0.613704 0.448175
3 0.442194 0.450508 0.477999 0.613466 0.237459
3 0.442362 0.454317 0.474687 0.614725 0.133594
3 0.472523 0.492169 0.39353 0.363639 0.0657619
3 0.446713 0.455473 0.481066 0.617451 0.0346662
3 0.471304 0.475452 0.395079 0.368146 0.0304499
3 0.486821 0.488081 0.372359 0.339224 0.0155107
3 0.451305 0.461594 0.414129 0.414495 0.0149036
3 0.461446 0.283389 0.456149 0.270902 0.0138744
3 0.452798 0.487152 0.414324 0.388286 0.013145
