1 0.48817 0.484916 0.511549 0.518371 0.951684
1 0.48285 0.48216 0.505746 0.515828 0.935875
1 0.486935 0.484182 0.510508 0.525391 0.930672
1 0.479923 0.479415 0.501996 0.515518 0.919699
1 0.486876 0.481743 0.509427 0.512049 0.917843
1 0.485142 0.48188 0.504811 0.525532 0.911012
1 0.48351 0.48584 0.506429 0.514249 0.896689
1 0.482351 0.485485 0.504668 0.521969 0.876023
1 0.483403 0.485173 0.503244 0.515306 0.728246
5 0.642967 0.619512 0.0253464 0.0301114 0.202447
5 0.642399 0.619257 0.0281788 0.0310762 0.201313
5 0.642709 0.61882 0.0322294 0.0345995 0.189824
5 0.643335 0.619676 0.0262397 0.0299615 0.184562
1 0.490224 0.487912 0.490363 0.510294 0.182565
5 0.642839 0.61925 0.0337908 0.0377059 0.173415
5 0.641419 0.618896 0.0315027 0.0328108 0.164393
5 0.641561 0.620455 0.0310775 0.0325221 0.160191
5 0.642249 0.619668 0.0285305 0.0301279 0.159185
5 0.641906 0.620033 0.0250025 0.028609 0.151965
5 0.642788 0.618782 0.0370686 0.0395929 0.14205
5 0.641854 0.620203 0.0250606 0.0286747 0.141852
5 0.643571 0.619573 0.0375151 0.0423445 0.134006
5 0.642766 0.619953 0.0227679 0.0269225 0.116417
5 0.6426 0.61999 0.0218658 0.0253386 0.10119
1 0.483408 0.481825 0.517048 0.508282 0.0707454
5 0.643973 0.620085 0.0455491 0.0483308 0.0529022
5 0.641714 0.621911 0.0427678 0.0444252 0.0499134
5 0.64235 0.61812 0.0438869 0.0452726 0.0455957
5 0.6433 0.622436 0.0497647 0.0505515 0.0337107
5 0.452368 0.694695 0.031832 0.0303633 0.0335549
5 0.640684 0.622472 0.0434215 0.0449232 0.0318186
5 0.45232 0.69537 0.0357676 0.0338572 0.0300387
5 0.453112 0.694222 0.027971 0.0282103 0.0283692
5 0.452628 0.694642 0.0305957 0.0307676 0.0278863
5 0.639857 0.619026 0.0341122 0.0329805 0.0273451
5 0.453452 0.693173 0.0298435 0.0300662 0.0269876
5 0.640184 0.621266 0.0356748 0.0350194 0.0234753
5 0.452988 0.693194 0.0428116 0.0411544 0.0229901
5 0.45054 0.698034 0.0291949 0.0277178 0.0217211
5 0.409786 0.663847 0.0189203 0.021539 0.0178853
5 0.454448 0.694062 0.0473948 0.0447989 0.0174574
5 0.454537 0.6918 0.0330413 0.032558 0.0166209
5 0.451513 0.696257 0.0285918 0.0289869 0.0161004
1 0.493203 0.486217 0.485512 0.513173 0.0149561
5 0.450423 0.697583 0.0311464 0.0284224 0.014768
1 0.4796 0.480997 0.506952 0.517617 0.0144229
5 0.452641 0.691909 0.0444704 0.040717 0.0143958
5 0.454311 0.691079 0.0350514 0.0339456 0.0141913
5 0.453317 0.69837 0.0463363 0.0430396 0.0141399
5 0.410006 0.664095 0.018396 0.0214619 0.0140208
5 0.41036 0.662146 0.0219437 0.0245042 0.0139016
5 0.409806 0.664884 0.0182255 0.0207317 0.0137925
5 0.447494 0.698523 0.034203 0.0277806 0.0135975
5 0.448037 0.700551 0.0273014 0.0228342 0.0125946
5 0.409385 0.661525 0.0218849 0.0246257 0.0125415
5 0.411557 0.663649 0.0237144 0.0268604 0.0121079
5 0.409759 0.66502 0.0181042 0.0202503 0.0112104
5 0.41146 0.664669 0.0237526 0.0265833 0.0108381
5 0.44557 0.701687 0.0283143 0.0234618 0.0101478
