3 0.533163 0.572377 0.458675 0.495096 0.765963
3 0.531439 0.569937 0.461379 0.498209 0.758688
3 0.531589 0.573633 0.460716 0.502802 0.73619
3 0.534215 0.573003 0.45434 0.500164 0.734334
3 0.534878 0.572897 0.454831 0.500396 0.718152
3 0.534554 0.573082 0.454091 0.503055 0.692182
3 0.531805 0.568968 0.461365 0.490672 0.655458
3 0.533994 0.571099 0.451939 0.512312 0.654218
3 0.534277 0.571716 0.456661 0.493324 0.651426
3 0.532075 0.568248 0.458145 0.511963 0.455298
3 0.537293 0.569906 0.452717 0.490481 0.349195
3 0.595323 0.559756 0.337903 0.366066 0.151457
3 0.590009 0.529817 0.347841 0.362178 0.113276
3 0.568279 0.558696 0.36818 0.399702 0.0999848
3 0.556084 0.530094 0.395761 0.379425 0.0615854
3 0.605364 0.559637 0.309061 0.350043 0.046992
3 0.604286 0.531436 0.307845 0.354079 0.0382089
1 0.369584 0.576184 0.143999 0.445734 0.0249225
3 0.524082 0.57029 0.450291 0.499956 0.0173837
1 0.36776 0.591879 0.145421 0.414977 0.0147656
1 0.370894 0.567177 0.142429 0.437561 0.0120075
5 0.561911 0.80327 0.0213577 0.026393 0.0105222
5 0.459609 0.665768 0.0410295 0.0530076 0.0104844
3 0.593124 0.598458 0.344333 0.419076 0.010207
