3 0.410746 0.458605 0.503099 0.704753 0.796242
3 0.410363 0.457302 0.50044 0.708123 0.761388
3 0.406228 0.459716 0.512168 0.701217 0.700079
3 0.40767 0.461041 0.508205 0.702579 0.665731
3 0.410818 0.451295 0.505333 0.707284 0.627363
3 0.409366 0.452697 0.502228 0.691682 0.566738
3 0.406502 0.455043 0.509304 0.699187 0.544711
3 0.408776 0.455734 0.503711 0.70379 0.537177
3 0.408605 0.451333 0.507339 0.689912 0.349488
3 0.401646 0.451919 0.49837 0.702047 0.304689
3 0.40874 0.455875 0.509788 0.706058 0.150745
3 0.399988 0.460523 0.517427 0.692448 0.0767945
3 0.428315 0.466239 0.327999 0.459294 0.039818
3 0.454575 0.470119 0.331941 0.455757 0.0396919
3 0.452263 0.44923 0.334818 0.46963 0.0192183
3 0.42539 0.444752 0.33431 0.469621 0.018667
3 0.578839 0.47447 0.17066 0.676459 0.0168563
3 0.401635 0.467691 0.514388 0.696415 0.015521
3 0.556397 0.478461 0.21232 0.657022 0.0123913
3 0.389702 0.462132 0.363077 0.453762 0.0123366
0 0.582924 0.465333 0.161 0.719131 0.0119142
3 0.429007 0.481402 0.321149 0.436067 0.0116509
0 0.559 0.465604 0.208957 0.702038 0.0104275
3 0.45688 0.485448 0.327717 0.423741 0.0102661
