1 0.561644 0.379174 0.5037 0.571695 0.95209
1 0.563422 0.381142 0.500479 0.587663 0.944484
1 0.562466 0.378717 0.499881 0.571325 0.944077
1 0.560486 0.378298 0.505965 0.582289 0.935005
1 0.562189 0.385298 0.499994 0.580386 0.895338
1 0.560769 0.383996 0.501975 0.577538 0.872994
1 0.563414 0.376805 0.500806 0.577766 0.870026
1 0.558561 0.380504 0.504742 0.589016 0.866477
1 0.564866 0.377304 0.495216 0.571944 0.844962
1 0.556715 0.381579 0.498568 0.578901 0.830863
1 0.55861 0.388221 0.503666 0.579611 0.305592
1 0.559551 0.381731 0.507784 0.5658 0.235591
5 0.504088 0.488013 0.0375373 0.0406307 0.191727
5 0.503279 0.487726 0.0331032 0.0370335 0.186858
5 0.503366 0.489061 0.0361398 0.0400461 0.174483
5 0.502855 0.487596 0.0323031 0.0355154 0.174245
5 0.503201 0.486696 0.0450601 0.0469398 0.166523
5 0.504841 0.488369 0.0370803 0.0417361 0.160744
5 0.50389 0.488549 0.0360314 0.0408649 0.158579
1 0.559636 0.379814 0.505885 0.569087 0.148428
5 0.504491 0.48818 0.0423496 0.0467202 0.132333
5 0.503239 0.488712 0.0284382 0.0333142 0.107223
5 0.503544 0.488737 0.0282525 0.0331557 0.10685
5 0.504135 0.488758 0.0299668 0.0349055 0.0991617
5 0.503078 0.488479 0.0268623 0.0317927 0.0945601
5 0.503931 0.487491 0.0494355 0.0519632 0.0825145
5 0.501199 0.487949 0.0336213 0.035737 0.0821323
5 0.503926 0.486169 0.0529378 0.0540234 0.0814389
5 0.503183 0.490197 0.0481677 0.0523469 0.06917
5 0.501263 0.489431 0.0359889 0.0379904 0.056692
5 0.500189 0.486831 0.040475 0.0411787 0.0518107
5 0.440716 0.292608 0.0242813 0.0250451 0.0456307
5 0.505625 0.488377 0.05393 0.0572363 0.0449252
5 0.441064 0.292208 0.0238945 0.0257164 0.0446483
5 0.504482 0.490126 0.0532279 0.056805 0.0436491
5 0.501759 0.491069 0.0505188 0.0545578 0.0350593
5 0.44096 0.292176 0.0240286 0.0271781 0.0329916
5 0.441627 0.291287 0.028476 0.0333933 0.0319455
5 0.625141 0.494351 0.02029 0.0231674 0.0309695
5 0.441086 0.292951 0.0217236 0.0245409 0.0300242
5 0.441518 0.290594 0.0313239 0.0342348 0.0299555
5 0.504889 0.483688 0.0627877 0.065606 0.0293438
5 0.439878 0.293007 0.0276933 0.0276321 0.029088
5 0.440631 0.292797 0.0233911 0.0261778 0.0290596
5 0.625166 0.493375 0.0268717 0.0283482 0.0284492
5 0.624829 0.49447 0.0201599 0.022829 0.0265721
5 0.624009 0.493398 0.0264218 0.0282059 0.0261068
5 0.440685 0.293091 0.0211794 0.0237443 0.0256469
5 0.441167 0.289951 0.0320025 0.0344144 0.025519
5 0.440082 0.292286 0.0293549 0.0293225 0.0246181
5 0.625192 0.49441 0.0191688 0.0211059 0.0244256
5 0.441801 0.290861 0.0345772 0.0371045 0.0238094
5 0.440847 0.29074 0.0313207 0.0333328 0.0228422
5 0.625308 0.494229 0.0192391 0.0209312 0.0228197
5 0.499998 0.48984 0.0460675 0.0485048 0.0211547
5 0.625413 0.493296 0.0269889 0.0321578 0.0211507
5 0.439969 0.292896 0.0310926 0.0303133 0.0204621
5 0.503225 0.484602 0.039473 0.0480033 0.0202463
5 0.625505 0.494113 0.0240005 0.0262913 0.0182831
5 0.625053 0.494624 0.0239764 0.0256231 0.0181988
5 0.625437 0.493295 0.0267355 0.0319512 0.0180508
5 0.62356 0.494292 0.0256342 0.0273881 0.0150839
5 0.502753 0.482805 0.0507172 0.0583693 0.0147524
5 0.440525 0.293081 0.0338711 0.0343234 0.0126519
5 0.440713 0.292629 0.0374865 0.0381174 0.0109451
5 0.503107 0.483885 0.0379878 0.0457705 0.0106677
5 0.629588 0.486257 0.0442217 0.0466276 0.0106323
5 0.623491 0.494748 0.0258315 0.0263332 0.0105828
5 0.507227 0.491199 0.0660702 0.0685678 0.0101405
