5 0.785402 0.74596 0.0817914 0.116568 0.756722
5 0.784663 0.745505 0.0813021 0.120479 0.709293
5 0.785988 0.743556 0.0859409 0.118413 0.645119
5 0.784798 0.743842 0.0846651 0.121973 0.569044
5 0.782086 0.746217 0.0811462 0.104286 0.296827
3 0.698859 0.571918 0.334514 0.37911 0.295708
3 0.704745 0.565359 0.337636 0.372672 0.292467
3 0.698436 0.557557 0.324844 0.365676 0.279092
3 0.670062 0.564848 0.503677 0.687405 0.271914
5 0.78384 0.745471 0.090426 0.114082 0.266209
3 0.704894 0.549084 0.329611 0.351786 0.263617
5 0.783439 0.74518 0.0845953 0.106539 0.256981
5 0.786097 0.74549 0.0909038 0.116775 0.243665
3 0.668713 0.562455 0.501807 0.675155 0.242505
3 0.669424 0.585252 0.507541 0.714007 0.232803
3 0.666418 0.585195 0.506544 0.710995 0.221981
3 0.697325 0.58223 0.336677 0.377352 0.21406
3 0.702409 0.580702 0.339355 0.370827 0.206395
5 0.783784 0.746771 0.0847266 0.107373 0.202167
5 0.782817 0.745344 0.0807008 0.103222 0.185257
5 0.78302 0.745094 0.0856865 0.121119 0.164588
3 0.67045 0.585787 0.507992 0.727533 0.155934
3 0.667562 0.524885 0.501304 0.609291 0.152953
5 0.782827 0.745871 0.0862883 0.120158 0.152788
3 0.665505 0.591897 0.510328 0.720636 0.151082
3 0.666715 0.589341 0.500514 0.714115 0.144647
3 0.683564 0.586257 0.317316 0.367316 0.122585
5 0.781305 0.746478 0.0763751 0.101964 0.108875
3 0.669456 0.522803 0.49474 0.604651 0.108604
5 0.78184 0.749849 0.0806035 0.0990053 0.107984
3 0.708329 0.535471 0.32984 0.321267 0.104899
3 0.68618 0.577237 0.315475 0.366598 0.101832
3 0.708897 0.552001 0.338724 0.332189 0.100734
3 0.694798 0.593201 0.333702 0.371908 0.0957686
5 0.786982 0.745641 0.084965 0.108662 0.0933788
3 0.669305 0.564697 0.497476 0.672979 0.0868612
3 0.680357 0.592845 0.310471 0.358514 0.0784949
5 0.780581 0.749756 0.0753632 0.0970749 0.0570342
5 0.783351 0.743391 0.0831446 0.100562 0.0538694
1 0.663259 0.581008 0.506545 0.710603 0.0528456
5 0.786313 0.744764 0.0984489 0.132398 0.0505777
3 0.701121 0.526289 0.314963 0.316646 0.0504788
1 0.474231 0.562944 0.139611 0.539871 0.0493646
1 0.6686 0.584038 0.50731 0.736809 0.0430138
5 0.784148 0.750792 0.0837759 0.102067 0.0421945
5 0.788874 0.747801 0.10424 0.135975 0.0413072
5 0.787585 0.747477 0.0844668 0.109526 0.0386321
1 0.474323 0.547054 0.13609 0.530247 0.038419
3 0.695139 0.527755 0.313187 0.328283 0.0378179
1 0.473239 0.577414 0.142552 0.545951 0.0361925
3 0.702809 0.51888 0.309695 0.300067 0.0355635
3 0.686682 0.560528 0.307654 0.357934 0.031825
5 0.0173513 0.521036 0.0347026 0.100063 0.0317131
5 0.584692 0.724343 0.0269729 0.0309146 0.0296746
5 0.584771 0.725309 0.0225051 0.0277198 0.0282054
5 0.78662 0.743444 0.0845377 0.102578 0.0280233
1 0.658085 0.563107 0.489527 0.686579 0.0277055
5 0.583505 0.723816 0.0301508 0.0343382 0.0274358
3 0.700721 0.599545 0.337641 0.369411 0.0245131
1 0.663758 0.586577 0.507142 0.719173 0.023573
5 0.638685 0.584481 0.0185568 0.021294 0.0229057
5 0.782107 0.745473 0.0771982 0.100762 0.0227788
5 0.63845 0.584257 0.0186071 0.0202684 0.0220664
5 0.638008 0.583913 0.0220939 0.0252501 0.0218985
1 0.47232 0.58275 0.144492 0.539992 0.0204494
1 0.488921 0.568883 0.164236 0.57568 0.0203904
5 0.585101 0.725618 0.0251807 0.028233 0.0202212
5 0.782675 0.74391 0.0787745 0.097477 0.0201476
3 0.663064 0.591383 0.503516 0.726176 0.0198956
5 0.816505 0.614887 0.0333745 0.0337998 0.0195155
5 0.585083 0.7255 0.0207966 0.0251222 0.0191706
5 0.757421 0.649582 0.0164883 0.0204496 0.019126
5 0.585125 0.725142 0.0265194 0.0313943 0.0190669
5 0.63853 0.584226 0.0187408 0.0208447 0.0189905
5 0.783134 0.745919 0.0944866 0.125896 0.0188241
5 0.0171539 0.515618 0.0343079 0.107377 0.0187323
5 0.67665 0.606133 0.0247197 0.0264705 0.0185536
5 0.768042 0.586622 0.0219377 0.0257233 0.0182603
5 0.815085 0.615095 0.0256338 0.0275544 0.0182415
5 0.767684 0.586338 0.0201384 0.0228843 0.0182327
5 0.0197704 0.520146 0.0395408 0.101945 0.017844
5 0.815625 0.614824 0.026415 0.0264955 0.0177049
5 0.676587 0.607104 0.0229715 0.0225796 0.0176795
1 0.488815 0.583981 0.168897 0.587767 0.0175626
5 0.757046 0.648858 0.0181208 0.0211848 0.0174231
5 0.585242 0.725591 0.021597 0.0266902 0.017415
5 0.0174594 0.525673 0.0349188 0.0913498 0.0171824
5 0.676335 0.607381 0.0202506 0.0218414 0.0171343
5 0.676095 0.607248 0.0203417 0.0220821 0.0170164
5 0.637891 0.58372 0.0217645 0.0251376 0.0169815
5 0.756949 0.650593 0.017141 0.0216671 0.0169455
5 0.813551 0.615146 0.0270792 0.0256299 0.0169355
1 0.474559 0.527653 0.133803 0.498753 0.016868
5 0.676269 0.607011 0.0213892 0.0241151 0.0164087
5 0.0151459 0.519178 0.0302917 0.101981 0.0163958
5 0.757615 0.649261 0.0166676 0.0202315 0.0163605
5 0.67567 0.607869 0.0222788 0.0227881 0.0160881
5 0.81389 0.614743 0.0278738 0.0277273 0.0159739
5 0.783741 0.523808 0.0156375 0.0179913 0.0159105
5 0.786791 0.746032 0.0953593 0.128234 0.0155706
5 0.676187 0.607275 0.0188364 0.0193963 0.0154844
5 0.783282 0.523534 0.016776 0.0194134 0.0154504
5 0.814687 0.614648 0.0253661 0.0251118 0.0154195
3 0.725845 0.516717 0.269844 0.288773 0.0152665
5 0.584607 0.725311 0.0261032 0.0290855 0.015078
5 0.638547 0.584402 0.0183738 0.0212599 0.0148412
5 0.767542 0.586499 0.0214917 0.0234825 0.0147347
5 0.814475 0.615294 0.0242737 0.0259128 0.0147283
5 0.756689 0.648948 0.0204852 0.0246943 0.0145019
5 0.781812 0.745824 0.0946539 0.119295 0.0143729
3 0.66246 0.558552 0.229074 0.250043 0.014133
5 0.81692 0.614146 0.0399484 0.0371648 0.0140676
1 0.667755 0.305557 0.425345 0.164777 0.0140145
5 0.815942 0.613978 0.0372155 0.0353959 0.0138416
5 0.0195976 0.525309 0.0391952 0.0952299 0.0137669
3 0.728026 0.531937 0.297011 0.299496 0.0137358
5 0.783736 0.523605 0.0153908 0.0178688 0.0134966
5 0.741813 0.660801 0.0200667 0.0215569 0.0134412
5 0.585271 0.725673 0.0199657 0.0235904 0.013372
1 0.672799 0.890465 0.420159 0.139837 0.0132584
5 0.757012 0.648878 0.0199852 0.024289 0.013199
5 0.639683 0.583765 0.0238129 0.0286638 0.0131986
3 0.707474 0.576831 0.339551 0.331298 0.0131817
5 0.815518 0.615474 0.0235067 0.0251609 0.0131651
5 0.767873 0.585216 0.0255294 0.0290523 0.0127822
1 0.489476 0.551238 0.161064 0.569855 0.0124678
5 0.767661 0.587011 0.0174924 0.0196915 0.0122779
3 0.661533 0.566843 0.231831 0.246886 0.0122144
5 0.701051 0.675438 0.0190211 0.0229259 0.0121395
3 0.663512 0.547729 0.227751 0.244432 0.0120569
5 0.700592 0.675669 0.0177946 0.0207852 0.0119826
3 0.67679 0.330651 0.443432 0.214704 0.0119495
5 0.75996 0.539372 0.0172603 0.0188408 0.0119244
5 0.701152 0.675589 0.0196686 0.0236792 0.0117287
5 0.676107 0.606672 0.0251393 0.0259028 0.0115549
5 0.74959 0.654413 0.0329849 0.0319472 0.0115332
5 0.759112 0.538924 0.0197226 0.0201065 0.0115281
5 0.742961 0.65957 0.0230336 0.0273365 0.0115216
5 0.768115 0.587058 0.0196949 0.0226434 0.0114215
5 0.700863 0.675769 0.0157278 0.0188008 0.0114136
3 0.766237 0.559315 0.240106 0.261565 0.0113862
5 0.584532 0.726006 0.025716 0.0289896 0.0113639
5 0.783763 0.523195 0.0176526 0.0210607 0.0113214
5 0.759457 0.539261 0.019619 0.0189904 0.0111452
5 0.638022 0.584778 0.025743 0.0274679 0.011145
1 0.488999 0.586966 0.171884 0.591276 0.0111071
3 0.650628 0.55821 0.215895 0.246277 0.0110316
1 0.682197 0.888887 0.424619 0.147751 0.0110091
3 0.728617 0.4967 0.229164 0.259241 0.0110054
5 0.815874 0.613903 0.0348525 0.0338809 0.0109379
3 0.670839 0.334639 0.459399 0.224906 0.01084
5 0.740913 0.659769 0.0162332 0.0198882 0.0107754
5 0.701498 0.675008 0.0216526 0.0258424 0.0106513
3 0.763202 0.534711 0.241097 0.284927 0.010616
3 0.78155 0.74362 0.0756465 0.0959574 0.010598
5 0.638789 0.583734 0.0276591 0.0291778 0.0105509
5 0.783542 0.523049 0.0171043 0.0191459 0.01055
5 0.783643 0.523318 0.0186459 0.0223501 0.0104883
3 0.674967 0.567333 0.239364 0.248925 0.0104691
5 0.760161 0.539131 0.0168262 0.0172069 0.0104012
5 0.639579 0.583447 0.0258034 0.0288592 0.0103927
3 0.681604 0.358144 0.453911 0.270417 0.0103749
3 0.699591 0.498712 0.288132 0.265362 0.0100524
5 0.814605 0.615388 0.0221044 0.0234931 0.0100302
