4 0.429286 0.414195 0.544181 0.645768 0.754124
2 0.543913 0.35477 0.0624199 0.0730534 0.52522
2 0.32526 0.310334 0.0466044 0.091007 0.288806
2 0.246789 0.404334 0.0338477 0.0466457 0.262268
4 0.302685 0.379286 0.25658 0.548361 0.129991
2 0.415757 0.699113 0.0886599 0.0450967 0.0893081
2 0.568111 0.416679 0.0371056 0.072206 0.0692828
5 0.63126 0.788703 0.0357132 0.0380934 0.0556175
2 0.554592 0.420893 0.0669317 0.082697 0.0552994
2 0.246985 0.319946 0.0484455 0.0537351 0.0527162
2 0.250629 0.268505 0.0418937 0.0473311 0.0416905
2 0.381842 0.547447 0.0350938 0.0434129 0.0389298
4 0.578886 0.391517 0.232093 0.512965 0.0307715
2 0.518319 0.512784 0.0488388 0.0712974 0.0303014
2 0.256656 0.317026 0.023304 0.0343353 0.0270864
2 0.0491597 0.948649 0.0892294 0.0845787 0.0270791
0 0.0682121 0.950088 0.1342 0.0980474 0.0238179
2 0.287976 0.545661 0.0386294 0.0463614 0.0222499
2 0.472417 0.268967 0.0294356 0.040813 0.0210283
2 0.231517 0.319895 0.0277818 0.0568773 0.0199241
2 0.374743 0.581222 0.120044 0.0922617 0.018912
5 0.0474795 0.947559 0.0879555 0.0846815 0.0144043
2 0.243556 0.295063 0.068762 0.104066 0.0139981
2 0.38315 0.596646 0.10337 0.0475954 0.0136631
2 0.250253 0.401381 0.0535421 0.0618437 0.0121235
2 0.567969 0.408357 0.0256683 0.0488114 0.0107303
