0 0.424425 0.397284 0.582165 0.680585 0.511625
3 0.501861 0.581989 0.220054 0.289211 0.375248
5 0.67546 0.308018 0.0455036 0.0538457 0.301993
5 0.274518 0.577923 0.0381291 0.0484477 0.2593
5 0.299838 0.695958 0.0378979 0.0465297 0.175047
5 0.190618 0.441972 0.0374475 0.0478784 0.164837
5 0.469376 0.09844 0.0434261 0.0524336 0.141872
5 0.201725 0.527565 0.0349105 0.0442961 0.137401
5 0.273276 0.238133 0.0435307 0.0534138 0.13429
5 0.222046 0.595097 0.0324762 0.0415762 0.116728
5 0.689048 0.382348 0.0231788 0.0308603 0.102388
2 0.0385146 0.56558 0.0716022 0.1716 0.0965323
0 0.495562 0.57657 0.233913 0.291326 0.0906652
5 0.239587 0.412609 0.0289522 0.0391352 0.0883445
5 0.187869 0.378413 0.036827 0.0463236 0.0870838
5 0.511964 0.077599 0.0325727 0.0358356 0.0831532
5 0.240062 0.412573 0.0431182 0.0537298 0.0607371
5 0.202353 0.525992 0.0528467 0.0613131 0.0501733
5 0.313778 0.174839 0.0428284 0.0517518 0.0436081
2 0.511343 0.0777352 0.0301012 0.0334519 0.0420088
0 0.0389253 0.568213 0.073786 0.189352 0.0400518
5 0.368247 0.125793 0.0361666 0.0434003 0.0390724
5 0.602243 0.139629 0.0273097 0.0313321 0.0364719
2 0.21048 0.307581 0.0315306 0.0424095 0.0357082
5 0.64912 0.183063 0.0278445 0.0315493 0.0346541
5 0.675148 0.464454 0.0235813 0.0291929 0.0337942
5 0.57146 0.109672 0.0217741 0.0265586 0.0334907
5 0.209902 0.30735 0.0358017 0.044796 0.0317363
5 0.691733 0.383395 0.0359441 0.0446396 0.0232175
2 0.188407 0.377961 0.0370466 0.0488853 0.0230368
5 0.648354 0.182687 0.0180384 0.0230701 0.0179796
5 0.192673 0.438959 0.0613987 0.0695717 0.0177947
5 0.34583 0.170047 0.0251805 0.0343333 0.0177309
5 0.864305 0.601588 0.0255259 0.0297223 0.0151366
5 0.602788 0.138654 0.0408084 0.0453283 0.0136862
0 0.345907 0.810075 0.378584 0.202889 0.0136738
5 0.243742 0.642174 0.0221147 0.0288917 0.0135782
5 0.204232 0.56333 0.0212164 0.0264727 0.013545
3 0.481999 0.263726 0.373206 0.348607 0.0134664
2 0.369105 0.125624 0.0386553 0.0473682 0.0133607
2 0.431092 0.0902738 0.0269065 0.0299665 0.0119776
5 0.27719 0.573092 0.0618595 0.0685308 0.0116007
5 0.43067 0.0897407 0.0258035 0.029471 0.0114929
