2 0.409454 0.555093 0.0287194 0.0417167 0.628654
2 0.526398 0.352447 0.147431 0.130617 0.518561
2 0.346338 0.564816 0.0302561 0.0380608 0.411405
2 0.401352 0.383285 0.0384628 0.0361827 0.386845
2 0.657351 0.423824 0.042248 0.0372843 0.327615
2 0.580768 0.658081 0.0351862 0.0337836 0.29312
2 0.761815 0.31965 0.0462211 0.0529011 0.220577
2 0.42862 0.673652 0.0263481 0.0378256 0.193667
4 0.493847 0.484788 0.866836 0.969575 0.149848
2 0.659592 0.468505 0.0368674 0.0424783 0.147975
2 0.241566 0.633103 0.0298661 0.0367473 0.143837
2 0.700403 0.25001 0.0365518 0.0400322 0.138166
0 0.50101 0.470873 0.88172 0.937695 0.134953
2 0.565056 0.579954 0.0262683 0.0336786 0.123835
2 0.63172 0.526444 0.0285659 0.0330443 0.111051
2 0.638416 0.318999 0.0489977 0.0692474 0.0914541
2 0.719748 0.419123 0.0270502 0.0304508 0.0546392
2 0.532852 0.193331 0.169102 0.122241 0.0494377
2 0.475631 0.691405 0.203207 0.0933508 0.0401167
2 0.537772 0.373875 0.121059 0.0766253 0.0389524
2 0.431053 0.67252 0.0416685 0.0489769 0.0379808
2 0.167332 0.48485 0.0275599 0.0316389 0.0349003
2 0.304433 0.696119 0.231274 0.197611 0.0322134
2 0.410874 0.554309 0.0525544 0.0584918 0.0314356
2 0.722401 0.306815 0.0330413 0.0313605 0.028779
5 0.40135 0.381312 0.0557182 0.0524789 0.0276689
2 0.657818 0.567032 0.202826 0.270553 0.0268937
2 0.603598 0.461821 0.0247158 0.0349133 0.0235434
2 0.65228 0.466161 0.0647923 0.0580392 0.0180007
2 0.632967 0.530766 0.0407306 0.0480443 0.0178487
2 0.347843 0.564387 0.0474544 0.0533137 0.0174438
2 0.580235 0.655302 0.0470432 0.0512745 0.01604
2 0.701349 0.245994 0.0543014 0.0553711 0.0158873
2 0.771569 0.220327 0.0437606 0.0456664 0.0153939
2 0.243525 0.63009 0.0486827 0.0523922 0.0134136
2 0.716125 0.355582 0.162912 0.167997 0.013335
2 0.720946 0.418547 0.039875 0.0426951 0.0106068
