3 0.356201 0.391792 0.434735 0.624676 0.481183
5 0.411195 0.388889 0.0271189 0.0320348 0.18773
5 0.371619 0.474379 0.0248124 0.0286072 0.0989169
5 0.424904 0.567877 0.0236658 0.026825 0.0827064
5 0.473633 0.60188 0.020303 0.0285021 0.0816407
5 0.452067 0.60616 0.0174175 0.0248197 0.0705453
5 0.419377 0.172522 0.021153 0.0250413 0.0602873
5 0.472157 0.600813 0.0321042 0.0384928 0.0511416
5 0.460203 0.633847 0.0198682 0.0228492 0.0482901
5 0.371645 0.474699 0.0162435 0.0215065 0.0386953
5 0.446417 0.48569 0.032814 0.0348942 0.0369205
5 0.372771 0.472646 0.0367104 0.0390202 0.0298281
5 0.41923 0.172068 0.0332094 0.0363587 0.0275579
5 0.396228 0.210891 0.0252198 0.0319932 0.0268279
5 0.413003 0.388129 0.0444658 0.0520265 0.0254356
5 0.373623 0.160004 0.0165564 0.0224825 0.0222355
5 0.446719 0.485973 0.0204506 0.0253394 0.0201158
5 0.413061 0.217765 0.018127 0.0214724 0.0200069
1 0.542387 0.503094 0.0511083 0.368595 0.0170076
0 0.418902 0.623784 0.2985 0.172069 0.0166497
5 0.401994 0.214601 0.043164 0.0365999 0.0160147
5 0.383415 0.345763 0.0211669 0.0232965 0.0153601
3 0.319424 0.386363 0.231114 0.18783 0.014886
5 0.523328 0.532769 0.0199317 0.0255928 0.0130179
3 0.309361 0.367775 0.267298 0.353065 0.0112743
5 0.381845 0.112324 0.0420842 0.0444632 0.0105128
