0 0.455596 0.451719 0.516749 0.498405 0.731519
5 0.548728 0.317928 0.0402111 0.0472916 0.120112
5 0.451993 0.267975 0.0500482 0.0509086 0.11109
5 0.590424 0.454291 0.038569 0.0444757 0.0662825
5 0.552524 0.302606 0.0549795 0.083012 0.0543119
5 0.553099 0.277824 0.0316473 0.0310682 0.0473727
5 0.645614 0.519179 0.0510698 0.0479409 0.0471635
5 0.409263 0.347798 0.0278568 0.0332034 0.0298492
5 0.548506 0.318739 0.0260229 0.0335088 0.0208565
5 0.645754 0.441618 0.0477427 0.0339605 0.0123501
1 0.250816 0.49012 0.093429 0.418739 0.011877
5 0.34798 0.509067 0.0215577 0.0250044 0.0111429
