0 0.221482 0.579783 0.442964 0.492478 0.54581
3 0.638448 0.127549 0.272676 0.235173 0.131942
0 0.645946 0.0707347 0.303976 0.132441 0.05053
5 0.145554 0.224772 0.17577 0.166646 0.0481475
2 0.700359 0.105283 0.119992 0.0638132 0.0398286
3 0.141324 0.221889 0.178765 0.161106 0.0299525
3 0.595555 0.16827 0.165132 0.0955647 0.0217822
2 0.715305 0.00824856 0.0903472 0.0164971 0.018615
0 0.5 0.649 1 0.702001 0.0182894
0 0.639201 0.129358 0.277984 0.233304 0.0171359
5 0.304711 0.356084 0.0569255 0.0452235 0.0143968
2 0.252109 0.544195 0.308822 0.187154 0.0136047
2 0.664599 0.115133 0.210233 0.0879237 0.0128375
2 0.733791 0.00710883 0.0618542 0.0142177 0.0122669
2 0.618493 0.122126 0.0392358 0.0284785 0.0119365
2 0.698749 0.0111589 0.119298 0.0223178 0.0112318
0 0.419944 0.569243 0.839887 0.514117 0.010378
