0 0.321062 0.213516 0.635001 0.427031 0.184904
0 0.60675 0.502378 0.7865 0.923599 0.136506
5 0.933538 0.7917 0.0694664 0.0938247 0.117517
2 0.584858 0.378211 0.19526 0.305502 0.060268
2 0.941947 0.428502 0.0324807 0.072746 0.0425476
0 0.410498 0.0362782 0.644832 0.0725564 0.0336088
2 0.984912 0.015708 0.0220008 0.031416 0.0334091
5 0.939992 0.421355 0.0467857 0.0950139 0.0295253
4 0.0964515 0.205613 0.192903 0.25642 0.0284494
4 0.391898 0.029067 0.220981 0.0581339 0.026182
4 0.381076 0.0362739 0.641492 0.0725479 0.0260204
5 0.471298 0.266014 0.0184127 0.0328972 0.0254484
3 0.0990372 0.209951 0.198074 0.28708 0.0247323
5 0.985801 0.0160266 0.0243799 0.0320532 0.0242314
5 0.384101 0.280629 0.0214799 0.0344668 0.0241419
1 0.120961 0.538067 0.238974 0.387239 0.0211322
5 0.534058 0.59601 0.026852 0.050701 0.0204533
2 0.534328 0.595636 0.0305939 0.0575276 0.0202925
5 0.36674 0.191291 0.0573497 0.0793282 0.0184315
0 0.0940716 0.218226 0.188143 0.22268 0.0179914
1 0.0993934 0.654658 0.198787 0.690684 0.0179142
0 0.574282 0.369517 0.315368 0.490262 0.0166472
5 0.532386 0.59515 0.0395983 0.0631786 0.0138518
5 0.473506 0.294508 0.0234458 0.0352606 0.013328
5 0.476878 0.268052 0.0211786 0.0345983 0.0130764
5 0.470998 0.280714 0.0235319 0.0461761 0.0119024
5 0.595646 0.37168 0.311158 0.473093 0.0115411
5 0.451828 0.236665 0.0239059 0.0459943 0.0111405
4 0.0701912 0.0449244 0.140382 0.0898488 0.0102508
1 0.194772 0.562361 0.296096 0.380675 0.0101985
5 0.489752 0.277944 0.0167768 0.0328372 0.0100942
