5 0.139226 0.517261 0.0741089 0.065157 0.19112
2 0.14089 0.0225058 0.135629 0.0450115 0.130268
2 0.170144 0.862433 0.053045 0.049509 0.124885
2 0.0279587 0.0560014 0.0559174 0.0777389 0.0655182
2 0.022076 0.670867 0.044152 0.123769 0.0593892
2 0.215835 0.697979 0.259078 0.174407 0.0588657
2 0.356618 0.923606 0.0795176 0.13847 0.058558
0 0.720013 0.781733 0.559974 0.415732 0.0475331
2 0.128532 0.195528 0.0242772 0.0314233 0.0452834
2 0.0320808 0.568989 0.0641617 0.0812991 0.0440386
2 0.420113 0.189908 0.0376164 0.14409 0.0439123
0 0.716067 0.289689 0.471285 0.561555 0.0424762
2 0.0910456 0.143798 0.0404246 0.0878164 0.039879
2 0.0431045 0.66711 0.0506437 0.14818 0.0389647
2 0.264568 0.633019 0.0542357 0.0773837 0.0383713
2 0.355677 0.940101 0.0611345 0.0918655 0.0320194
0 0.25144 0.716586 0.406714 0.232271 0.0307324
2 0.258434 0.503348 0.141373 0.0426888 0.025666
2 0.905152 0.862939 0.189697 0.265083 0.023914
0 0.799847 0.428086 0.299959 0.285309 0.0234541
2 0.0946376 0.195062 0.031419 0.062755 0.0232333
2 0.0280698 0.541582 0.0561396 0.0463883 0.0231579
4 0.269568 0.194566 0.380072 0.200361 0.0223706
0 0.775306 0.650388 0.449388 0.146955 0.0219683
0 0.516248 0.778502 0.967504 0.441547 0.0218953
0 0.226823 0.787229 0.453647 0.375524 0.0205087
4 0.287909 0.184781 0.327561 0.112538 0.0196773
2 0.229422 0.348251 0.0594258 0.0413301 0.0170373
2 0.0721678 0.184729 0.0730835 0.19749 0.0169598
4 0.263155 0.517873 0.168304 0.0773328 0.0162324
3 0.742881 0.743733 0.514238 0.328251 0.0162173
4 0.287925 0.200974 0.239746 0.0727602 0.016126
0 0.217016 0.764397 0.326926 0.210233 0.0151511
2 0.422803 0.195963 0.0588386 0.21292 0.0134259
2 0.224823 0.750628 0.272878 0.200071 0.0127033
2 0.028495 0.738585 0.0556001 0.0544473 0.0123757
0 0.280489 0.184271 0.408398 0.200424 0.0121817
4 0.252411 0.263468 0.336167 0.233966 0.0116661
5 0.94363 0.656559 0.0228459 0.02178 0.0112477
2 0.0567999 0.137354 0.0416184 0.0980502 0.0109235
2 0.952101 0.937045 0.0957976 0.12591 0.01083
2 0.0883935 0.263095 0.0375646 0.204095 0.0102105
2 0.339612 0.266399 0.0349632 0.0246424 0.0100882
2 0.120775 0.194874 0.037719 0.0481088 0.0100653
