3 0.467469 0.48037 0.934939 0.960739 0.450732
0 0.459306 0.487721 0.918613 0.973041 0.126132
3 0.762037 0.58973 0.475926 0.357376 0.0485061
5 0.650354 0.602276 0.0623237 0.118157 0.0457421
5 0.647704 0.583587 0.0448239 0.0729798 0.0342237
5 0.771393 0.661604 0.063234 0.0728697 0.0296153
5 0.784821 0.668214 0.111124 0.094027 0.0194762
2 0.359696 0.647739 0.222201 0.250331 0.0183541
5 0.209558 0.523392 0.0882477 0.105804 0.018038
3 0.837796 0.550926 0.316904 0.2909 0.0168145
0 0.742605 0.592205 0.51479 0.353727 0.0160365
3 0.239315 0.500576 0.47863 0.413174 0.0140768
2 0.790672 0.672846 0.139788 0.103685 0.012984
0 0.65552 0.597603 0.0881934 0.155093 0.0109091
