4 0.466593 0.492673 0.930457 0.985345 0.133109
2 0.990828 0.119657 0.0167313 0.0603557 0.0812147
0 0.389337 0.5 0.778674 1 0.0702633
2 0.8449 0.4181 0.0276033 0.114344 0.0507022
5 0.965218 0.788477 0.0585221 0.104683 0.0419545
2 0.986638 0.145507 0.0255157 0.116639 0.0391977
2 0.844808 0.396796 0.0239321 0.0730364 0.0275862
0 0.800052 0.521864 0.398602 0.956271 0.0260484
0 0.18263 0.5 0.365259 1 0.0253143
5 0.101738 0.231456 0.0631277 0.121523 0.0226078
2 0.717652 0.196268 0.0173771 0.041443 0.0183736
2 0.916817 0.580951 0.0289192 0.201322 0.0155638
2 0.920187 0.570137 0.0419917 0.273466 0.0148199
0 0.0909948 0.46866 0.18199 0.93732 0.0137284
5 0.717155 0.195441 0.0219722 0.0487147 0.0134872
2 0.98943 0.726216 0.0193946 0.0442565 0.0127025
2 0.730354 0.383873 0.0968608 0.375573 0.0126354
2 0.238755 0.394839 0.128721 0.292209 0.0123903
0 0.921849 0.669457 0.154436 0.661086 0.0111058
0 0.857282 0.314105 0.285435 0.590501 0.0109381
2 0.990882 0.157339 0.0166873 0.0646117 0.0106659
