0 0.501124 0.544914 0.338246 0.267655 0.559532
0 0.135649 0.214691 0.271298 0.291764 0.557168
0 0.366091 0.65995 0.731997 0.48178 0.216662
5 0.61659 0.265636 0.184214 0.144791 0.109458
5 0.944422 0.0401879 0.111156 0.0798721 0.0517806
0 0.793496 0.329893 0.35797 0.350463 0.0347182
1 0.617511 0.26328 0.179286 0.137408 0.033689
5 0.474505 0.0167546 0.0398218 0.0270825 0.0273764
3 0.85636 0.976859 0.287281 0.0462818 0.019887
3 0.850209 0.0665145 0.299582 0.132275 0.0181638
2 0.883174 0.540777 0.0812016 0.0828575 0.0162818
2 0.777907 0.680193 0.1722 0.276421 0.0124317
5 0.820536 0.488166 0.0219028 0.0268597 0.0110046
