5 0.393679 0.368609 0.0585204 0.05471 0.272003
0 0.455553 0.5 0.911106 1 0.235267
5 0.505736 0.341791 0.0480097 0.0475019 0.230329
3 0.950858 0.38185 0.0982844 0.420459 0.0806906
3 0.122935 0.296544 0.245869 0.453788 0.0397155
2 0.578382 0.347548 0.0541271 0.170811 0.0321557
3 0.0907635 0.305863 0.175457 0.247508 0.0266316
0 0.500741 0.822154 0.213903 0.196117 0.0250124
2 0.237291 0.454624 0.246587 0.328504 0.0233128
2 0.391751 0.150425 0.151288 0.171252 0.0230462
3 0.15897 0.378994 0.315456 0.689652 0.0228896
2 0.570799 0.301643 0.0323725 0.0727566 0.0225859
2 0.783909 0.274697 0.1173 0.317977 0.0223018
2 0.394967 0.37148 0.0698862 0.0740405 0.0216437
0 0.438705 0.525746 0.485305 0.364075 0.021376
5 0.508918 0.339503 0.0668482 0.0710237 0.020593
5 0.0897341 0.292309 0.16919 0.214266 0.0182431
5 0.0538442 0.577745 0.107688 0.331158 0.0181368
2 0.308599 0.533345 0.218672 0.40644 0.0161593
5 0.779359 0.436131 0.0592174 0.429544 0.0161163
2 0.50907 0.340977 0.0644866 0.057757 0.0158537
5 0.557703 0.635229 0.0226187 0.0335327 0.0147621
2 0.834066 0.480949 0.0557899 0.191007 0.0124589
2 0.16917 0.170137 0.184563 0.277069 0.0123448
2 0.299265 0.393749 0.0473687 0.152082 0.0120223
2 0.305767 0.409897 0.0647812 0.21383 0.0111264
2 0.549225 0.526215 0.0721653 0.102671 0.010718
2 0.490215 0.539956 0.197055 0.154952 0.01052
5 0.0215835 0.625803 0.0431671 0.194702 0.0101012
