0 0.476134 0.48865 0.935184 0.962259 0.5584
2 0.104067 0.334724 0.208133 0.448879 0.117357
2 0.180029 0.528469 0.205873 0.400508 0.108213
2 0.466624 0.607988 0.210762 0.302408 0.0867542
2 0.210494 0.170327 0.185722 0.275629 0.0736669
5 0.497153 0.555901 0.37005 0.448596 0.0612907
2 0.229222 0.247083 0.120951 0.176076 0.0599007
2 0.364821 0.150452 0.0885124 0.254556 0.0591586
5 0.867553 0.0403737 0.0625422 0.0807474 0.0556821
2 0.369054 0.226564 0.115174 0.406226 0.0531846
2 0.370044 0.227448 0.203935 0.454897 0.0469569
2 0.0685947 0.0854968 0.0933744 0.170994 0.0447561
2 0.0270848 0.623677 0.0539455 0.247186 0.0438097
0 0.278795 0.237399 0.557589 0.457235 0.0433294
2 0.00883147 0.560408 0.017242 0.0533721 0.0394623
2 0.0604411 0.954441 0.05281 0.0911171 0.0393213
2 0.0803972 0.219743 0.160794 0.439486 0.0330008
2 0.0585703 0.153459 0.117141 0.306918 0.0302722
2 0.175003 0.506357 0.292044 0.543091 0.0296807
0 0.204219 0.163424 0.173775 0.261337 0.0202033
3 0.874902 0.668022 0.250197 0.663955 0.0161414
2 0.0652428 0.320417 0.129388 0.309778 0.0156355
2 0.131213 0.429658 0.262427 0.511724 0.0154638
2 0.207637 0.337727 0.0290446 0.0549028 0.015349
5 0.312578 0.346375 0.0552257 0.101278 0.0150884
2 0.347011 0.122488 0.0803795 0.241252 0.014567
2 0.0357327 0.669818 0.0714654 0.392669 0.0136503
5 0.43833 0.677789 0.50498 0.551289 0.0125115
5 0.188199 0.519978 0.376399 0.703371 0.011354
4 0.201558 0.148739 0.161434 0.218667 0.0112479
2 0.0555162 0.660189 0.111032 0.434602 0.0103177
