2 0.65072 0.408773 0.0919348 0.105251 0.329312
0 0.525646 0.238943 0.893923 0.477887 0.236983
0 0.514299 0.862058 0.971402 0.273887 0.1643
5 0.554183 0.406956 0.091376 0.106238 0.155431
2 0.405622 0.193777 0.0910832 0.0886757 0.127275
2 0.257873 0.387552 0.0842185 0.10391 0.118216
2 0.451261 0.405231 0.0678684 0.111429 0.11327
2 0.262345 0.957656 0.0579784 0.082497 0.0963011
2 0.421384 0.906528 0.0351355 0.0289483 0.0756631
5 0.421373 0.906382 0.0353775 0.0299285 0.0739916
2 0.76226 0.115543 0.236145 0.231086 0.0666301
5 0.176341 0.894038 0.0289274 0.0277808 0.0613788
0 0.489962 0.0733747 0.363637 0.146147 0.0566288
2 0.715047 0.898289 0.105112 0.203422 0.0516074
2 0.346357 0.396935 0.0719385 0.10586 0.0475198
5 0.25814 0.387035 0.0948399 0.102928 0.0465745
2 0.417888 0.528232 0.0402432 0.0538292 0.0355986
2 0.0641367 0.468264 0.04764 0.174051 0.0335551
2 0.398144 0.96376 0.0582701 0.0724798 0.0327613
2 0.713406 0.884564 0.0650477 0.167393 0.0308695
2 0.740017 0.416434 0.0851666 0.113351 0.0306762
2 0.375134 0.583409 0.228273 0.151528 0.0287955
2 0.242107 0.955912 0.0884592 0.0881757 0.0281144
2 0.106862 0.788744 0.213724 0.208805 0.0277819
5 0.665743 0.283944 0.0811391 0.0812519 0.0262155
4 0.677632 0.884574 0.644736 0.229848 0.0235103
5 0.693411 0.928072 0.0277327 0.0270695 0.0234913
2 0.571909 0.0178811 0.0969883 0.035242 0.0234683
0 0.427246 0.838153 0.650511 0.232434 0.0218736
2 0.341289 0.282024 0.0854457 0.0879617 0.0218709
2 0.581276 0.780461 0.0306989 0.0223095 0.0195274
2 0.23871 0.274678 0.0715059 0.0889673 0.0192264
2 0.0817607 0.612158 0.0489279 0.0660334 0.0172065
0 0.697258 0.904027 0.605485 0.191945 0.0170808
0 0.0889639 0.487218 0.177928 0.528196 0.0164473
2 0.66986 0.972206 0.0728212 0.0555877 0.0150585
5 0.703571 0.747894 0.0389105 0.0326968 0.014669
2 0.739391 0.889422 0.168531 0.221156 0.0145453
2 0.678011 0.406967 0.0481297 0.09757 0.0145114
2 0.453007 0.645002 0.0309921 0.0281256 0.0144193
2 0.334473 0.0511839 0.031426 0.0933963 0.0142268
5 0.412787 0.528395 0.0523891 0.0606804 0.01351
2 0.438354 0.408372 0.118931 0.12435 0.0133366
5 0.453483 0.644307 0.03013 0.027242 0.0130024
5 0.345986 0.593542 0.164022 0.130146 0.012856
2 0.859067 0.982944 0.0257107 0.0202898 0.0121562
2 0.00854625 0.623863 0.0170925 0.0419404 0.0120688
4 0.374965 0.0870683 0.253562 0.174137 0.0119803
2 0.966705 0.625163 0.0665895 0.23865 0.0106523
5 0.682027 0.97053 0.0667963 0.0589394 0.0103334
2 0.337256 0.0291928 0.0405237 0.0566764 0.0102224
