2 0.856631 0.436653 0.101238 0.106671 0.363664
2 0.864051 0.242786 0.130425 0.106444 0.291365
2 0.979701 0.456348 0.0405985 0.057514 0.214922
2 0.629606 0.594173 0.190977 0.295048 0.123249
2 0.0422441 0.58666 0.0844881 0.0498433 0.111056
2 0.0494673 0.963416 0.0989345 0.071236 0.0773394
0 0.178764 0.817316 0.357527 0.364857 0.0757629
2 0.753052 0.228309 0.0863015 0.2242 0.0584866
2 0.986792 0.529149 0.0264163 0.026024 0.0470526
5 0.368099 0.361903 0.101687 0.313934 0.0415487
2 0.370229 0.362719 0.101132 0.275344 0.03625
2 0.133387 0.752215 0.266775 0.20453 0.0317097
5 0.375624 0.452583 0.0706521 0.323717 0.0168875
0 0.5 0.547455 1 0.823757 0.015825
2 0.971159 0.578835 0.0576822 0.1273 0.0156238
5 0.051737 0.960563 0.103474 0.0759576 0.0145295
2 0.616265 0.599141 0.130532 0.219273 0.0141528
4 0.854447 0.738225 0.246694 0.261617 0.0132999
2 0.766313 0.194706 0.0677183 0.148978 0.0120202
2 0.395935 0.360457 0.185717 0.328648 0.0117421
2 0.6451 0.155634 0.265663 0.0542863 0.0115194
