3 0.510218 0.483393 0.817399 0.945481 0.754414
5 0.874577 0.467467 0.0246237 0.0350085 0.0981953
2 0.874653 0.466451 0.0272899 0.0389589 0.0915589
2 0.258623 0.184607 0.106155 0.101132 0.0767764
2 0.241338 0.196049 0.0678307 0.0688128 0.0602986
2 0.3762 0.165351 0.385249 0.292217 0.0300108
2 0.176303 0.273859 0.0353289 0.0675933 0.0275659
3 0.420638 0.170593 0.162229 0.216483 0.0223352
5 0.325164 0.846221 0.164145 0.086165 0.0213923
2 0.417891 0.200158 0.249742 0.302402 0.0173303
3 0.471569 0.537907 0.407489 0.529402 0.0144838
3 0.284577 0.488987 0.479441 0.910509 0.0141851
3 0.285336 0.784773 0.40272 0.286269 0.0114469
2 0.415044 0.165399 0.162076 0.178864 0.0113975
2 0.830065 0.357329 0.0276744 0.0342275 0.0108131
2 0.435776 0.202729 0.15129 0.265684 0.010095
