2 0.369231 0.880965 0.0765683 0.111549 0.784623
2 0.2392 0.45431 0.0597069 0.0888451 0.780671
2 0.546991 0.617719 0.10322 0.128618 0.779149
2 0.525146 0.425247 0.0767617 0.130188 0.762607
2 0.596949 0.30036 0.106767 0.117927 0.738317
2 0.347454 0.239032 0.0842039 0.102847 0.729975
2 0.927129 0.612299 0.10074 0.122533 0.712698
2 0.831788 0.218593 0.0552048 0.0988125 0.706959
2 0.128539 0.444482 0.0523684 0.0844632 0.690457
2 0.170466 0.381366 0.0711607 0.127456 0.69004
2 0.504991 0.250101 0.0497064 0.0661822 0.682087
2 0.213979 0.804524 0.0528373 0.0748648 0.664849
2 0.736137 0.163538 0.050957 0.0646315 0.657053
2 0.384154 0.424683 0.109328 0.110787 0.652471
2 0.740541 0.31292 0.0833435 0.0952345 0.636525
2 0.596365 0.390827 0.0533176 0.0678446 0.632077
2 0.779097 0.100535 0.0589935 0.0945994 0.619632
2 0.310522 0.928112 0.0402091 0.0536953 0.562704
2 0.430425 0.186922 0.044815 0.05483 0.558396
2 0.423778 0.567164 0.0302415 0.0514607 0.475565
2 0.622848 0.453155 0.0321587 0.0447441 0.453298
2 0.527373 0.0853895 0.0240103 0.0357239 0.395042
2 0.772514 0.737513 0.070714 0.121473 0.32354
2 0.803849 0.768729 0.0928897 0.0657054 0.267533
2 0.211474 0.861823 0.046098 0.0423501 0.187235
2 0.823274 0.769062 0.0489281 0.057945 0.163326
2 0.872382 0.194781 0.0423568 0.0695115 0.142938
2 0.855629 0.603453 0.0443043 0.0572895 0.0931955
2 0.847567 0.198871 0.0903409 0.0793781 0.0380359
2 0.413255 0.426254 0.0486753 0.0902819 0.0289589
2 0.425879 0.570543 0.0463922 0.0688485 0.015023
2 0.907393 0.636662 0.0774233 0.0726664 0.0116772
2 0.880471 0.623366 0.0989383 0.110272 0.0102899
