0 0.486497 0.384607 0.972994 0.769214 0.902093
5 0.779084 0.673793 0.0749609 0.118405 0.247467
5 0.319332 0.169223 0.0523964 0.0884463 0.187569
2 0.268948 0.147628 0.0325346 0.0387351 0.0864378
2 0.866059 0.338638 0.0427889 0.0694458 0.0849745
2 0.684226 0.325239 0.054421 0.0667899 0.0807386
5 0.571762 0.210217 0.0341234 0.0665387 0.0593867
2 0.150773 0.104785 0.220273 0.0534707 0.0588741
5 0.838758 0.113637 0.0391742 0.0588655 0.0423559
2 0.242789 0.0988645 0.158269 0.0494669 0.0415388
5 0.268753 0.147216 0.0355358 0.0429147 0.038478
2 0.772326 0.189174 0.0336797 0.0507137 0.0378296
5 0.39125 0.146657 0.0337576 0.0564153 0.0301053
2 0.390964 0.146303 0.0346977 0.0576612 0.0269209
2 0.210648 0.109646 0.0272787 0.041756 0.0263151
2 0.137178 0.0850887 0.178351 0.101654 0.0256937
5 0.772261 0.188674 0.0334458 0.0519503 0.0215459
2 0.0809887 0.0799329 0.0483766 0.104452 0.0163227
2 0.57884 0.673102 0.0272809 0.0368289 0.0153524
2 0.724104 0.53349 0.0222939 0.0336021 0.0149616
2 0.882626 0.462176 0.0185176 0.0295488 0.0139498
2 0.989138 0.518231 0.0209234 0.0369499 0.0117915
4 0.214662 0.0890472 0.33307 0.169118 0.0105882
2 0.565726 0.292916 0.019042 0.0256784 0.010352
