3 0.520628 0.492711 0.786486 0.935698 0.78393
5 0.432206 0.600423 0.0304034 0.0456437 0.206098
5 0.205728 0.941608 0.0586125 0.0506405 0.187392
2 0.312266 0.839612 0.0514257 0.0537096 0.116838
2 0.570855 0.862016 0.0319775 0.0649561 0.0758052
1 0.171215 0.628598 0.136197 0.456604 0.0494268
3 0.378123 0.571532 0.309601 0.468144 0.0427778
1 0.159092 0.731279 0.111664 0.244844 0.0396577
2 0.634468 0.0983089 0.0172493 0.0242161 0.0295432
2 0.719679 0.56857 0.0192084 0.0343708 0.0279548
1 0.864325 0.453495 0.078375 0.514794 0.0195291
1 0.21757 0.750463 0.222317 0.21952 0.0114818
0 0.637304 0.0464256 0.206622 0.0564975 0.0104012
