0 0.485527 0.502231 0.649902 0.916055 0.289408
5 0.123395 0.40552 0.0194356 0.0303694 0.274393
5 0.164031 0.350355 0.0255931 0.0379985 0.269475
3 0.490193 0.503836 0.651228 0.910167 0.20676
5 0.2031 0.264046 0.0185609 0.027142 0.188902
5 0.316405 0.820832 0.027856 0.0509895 0.136316
5 0.639392 0.574211 0.0308328 0.0652547 0.134473
2 0.316331 0.821253 0.0281096 0.0509488 0.106502
5 0.236538 0.219696 0.0200382 0.0314183 0.0928571
5 0.146 0.396542 0.0173353 0.0280881 0.0731529
5 0.123495 0.402147 0.0295886 0.0400928 0.0619679
5 0.133091 0.401076 0.0302641 0.0358768 0.0537626
5 0.636824 0.58154 0.0483171 0.0887588 0.0312655
5 0.0682539 0.289008 0.0233326 0.0307529 0.0270786
5 0.205217 0.263089 0.0291345 0.0368264 0.0240887
2 0.312923 0.824807 0.0430036 0.067843 0.0174005
5 0.116825 0.458332 0.0153863 0.0221109 0.0144107
3 0.490861 0.522898 0.32327 0.528709 0.0139467
5 0.318768 0.821739 0.0446456 0.0664394 0.0127182
