4 0.50089 0.372106 0.586033 0.711486 0.805811
2 0.490693 0.291787 0.0599181 0.0429987 0.287441
2 0.615424 0.255975 0.0296812 0.0463879 0.282104
2 0.262288 0.537638 0.0441781 0.0521473 0.273718
2 0.6604 0.495858 0.0382232 0.0533433 0.231251
2 0.559585 0.588019 0.0424193 0.0629616 0.220653
2 0.505873 0.654014 0.0409852 0.0397135 0.213154
2 0.500881 0.352636 0.075744 0.0690143 0.196476
2 0.396538 0.510929 0.049395 0.0644088 0.193025
2 0.584678 0.0982828 0.0456376 0.0264113 0.165867
2 0.491851 0.183423 0.0243637 0.0390689 0.158685
2 0.468206 0.625197 0.0332131 0.0425734 0.15649
2 0.298056 0.448642 0.044425 0.0626126 0.155704
2 0.675881 0.37221 0.0376326 0.0584661 0.150479
