4 0.446434 0.349044 0.503009 0.590275 0.915568
2 0.677138 0.374703 0.0301484 0.0570467 0.0926121
2 0.377692 0.310274 0.0226096 0.0234912 0.0689124
2 0.412859 0.410168 0.0209674 0.0290311 0.0667791
2 0.558599 0.299414 0.0275698 0.0278102 0.0584054
2 0.662491 0.485992 0.0224322 0.0265748 0.0514647
2 0.649139 0.484282 0.0176043 0.0236628 0.050036
2 0.297207 0.531205 0.074493 0.0610661 0.0463664
2 0.663647 0.454901 0.0245701 0.0215273 0.045398
2 0.258206 0.471465 0.0406153 0.0360433 0.035117
2 0.649815 0.529298 0.0179821 0.0221714 0.0262833
2 0.353216 0.555041 0.0299303 0.0322505 0.0254087
2 0.323121 0.552045 0.0204014 0.0256133 0.0234364
2 0.406356 0.411133 0.0366259 0.033506 0.0228286
2 0.270835 0.487648 0.0267013 0.0231922 0.0194021
2 0.373801 0.0740944 0.031847 0.0313279 0.0191538
2 0.592467 0.202735 0.033322 0.0845716 0.0183756
2 0.601465 0.252042 0.0966172 0.252461 0.018201
2 0.246957 0.273817 0.0548527 0.139282 0.0180988
2 0.671516 0.382778 0.0298184 0.0389636 0.0163251
2 0.250218 0.458239 0.0248245 0.0238632 0.0149133
2 0.359125 0.545349 0.0429894 0.0529791 0.0146665
2 0.232667 0.437169 0.0162658 0.0208611 0.0142937
2 0.655748 0.344677 0.0180166 0.0256801 0.01396
2 0.560795 0.293006 0.0354809 0.045321 0.0131476
2 0.252389 0.322343 0.0393882 0.0420796 0.0127346
2 0.278794 0.406488 0.11232 0.158366 0.0125574
2 0.655989 0.426524 0.0361627 0.0499229 0.0124363
2 0.372041 0.0861952 0.0367789 0.0564939 0.0121682
2 0.460867 0.305513 0.0341142 0.0442991 0.0115881
2 0.481103 0.608108 0.0361849 0.0252984 0.0111946
2 0.63774 0.468975 0.0303313 0.037418 0.0107878
2 0.49046 0.100445 0.0299765 0.0757781 0.0106779
2 0.545586 0.137183 0.0373162 0.033597 0.0102491
