0 0.465231 0.461672 0.486636 0.517064 0.351507
5 0.589877 0.453217 0.032435 0.0389413 0.297685
2 0.450931 0.26677 0.0531953 0.0511362 0.29625
5 0.549093 0.31538 0.0319787 0.0425347 0.244659
5 0.450859 0.266557 0.052937 0.0520058 0.202594
5 0.409151 0.347285 0.0243787 0.0286808 0.193365
5 0.554167 0.277378 0.0309148 0.0318782 0.185171
2 0.645043 0.350349 0.11993 0.17137 0.135263
5 0.347109 0.508144 0.0222455 0.0229309 0.12336
5 0.552448 0.290785 0.0375255 0.0600678 0.120667
5 0.460792 0.705253 0.0234937 0.0224013 0.102043
5 0.341667 0.474199 0.0295706 0.0360108 0.100527
5 0.627297 0.509498 0.09198 0.0771835 0.0907859
5 0.646005 0.441465 0.0488054 0.0370158 0.0876937
2 0.646001 0.439934 0.0465889 0.0337474 0.0842787
5 0.381149 0.341683 0.0235239 0.0272311 0.0819453
5 0.416665 0.549933 0.0197004 0.0255388 0.0793843
5 0.397501 0.495737 0.0250037 0.0281814 0.0707269
5 0.37284 0.411733 0.020227 0.0249096 0.0630392
5 0.642224 0.517364 0.0623466 0.0522744 0.0626626
2 0.626198 0.521506 0.095505 0.114965 0.0581911
5 0.343889 0.491864 0.033781 0.055912 0.0437507
5 0.55266 0.309339 0.0534951 0.065985 0.0388883
2 0.667198 0.3292 0.0181387 0.0248247 0.0305163
5 0.501458 0.66031 0.170421 0.0609142 0.0256069
0 0.626843 0.529633 0.0978942 0.147435 0.0224638
5 0.375273 0.413255 0.0301734 0.0340743 0.022359
5 0.410658 0.3468 0.0388759 0.0380647 0.0217243
5 0.390094 0.612706 0.0272164 0.0282619 0.0211456
5 0.382985 0.42485 0.0179888 0.0187005 0.0197276
5 0.389503 0.34421 0.0355112 0.0427213 0.0195894
5 0.347554 0.507594 0.0333735 0.0342441 0.0188852
3 0.444645 0.372358 0.0744573 0.134477 0.0187564
0 0.469814 0.503281 0.323357 0.261994 0.0181837
5 0.667598 0.329628 0.0257224 0.0309982 0.0172889
0 0.644861 0.381006 0.129203 0.23803 0.0167642
2 0.640001 0.28535 0.0692591 0.0378257 0.0163019
4 0.63518 0.326702 0.0906228 0.126378 0.0156782
2 0.594223 0.595108 0.0300789 0.0409231 0.0149401
5 0.269337 0.312021 0.0242933 0.0283568 0.0140059
5 0.279413 0.518343 0.0192497 0.0235953 0.0136986
2 0.505339 0.49423 0.093038 0.131024 0.0131556
5 0.412253 0.548663 0.0374314 0.0374262 0.0126296
2 0.518122 0.238306 0.180231 0.0261299 0.012604
2 0.482341 0.249445 0.0655744 0.0325506 0.0123684
5 0.467149 0.645056 0.02311 0.0250808 0.0118411
5 0.395498 0.617738 0.0256793 0.0312932 0.0116847
5 0.460997 0.703472 0.0349495 0.0348886 0.0114319
0 0.434532 0.363043 0.110905 0.150455 0.0104111
2 0.635188 0.319473 0.0881137 0.105239 0.0100627
