3 0.503569 0.623211 0.414591 0.474686 0.77971
1 0.539505 0.388505 0.319221 0.113789 0.404255
5 0.602167 0.347978 0.0203317 0.023788 0.298943
5 0.614111 0.323489 0.0209191 0.0243032 0.254603
1 0.34004 0.620328 0.0810058 0.426363 0.238122
5 0.251245 0.832193 0.105924 0.0455937 0.0529291
5 0.613723 0.322546 0.030775 0.0345538 0.0507139
5 0.649781 0.250933 0.0372463 0.0424513 0.0427129
1 0.50428 0.859212 0.282656 0.0460273 0.0319418
1 0.492689 0.376008 0.200062 0.0919955 0.0225499
5 0.638368 0.333366 0.0195459 0.0228581 0.0225304
5 0.616741 0.35648 0.0291969 0.0252082 0.0198839
3 0.449117 0.632252 0.156461 0.369396 0.0198598
3 0.531451 0.538545 0.305743 0.196865 0.012198
5 0.60007 0.348685 0.033715 0.0291112 0.0113192
5 0.344756 0.227418 0.0269886 0.0261405 0.0111207
