0 0.412917 0.399146 0.640455 0.789964 0.88119
5 0.516307 0.485958 0.139355 0.180787 0.645974
3 0.516665 0.491474 0.137754 0.186316 0.52867
2 0.516365 0.489822 0.133753 0.188235 0.119156
5 0.324986 0.601145 0.024005 0.0283902 0.0344875
5 0.282764 0.481984 0.027233 0.0339273 0.0310113
5 0.311851 0.582637 0.020807 0.0269696 0.0268152
5 0.193206 0.253145 0.0328513 0.0444454 0.0264701
5 0.316193 0.588281 0.0286228 0.0418614 0.0200899
1 0.16441 0.519763 0.146674 0.487312 0.014203
5 0.321768 0.597582 0.0385252 0.0413264 0.0134731
2 0.0446826 0.0111442 0.0490141 0.0222884 0.0106989
