3 0.562608 0.476072 0.49008 0.461368 0.912489
5 0.546065 0.579435 0.0692255 0.113707 0.145099
2 0.317342 0.106548 0.048804 0.0776188 0.135704
2 0.515366 0.27201 0.0353964 0.0524128 0.10562
5 0.729307 0.405311 0.0181461 0.0218003 0.0902188
2 0.545459 0.580592 0.0670727 0.114958 0.0579333
5 0.513483 0.272718 0.0374989 0.0503413 0.0572876
2 0.424672 0.648066 0.0207748 0.0214667 0.0257512
5 0.805518 0.234908 0.0291304 0.0344233 0.0232816
2 0.675024 0.548992 0.0230814 0.0365666 0.0178437
5 0.452773 0.425936 0.0204062 0.0252467 0.0121693
5 0.175087 0.492838 0.0216253 0.0218225 0.0113575
