0 0.657809 0.382752 0.436068 0.736397 0.601128
5 0.509382 0.664643 0.0340398 0.0383391 0.0983999
2 0.613135 0.127519 0.0268444 0.0348083 0.0932528
5 0.581597 0.663485 0.0329052 0.039702 0.0921333
2 0.640873 0.269603 0.254483 0.384154 0.0592615
2 0.59649 0.258018 0.0713634 0.223476 0.0488516
2 0.849329 0.279467 0.0563363 0.102423 0.0470891
2 0.612224 0.534004 0.058966 0.0655835 0.020627
5 0.613108 0.577517 0.0266768 0.0326375 0.0183892
5 0.531678 0.362725 0.171193 0.438947 0.0166982
2 0.646668 0.250913 0.0542018 0.248197 0.0162023
5 0.494535 0.488614 0.0220058 0.027349 0.0134596
5 0.54449 0.671236 0.0275108 0.0322561 0.0109598
5 0.516075 0.66544 0.0540604 0.049684 0.0106341
5 0.500888 0.549133 0.0290975 0.033471 0.0105151
