2 0.315874 0.852992 0.0914531 0.0947988 0.756508
2 0.36384 0.489747 0.0735653 0.0949725 0.714074
2 0.549322 0.531237 0.080033 0.109052 0.62476
2 0.615956 0.394259 0.0636512 0.0740075 0.49758
2 0.189808 0.698127 0.0476249 0.0668447 0.424859
5 0.362683 0.48983 0.0753022 0.0955709 0.401337
0 0.431248 0.511065 0.598953 0.875619 0.350196
5 0.398715 0.191762 0.076962 0.109634 0.343747
5 0.606536 0.341618 0.0555178 0.0503406 0.311101
5 0.616134 0.395622 0.0694564 0.0786615 0.268457
5 0.402129 0.162811 0.0639036 0.0540554 0.238389
2 0.607117 0.342279 0.0519815 0.0478314 0.182991
5 0.546338 0.525705 0.0748749 0.107739 0.0713214
5 0.191742 0.697979 0.067282 0.0793626 0.020355
5 0.419431 0.0688749 0.0332609 0.0425016 0.0108671
3 0.412225 0.42186 0.374467 0.391443 0.0104894
