3 0.535861 0.559591 0.539803 0.680734 0.877451
5 0.365253 0.421053 0.0208542 0.0295015 0.136932
5 0.467885 0.54218 0.0183958 0.0229 0.0625854
5 0.288845 0.654122 0.0309511 0.0536774 0.0335981
2 0.710534 0.635009 0.0319411 0.0268637 0.0320065
5 0.365721 0.423057 0.0314193 0.040347 0.0280217
3 0.62584 0.640103 0.337974 0.324777 0.0246718
2 0.542931 0.537439 0.0202623 0.0253754 0.023117
5 0.280401 0.565102 0.0485689 0.124915 0.0223782
5 0.561307 0.812796 0.0183132 0.0202028 0.0209182
3 0.552366 0.343724 0.364693 0.176195 0.0180844
5 0.593809 0.115 0.0810054 0.132042 0.0149039
3 0.547684 0.409407 0.424058 0.295506 0.014122
5 0.707715 0.635104 0.0420149 0.0389354 0.0111842
5 0.467497 0.542022 0.0301916 0.0303131 0.0110193
2 0.701047 0.631251 0.0293718 0.034159 0.0110118
3 0.585099 0.507604 0.39875 0.416797 0.0108058
