2 0.433871 0.529515 0.071877 0.0725638 0.529697
2 0.569112 0.408384 0.104852 0.10264 0.400649
2 0.481544 0.457221 0.0556741 0.049945 0.360471
5 0.480804 0.456531 0.0592972 0.052438 0.289627
5 0.63207 0.566759 0.0287719 0.0321653 0.233422
5 0.626165 0.632343 0.0425714 0.0411513 0.185253
5 0.571085 0.40822 0.103058 0.100298 0.179927
3 0.542481 0.514974 0.396307 0.455003 0.154875
5 0.488042 0.666581 0.030345 0.0309129 0.137429
5 0.457449 0.641924 0.0424293 0.0447337 0.111291
2 0.457838 0.640657 0.0419391 0.0498004 0.0845729
2 0.47322 0.610913 0.0307991 0.0266628 0.0761776
5 0.478054 0.66424 0.0544416 0.0392561 0.064636
2 0.464946 0.616296 0.0518678 0.0415029 0.0583476
2 0.538209 0.682235 0.0362298 0.030016 0.0522558
3 0.584312 0.518698 0.281047 0.217217 0.0509446
3 0.565947 0.0545335 0.533052 0.109067 0.0375413
5 0.638524 0.533855 0.0187143 0.0210402 0.0363697
5 0.460458 0.635647 0.0577272 0.0701186 0.0347622
5 0.434895 0.530528 0.0787494 0.0815191 0.0340289
2 0.53712 0.674945 0.0476975 0.0488014 0.0233753
3 0.620345 0.0306736 0.52942 0.0600576 0.0205863
5 0.626275 0.601335 0.0358421 0.0231373 0.0200735
5 0.634097 0.546394 0.0310061 0.033039 0.0171839
5 0.0070092 0.00719592 0.0140184 0.0143918 0.0155358
2 0.518929 0.608523 0.248354 0.234129 0.0140018
2 0.656155 0.481657 0.0203699 0.0240256 0.0139783
2 0.532783 0.642736 0.0798729 0.111719 0.0136089
5 0.635766 0.568397 0.0492525 0.0457031 0.010212
5 0.615628 0.625189 0.0449009 0.0338725 0.0100538
