5 0.660518 0.481487 0.0702766 0.0794687 0.573293
5 0.409572 0.429785 0.0281197 0.0281044 0.315455
5 0.517672 0.31219 0.0267205 0.0300139 0.300837
5 0.599792 0.629815 0.022607 0.0248471 0.299991
5 0.613228 0.577358 0.0213269 0.0223499 0.256059
5 0.396203 0.525413 0.0215739 0.0263726 0.218831
5 0.631864 0.544307 0.0223712 0.0247911 0.186686
5 0.610272 0.43949 0.0204899 0.0234377 0.178578
5 0.560009 0.329898 0.0234608 0.0277861 0.171559
5 0.625545 0.600048 0.020146 0.0203072 0.154217
3 0.534522 0.497358 0.387716 0.451298 0.151063
0 0.534441 0.50041 0.396532 0.458068 0.113224
5 0.569791 0.495613 0.0198642 0.0230014 0.113162
5 0.569875 0.596523 0.0334445 0.0380468 0.105802
2 0.491762 0.3985 0.0975199 0.119999 0.100045
5 0.542325 0.687619 0.0409159 0.0433685 0.0826136
5 0.560984 0.376061 0.018323 0.0200699 0.0614745
5 0.520556 0.610931 0.141147 0.111293 0.045141
5 0.611803 0.561739 0.0235309 0.0193138 0.0376745
5 0.49263 0.41065 0.10136 0.149028 0.0315922
5 0.406219 0.42971 0.0442559 0.039087 0.0313625
5 0.560413 0.331589 0.0384552 0.0412918 0.0294703
5 0.60898 0.44019 0.030376 0.033905 0.023046
5 0.39516 0.528053 0.034149 0.0416051 0.0229015
5 0.621961 0.590264 0.0315453 0.0402117 0.0221254
3 0.524825 0.460566 0.276185 0.253209 0.0185286
5 0.571677 0.495191 0.0319233 0.0317248 0.0147406
5 0.611929 0.578036 0.0338494 0.0293541 0.0146958
5 0.634803 0.543387 0.0388806 0.0331423 0.0145161
5 0.559497 0.37331 0.0274985 0.0298823 0.0140446
3 0.53631 0.0491655 0.555255 0.0983309 0.0131517
5 0.932082 0.460182 0.0427784 0.063994 0.0127055
5 0.623602 0.571309 0.0414005 0.0236391 0.0116684
2 0.486618 0.44949 0.121749 0.227885 0.0109974
