2 0.58095 0.553122 0.0825416 0.0842304 0.325486
2 0.615203 0.551393 0.0328455 0.0852491 0.322097
2 0.589767 0.470404 0.0569807 0.0950523 0.19258
0 0.586321 0.507572 0.113878 0.190419 0.17292
2 0.60188 0.549377 0.0603154 0.0898231 0.17093
2 0.662431 0.721709 0.0378312 0.0566133 0.157698
1 0.655789 0.55324 0.516358 0.615712 0.138519
5 0.596578 0.461806 0.0536682 0.0512366 0.123975
2 0.558813 0.552234 0.0426974 0.0774352 0.110342
5 0.590774 0.470674 0.0615451 0.0951804 0.105697
5 0.663745 0.722275 0.040261 0.0605077 0.0972805
1 0.461592 0.507309 0.140552 0.542564 0.0833802
1 0.621497 0.328876 0.414277 0.174216 0.0698728
5 0.691871 0.724027 0.026841 0.0404627 0.0166949
5 0.747648 0.547619 0.0283191 0.0383524 0.015816
1 0.744883 0.528187 0.246349 0.478138 0.0152438
5 0.6492 0.821916 0.0207985 0.0222177 0.0150873
0 0.59501 0.484244 0.0780841 0.13136 0.0101948
