0 0.50609 0.518913 0.389346 0.441867 0.286029
5 0.504058 0.705631 0.0637321 0.0726726 0.104185
5 0.621824 0.506109 0.0359559 0.0411971 0.0811434
5 0.455115 0.687886 0.0363225 0.0403858 0.0747318
2 0.50587 0.705924 0.0578002 0.0710657 0.0729795
5 0.444484 0.611563 0.0348468 0.0440741 0.0603074
3 0.525117 0.502086 0.313075 0.364109 0.0471161
5 0.428811 0.498942 0.0318073 0.0367554 0.045689
2 0.38517 0.603281 0.0671818 0.0866379 0.0379339
5 0.619784 0.583145 0.0348583 0.042149 0.0358819
5 0.387414 0.600864 0.0649265 0.0835326 0.0283676
5 0.426232 0.420265 0.0302263 0.0339869 0.0242941
5 0.409488 0.388133 0.0284268 0.0334366 0.0202292
2 0.620242 0.449742 0.0875512 0.162108 0.0193283
2 0.618305 0.417933 0.0584694 0.0916077 0.0150247
5 0.557076 0.629852 0.0297816 0.0363488 0.0114279
