1 0.374169 0.56942 0.421805 0.652912 0.56797
0 0.586542 0.553893 0.109153 0.6203 0.250585
0 0.546058 0.492365 0.175344 0.51234 0.142585
0 0.550737 0.372823 0.157789 0.273321 0.141865
5 0.318995 0.58568 0.0240605 0.0297174 0.104537
1 0.478658 0.557593 0.171873 0.622337 0.0815552
5 0.223129 0.503659 0.0247116 0.0272747 0.0776194
5 0.295557 0.725971 0.0208373 0.025958 0.0615364
1 0.342845 0.37605 0.355553 0.267205 0.0437957
5 0.319551 0.584467 0.0346472 0.0413218 0.0352889
5 0.352839 0.584993 0.0273783 0.0325352 0.0309935
5 0.265194 0.820857 0.0268036 0.0315973 0.0225191
5 0.224033 0.505027 0.0388336 0.039496 0.0224947
1 0.39586 0.459887 0.320215 0.418034 0.0143173
5 0.294774 0.726671 0.0312698 0.0359929 0.0139041
4 0.574502 0.382275 0.101973 0.224739 0.012715
