2 0.580173 0.411033 0.0887632 0.101544 0.407787
5 0.580421 0.413449 0.0916766 0.101711 0.30102
2 0.538971 0.604831 0.213625 0.203778 0.181325
5 0.432222 0.530128 0.0664157 0.0796627 0.171724
3 0.542502 0.495659 0.402956 0.484367 0.16337
2 0.487646 0.665747 0.0294125 0.0355028 0.119286
2 0.430915 0.529264 0.0640697 0.0774198 0.114318
5 0.481657 0.455429 0.0558456 0.057713 0.108307
4 0.538906 0.622574 0.400423 0.247997 0.0903712
5 0.63146 0.568746 0.0294759 0.0346031 0.0736356
5 0.488632 0.66537 0.0255151 0.0313114 0.0732998
2 0.483638 0.455886 0.0555366 0.0548112 0.0691244
5 0.625053 0.629669 0.0426695 0.0459522 0.0649941
2 0.473834 0.609136 0.0334566 0.0339958 0.0433096
0 0.518406 0.613119 0.353347 0.248806 0.038664
2 0.538371 0.682623 0.0375846 0.0353411 0.034612
2 0.459757 0.639598 0.0428935 0.04806 0.0313838
5 0.459074 0.63957 0.0476755 0.0532644 0.0229907
5 0.558356 0.605956 0.23952 0.193426 0.0193553
5 0.474442 0.60984 0.0286851 0.0297879 0.0135297
