2 0.417699 0.0775025 0.065338 0.0723151 0.707841
2 0.578404 0.679063 0.070969 0.0847925 0.654894
2 0.668916 0.730929 0.0766652 0.0701625 0.636468
4 0.484912 0.455256 0.802484 0.910512 0.537772
2 0.291265 0.342293 0.118904 0.0751491 0.529923
2 0.578453 0.330126 0.0540398 0.0697002 0.458504
2 0.744723 0.437417 0.0618405 0.0771161 0.455858
2 0.371723 0.407819 0.0824798 0.105969 0.42631
2 0.725098 0.43596 0.102309 0.0771906 0.41241
2 0.309782 0.256786 0.0598401 0.122134 0.405647
2 0.36342 0.271489 0.0744696 0.0712528 0.395797
2 0.714865 0.578937 0.138068 0.155929 0.386772
2 0.695817 0.338665 0.0549611 0.0646662 0.334451
2 0.76186 0.242355 0.04287 0.0538766 0.332427
2 0.365209 0.566936 0.076174 0.123271 0.299426
2 0.447435 0.226717 0.0859983 0.0531282 0.296167
2 0.492602 0.668959 0.0646374 0.0602182 0.283548
2 0.380877 0.573884 0.13273 0.156959 0.276181
2 0.977438 0.680658 0.0451237 0.0774229 0.274198
2 0.645143 0.514742 0.0696174 0.0429854 0.271256
2 0.739199 0.44115 0.0459211 0.0721901 0.270979
2 0.518496 0.269892 0.0722797 0.064458 0.269956
2 0.488271 0.673248 0.0506108 0.0441239 0.260398
2 0.404057 0.263254 0.150572 0.129156 0.251675
