3 0.485009 0.412993 0.470682 0.595961 0.545813
3 0.485088 0.412602 0.470179 0.594905 0.508046
3 0.485445 0.41482 0.468782 0.593799 0.458708
3 0.485485 0.411786 0.467226 0.595101 0.358195
3 0.486721 0.412203 0.465312 0.591599 0.33713
3 0.484739 0.412287 0.46905 0.594869 0.331298
3 0.485189 0.412552 0.468772 0.589786 0.320446
4 0.550506 0.261513 0.0793692 0.0987069 0.306568
4 0.551342 0.261111 0.0789393 0.0980425 0.303437
4 0.549305 0.261265 0.0790294 0.0968196 0.302385
4 0.549828 0.261344 0.0806329 0.0999133 0.299155
3 0.485453 0.412698 0.468349 0.593521 0.297363
4 0.551143 0.260881 0.0781914 0.0968578 0.295876
4 0.549691 0.2614 0.0835473 0.0991985 0.281065
4 0.549829 0.260584 0.0791003 0.0972445 0.26555
3 0.487609 0.413198 0.468729 0.587961 0.264837
5 0.546135 0.39154 0.023609 0.0307213 0.254752
5 0.509772 0.519024 0.0406885 0.0470248 0.248324
5 0.479372 0.314314 0.0217143 0.0287082 0.236517
3 0.485968 0.413698 0.472782 0.591409 0.233867
5 0.47929 0.313749 0.0238529 0.0303231 0.230386
5 0.520629 0.319236 0.0207775 0.0271623 0.229874
5 0.442157 0.287607 0.0212489 0.0267255 0.223771
5 0.546199 0.391677 0.0236626 0.0314769 0.198634
5 0.442079 0.288138 0.0199297 0.0264005 0.191208
4 0.551098 0.261006 0.0786334 0.0971925 0.157124
5 0.510534 0.518293 0.0423694 0.0489417 0.156551
5 0.520629 0.319233 0.0232366 0.0297561 0.146915
5 0.413684 0.284007 0.019392 0.0225263 0.134949
5 0.509853 0.520021 0.037895 0.0466272 0.13225
5 0.509997 0.519404 0.0392297 0.0472179 0.122289
5 0.507831 0.519399 0.0400881 0.0483603 0.121778
5 0.510166 0.51927 0.0416205 0.0493156 0.118836
5 0.509871 0.519063 0.0403268 0.0497414 0.110227
5 0.477646 0.313498 0.027056 0.0334945 0.106768
2 0.31245 0.426531 0.0202394 0.0244111 0.102459
5 0.477662 0.313928 0.0271002 0.032764 0.0952205
5 0.546758 0.390372 0.0297705 0.0364408 0.0891748
5 0.547407 0.392081 0.0289936 0.036863 0.0886239
4 0.549949 0.26383 0.0865768 0.106991 0.0885743
5 0.508488 0.519439 0.0411385 0.0477616 0.0838703
4 0.550551 0.261418 0.0821508 0.100439 0.0796015
5 0.545226 0.391932 0.0303443 0.0361688 0.0791403
5 0.544958 0.391923 0.0295215 0.0356027 0.0755536
5 0.547642 0.391487 0.0283697 0.0359016 0.0683578
5 0.421898 0.416079 0.02232 0.0267936 0.0678577
4 0.552821 0.261102 0.0778353 0.0975355 0.0660324
5 0.492581 0.461437 0.0349046 0.0456193 0.0635192
5 0.491663 0.461707 0.0345345 0.046217 0.0620302
5 0.443674 0.287463 0.0256376 0.0319728 0.0603472
5 0.522189 0.318489 0.0261134 0.0338443 0.0596299
5 0.421158 0.415528 0.0247258 0.0276384 0.0568614
4 0.549964 0.262362 0.0812966 0.105925 0.0520979
5 0.443978 0.28692 0.02544 0.0313775 0.0506859
2 0.31277 0.426279 0.0239035 0.0280225 0.0456789
5 0.384401 0.293656 0.0163754 0.020736 0.0446928
4 0.548466 0.259963 0.0784181 0.0975535 0.0434086
5 0.521226 0.320697 0.0263166 0.0338975 0.0425325
5 0.412391 0.285297 0.022173 0.0277769 0.0402879
5 0.509074 0.519797 0.0425652 0.0494365 0.0380445
5 0.492415 0.461879 0.0331276 0.0444928 0.0374863
5 0.491863 0.461372 0.0369713 0.0467697 0.0371495
5 0.410275 0.284305 0.0252649 0.0278841 0.0362714
5 0.478948 0.312186 0.0276491 0.0366971 0.0353174
4 0.552364 0.260678 0.0770313 0.095919 0.0351104
2 0.31224 0.425555 0.0243051 0.0294979 0.0346547
5 0.547821 0.390656 0.0324402 0.0399064 0.0336112
5 0.492021 0.461695 0.0363982 0.0464684 0.0318462
3 0.477311 0.39099 0.385258 0.444314 0.0313708
3 0.471865 0.384161 0.354334 0.422517 0.0306103
5 0.545561 0.391939 0.0329645 0.0416583 0.0300304
5 0.40115 0.433104 0.0196969 0.0224374 0.0290983
5 0.0238243 0.966326 0.0476486 0.0673472 0.0288485
5 0.522732 0.318981 0.0271345 0.0332019 0.0285753
5 0.492027 0.461483 0.038206 0.0480122 0.0283891
5 0.422355 0.416814 0.0269005 0.0289346 0.0262723
5 0.492832 0.460582 0.0367243 0.0482815 0.0260288
5 0.522897 0.319913 0.0284628 0.0367327 0.0248825
5 0.476966 0.311896 0.0286847 0.0372429 0.0244983
5 0.400865 0.433767 0.0182723 0.0227567 0.0238551
3 0.459236 0.378557 0.294889 0.381797 0.0233657
5 0.42029 0.444428 0.025551 0.0270466 0.0228664
5 0.49289 0.461378 0.0354064 0.0477233 0.0226418
3 0.470142 0.399057 0.353913 0.485032 0.0215831
5 0.419879 0.444594 0.0263348 0.0269207 0.0205351
3 0.475582 0.38392 0.313646 0.405491 0.0198543
5 0.518519 0.31999 0.0296559 0.0326858 0.019344
5 0.0247952 0.965623 0.0495903 0.0687531 0.0189139
2 0.313066 0.425051 0.0258864 0.0313737 0.0186745
5 0.481936 0.314153 0.0274634 0.0362592 0.0185044
5 0.443953 0.286076 0.0269061 0.0363323 0.018327
3 0.474828 0.394109 0.378813 0.483347 0.0182818
3 0.460609 0.398737 0.307464 0.458812 0.0171051
5 0.517955 0.318553 0.0277993 0.0343228 0.0163828
5 0.420386 0.415063 0.0306307 0.032951 0.0161374
5 0.0230292 0.966159 0.0460584 0.0662705 0.0147251
3 0.434699 0.45187 0.245227 0.330284 0.0143717
4 0.550794 0.268528 0.0807518 0.11954 0.0139965
5 0.0227022 0.966318 0.0454044 0.0658322 0.0139552
3 0.478225 0.375409 0.331999 0.38897 0.0138913
3 0.448148 0.369944 0.289099 0.334577 0.0138762
5 0.493021 0.461499 0.0393197 0.0489057 0.0136775
3 0.475486 0.327573 0.264454 0.278135 0.0133758
5 0.48201 0.314863 0.0274129 0.0371223 0.0131828
5 0.387333 0.290839 0.0258028 0.0299443 0.0126903
3 0.484283 0.392886 0.372134 0.4399 0.0123623
3 0.463708 0.399941 0.285961 0.34261 0.0121463
5 0.0224253 0.965693 0.0448506 0.0666153 0.0121199
3 0.459073 0.321517 0.25153 0.257098 0.0120568
3 0.473235 0.426289 0.326778 0.284161 0.0109973
2 0.382717 0.292143 0.0205542 0.0271038 0.0108826
2 0.312482 0.427501 0.0241805 0.031663 0.0106405
5 0.437787 0.288114 0.026257 0.0317265 0.0105184
5 0.546584 0.394584 0.0320104 0.0468886 0.0104485
2 0.313922 0.427896 0.0253471 0.0319887 0.0103133
3 0.475667 0.4005 0.369334 0.377252 0.0101511
5 0.0235593 0.965273 0.0471186 0.0694542 0.0100541
