3 0.487225 0.485079 0.857178 0.936027 0.65405
3 0.506474 0.482899 0.818168 0.93458 0.635595
3 0.489081 0.48514 0.82315 0.935132 0.622982
3 0.497866 0.484497 0.832906 0.936338 0.612943
3 0.51202 0.483903 0.802938 0.939542 0.595415
3 0.49432 0.481998 0.802476 0.928976 0.571016
3 0.508465 0.492475 0.809756 0.931625 0.568597
3 0.505882 0.49509 0.76416 0.912068 0.558569
3 0.483307 0.477507 0.870096 0.912195 0.311776
3 0.513652 0.489891 0.797162 0.941386 0.195727
5 0.874646 0.46659 0.0238166 0.0350239 0.0812176
5 0.875284 0.467741 0.0262258 0.0361109 0.0681973
5 0.875039 0.46645 0.0256243 0.03602 0.0623865
3 0.49853 0.475012 0.84099 0.912413 0.050236
5 0.499715 0.5625 0.442713 0.484212 0.0343259
3 0.452177 0.501958 0.642453 0.886618 0.0317058
3 0.520942 0.287035 0.804372 0.533472 0.031403
5 0.531666 0.567352 0.465942 0.487904 0.0250464
3 0.530352 0.483092 0.773694 0.942821 0.0228404
5 0.876274 0.467338 0.0325729 0.0423023 0.0216098
5 0.519901 0.525618 0.302627 0.435422 0.0205294
5 0.49054 0.545605 0.393432 0.462455 0.0203901
5 0.876822 0.467151 0.0303491 0.0410122 0.0183501
5 0.523186 0.539169 0.369716 0.459313 0.0182271
5 0.145179 0.241962 0.0392474 0.0383954 0.0166179
5 0.143499 0.240551 0.0378536 0.0415167 0.0150104
5 0.87446 0.468313 0.0319471 0.039641 0.0144922
5 0.873816 0.466574 0.0303706 0.0386397 0.0144106
5 0.471802 0.48765 0.371815 0.424191 0.0134323
5 0.87725 0.467939 0.0316427 0.0409961 0.0131402
0 0.215718 0.384101 0.110177 0.360192 0.0127171
5 0.145376 0.241627 0.0347378 0.0390248 0.0120055
0 0.215864 0.402143 0.110202 0.341306 0.0116874
4 0.405892 0.168972 0.441903 0.269855 0.0116814
2 0.176828 0.274814 0.0274244 0.065459 0.0113243
3 0.490996 0.464549 0.828769 0.882986 0.0112292
3 0.398995 0.477699 0.603196 0.905662 0.011064
0 0.229222 0.396271 0.133901 0.321307 0.0108322
0 0.568257 0.563249 0.464083 0.487738 0.0106028
5 0.873953 0.467228 0.0305919 0.0391633 0.0105402
3 0.501761 0.276569 0.8112 0.509278 0.0105077
3 0.502659 0.407639 0.837382 0.770756 0.0101236
2 0.145585 0.242733 0.036674 0.0376474 0.0100474
