5 0.468121 0.388126 0.030366 0.0316351 0.230693
5 0.568959 0.508797 0.0331258 0.0399883 0.223983
5 0.367208 0.589181 0.0585092 0.051293 0.22242
5 0.468193 0.387961 0.0332854 0.0350955 0.208977
5 0.550615 0.478463 0.0258161 0.0306547 0.199033
5 0.366608 0.589145 0.0560386 0.0500348 0.193606
0 0.366783 0.588723 0.0579351 0.0518237 0.187991
0 0.366491 0.588268 0.0569223 0.0514607 0.186326
5 0.366545 0.588188 0.063003 0.0539248 0.18443
5 0.366565 0.58868 0.0568101 0.0493395 0.176952
5 0.569201 0.508423 0.0322913 0.0396934 0.173652
5 0.468974 0.388278 0.0329413 0.0347104 0.166327
5 0.46884 0.387735 0.0345124 0.0364485 0.161057
1 0.48061 0.486966 0.454135 0.450224 0.158461
5 0.367496 0.58955 0.0578325 0.0532498 0.151948
5 0.46807 0.388688 0.0323798 0.0334554 0.150854
5 0.467117 0.387695 0.0344902 0.0349558 0.149989
5 0.366537 0.589592 0.0561032 0.0526595 0.144194
5 0.569253 0.509491 0.0356214 0.0400985 0.142354
5 0.569402 0.507351 0.0314227 0.0392443 0.136703
1 0.480102 0.486421 0.459691 0.447733 0.133092
5 0.568878 0.50949 0.0362552 0.0423546 0.127057
5 0.467372 0.388014 0.0360433 0.0370225 0.121592
5 0.350196 0.525133 0.0309051 0.0373047 0.118797
5 0.550253 0.47707 0.0280842 0.0347633 0.117582
0 0.332904 0.567276 0.147392 0.148807 0.115358
5 0.350677 0.524713 0.0350123 0.0405199 0.115055
3 0.564886 0.514579 0.113812 0.180936 0.114821
5 0.56648 0.50599 0.0350173 0.0394391 0.114192
5 0.467146 0.388438 0.0355823 0.0350797 0.112789
1 0.481458 0.488534 0.457222 0.450706 0.112468
0 0.366355 0.587833 0.0608472 0.0574469 0.112318
1 0.480335 0.487789 0.459188 0.450459 0.107775
0 0.337298 0.569183 0.153148 0.156359 0.100285
5 0.468882 0.388941 0.0340588 0.034724 0.09958
5 0.350469 0.524485 0.0314715 0.037781 0.0992235
1 0.480786 0.486894 0.452639 0.447881 0.0990608
5 0.350954 0.524844 0.0348358 0.0409224 0.0965663
3 0.565214 0.516408 0.122545 0.190256 0.0941746
3 0.56465 0.515154 0.125523 0.185253 0.0936095
5 0.573485 0.645067 0.0284422 0.0372368 0.0891768
5 0.573566 0.645831 0.0275913 0.0366065 0.0882946
0 0.334571 0.565686 0.15653 0.184902 0.086668
0 0.337553 0.571611 0.147394 0.151554 0.0857101
3 0.56626 0.519897 0.146397 0.195069 0.0832805
5 0.366102 0.588909 0.0631157 0.0604942 0.0759626
5 0.350699 0.523525 0.038178 0.044038 0.0758228
3 0.57037 0.515514 0.134254 0.181476 0.0745
1 0.480355 0.485871 0.454007 0.443473 0.0731685
5 0.349358 0.524396 0.0360039 0.0410832 0.0711708
5 0.351787 0.523095 0.0409428 0.0454216 0.0698192
1 0.481982 0.48487 0.449818 0.443626 0.0676594
0 0.334128 0.56918 0.145209 0.148077 0.0670312
5 0.373095 0.424826 0.0239145 0.0304154 0.0641987
5 0.349397 0.52449 0.0357192 0.0422482 0.0637367
5 0.574222 0.64521 0.0306451 0.0397142 0.0630088
5 0.555182 0.478269 0.0389256 0.0386749 0.0624395
5 0.552237 0.475926 0.0342617 0.0389634 0.0621821
3 0.567305 0.51559 0.143268 0.190995 0.0618428
3 0.566351 0.517959 0.149464 0.198944 0.0615362
1 0.479685 0.484593 0.45641 0.442874 0.0607399
5 0.574207 0.645859 0.0308565 0.0400138 0.0586804
5 0.626688 0.455567 0.0214585 0.0260797 0.0570624
5 0.55127 0.475912 0.0319541 0.0376768 0.0560296
0 0.342093 0.565103 0.158287 0.161243 0.055628
3 0.56774 0.517858 0.149859 0.19841 0.0552755
1 0.480718 0.486501 0.456622 0.447578 0.0544171
1 0.480533 0.488035 0.455705 0.448504 0.0508256
5 0.573321 0.646167 0.031932 0.043247 0.0496575
5 0.349982 0.523292 0.039947 0.045788 0.0481101
5 0.366744 0.588922 0.0619899 0.0597066 0.0480579
0 0.345505 0.564326 0.172659 0.19861 0.0477374
3 0.570511 0.516657 0.13718 0.196219 0.0470218
5 0.373244 0.424871 0.0279903 0.0346655 0.0466804
5 0.571851 0.645068 0.0341889 0.0409899 0.0452658
3 0.565729 0.522143 0.147879 0.21718 0.0444745
5 0.571943 0.645423 0.03349 0.0402141 0.0434816
5 0.590516 0.559622 0.0244101 0.0238123 0.0417385
0 0.561752 0.483769 0.0640687 0.0671316 0.0383178
5 0.572663 0.643526 0.0361478 0.0443776 0.0367637
5 0.37181 0.424619 0.0270988 0.0338886 0.0347595
5 0.5741 0.646052 0.0347156 0.0446919 0.034115
3 0.342031 0.569548 0.153245 0.16336 0.0329573
0 0.339828 0.584169 0.0838887 0.0595084 0.0328678
5 0.365137 0.587957 0.0677707 0.0554372 0.0325219
0 0.364181 0.584606 0.065668 0.0595087 0.0309164
5 0.627157 0.456021 0.0238264 0.0294637 0.0308681
5 0.570317 0.509002 0.0388012 0.0477078 0.0303571
0 0.335636 0.557298 0.167691 0.201806 0.0298342
5 0.372334 0.424918 0.0299216 0.0361217 0.0276634
0 0.358709 0.586139 0.0938924 0.0716651 0.0276205
5 0.592045 0.583654 0.0274557 0.0246352 0.0273669
5 0.37352 0.425893 0.028913 0.0355476 0.0269777
0 0.360534 0.581005 0.0740789 0.0678648 0.0268042
5 0.59019 0.559635 0.026885 0.0264224 0.0252312
5 0.592011 0.584346 0.0258793 0.0242075 0.0250354
5 0.569234 0.509193 0.0415059 0.0476628 0.0240769
5 0.316967 0.580661 0.0447384 0.0526744 0.0237122
5 0.571503 0.646217 0.0372241 0.0454915 0.0234357
0 0.563281 0.491245 0.0779649 0.0837615 0.0231759
5 0.366078 0.588995 0.0657754 0.0571644 0.0221886
0 0.348652 0.584836 0.106864 0.0658258 0.0217891
5 0.571467 0.643204 0.0389755 0.047302 0.0202219
0 0.366308 0.585025 0.0730892 0.0664114 0.0196225
0 0.56358 0.507606 0.145047 0.21632 0.0187984
1 0.659334 0.469133 0.0921828 0.396121 0.0187077
1 0.663403 0.470384 0.084056 0.380562 0.0185465
5 0.531213 0.50642 0.0286403 0.0403654 0.0175902
5 0.317835 0.581246 0.0479128 0.0564226 0.0173357
5 0.375026 0.4246 0.0323316 0.038789 0.0164696
5 0.573821 0.643207 0.0381965 0.0459004 0.0161275
0 0.346566 0.574901 0.175898 0.178074 0.0160307
3 0.551348 0.52305 0.186766 0.232135 0.0156153
0 0.566361 0.481355 0.0732307 0.0724792 0.0153145
5 0.317019 0.580249 0.0436432 0.0489089 0.0149403
5 0.561292 0.489749 0.0590144 0.0719619 0.0142994
5 0.628002 0.455626 0.026593 0.0322958 0.0141397
5 0.548688 0.479681 0.0480052 0.0554864 0.0141066
5 0.569515 0.506712 0.042606 0.048947 0.0140822
5 0.374954 0.42432 0.0337706 0.0395008 0.0137919
0 0.571328 0.504428 0.168848 0.236119 0.0137176
5 0.372212 0.425347 0.0317556 0.0372709 0.0132696
5 0.591736 0.578916 0.031468 0.0319238 0.0128508
5 0.627167 0.454154 0.0278511 0.0327259 0.0122219
0 0.34965 0.573992 0.188803 0.175838 0.0122156
5 0.591035 0.574515 0.0291496 0.0348146 0.0115713
5 0.55732 0.493857 0.070659 0.0867639 0.0105558
5 0.628002 0.455953 0.0275959 0.033481 0.0104686
0 0.563937 0.50834 0.165264 0.224018 0.0104643
0 0.331862 0.583604 0.0680109 0.0555486 0.0104469
0 0.333081 0.560065 0.163215 0.173113 0.0104249
5 0.549421 0.361329 0.0208709 0.0232294 0.0103705
1 0.668402 0.465843 0.0828313 0.387583 0.0103155
3 0.550525 0.529537 0.161852 0.21301 0.0100792
