3 0.502717 0.578584 0.598255 0.776659 0.926191
3 0.501996 0.579185 0.595617 0.782047 0.918469
3 0.500656 0.579722 0.603926 0.778203 0.912459
3 0.502495 0.580002 0.599598 0.77813 0.90975
3 0.500237 0.578669 0.601735 0.783245 0.906557
3 0.500661 0.580621 0.607083 0.779667 0.895804
3 0.501526 0.577809 0.596529 0.77344 0.889739
3 0.500842 0.580556 0.601106 0.780881 0.871557
3 0.500661 0.579652 0.596254 0.776637 0.824805
3 0.501053 0.57983 0.596414 0.778517 0.656902
3 0.498642 0.580882 0.60954 0.780537 0.153186
