4 0.493726 0.623361 0.675768 0.722742 0.871735
4 0.491375 0.619289 0.672378 0.724091 0.870543
4 0.49205 0.62315 0.67127 0.728334 0.863365
4 0.491023 0.618337 0.677178 0.722694 0.846534
4 0.493263 0.622953 0.679869 0.72665 0.846165
4 0.492517 0.620526 0.675433 0.722439 0.845881
4 0.492212 0.621208 0.685759 0.729199 0.83749
4 0.491717 0.61654 0.68497 0.725339 0.823157
4 0.492516 0.619302 0.68679 0.728464 0.819013
4 0.491986 0.620648 0.682382 0.72789 0.810472
2 0.519147 0.309834 0.0310206 0.0450273 0.551075
2 0.519486 0.310462 0.0303233 0.0445277 0.512337
2 0.315879 0.344852 0.0314861 0.0376778 0.468648
2 0.314723 0.344785 0.0290672 0.0363347 0.459359
2 0.550496 0.292304 0.033501 0.0307542 0.456967
2 0.315693 0.344835 0.0304578 0.0370529 0.4506
2 0.519679 0.311464 0.0312269 0.0451727 0.44354
2 0.239893 0.452669 0.0285901 0.0443908 0.420206
2 0.239867 0.452263 0.0292754 0.0444143 0.406517
2 0.315322 0.345152 0.0303598 0.0376516 0.403438
2 0.518423 0.310391 0.0339798 0.0469498 0.401016
2 0.300469 0.377414 0.0397873 0.0307828 0.390619
2 0.518633 0.311095 0.0336753 0.0478278 0.362715
2 0.45284 0.317276 0.025941 0.0375444 0.360642
2 0.239591 0.453782 0.0282657 0.0458992 0.355921
2 0.239518 0.452786 0.0306637 0.0464077 0.351413
2 0.551545 0.29193 0.0339115 0.0318167 0.347153
2 0.238761 0.453431 0.0280684 0.0469053 0.338323
2 0.239211 0.45273 0.0294523 0.0463035 0.336054
2 0.300319 0.377658 0.0394954 0.031492 0.334907
2 0.452647 0.317565 0.0254929 0.0373 0.325611
2 0.257871 0.483953 0.027066 0.0335051 0.317539
2 0.299683 0.37768 0.0382665 0.0336168 0.310596
2 0.411454 0.301787 0.0277538 0.0330297 0.287894
2 0.410531 0.301624 0.0298362 0.0355792 0.285907
2 0.520296 0.311383 0.0323015 0.0453613 0.285696
2 0.411852 0.301516 0.0280501 0.0329492 0.284633
2 0.41071 0.301593 0.0307643 0.0355207 0.281215
2 0.257614 0.48506 0.027627 0.0345608 0.278148
2 0.747283 0.49417 0.0453654 0.0417344 0.274066
2 0.300174 0.377292 0.0403812 0.032309 0.272504
2 0.520366 0.310726 0.0322603 0.0458529 0.271712
2 0.661076 0.536334 0.0446203 0.0304353 0.271357
2 0.551329 0.291873 0.0347176 0.0315733 0.269479
2 0.2854 0.447933 0.0246636 0.0369302 0.267694
2 0.285043 0.448405 0.0245388 0.0375626 0.266759
2 0.747461 0.494122 0.043763 0.0411343 0.264103
2 0.746955 0.493903 0.0467335 0.0413921 0.264035
2 0.519036 0.311711 0.0344999 0.0474181 0.258642
2 0.747535 0.494951 0.0443625 0.0419479 0.256018
2 0.66099 0.536318 0.0448062 0.0322672 0.255371
2 0.747123 0.493572 0.0460072 0.0412585 0.247391
2 0.661854 0.362446 0.0371736 0.035663 0.242041
2 0.703983 0.782962 0.0416744 0.0747339 0.241854
2 0.747898 0.494685 0.0430159 0.0410359 0.240222
2 0.432216 0.356092 0.028567 0.0345178 0.23675
2 0.704004 0.782596 0.0430947 0.0739748 0.23412
2 0.432802 0.356416 0.029853 0.0358228 0.232766
2 0.298958 0.376982 0.0428017 0.0342967 0.224011
2 0.662415 0.362817 0.0372719 0.0343246 0.217786
2 0.70505 0.783853 0.0410948 0.0737377 0.215346
2 0.703368 0.783603 0.0432427 0.0761578 0.21316
2 0.66078 0.536579 0.045171 0.0314309 0.213018
2 0.551739 0.291664 0.0360792 0.032695 0.21216
2 0.662275 0.36202 0.0391614 0.0364905 0.21161
2 0.431779 0.356583 0.0285755 0.0350381 0.209557
2 0.19164 0.515434 0.0286856 0.0390573 0.207172
2 0.661061 0.536894 0.0431999 0.0326624 0.203947
2 0.745878 0.492866 0.0472834 0.0411819 0.200238
2 0.450786 0.316975 0.0281454 0.0388852 0.195628
2 0.746067 0.493049 0.0463867 0.0415232 0.193337
2 0.704768 0.783075 0.0421187 0.0745697 0.191322
2 0.432904 0.356038 0.0296409 0.0358615 0.186778
2 0.191357 0.515477 0.0275697 0.0375798 0.17049
2 0.451001 0.317655 0.0276928 0.0376463 0.16439
2 0.793783 0.623443 0.0414832 0.0421082 0.161275
2 0.263035 0.429053 0.0246748 0.0278723 0.160552
2 0.482673 0.444135 0.0257111 0.0445482 0.159552
2 0.192393 0.515345 0.0315405 0.0406281 0.15616
2 0.66207 0.362974 0.0380654 0.036471 0.152615
2 0.753718 0.613789 0.0320969 0.0441495 0.149176
2 0.661974 0.363213 0.0375318 0.0364913 0.148937
2 0.594542 0.350258 0.0352111 0.0397976 0.147554
2 0.662532 0.362064 0.039611 0.0356608 0.145891
2 0.705411 0.782986 0.0426168 0.0751166 0.144839
2 0.299536 0.377381 0.044321 0.036602 0.140978
2 0.728421 0.573739 0.0264134 0.0429626 0.140834
2 0.728217 0.572797 0.0258333 0.0410757 0.140358
2 0.301162 0.375972 0.0451836 0.0353994 0.137427
2 0.483462 0.44416 0.0279977 0.0456619 0.132989
2 0.482764 0.444969 0.0259444 0.0448448 0.132632
2 0.307425 0.35783 0.0392427 0.0540693 0.131101
2 0.754199 0.612378 0.0326854 0.044651 0.130737
2 0.661056 0.537876 0.0430827 0.0360577 0.130353
2 0.483795 0.4439 0.0262652 0.0463811 0.13006
2 0.511064 0.55154 0.0288553 0.0474158 0.12944
2 0.411355 0.386032 0.0251412 0.0336442 0.12914
2 0.263969 0.429773 0.0243082 0.0274835 0.128738
2 0.484836 0.61631 0.036186 0.0518781 0.128564
2 0.789723 0.662579 0.0306126 0.033378 0.127843
2 0.192297 0.515662 0.0307845 0.0418095 0.126944
2 0.594817 0.350158 0.0374677 0.0415502 0.125753
2 0.314839 0.346433 0.0291919 0.0382006 0.124517
2 0.660156 0.537373 0.0455203 0.0337621 0.123227
2 0.79377 0.623637 0.0418665 0.0424098 0.123036
2 0.36767 0.410352 0.0422459 0.0590212 0.121222
2 0.794674 0.623178 0.0404894 0.0440955 0.120499
2 0.600823 0.390638 0.0281053 0.0301388 0.120355
2 0.789266 0.662781 0.029078 0.0327992 0.1202
2 0.663243 0.362196 0.0384736 0.0352335 0.118973
2 0.753918 0.612501 0.0344635 0.0450865 0.117435
2 0.279359 0.551533 0.0474851 0.0840991 0.117273
2 0.365358 0.40636 0.0451805 0.0653327 0.117138
2 0.594001 0.349574 0.0349446 0.0389773 0.116821
2 0.184734 0.572209 0.0329337 0.0397598 0.113299
2 0.704088 0.783551 0.0443912 0.0761428 0.11169
2 0.753953 0.613819 0.033993 0.0443351 0.111159
2 0.259122 0.484263 0.0277081 0.0360437 0.109978
2 0.312863 0.554556 0.0268892 0.0430303 0.109915
2 0.483347 0.444785 0.027801 0.0460819 0.109799
2 0.70415 0.782795 0.0415662 0.0742148 0.108381
2 0.286131 0.448656 0.0267595 0.0403876 0.107702
2 0.594297 0.350083 0.0351855 0.0389488 0.107635
2 0.485056 0.616737 0.0327625 0.0531012 0.106999
2 0.286292 0.448361 0.0265782 0.0388167 0.106315
2 0.311594 0.409988 0.0331542 0.0344663 0.106107
2 0.777422 0.697318 0.0281021 0.027762 0.105586
2 0.594801 0.34944 0.0348135 0.0389273 0.104138
2 0.602149 0.390777 0.028911 0.0323299 0.103703
2 0.75431 0.610308 0.0335452 0.0429868 0.103192
2 0.312467 0.554136 0.0255387 0.0418775 0.102064
2 0.312299 0.554145 0.0256449 0.0412294 0.101023
2 0.364303 0.397294 0.0448177 0.0838329 0.100632
2 0.191644 0.516332 0.0300679 0.0411376 0.0990456
2 0.510853 0.551981 0.0275281 0.0467773 0.0977833
2 0.789005 0.662371 0.0271883 0.0317943 0.0966067
2 0.280261 0.551427 0.0457161 0.0825669 0.0960604
2 0.595037 0.349272 0.0375597 0.0412088 0.0944742
2 0.793595 0.622703 0.041338 0.0430269 0.0941614
2 0.777296 0.697791 0.0270739 0.0282647 0.0941048
2 0.312943 0.553617 0.0273933 0.0422831 0.0924215
2 0.258765 0.484533 0.0287021 0.0361587 0.0915396
2 0.653581 0.470024 0.027821 0.0318573 0.0914459
2 0.789227 0.662312 0.0276068 0.0323849 0.0904033
2 0.663644 0.493567 0.0487277 0.0558251 0.0903249
2 0.383353 0.500783 0.0412456 0.0297683 0.090052
2 0.727536 0.571951 0.025692 0.0408819 0.0896371
2 0.51159 0.551586 0.0297721 0.0471768 0.0887209
2 0.365986 0.406224 0.0458533 0.0667068 0.0873532
2 0.184576 0.572381 0.0318455 0.0383415 0.0856368
2 0.372422 0.410071 0.0352843 0.060053 0.0843357
2 0.793784 0.622959 0.0418794 0.040643 0.0830933
2 0.511019 0.550951 0.0293724 0.0478506 0.0829069
2 0.726926 0.57344 0.0281998 0.0462256 0.0822974
2 0.522341 0.307297 0.0351255 0.043147 0.0822854
2 0.364662 0.402835 0.0463312 0.0729289 0.0799408
2 0.309485 0.408542 0.0282691 0.0321534 0.0799096
2 0.510994 0.552338 0.0277988 0.046475 0.0783696
2 0.279462 0.549683 0.0415728 0.0776413 0.0779687
2 0.248226 0.590182 0.0282271 0.0432339 0.0776369
2 0.454653 0.317768 0.0317144 0.0405888 0.0768978
2 0.704894 0.782266 0.0429491 0.0744328 0.0761699
2 0.247517 0.59095 0.0278057 0.0432946 0.076047
2 0.184451 0.572504 0.0325253 0.0396576 0.0759002
2 0.484157 0.44237 0.0277326 0.0452798 0.0758772
2 0.664565 0.490474 0.0487143 0.0602774 0.0751294
2 0.192532 0.516816 0.0317829 0.0424469 0.0744669
2 0.362557 0.398026 0.0454767 0.0807015 0.0738051
2 0.27193 0.552663 0.0651023 0.0877012 0.072528
2 0.601283 0.391261 0.0284934 0.0310221 0.0721964
2 0.409872 0.383579 0.0282365 0.0379739 0.0719206
2 0.705324 0.781867 0.0396242 0.0707376 0.0713325
2 0.256061 0.48534 0.0337434 0.0385268 0.0712538
2 0.777403 0.581397 0.0363428 0.0413551 0.0710799
2 0.56121 0.480502 0.0253507 0.0311289 0.0708317
2 0.485332 0.61596 0.0346104 0.0526543 0.0706623
2 0.65317 0.468822 0.0269564 0.0324591 0.0704475
2 0.280512 0.5475 0.0418012 0.0736299 0.0685984
2 0.776611 0.697305 0.0275734 0.0280024 0.0675316
2 0.382859 0.501234 0.0416194 0.0315116 0.0674324
2 0.351362 0.57198 0.0403349 0.0425258 0.0670942
2 0.409895 0.383352 0.0289916 0.0401134 0.0665289
2 0.485435 0.615761 0.0358363 0.0527161 0.0661315
2 0.794419 0.62285 0.0420325 0.042865 0.0659425
2 0.393284 0.454136 0.0217826 0.0253688 0.0658283
2 0.726456 0.573151 0.0273347 0.0431427 0.0655742
2 0.279691 0.551571 0.0503584 0.0829396 0.0639865
2 0.660367 0.49036 0.050671 0.0634647 0.0638385
2 0.299324 0.375667 0.0462289 0.0376965 0.0631938
2 0.726362 0.430505 0.0260343 0.0263473 0.0627575
5 0.649768 0.909408 0.0515862 0.0569121 0.0626732
2 0.616872 0.435096 0.0292987 0.0429357 0.0622858
2 0.7259 0.430178 0.0283075 0.0294562 0.0620819
2 0.663196 0.362675 0.0400648 0.0372685 0.0614068
2 0.656815 0.472014 0.0349082 0.0363852 0.0613473
2 0.184152 0.571996 0.03146 0.037011 0.0607089
2 0.754041 0.611524 0.0347882 0.0440079 0.0603258
2 0.484983 0.615351 0.0375722 0.0513955 0.0598929
2 0.484007 0.502215 0.0302073 0.049896 0.0597574
5 0.650169 0.909439 0.0487408 0.0524083 0.0589211
2 0.479059 0.506728 0.0482138 0.0476199 0.0585156
2 0.451411 0.31895 0.0277349 0.0403018 0.0584514
2 0.793707 0.624759 0.0415655 0.0465402 0.057861
2 0.24891 0.590848 0.0296955 0.0448747 0.0570415
2 0.383112 0.500667 0.040432 0.028346 0.0556264
2 0.615983 0.434272 0.0310339 0.0452815 0.0555224
2 0.484247 0.616131 0.0328034 0.0524025 0.0553697
2 0.727113 0.57357 0.0297205 0.0475219 0.0553519
2 0.351723 0.572513 0.0424647 0.0419712 0.0549937
2 0.654496 0.470152 0.0290391 0.0319499 0.0548855
2 0.398691 0.365464 0.0347294 0.0365676 0.0542439
2 0.303247 0.376157 0.0471081 0.0367868 0.0541991
2 0.454788 0.318172 0.031512 0.0423831 0.0538582
2 0.41232 0.387597 0.0252141 0.033794 0.052875
2 0.617633 0.436302 0.0280414 0.0419535 0.0517512
2 0.704845 0.783064 0.0432699 0.0741688 0.0516536
2 0.248446 0.588371 0.0358054 0.0480939 0.051223
2 0.77997 0.581538 0.0403298 0.0437313 0.0512026
2 0.481325 0.504856 0.0408763 0.0500696 0.0511395
2 0.650147 0.766545 0.0421858 0.0473763 0.0495177
5 0.650056 0.91002 0.0466877 0.0531287 0.0493472
2 0.554139 0.370236 0.0399146 0.0380697 0.0491877
2 0.2516 0.587089 0.0363873 0.0457768 0.0482085
2 0.406627 0.377607 0.0323139 0.0506461 0.0476858
2 0.484028 0.504232 0.0349412 0.0483788 0.0476614
2 0.692277 0.571933 0.0346164 0.05119 0.0474198
2 0.602119 0.391111 0.0297743 0.0328939 0.0471968
2 0.744121 0.498724 0.0486797 0.050099 0.046801
2 0.609528 0.432577 0.0347449 0.046976 0.0463762
2 0.661613 0.487786 0.0496331 0.0646169 0.0463716
2 0.284983 0.449535 0.027244 0.0409221 0.0460976
2 0.476573 0.506459 0.0518925 0.0485213 0.0460509
2 0.43929 0.724874 0.0352352 0.0455467 0.0445703
2 0.663308 0.361404 0.0398485 0.0359511 0.0441574
2 0.250313 0.590033 0.0315098 0.0435418 0.0439875
2 0.691986 0.576174 0.0369433 0.060191 0.0431241
2 0.622357 0.475238 0.0264256 0.0307445 0.0429277
2 0.650538 0.766254 0.0397445 0.0438704 0.0427612
2 0.397456 0.364245 0.0337556 0.0349381 0.0421478
2 0.777078 0.698001 0.0272934 0.0296318 0.0421017
2 0.361215 0.387774 0.0412038 0.0675568 0.0410224
2 0.31532 0.408135 0.0345448 0.0322185 0.0409426
2 0.452452 0.315263 0.0320158 0.0425786 0.0407973
2 0.519005 0.313787 0.0357241 0.052618 0.0407497
2 0.518059 0.469343 0.0402275 0.035507 0.0398786
2 0.258542 0.433953 0.0298359 0.0303982 0.0396994
2 0.72533 0.430743 0.0260379 0.0271235 0.0396045
2 0.622309 0.475961 0.0267287 0.0319115 0.0392057
2 0.315431 0.417581 0.0388172 0.051745 0.0386125
5 0.650674 0.909196 0.0485501 0.052176 0.0383377
2 0.382894 0.50149 0.0413616 0.0299221 0.0382208
2 0.315332 0.514571 0.0316904 0.0425739 0.0381677
2 0.777314 0.579539 0.0343151 0.0365581 0.038029
2 0.184947 0.572942 0.0307435 0.0380667 0.0378945
2 0.689536 0.577441 0.0415457 0.0626415 0.0371187
2 0.794323 0.624347 0.0416908 0.0480449 0.0370152
2 0.398223 0.362217 0.0354889 0.0366195 0.0368092
2 0.483752 0.497142 0.0280789 0.0422586 0.0365766
2 0.748187 0.493831 0.0496905 0.0465581 0.0364127
2 0.256438 0.47533 0.0292132 0.0510284 0.0360888
2 0.667616 0.496163 0.0458699 0.0471769 0.0360281
2 0.59577 0.349387 0.0400132 0.0425236 0.0349377
2 0.668468 0.495514 0.0435881 0.0437136 0.0348668
2 0.518526 0.46956 0.0370849 0.0339452 0.0348242
2 0.52482 0.407207 0.0349229 0.0487538 0.0345064
2 0.268325 0.552447 0.0753405 0.0864027 0.0344202
5 0.6504 0.909863 0.0460566 0.0500496 0.0343981
2 0.511796 0.550147 0.0308306 0.0472974 0.0342841
2 0.397339 0.36282 0.0344005 0.0369863 0.0340691
2 0.312678 0.34481 0.0417423 0.0414405 0.033448
2 0.56184 0.480952 0.0270846 0.0338758 0.0328824
2 0.595425 0.350638 0.040712 0.0427599 0.0328121
2 0.66299 0.435247 0.0292836 0.0451893 0.0322585
2 0.552535 0.369504 0.0371644 0.0365467 0.0321941
2 0.316003 0.513283 0.0318412 0.040934 0.0317338
2 0.558315 0.448966 0.0260267 0.0334795 0.0316773
2 0.658334 0.427748 0.0547271 0.0579334 0.0315495
2 0.554407 0.369902 0.0406667 0.0368974 0.031538
2 0.254495 0.47817 0.0344156 0.052018 0.0314183
2 0.654436 0.425702 0.0526295 0.0530462 0.0314081
2 0.393532 0.454475 0.0234433 0.0274379 0.0313259
2 0.524838 0.405775 0.0346653 0.0491919 0.0312956
2 0.268309 0.558836 0.0802464 0.101698 0.0311362
2 0.347214 0.572949 0.0402726 0.0407775 0.030999
2 0.75569 0.614695 0.0359609 0.0459293 0.0308701
2 0.779947 0.582155 0.0446513 0.0499538 0.0308228
2 0.242951 0.450925 0.0354054 0.0491943 0.030711
2 0.41435 0.302384 0.0321539 0.0377721 0.0305505
2 0.652432 0.425549 0.0509318 0.0472575 0.0304425
2 0.649817 0.766008 0.040139 0.0470533 0.0301688
2 0.234198 0.575891 0.0291581 0.0517401 0.030053
2 0.561284 0.481811 0.0271066 0.0329961 0.0295684
2 0.594747 0.505187 0.04095 0.0417232 0.029504
2 0.484911 0.501534 0.031254 0.0477923 0.0294552
2 0.361576 0.395986 0.0456029 0.0768737 0.0292729
2 0.690424 0.572683 0.0384136 0.0537843 0.0290839
2 0.749228 0.494982 0.0491253 0.0467095 0.0289918
2 0.66138 0.551209 0.040346 0.0319497 0.0288211
5 0.650794 0.90997 0.0467108 0.0505407 0.0285838
2 0.439481 0.725045 0.0330042 0.0431788 0.028248
