3 0.51404 0.450508 0.376778 0.478308 0.816041
3 0.513589 0.450236 0.375906 0.479374 0.812272
3 0.511506 0.450672 0.375831 0.479313 0.800337
3 0.511353 0.450314 0.376207 0.477519 0.793109
3 0.513864 0.450266 0.377522 0.47977 0.789558
3 0.510945 0.450179 0.376678 0.479572 0.765282
3 0.511605 0.451449 0.374461 0.478572 0.749102
3 0.51171 0.451135 0.373957 0.479232 0.733915
3 0.512317 0.450457 0.374299 0.480564 0.68002
3 0.510885 0.449023 0.378125 0.479324 0.583114
3 0.511984 0.450769 0.369951 0.480186 0.198632
3 0.493433 0.463582 0.231123 0.287784 0.0129355
3 0.500122 0.464904 0.248831 0.29957 0.0124441
3 0.499822 0.461759 0.270042 0.315312 0.0116631
3 0.494498 0.455638 0.219918 0.260956 0.011632
3 0.494857 0.458806 0.229052 0.282773 0.0100199
