3 0.402088 0.513726 0.454643 0.501205 0.846363
3 0.400839 0.51322 0.454506 0.499373 0.84575
3 0.400874 0.514169 0.455824 0.501251 0.828475
3 0.401026 0.513555 0.459926 0.499229 0.825213
3 0.403248 0.513171 0.454562 0.499278 0.821433
3 0.399936 0.513812 0.464186 0.499229 0.820892
3 0.40377 0.513729 0.458023 0.499096 0.820129
3 0.400614 0.513702 0.460242 0.500274 0.82006
3 0.404345 0.513098 0.460325 0.497129 0.80007
3 0.399301 0.514201 0.466169 0.501497 0.78087
0 0.229011 0.536851 0.12183 0.441654 0.0410849
0 0.227294 0.524919 0.119439 0.451415 0.0334018
0 0.230887 0.529456 0.124493 0.449243 0.0315956
2 0.418959 0.465022 0.02199 0.0276359 0.0230491
2 0.418492 0.464187 0.0255904 0.0318525 0.0163865
0 0.227748 0.505556 0.120916 0.455931 0.0162838
2 0.4188 0.464748 0.0246738 0.0290196 0.0162702
3 0.385477 0.50011 0.250354 0.319086 0.0155069
5 0.497393 0.532558 0.0962818 0.335997 0.0149681
0 0.220913 0.528877 0.0988585 0.412408 0.0135641
1 0.57915 0.512292 0.0981809 0.38535 0.0130266
0 0.220968 0.527031 0.0990516 0.413165 0.0114209
3 0.379183 0.533764 0.231739 0.261834 0.0106492
0 0.501302 0.527438 0.0875206 0.321277 0.0106248
0 0.220719 0.523677 0.0993786 0.439562 0.0105327
2 0.418885 0.464368 0.027005 0.0323625 0.0103779
