3 0.419847 0.474784 0.327086 0.367528 0.613872
3 0.419824 0.47457 0.327882 0.360163 0.602792
3 0.420155 0.473035 0.328283 0.363039 0.584115
3 0.419737 0.472797 0.324443 0.367289 0.568193
3 0.419948 0.474411 0.32875 0.367004 0.545542
3 0.419742 0.472131 0.328025 0.36613 0.532376
3 0.419718 0.473815 0.327024 0.365237 0.519183
3 0.418583 0.472178 0.324981 0.36589 0.409589
3 0.420348 0.471875 0.326097 0.366138 0.388362
3 0.418655 0.472967 0.327369 0.365359 0.367323
3 0.331089 0.394389 0.15155 0.189068 0.0506653
0 0.322629 0.472376 0.136003 0.357621 0.0456415
3 0.329099 0.41962 0.14548 0.223054 0.0443866
3 0.330268 0.472744 0.146888 0.350157 0.0388758
5 0.515539 0.928661 0.0627682 0.133071 0.038323
5 0.515124 0.92921 0.0656885 0.135348 0.0379768
3 0.483132 0.458154 0.198733 0.335418 0.0373858
3 0.323958 0.441026 0.137355 0.277153 0.0369126
5 0.513596 0.929194 0.0623494 0.134802 0.0308086
0 0.323239 0.482917 0.135839 0.353631 0.0305833
3 0.490165 0.455378 0.192118 0.331862 0.0261375
3 0.34789 0.394043 0.190373 0.186589 0.0258307
3 0.3345 0.39299 0.158661 0.195354 0.0257662
5 0.51394 0.928566 0.0607856 0.133014 0.0253635
0 0.332371 0.469261 0.15571 0.364975 0.0250176
0 0.321344 0.469763 0.136772 0.361108 0.0236566
5 0.510919 0.929156 0.0639468 0.134658 0.0229
3 0.473226 0.453658 0.21189 0.327679 0.0228832
5 0.288655 0.47552 0.0353655 0.0568904 0.0221617
3 0.34006 0.408495 0.168548 0.173037 0.0193412
5 0.287862 0.475457 0.0357612 0.0571179 0.0170676
5 0.516421 0.929417 0.0688294 0.135617 0.0146905
3 0.481531 0.453948 0.195675 0.320543 0.0140189
5 0.289161 0.476545 0.0343761 0.0551479 0.013921
3 0.324661 0.400746 0.138264 0.207997 0.0133245
3 0.368289 0.393268 0.229757 0.195733 0.0127946
5 0.286745 0.474329 0.0364075 0.0589144 0.0127795
5 0.513612 0.928013 0.0572544 0.129468 0.0126685
5 0.513723 0.930267 0.0601907 0.139467 0.0110106
5 0.289747 0.475865 0.0326897 0.0589275 0.0104571
5 0.5107 0.929678 0.0609197 0.136134 0.0104064
3 0.345653 0.461156 0.181008 0.301803 0.0103887
