3 0.430743 0.563588 0.594939 0.663171 0.909351
3 0.431578 0.564118 0.593156 0.665253 0.907513
3 0.431491 0.561311 0.593791 0.672485 0.906253
3 0.428982 0.561223 0.594457 0.670042 0.891534
3 0.432953 0.56517 0.596107 0.666593 0.866269
3 0.43082 0.565059 0.593435 0.664912 0.865592
3 0.430586 0.563216 0.588898 0.658683 0.821511
3 0.432918 0.565066 0.596216 0.666991 0.700387
3 0.43437 0.563842 0.596996 0.659789 0.568031
3 0.428633 0.564049 0.584193 0.660469 0.540395
3 0.42611 0.563404 0.583621 0.666111 0.378314
3 0.433192 0.565544 0.596967 0.664652 0.076579
3 0.427756 0.565314 0.580477 0.661382 0.0648005
1 0.693409 0.508979 0.0795571 0.415279 0.0221188
1 0.694659 0.496107 0.0754711 0.396156 0.0214005
1 0.694305 0.507544 0.075539 0.382037 0.0157081
1 0.691444 0.50567 0.0855383 0.411513 0.0130008
