0 0.513844 0.472813 0.837427 0.945625 0.830198
0 0.517769 0.475661 0.816024 0.950274 0.829873
0 0.51532 0.465704 0.825189 0.924453 0.817948
0 0.50986 0.459972 0.846879 0.917574 0.810275
0 0.498391 0.465454 0.867467 0.927649 0.788438
0 0.498222 0.474828 0.864526 0.949656 0.785112
0 0.514029 0.451471 0.858013 0.896192 0.728197
0 0.514251 0.457354 0.837737 0.90629 0.727004
0 0.489859 0.457792 0.891501 0.909584 0.304693
0 0.51762 0.481182 0.813506 0.962363 0.200106
0 0.509025 0.477527 0.818685 0.955055 0.0281871
