3 0.608867 0.371463 0.495592 0.688397 0.7092
3 0.609088 0.369569 0.500517 0.686895 0.700506
3 0.609349 0.368888 0.489958 0.686159 0.692273
3 0.608792 0.371668 0.485117 0.684256 0.679167
3 0.61172 0.37184 0.500933 0.689367 0.659487
3 0.610174 0.370134 0.505828 0.685485 0.652806
3 0.608055 0.369859 0.506143 0.683339 0.628756
3 0.609031 0.367068 0.492717 0.684617 0.598797
3 0.609479 0.370824 0.510185 0.681938 0.580516
3 0.606832 0.370808 0.512526 0.685015 0.490284
3 0.567287 0.403716 0.269366 0.409881 0.032171
3 0.567546 0.391671 0.264791 0.41456 0.0283802
3 0.580818 0.400222 0.300118 0.429732 0.0247399
1 0.409566 0.475188 0.0840501 0.33374 0.0139193
3 0.578646 0.385694 0.287626 0.429132 0.0107124
