2 0.444989 0.454932 0.0739266 0.078533 0.554279
2 0.444693 0.456258 0.0776781 0.0826699 0.548169
2 0.444955 0.454921 0.0742062 0.0784946 0.513239
2 0.444792 0.455871 0.0756717 0.0812106 0.502822
2 0.445369 0.455699 0.0755874 0.0782853 0.497647
2 0.444994 0.455777 0.0761713 0.0816335 0.483713
2 0.445324 0.455229 0.0768456 0.0811619 0.459659
0 0.539602 0.530548 0.416386 0.423103 0.449753
0 0.537687 0.533532 0.417777 0.427522 0.442413
0 0.537336 0.532975 0.417244 0.422891 0.411376
0 0.54393 0.529668 0.409357 0.421047 0.402545
2 0.44528 0.45532 0.0816726 0.0828632 0.376056
2 0.445318 0.456062 0.0759497 0.0787703 0.369204
0 0.542299 0.527878 0.411608 0.427167 0.334232
0 0.540475 0.532099 0.413611 0.425279 0.286089
2 0.445628 0.455206 0.0820422 0.0844961 0.251634
0 0.537477 0.532733 0.417232 0.420966 0.222495
0 0.542804 0.5302 0.408456 0.429966 0.217034
0 0.534637 0.531783 0.41766 0.419434 0.187643
0 0.542512 0.531825 0.407535 0.422076 0.151802
3 0.466863 0.53394 0.234739 0.308618 0.0615231
3 0.46139 0.540175 0.220295 0.288596 0.0442521
5 0.940321 0.46001 0.0383967 0.0573365 0.0350245
0 0.575326 0.641711 0.324907 0.212261 0.034016
3 0.47248 0.547051 0.232261 0.276053 0.0292035
5 0.942019 0.459718 0.0433639 0.059293 0.0289658
5 0.941878 0.459772 0.0416507 0.058714 0.0241641
5 0.940294 0.459308 0.0396865 0.0559397 0.0239748
2 0.446778 0.452805 0.0737455 0.0719401 0.0238129
5 0.940731 0.459439 0.0456334 0.0635023 0.0226718
5 0.941242 0.459994 0.0435297 0.0568081 0.0226313
3 0.471533 0.54827 0.218966 0.251985 0.022597
5 0.941305 0.460216 0.0380964 0.0539833 0.0218424
3 0.605796 0.501462 0.2844 0.384968 0.0203243
0 0.580213 0.631284 0.365077 0.230175 0.0199907
2 0.445536 0.455846 0.0827604 0.0859207 0.0196799
5 0.940915 0.459861 0.0363727 0.0533407 0.0187565
0 0.571353 0.655511 0.317799 0.190644 0.0175676
3 0.617744 0.480033 0.245937 0.308094 0.0174053
5 0.940088 0.459938 0.0390743 0.0546393 0.0164165
4 0.578093 0.65605 0.355812 0.187295 0.0154393
3 0.612523 0.453998 0.232893 0.251644 0.0152941
5 0.940015 0.46018 0.0422779 0.0564152 0.0137646
5 0.94121 0.460351 0.0518767 0.0660613 0.0134131
5 0.939605 0.459783 0.0417248 0.0587473 0.0127527
0 0.552057 0.649684 0.300888 0.199113 0.0126209
3 0.604089 0.474586 0.242103 0.274239 0.0125583
0 0.613182 0.459071 0.227413 0.266558 0.0114503
3 0.587452 0.498012 0.294668 0.370929 0.0112497
3 0.601021 0.458033 0.227782 0.219551 0.0106988
