3 0.484004 0.506548 0.376381 0.459197 0.769164
3 0.482584 0.50659 0.379557 0.459951 0.755025
3 0.485994 0.505603 0.37819 0.456817 0.751896
3 0.483637 0.505168 0.381724 0.459612 0.748977
3 0.48314 0.505651 0.378156 0.457277 0.739764
3 0.484327 0.503774 0.380826 0.455649 0.739407
3 0.482051 0.50548 0.375165 0.460465 0.737929
3 0.481021 0.50665 0.37625 0.46204 0.712255
3 0.482955 0.504071 0.378233 0.458081 0.707551
3 0.482048 0.502775 0.373391 0.455986 0.694949
5 0.591378 0.514239 0.0259948 0.0298206 0.289802
5 0.591385 0.513911 0.0275166 0.0306652 0.277454
5 0.592219 0.514235 0.0262459 0.0296693 0.227122
5 0.592382 0.513903 0.0275012 0.0308037 0.205253
3 0.450965 0.510707 0.253268 0.254352 0.121722
3 0.451372 0.509865 0.224179 0.245256 0.0933864
3 0.454801 0.508397 0.243611 0.265505 0.0791902
3 0.463997 0.508962 0.283041 0.240513 0.0743487
5 0.489365 0.372134 0.0441524 0.0508291 0.0741664
3 0.461251 0.504703 0.252385 0.233818 0.0734216
3 0.456814 0.50905 0.227908 0.252189 0.0687091
5 0.588273 0.51417 0.0395481 0.0378534 0.067819
5 0.588525 0.51374 0.0401935 0.0376732 0.0611264
5 0.489344 0.371729 0.0452841 0.0524873 0.0600601
5 0.489323 0.371737 0.0428703 0.0499834 0.0566156
5 0.590316 0.51213 0.0391029 0.0434602 0.0495656
3 0.453033 0.504829 0.225875 0.236334 0.0438809
5 0.590393 0.516305 0.0346821 0.0397002 0.0430182
5 0.49006 0.371472 0.0433023 0.0487796 0.0422793
5 0.643165 0.540802 0.0290206 0.033069 0.0409785
3 0.455609 0.502063 0.228536 0.24538 0.0401751
5 0.489426 0.37192 0.0425738 0.0490494 0.0377526
5 0.64275 0.540633 0.0287048 0.0322285 0.0377489
5 0.643551 0.540707 0.0309031 0.0346838 0.0374861
5 0.642597 0.541028 0.0273568 0.0315845 0.0352093
5 0.490202 0.37204 0.0489968 0.0551745 0.0347006
5 0.489138 0.369869 0.0453869 0.0547874 0.0312548
5 0.490185 0.370567 0.0467586 0.0505526 0.0306409
5 0.489971 0.37159 0.0455941 0.0511613 0.0306203
3 0.460583 0.507395 0.224821 0.257095 0.0305118
3 0.467401 0.498266 0.252022 0.230243 0.0288943
5 0.489648 0.371924 0.0421936 0.0479519 0.0286052
5 0.591495 0.51146 0.037071 0.0423464 0.0279273
5 0.490909 0.369988 0.0475657 0.0542679 0.0270508
5 0.486133 0.371332 0.0515153 0.0576473 0.0259442
3 0.464427 0.512235 0.22634 0.263006 0.0248996
3 0.447409 0.49602 0.228445 0.249492 0.0215136
5 0.486509 0.372162 0.050517 0.0556869 0.0191264
5 0.5914 0.51652 0.0325372 0.0386966 0.0176946
3 0.484816 0.459087 0.319098 0.18886 0.0167589
3 0.468769 0.503061 0.321866 0.294754 0.0164696
5 0.588238 0.511908 0.0460404 0.047029 0.0148014
5 0.639418 0.54141 0.0368646 0.0352371 0.0138379
3 0.459428 0.498976 0.273272 0.297596 0.0137103
3 0.488562 0.463387 0.320059 0.199377 0.0131489
3 0.565944 0.157967 0.868112 0.314881 0.0126841
3 0.456032 0.489714 0.249379 0.253431 0.0124664
3 0.0413034 0.456977 0.0826067 0.859019 0.012216
3 0.459462 0.494189 0.226796 0.261072 0.0112255
3 0.0422102 0.422144 0.0844204 0.818537 0.011196
3 0.0436426 0.396308 0.0872852 0.777004 0.0110266
3 0.481904 0.508493 0.334297 0.258268 0.0101452
5 0.588003 0.516308 0.0436472 0.0436165 0.0100849
