3 0.492399 0.519323 0.482199 0.605986 0.609526
3 0.490712 0.519719 0.484832 0.604869 0.607293
3 0.490431 0.519618 0.487525 0.605704 0.59348
3 0.494331 0.519073 0.47659 0.604396 0.571248
3 0.490229 0.518656 0.485401 0.604333 0.563876
3 0.49245 0.519357 0.482064 0.606324 0.556469
3 0.493728 0.517819 0.480481 0.604558 0.554225
3 0.487812 0.518191 0.49126 0.604069 0.553144
5 0.392686 0.351251 0.0357503 0.0404056 0.477534
3 0.484362 0.520005 0.4952 0.602293 0.466065
3 0.493466 0.51688 0.483768 0.600755 0.453835
5 0.392404 0.351893 0.0370378 0.041839 0.450491
5 0.392574 0.351274 0.0383028 0.0437742 0.435249
5 0.392234 0.35168 0.0347962 0.0398899 0.388669
5 0.515543 0.69891 0.0450323 0.0556246 0.336352
5 0.39229 0.351137 0.0352819 0.039169 0.318108
5 0.392316 0.351285 0.037163 0.0431764 0.315261
5 0.391081 0.351282 0.0411362 0.0441264 0.310472
5 0.515558 0.698903 0.0458687 0.0553177 0.293239
5 0.390868 0.350805 0.0406925 0.0440476 0.280447
5 0.428481 0.329315 0.0263635 0.0313974 0.250546
5 0.506972 0.350308 0.0279493 0.03295 0.217038
5 0.39131 0.351388 0.0419762 0.0458519 0.213639
5 0.428127 0.328986 0.0282736 0.0319898 0.204187
5 0.34956 0.374356 0.0320348 0.0383502 0.197286
5 0.507472 0.34981 0.0341852 0.038376 0.192584
5 0.507073 0.350965 0.0298777 0.0342469 0.187075
5 0.515893 0.698915 0.0420024 0.052671 0.178221
5 0.393149 0.35328 0.0440232 0.053411 0.16623
5 0.348844 0.374821 0.0276169 0.0326277 0.148915
5 0.516751 0.698642 0.0478757 0.0555114 0.147635
5 0.515999 0.699262 0.0426358 0.0537202 0.147163
5 0.34864 0.374782 0.035444 0.0402041 0.142332
5 0.516515 0.697493 0.0495664 0.0569952 0.141174
5 0.506298 0.350616 0.0359533 0.0417674 0.13968
5 0.516019 0.698537 0.0423763 0.051994 0.137818
5 0.507818 0.351219 0.0341025 0.038168 0.137316
5 0.508079 0.350214 0.0329475 0.0380213 0.137227
5 0.505818 0.350109 0.033281 0.037216 0.135428
5 0.505891 0.351122 0.0343973 0.0370283 0.134302
5 0.508593 0.349779 0.0366785 0.0418321 0.131253
5 0.51667 0.698458 0.0518355 0.0584941 0.128585
5 0.516266 0.699091 0.0440025 0.052444 0.127751
5 0.516248 0.698332 0.050296 0.0576636 0.127508
5 0.348437 0.373538 0.0324106 0.0370414 0.123714
5 0.515492 0.698311 0.0466254 0.0566994 0.123683
5 0.514074 0.699062 0.0567314 0.0637364 0.123019
5 0.348131 0.375151 0.0330446 0.0378184 0.115166
5 0.391705 0.352291 0.0474497 0.0558973 0.109089
5 0.513401 0.698297 0.0553658 0.0632383 0.108076
5 0.430533 0.329911 0.0306983 0.0374868 0.0943343
5 0.426057 0.329696 0.0312525 0.0326452 0.0842907
5 0.430023 0.330014 0.0322351 0.0382488 0.0831366
5 0.347293 0.375527 0.0375504 0.0418518 0.0821778
5 0.395218 0.349153 0.0462883 0.052893 0.081434
3 0.484061 0.550316 0.38688 0.349859 0.0803216
5 0.347303 0.374882 0.0350888 0.0393334 0.0775734
5 0.349693 0.373585 0.0340029 0.0407712 0.0750506
5 0.34725 0.375133 0.0363457 0.0425991 0.0597649
5 0.394185 0.351676 0.0487208 0.0535788 0.0596291
5 0.516479 0.698209 0.0597912 0.0676806 0.0503984
3 0.484614 0.542092 0.374807 0.313624 0.0499257
5 0.512985 0.6979 0.0636699 0.0690534 0.0404744
5 0.42295 0.331461 0.0279699 0.0321392 0.0397967
5 0.514506 0.697816 0.06212 0.07025 0.0388312
5 0.428769 0.3275 0.0348001 0.0430088 0.0356037
3 0.487997 0.557164 0.377128 0.333762 0.034491
5 0.0165898 0.0693 0.0331795 0.0589381 0.0339287
5 0.0170384 0.0693037 0.0340768 0.0573232 0.0329872
5 0.940917 0.456834 0.047613 0.0614973 0.0319376
3 0.484382 0.529798 0.353101 0.286737 0.0316157
3 0.483664 0.536998 0.402369 0.353628 0.0309837
5 0.0165539 0.0690213 0.0331079 0.0553662 0.0280104
5 0.940729 0.45649 0.0469196 0.0631505 0.0279584
5 0.017204 0.0682948 0.034408 0.0585505 0.0278307
5 0.939595 0.456608 0.0463088 0.0651425 0.027475
3 0.81045 0.0636663 0.377307 0.127012 0.0273272
5 0.0163688 0.0684703 0.0327377 0.0561455 0.0271507
3 0.491414 0.550386 0.35912 0.314126 0.0270133
5 0.0172782 0.0678938 0.0345564 0.0586522 0.0253758
5 0.939463 0.456293 0.0527789 0.0712927 0.0236058
3 0.490296 0.533302 0.332378 0.282333 0.0228778
5 0.939716 0.456152 0.0434 0.0611725 0.0222197
5 0.939773 0.45723 0.04381 0.0580609 0.0221941
3 0.483671 0.529627 0.396826 0.329905 0.0220521
5 0.940086 0.457997 0.0539633 0.0670865 0.0188002
5 0.940464 0.457895 0.0432787 0.0561671 0.01833
5 0.940238 0.45626 0.0425266 0.0591586 0.0182871
5 0.0188242 0.0666266 0.0376484 0.0624745 0.0177243
5 0.0190608 0.0669773 0.0381216 0.0634058 0.0175726
5 0.940396 0.457829 0.0468079 0.0590399 0.0168399
5 0.0182337 0.0669963 0.0364674 0.062875 0.0165675
3 0.483468 0.517758 0.335336 0.265939 0.0164985
5 0.939234 0.457462 0.0454856 0.0587793 0.0163495
5 0.0187725 0.0690391 0.0371285 0.061315 0.0162918
5 0.939736 0.456498 0.0519158 0.0677367 0.0161085
5 0.432933 0.333461 0.0308372 0.0422649 0.0149806
3 0.479504 0.554115 0.316926 0.316255 0.0147454
3 0.81893 0.0625441 0.359299 0.125088 0.014236
5 0.431575 0.328393 0.037406 0.0476844 0.0137066
3 0.478505 0.556038 0.325269 0.319988 0.0136994
5 0.391457 0.356655 0.0531974 0.0611603 0.0135454
3 0.476695 0.535948 0.302104 0.278167 0.0123246
5 0.506391 0.352576 0.0405747 0.0534108 0.0112325
3 0.81359 0.0502509 0.365846 0.100502 0.0105772
5 0.430738 0.333156 0.0302613 0.042335 0.0104352
5 0.346618 0.370831 0.0401143 0.0540197 0.010396
5 0.507593 0.345167 0.0433255 0.05354 0.0101785
3 0.801221 0.0641657 0.397558 0.127587 0.0100443
