3 0.503803 0.532024 0.495163 0.603112 0.782765
3 0.502807 0.528459 0.494876 0.609212 0.778802
3 0.503611 0.533175 0.493734 0.59788 0.778131
3 0.502747 0.532963 0.495833 0.600064 0.771749
3 0.502195 0.527967 0.495742 0.617626 0.769486
3 0.502379 0.527933 0.495641 0.614226 0.757468
3 0.501802 0.536249 0.489045 0.577647 0.757037
3 0.502344 0.536035 0.490372 0.572382 0.753764
3 0.501855 0.538772 0.488305 0.57868 0.750582
3 0.501663 0.52687 0.497007 0.608518 0.257916
3 0.502392 0.534771 0.493262 0.595263 0.0545842
5 0.938346 0.458878 0.040433 0.0596006 0.0459512
5 0.938127 0.458714 0.0407448 0.0600795 0.0361685
5 0.939554 0.458639 0.0476219 0.0642185 0.0275813
5 0.940671 0.458403 0.0445464 0.061086 0.026849
5 0.938726 0.458933 0.038836 0.0565783 0.0267709
5 0.938815 0.45855 0.0386814 0.0563019 0.0246937
5 0.939593 0.459175 0.0399744 0.0559749 0.0246925
5 0.940554 0.458274 0.0434926 0.0610428 0.0240199
5 0.93904 0.459124 0.0397002 0.056855 0.0226459
3 0.574977 0.608974 0.336307 0.169886 0.018585
5 0.9401 0.458816 0.0435632 0.0578328 0.0156752
3 0.569533 0.601312 0.354207 0.189841 0.0147058
3 0.547113 0.600397 0.418737 0.191525 0.0134803
3 0.599875 0.610512 0.277996 0.165539 0.0128886
5 0.0157485 0.0673873 0.0314004 0.0553638 0.0111722
5 0.939224 0.458793 0.0416981 0.0570588 0.0110909
3 0.551035 0.606994 0.399207 0.180467 0.010308
5 0.0160371 0.0676691 0.0320742 0.0538431 0.0102929
