3 0.507601 0.503089 0.50995 0.633289 0.820389
3 0.50633 0.502887 0.510815 0.634196 0.814666
3 0.504544 0.500334 0.500873 0.632543 0.806111
3 0.504867 0.501062 0.508785 0.640877 0.792992
3 0.506747 0.500859 0.511129 0.634378 0.782082
3 0.506207 0.499155 0.513195 0.636901 0.779089
3 0.504581 0.497425 0.502709 0.632029 0.760741
3 0.505109 0.500552 0.512273 0.640597 0.754013
3 0.504131 0.499949 0.499673 0.637078 0.61428
3 0.50523 0.497042 0.504291 0.636884 0.561165
3 0.496606 0.478768 0.374581 0.420925 0.341869
3 0.49766 0.471336 0.386133 0.431529 0.327535
3 0.494696 0.48374 0.378011 0.427869 0.244869
3 0.496496 0.474976 0.384739 0.434656 0.233266
3 0.508491 0.502154 0.509268 0.641562 0.142192
3 0.497732 0.487512 0.351161 0.41634 0.132491
3 0.502317 0.467504 0.360346 0.401705 0.130719
3 0.500644 0.460066 0.379649 0.422716 0.125811
3 0.503436 0.470948 0.40801 0.442338 0.0634517
3 0.505711 0.475781 0.332697 0.387474 0.0615631
3 0.491321 0.492734 0.367032 0.429286 0.0483813
3 0.506169 0.461446 0.404097 0.437187 0.0333988
3 0.500567 0.472411 0.4079 0.444454 0.0248295
3 0.506421 0.501941 0.511497 0.640462 0.0242076
5 0.936838 0.458988 0.0408163 0.0591585 0.023412
5 0.936763 0.458631 0.0416187 0.0600763 0.022619
3 0.478396 0.490447 0.313929 0.416963 0.0205644
3 0.505957 0.447614 0.362771 0.353612 0.0194904
3 0.510831 0.448333 0.33555 0.334319 0.0189651
3 0.492641 0.481825 0.371963 0.440799 0.0186578
3 0.49629 0.478897 0.378131 0.441277 0.0169009
3 0.484214 0.478875 0.301572 0.373933 0.0158603
5 0.937399 0.458746 0.0377326 0.0550109 0.0131401
5 0.936965 0.458657 0.0370628 0.0544407 0.0120124
5 0.937551 0.459003 0.0380976 0.0541587 0.0114385
3 0.507682 0.449407 0.319502 0.316931 0.0106675
5 0.937484 0.458839 0.0382741 0.0547746 0.0100346
