5 0.566627 0.266546 0.0671626 0.0803609 0.849877
5 0.537184 0.761295 0.0911319 0.0723136 0.805497
5 0.472035 0.508691 0.101159 0.13463 0.766082
5 0.678313 0.669976 0.0620018 0.0826055 0.58286
2 0.677423 0.669254 0.0604226 0.0828925 0.528149
3 0.557385 0.528452 0.441575 0.510565 0.228391
3 0.501062 0.587643 0.336314 0.325691 0.203992
3 0.530472 0.358904 0.345738 0.179812 0.177883
3 0.636617 0.478186 0.232721 0.379616 0.122717
1 0.505118 0.872467 0.569863 0.198108 0.0617896
1 0.502432 0.154549 0.444955 0.118745 0.0503061
3 0.451747 0.358134 0.170687 0.183676 0.023905
3 0.468924 0.587185 0.125603 0.325803 0.0235092
1 0.266547 0.558419 0.142753 0.674318 0.0135826
