5 0.411773 0.388927 0.0255449 0.0290275 0.41025
3 0.357922 0.393078 0.434187 0.623497 0.379541
5 0.45242 0.605478 0.0196766 0.027605 0.353645
5 0.373304 0.473894 0.0260364 0.0293708 0.332725
5 0.425737 0.56732 0.0250491 0.0278081 0.277045
5 0.474884 0.600103 0.0236853 0.0319266 0.216477
5 0.447593 0.483876 0.0253816 0.029808 0.212156
5 0.396543 0.209021 0.0209154 0.024568 0.190132
5 0.37433 0.159535 0.0189623 0.0224469 0.165429
5 0.460345 0.633108 0.0237541 0.0253463 0.15561
5 0.41997 0.171908 0.0209055 0.0253383 0.149091
5 0.41467 0.217634 0.0163848 0.020785 0.122601
5 0.345009 0.492867 0.0222018 0.0222098 0.093443
5 0.388123 0.138559 0.0165378 0.0198802 0.0876896
5 0.392467 0.673549 0.0261902 0.0273401 0.0743908
2 0.420105 0.172124 0.0226905 0.0282441 0.0728468
5 0.38391 0.346275 0.0208058 0.0210087 0.0590882
5 0.432712 0.203934 0.0181917 0.019816 0.0567528
1 0.256675 0.197893 0.177204 0.188679 0.0458883
5 0.430443 0.615021 0.0163289 0.0211571 0.0328279
5 0.371538 0.476914 0.0405126 0.0396486 0.0309334
5 0.373609 0.159898 0.0290159 0.0298186 0.0289535
5 0.410852 0.392736 0.037302 0.0507972 0.0287688
3 0.407932 0.488921 0.307622 0.393397 0.0287086
5 0.379031 0.112719 0.0250521 0.0377654 0.0245317
5 0.408932 0.213637 0.0226916 0.0289554 0.0235386
1 0.275632 0.154568 0.170488 0.133449 0.0229404
5 0.43498 0.660348 0.0173077 0.0226151 0.0171999
5 0.396798 0.206385 0.030821 0.0354827 0.0159279
0 0.373771 0.132075 0.108714 0.104354 0.0147105
1 0.242113 0.328976 0.204953 0.448555 0.0139545
0 0.410777 0.162886 0.131555 0.16505 0.0137648
5 0.383105 0.126138 0.0236767 0.0456565 0.0125482
0 0.435739 0.197683 0.186582 0.2365 0.0111721
5 0.418934 0.213075 0.0285582 0.0306343 0.0109746
5 0.463093 0.602918 0.039722 0.0409765 0.0108185
5 0.405303 0.21391 0.0390175 0.0399814 0.0105031
5 0.322442 0.424614 0.0221803 0.0272844 0.0103562
