2 0.282127 0.350358 0.106349 0.0966734 0.768173
2 0.689545 0.361922 0.091639 0.0432079 0.70717
2 0.423118 0.500622 0.148263 0.0800898 0.394512
2 0.487321 0.408349 0.0499617 0.126805 0.176081
3 0.446791 0.337442 0.220896 0.270231 0.0698221
3 0.496347 0.622756 0.581938 0.272613 0.0388846
2 0.486366 0.483595 0.0246574 0.0338125 0.0189529
2 0.621548 0.444505 0.0458696 0.198833 0.0131349
2 0.612078 0.532498 0.0294858 0.034475 0.0126156
2 0.475566 0.343022 0.0784924 0.26371 0.0119255
2 0.52799 0.530083 0.181158 0.128781 0.0118944
