3 0.599252 0.294291 0.443514 0.584367 0.872229
5 0.48461 0.208681 0.0507636 0.0681091 0.744998
5 0.547243 0.87795 0.158178 0.148377 0.216493
5 0.427094 0.587977 0.0374115 0.0411805 0.0711865
2 0.549669 0.880415 0.151036 0.14892 0.0711152
2 0.568175 0.904451 0.103169 0.0778843 0.0369102
5 0.187428 0.145192 0.0394552 0.0494266 0.0327411
5 0.575826 0.777802 0.0267248 0.0320476 0.0293407
5 0.570281 0.902892 0.0987017 0.082132 0.0159621
5 0.619134 0.600327 0.0270805 0.0298245 0.013306
5 0.423309 0.587413 0.0549769 0.0588323 0.0119559
