2 0.712032 0.788803 0.245044 0.163042 0.330716
3 0.541486 0.524734 0.759741 0.903607 0.17575
5 0.772024 0.109427 0.0194006 0.027807 0.114177
5 0.786107 0.035734 0.0179251 0.0290957 0.0892547
5 0.760906 0.0535796 0.0189171 0.029105 0.0342448
5 0.748689 0.0843979 0.0270827 0.0383293 0.0322117
5 0.394818 0.264419 0.0330125 0.0452644 0.030082
3 0.367176 0.534015 0.196651 0.586432 0.0279295
3 0.618205 0.502812 0.356142 0.476378 0.0254883
5 0.700778 0.749976 0.283445 0.246053 0.0239145
5 0.766476 0.0526608 0.0206652 0.0303702 0.0226436
5 0.773408 0.110016 0.0272006 0.0382773 0.0154094
3 0.504997 0.51434 0.33916 0.561108 0.0141403
5 0.787224 0.0393036 0.0250766 0.0406007 0.0127035
2 0.729415 0.799389 0.167036 0.125909 0.0119603
