2 0.71617 0.887833 0.0863989 0.11181 0.263636
5 0.609402 0.571623 0.0548177 0.113482 0.239754
2 0.667067 0.0675489 0.143576 0.121923 0.234657
3 0.651427 0.506283 0.494419 0.845194 0.0651502
0 0.64976 0.901173 0.244726 0.184843 0.0380493
2 0.680413 0.179901 0.0347681 0.0481313 0.0346645
5 0.744734 0.259829 0.040237 0.0526559 0.0326977
1 0.652192 0.508925 0.515916 0.911314 0.0312356
2 0.667595 0.917303 0.0879429 0.0839251 0.029644
2 0.654941 0.92655 0.0510118 0.0798238 0.0288283
5 0.656787 0.921625 0.0573554 0.08095 0.0276604
3 0.628579 0.471947 0.267204 0.414179 0.0268847
2 0.6869 0.893443 0.130952 0.123562 0.0218006
2 0.706359 0.904722 0.0344596 0.0807058 0.0208793
5 0.614209 0.573076 0.0834545 0.140554 0.0204181
5 0.678809 0.178184 0.0389619 0.0563992 0.0202184
3 0.272909 0.453768 0.303333 0.672612 0.013398
3 0.559392 0.469238 0.308542 0.55058 0.0123349
2 0.493753 0.907 0.0539456 0.134431 0.0112826
1 0.392148 0.470271 0.100244 0.601107 0.0105478
5 0.271269 0.437479 0.0261596 0.046333 0.0102941
1 0.755789 0.505413 0.251132 0.501761 0.0100799
