1 0.536473 0.456352 0.631674 0.519677 0.798491
5 0.911122 0.589912 0.0421163 0.0856929 0.113429
5 0.855081 0.623978 0.019467 0.0376456 0.0497756
5 0.665973 0.556497 0.0241139 0.0401529 0.0494162
5 0.817905 0.681655 0.0164438 0.0275201 0.049381
2 0.908861 0.589148 0.0404652 0.0820229 0.0393101
5 0.70315 0.683281 0.019164 0.0310989 0.0387329
5 0.728923 0.667491 0.0243623 0.0321693 0.0342809
5 0.807822 0.693891 0.0181892 0.0286729 0.034154
5 0.814401 0.685641 0.0183901 0.0300263 0.0337507
5 0.738286 0.636412 0.029396 0.047272 0.0237378
0 0.831084 0.534032 0.0874763 0.247027 0.0209802
5 0.799416 0.659165 0.0199848 0.0324204 0.0207342
2 0.827445 0.610578 0.0239169 0.0440245 0.0193136
5 0.735049 0.647202 0.0381696 0.0689274 0.015045
5 0.828702 0.606031 0.0262106 0.0485043 0.014398
5 0.80436 0.666733 0.0215302 0.0328585 0.014362
5 0.801923 0.698484 0.0198846 0.029904 0.0142086
5 0.798085 0.525459 0.104677 0.217188 0.0139258
5 0.723407 0.67157 0.0206979 0.0334906 0.0136729
5 0.713435 0.678004 0.019603 0.0353937 0.0135933
5 0.844149 0.765068 0.025958 0.0342592 0.0134619
5 0.842827 0.743326 0.0272656 0.0335889 0.0121571
5 0.831878 0.663282 0.0199036 0.0321938 0.011768
5 0.822209 0.675357 0.0169889 0.0319595 0.0101111
