3 0.460536 0.409107 0.322656 0.405041 0.203563
3 0.503225 0.532935 0.667654 0.91096 0.194541
5 0.0236677 0.340702 0.0341577 0.0479992 0.16013
5 0.0895284 0.314544 0.042095 0.057141 0.147009
5 0.0346305 0.392818 0.0227139 0.0358928 0.137093
5 0.0665002 0.516921 0.0211329 0.035688 0.107448
5 0.129465 0.503509 0.0181912 0.0270925 0.0942338
3 0.486287 0.450969 0.444716 0.558049 0.0898188
5 0.0932603 0.505679 0.0201551 0.0344879 0.0823576
5 0.0758616 0.382958 0.0270201 0.039548 0.0736082
5 0.0268856 0.339985 0.051261 0.0678661 0.0421079
5 0.0267564 0.3642 0.0373518 0.0693825 0.0346594
5 0.0310339 0.393138 0.0331014 0.0457085 0.021682
5 0.00921231 0.414545 0.0184246 0.0435093 0.0165232
5 0.147987 0.48029 0.0159828 0.027836 0.0143249
5 0.0215917 0.399432 0.0285851 0.0485388 0.0119352
