4 0.527311 0.483615 0.920356 0.884733 0.558193
2 0.143633 0.48398 0.0506497 0.0828807 0.509331
2 0.159615 0.267769 0.0584933 0.0658049 0.489947
2 0.0973298 0.517318 0.0507676 0.064514 0.199405
2 0.0971834 0.583208 0.0352165 0.0636498 0.198701
2 0.103114 0.649081 0.0320126 0.064164 0.193335
2 0.101312 0.392777 0.0351645 0.0739546 0.174099
2 0.0696681 0.335626 0.0362263 0.0652567 0.168569
2 0.802023 0.634181 0.0555392 0.085853 0.126135
2 0.106596 0.287015 0.0376994 0.0452213 0.107964
2 0.35399 0.160241 0.0399503 0.0576836 0.106462
2 0.275094 0.225062 0.0401696 0.0501019 0.094101
2 0.191245 0.346707 0.124381 0.173767 0.0722899
2 0.229828 0.232123 0.0331886 0.0504955 0.0719786
2 0.132834 0.353159 0.0338436 0.0529938 0.0680088
2 0.0533354 0.470864 0.0599755 0.0826536 0.0522217
2 0.199155 0.592149 0.177269 0.195731 0.0460953
2 0.100739 0.609477 0.0402002 0.11037 0.0445327
2 0.185713 0.3532 0.092018 0.126377 0.041405
2 0.331422 0.285217 0.186533 0.26547 0.0402768
2 0.230012 0.68369 0.176214 0.208328 0.0376832
2 0.208804 0.336023 0.0712934 0.159103 0.0357803
2 0.171352 0.361709 0.054893 0.105042 0.0357707
2 0.687707 0.555899 0.0483943 0.0552486 0.0338315
2 0.803836 0.489271 0.0365655 0.0572827 0.032816
2 0.391336 0.583134 0.144463 0.202177 0.0320991
2 0.432008 0.748208 0.0256376 0.0416803 0.0317699
2 0.470344 0.758088 0.0266435 0.0528096 0.0309228
2 0.708035 0.566638 0.0343943 0.050084 0.0295778
2 0.0443258 0.378461 0.0241608 0.0457038 0.026361
2 0.16488 0.377908 0.0406607 0.063109 0.0237738
2 0.762023 0.584489 0.058525 0.111546 0.0237359
2 0.668936 0.724383 0.0805305 0.101058 0.022706
2 0.056915 0.437704 0.0726011 0.148169 0.0226428
2 0.178443 0.576234 0.101874 0.143388 0.0224433
2 0.117778 0.500831 0.106325 0.118764 0.02069
2 0.701729 0.610668 0.0248572 0.0537968 0.0201918
0 0.529967 0.425638 0.925789 0.795629 0.0201615
2 0.16146 0.566976 0.0616399 0.138668 0.0193459
2 0.236128 0.553031 0.161802 0.11142 0.0190959
2 0.0697536 0.404369 0.0449728 0.102549 0.0177589
2 0.39435 0.764969 0.0297554 0.0429685 0.0159996
2 0.699876 0.65197 0.0277881 0.0667034 0.0157692
2 0.145107 0.51305 0.0572697 0.157921 0.0156606
2 0.158842 0.35543 0.0557047 0.0806867 0.0154319
2 0.615216 0.549269 0.0580592 0.124259 0.0151834
2 0.319535 0.72934 0.0873672 0.111528 0.0151257
2 0.599326 0.558479 0.104149 0.151115 0.0149691
2 0.0904976 0.392511 0.0468146 0.0833508 0.0136414
2 0.0772942 0.393219 0.0258125 0.0667279 0.0135943
2 0.161259 0.287199 0.0777988 0.107251 0.0130643
2 0.779563 0.600111 0.112146 0.167674 0.0125653
2 0.0793531 0.583612 0.0384477 0.0569723 0.0122273
2 0.768883 0.486895 0.0265409 0.0441947 0.0118754
2 0.38282 0.783119 0.0582956 0.0673299 0.0118186
2 0.162567 0.329225 0.0626308 0.0964171 0.011402
2 0.673245 0.621854 0.023026 0.0414045 0.0112247
2 0.231056 0.268896 0.0279546 0.0436557 0.0111179
2 0.152239 0.555632 0.0368984 0.0967146 0.0107711
2 0.638461 0.531787 0.0300738 0.0946985 0.0100831
2 0.77243 0.616909 0.0667265 0.0718972 0.0100693
