2 0.596669 0.392942 0.0533742 0.0741363 0.910574
2 0.549677 0.614989 0.0969226 0.126895 0.884786
2 0.597166 0.296694 0.102397 0.119295 0.861577
2 0.52408 0.42402 0.0740895 0.13203 0.860169
2 0.369619 0.879675 0.0730387 0.107009 0.859887
2 0.927847 0.608652 0.0949449 0.122626 0.85301
2 0.239312 0.453843 0.0583047 0.0897208 0.84479
2 0.346834 0.239933 0.075293 0.0997958 0.834533
2 0.741423 0.307916 0.0771558 0.0904719 0.810459
2 0.372722 0.397648 0.0753994 0.0857967 0.807604
2 0.172153 0.379233 0.0673966 0.136695 0.80552
2 0.831432 0.217258 0.0504837 0.0961002 0.792107
2 0.128449 0.443567 0.0504856 0.084362 0.788098
2 0.778787 0.0993036 0.0628072 0.0977914 0.778416
2 0.213989 0.803725 0.051002 0.0744609 0.773621
2 0.505498 0.249274 0.049734 0.0725487 0.771991
2 0.736655 0.164715 0.0523993 0.0649705 0.74372
2 0.792303 0.737506 0.113344 0.127187 0.734581
2 0.43085 0.185856 0.0473213 0.0541474 0.699007
2 0.310738 0.928593 0.0434136 0.0563305 0.6736
2 0.623237 0.452754 0.0324123 0.0462221 0.57562
2 0.423564 0.56681 0.0297951 0.0525574 0.557822
2 0.409933 0.428002 0.0525117 0.090475 0.543824
2 0.870032 0.194475 0.0453275 0.0722392 0.530069
2 0.526695 0.0851072 0.0262741 0.0389972 0.399877
2 0.211928 0.859019 0.0438682 0.0501497 0.262878
2 0.857716 0.604731 0.0411833 0.0580627 0.186518
5 0.857809 0.604946 0.0409038 0.0550769 0.171999
2 0.770016 0.72049 0.0645895 0.0895348 0.129321
2 0.181831 0.344246 0.0464544 0.0675231 0.0304917
2 0.8635 0.616647 0.0772352 0.109074 0.0106386
