2 0.532287 0.469233 0.0603336 0.0862188 0.662543
2 0.481422 0.610443 0.0351057 0.0720037 0.655581
2 0.633945 0.396693 0.0469904 0.112019 0.644889
2 0.473798 0.551638 0.0749337 0.0531982 0.621492
2 0.614551 0.49741 0.0503725 0.0620614 0.502059
2 0.606566 0.587479 0.0456133 0.100019 0.435291
2 0.290482 0.650834 0.0465888 0.0852579 0.37603
2 0.720705 0.638514 0.0632443 0.0623343 0.34586
2 0.82822 0.148064 0.0485156 0.07989 0.319637
2 0.332362 0.573993 0.0471527 0.0460307 0.308441
2 0.539087 0.118836 0.0506323 0.0809475 0.292099
2 0.522562 0.581129 0.0463643 0.0455377 0.22847
2 0.617224 0.699608 0.0337111 0.0490407 0.199032
2 0.78069 0.453395 0.0495747 0.0860202 0.198841
2 0.578188 0.702147 0.0399003 0.0628488 0.176574
2 0.472863 0.59601 0.0719054 0.0892627 0.11643
2 0.510837 0.507776 0.0232277 0.040796 0.108701
2 0.746707 0.515843 0.033741 0.0558552 0.107714
2 0.402937 0.138062 0.123996 0.10278 0.0782947
2 0.786562 0.600147 0.0360398 0.05122 0.0589053
2 0.389794 0.654125 0.121195 0.145236 0.0409826
2 0.565222 0.640994 0.0390867 0.0453711 0.0339668
2 0.487203 0.56567 0.0732655 0.0434065 0.0314705
2 0.586096 0.644308 0.0497455 0.0378378 0.0312451
2 0.588414 0.685623 0.0648218 0.0924222 0.0259982
2 0.300277 0.652918 0.0724381 0.112736 0.0251022
2 0.48605 0.46518 0.0266184 0.0356994 0.0242239
2 0.431594 0.140695 0.0587517 0.0734319 0.0212363
2 0.297416 0.557206 0.0272344 0.0651299 0.0210947
2 0.31453 0.389344 0.106723 0.178421 0.0207314
2 0.312863 0.564335 0.0693123 0.0820722 0.0186647
2 0.773037 0.475301 0.0727164 0.127905 0.018526
2 0.525958 0.540032 0.0445655 0.0476588 0.0184582
2 0.327883 0.577723 0.0711932 0.0714307 0.0178554
2 0.672522 0.155029 0.0353129 0.0844988 0.0177634
2 0.360062 0.511585 0.131397 0.161904 0.0177299
2 0.493336 0.440298 0.0238204 0.0335482 0.0145259
2 0.51239 0.539796 0.140143 0.241832 0.0143748
2 0.554619 0.557044 0.026269 0.0531602 0.0143105
2 0.527926 0.592109 0.068 0.0763887 0.0125413
2 0.675561 0.155411 0.0689538 0.111672 0.0122148
2 0.305 0.429721 0.0948129 0.113331 0.0115862
2 0.367307 0.144275 0.0342763 0.0527958 0.011149
2 0.526758 0.117257 0.102041 0.115025 0.0110179
