0 0.548795 0.489077 0.804554 0.948763 0.472016
5 0.14711 0.691525 0.046991 0.0606961 0.438756
5 0.129593 0.606247 0.0292305 0.041809 0.261808
5 0.720229 0.0169863 0.0212055 0.0313657 0.258703
5 0.105389 0.525467 0.0204885 0.0295374 0.108626
5 0.744879 0.0409908 0.0181813 0.0258828 0.103093
5 0.0965688 0.442929 0.0226563 0.0380711 0.0840613
5 0.121772 0.58743 0.0275037 0.0331678 0.0188274
0 0.816999 0.503778 0.291172 0.945683 0.0184773
3 0.61019 0.552507 0.368914 0.634261 0.0153181
3 0.766064 0.595551 0.28388 0.610146 0.0110293
