2 0.520227 0.64267 0.0347761 0.0502333 0.701206
2 0.461922 0.452041 0.0420006 0.0601294 0.688501
2 0.547466 0.312299 0.0361253 0.0563096 0.680788
2 0.485272 0.623558 0.0354088 0.0544404 0.679133
2 0.721358 0.374827 0.0518128 0.0613758 0.668019
2 0.522176 0.586911 0.0305433 0.0463198 0.643396
2 0.506993 0.221574 0.0433261 0.0507874 0.642661
2 0.542168 0.173381 0.0367817 0.053723 0.628788
2 0.617758 0.227064 0.0337697 0.0493303 0.603445
2 0.613341 0.29948 0.027976 0.0462538 0.578876
2 0.638666 0.456435 0.0262831 0.0392635 0.558159
2 0.515061 0.444341 0.0334852 0.0512412 0.54559
2 0.670826 0.463885 0.0251974 0.0395323 0.540597
2 0.641974 0.312859 0.02555 0.0368262 0.538241
2 0.588366 0.421227 0.0300622 0.0469551 0.524001
2 0.64433 0.368188 0.0249732 0.0398411 0.521192
2 0.640921 0.835942 0.0283695 0.0483451 0.513533
2 0.601836 0.572309 0.0234687 0.0355318 0.504099
2 0.574316 0.582625 0.025135 0.0348851 0.497052
2 0.636784 0.416851 0.0279204 0.0381163 0.492135
2 0.617519 0.876672 0.0364996 0.038726 0.487911
2 0.623995 0.380454 0.0225236 0.0372272 0.486194
2 0.746072 0.812878 0.0223014 0.0325747 0.47627
2 0.619594 0.79847 0.024699 0.034211 0.470065
2 0.600612 0.675747 0.0216495 0.0328739 0.458995
2 0.695332 0.468799 0.0228096 0.0365449 0.444119
2 0.728566 0.203285 0.0265054 0.0413353 0.443513
2 0.826028 0.482516 0.0234078 0.0392521 0.428774
2 0.84858 0.64222 0.0182728 0.0285311 0.418097
2 0.652689 0.275046 0.0292707 0.0432955 0.417951
2 0.762326 0.467193 0.0211524 0.032055 0.410215
2 0.619483 0.751584 0.0386281 0.0443607 0.402113
2 0.675006 0.347948 0.0257882 0.0360668 0.388009
2 0.683784 0.208152 0.0280947 0.0447409 0.375705
2 0.576704 0.610479 0.0214558 0.0245853 0.360838
2 0.703562 0.170195 0.0246572 0.0376813 0.358624
2 0.70947 0.55512 0.0219006 0.0347129 0.348796
2 0.652259 0.709989 0.0276032 0.0367815 0.345669
2 0.741745 0.157011 0.0230424 0.0387454 0.333165
2 0.650529 0.797555 0.0215922 0.0316359 0.330116
2 0.729183 0.525204 0.0196768 0.0298061 0.328059
2 0.760719 0.351828 0.022523 0.0352884 0.324985
0 0.163656 0.239332 0.167232 0.236661 0.307791
2 0.872945 0.632384 0.0191771 0.0287189 0.305154
2 0.818634 0.750426 0.0180047 0.0256224 0.297782
2 0.81171 0.719986 0.0237471 0.0339055 0.296809
2 0.721299 0.446681 0.026581 0.0445931 0.289669
2 0.655202 0.909843 0.0270164 0.0302187 0.277594
2 0.798245 0.342115 0.0185449 0.0293392 0.276158
2 0.687527 0.217031 0.0236343 0.0357874 0.272604
2 0.617238 0.54025 0.0236571 0.0356857 0.271971
2 0.661355 0.527527 0.0216124 0.0332097 0.258763
2 0.730759 0.246639 0.0193945 0.0278354 0.246311
2 0.743684 0.265974 0.0185431 0.0280848 0.242415
2 0.576242 0.641128 0.0207955 0.0290268 0.241452
2 0.786497 0.379471 0.0181455 0.0283184 0.234592
2 0.598398 0.653327 0.0246297 0.030849 0.227985
2 0.72762 0.807842 0.0193072 0.0314679 0.225736
2 0.67671 0.313602 0.0267074 0.0335315 0.22571
2 0.858252 0.427032 0.016616 0.0273505 0.224889
2 0.727074 0.646782 0.0187989 0.0271205 0.223562
2 0.622753 0.666859 0.0213302 0.0335121 0.223478
2 0.81873 0.363629 0.0188161 0.0286477 0.223289
2 0.832076 0.618182 0.0173537 0.0270014 0.221308
2 0.824519 0.424206 0.0185784 0.0288269 0.210552
2 0.709772 0.92688 0.0221124 0.0310626 0.209305
2 0.81643 0.743126 0.0212595 0.0337538 0.20747
2 0.701808 0.595862 0.021526 0.0302923 0.205313
2 0.622212 0.531082 0.0242674 0.0368239 0.205163
2 0.747413 0.427093 0.0197489 0.0326577 0.2037
2 0.708526 0.843128 0.0204267 0.0279905 0.197475
2 0.904087 0.549694 0.0298401 0.048394 0.197015
2 0.690006 0.742928 0.0190887 0.0308404 0.170993
2 0.876599 0.442537 0.0174978 0.026829 0.170305
2 0.957551 0.618635 0.0171391 0.0254268 0.168455
2 0.644367 0.664887 0.0196916 0.031285 0.162225
2 0.596446 0.453773 0.0268201 0.036342 0.153259
5 0.139901 0.316417 0.023583 0.0324656 0.150067
5 0.0589742 0.392912 0.024603 0.0438144 0.149721
2 0.710675 0.893524 0.0193851 0.0264015 0.147996
2 0.775461 0.237943 0.0193036 0.0295974 0.146504
2 0.702735 0.62981 0.0212484 0.0303155 0.140517
2 0.949341 0.594307 0.0154511 0.0231787 0.139001
2 0.872376 0.75142 0.0167351 0.0266882 0.130209
2 0.669423 0.249085 0.0218418 0.0302878 0.12769
2 0.828359 0.334785 0.0183668 0.0285855 0.127173
2 0.342784 0.916272 0.0366363 0.0389472 0.12664
2 0.430763 0.0519147 0.0211219 0.02687 0.125706
2 0.569942 0.548183 0.0204691 0.0318364 0.120374
2 0.737889 0.943356 0.0171119 0.0275466 0.11574
2 0.7741 0.16326 0.0174026 0.02636 0.114287
2 0.791731 0.139187 0.0275075 0.0284531 0.113007
2 0.670355 0.605786 0.0315607 0.0392282 0.110668
2 0.788662 0.268213 0.019161 0.0279249 0.110637
2 0.890703 0.489377 0.0189496 0.0279129 0.110188
2 0.783642 0.298826 0.0184081 0.028471 0.108843
2 0.447786 0.0666049 0.0190672 0.0254342 0.107446
2 0.794524 0.194287 0.0194901 0.0252087 0.104334
2 0.686827 0.280271 0.0209188 0.0284457 0.100088
0 0.238473 0.204818 0.33591 0.29533 0.0954731
2 0.242816 0.836882 0.0259168 0.035656 0.094668
2 0.638927 0.550914 0.0215561 0.0352694 0.0941537
2 0.716068 0.272651 0.0226794 0.0344067 0.0932115
2 0.856226 0.8939 0.0194268 0.0308725 0.0929655
2 0.592065 0.438448 0.0352609 0.0699526 0.0917292
2 0.685474 0.536814 0.0210851 0.0347193 0.0863436
2 0.676484 0.566737 0.0210911 0.0333253 0.0862558
5 0.0994183 0.440279 0.0180434 0.0293124 0.0849577
2 0.615699 0.31646 0.035857 0.0676972 0.0837828
2 0.81726 0.280605 0.0178756 0.0284365 0.07832
2 0.627616 0.565081 0.0226952 0.0323835 0.0766581
5 0.0500003 0.424162 0.0202874 0.0262044 0.0764682
2 0.699239 0.301 0.0203305 0.0316162 0.0761856
5 0.152063 0.710859 0.026501 0.0323111 0.0755358
2 0.594831 0.71349 0.0212298 0.0264797 0.0723083
2 0.22088 0.821436 0.0215599 0.0310703 0.0700785
2 0.605781 0.67001 0.0346862 0.046928 0.0699261
2 0.794848 0.374807 0.014069 0.0272048 0.0687612
2 0.592395 0.503695 0.0301034 0.0377012 0.0669186
2 0.220969 0.189862 0.0223366 0.0315373 0.0662234
2 0.357845 0.0584223 0.0236132 0.0320984 0.0644852
2 0.47614 0.0562295 0.027104 0.0339188 0.0639541
2 0.530596 0.494065 0.0484354 0.0445745 0.063658
2 0.627215 0.584232 0.0211422 0.0321642 0.0620459
2 0.702886 0.612028 0.024615 0.0513285 0.0597533
5 0.04713 0.438297 0.0210319 0.0227989 0.0581216
2 0.544431 0.487549 0.0506999 0.0541921 0.0581021
2 0.619569 0.345556 0.0340602 0.0348811 0.0580501
2 0.759624 0.952392 0.0173711 0.0272404 0.0578947
5 0.133036 0.335531 0.0236545 0.0252956 0.0574946
2 0.536572 0.521515 0.0540382 0.0516364 0.0562513
4 0.305237 0.125342 0.28377 0.170559 0.0548308
2 0.770664 0.686685 0.0157306 0.0242626 0.0547083
2 0.76654 0.341077 0.0203303 0.0330256 0.0544952
2 0.441387 0.0560824 0.0185731 0.0278434 0.0536872
5 0.127607 0.66899 0.0200594 0.0264219 0.0519069
2 0.729748 0.967018 0.0187866 0.0281666 0.0516299
2 0.595349 0.532379 0.0232899 0.0350954 0.0512591
2 0.866856 0.636397 0.0317118 0.036907 0.0506973
2 0.0476867 0.553554 0.0216601 0.0377991 0.0497585
2 0.645912 0.674602 0.0286166 0.0491165 0.0487687
2 0.653901 0.537087 0.0275905 0.0400592 0.0473652
2 0.648186 0.689465 0.0277036 0.0486151 0.0470574
2 0.546951 0.531328 0.0638986 0.0463107 0.043904
2 0.629399 0.615422 0.0214144 0.0309663 0.0436237
2 0.749223 0.0854847 0.0335308 0.0381388 0.0435064
5 0.167655 0.743636 0.0235935 0.0340518 0.0431266
2 0.589313 0.539121 0.0317899 0.0410928 0.0426336
2 0.276117 0.872469 0.0245783 0.0321052 0.0417603
5 0.220378 0.82123 0.0236533 0.0367284 0.0405867
5 0.133963 0.298281 0.0232345 0.0240413 0.0405021
0 0.0663861 0.524936 0.0953105 0.490016 0.0404213
0 0.270923 0.142174 0.303634 0.198623 0.0403272
2 0.729083 0.746254 0.0187931 0.0315544 0.0399713
2 0.570397 0.555471 0.0302562 0.0582587 0.0375694
2 0.646877 0.57364 0.0182111 0.0307237 0.0369905
0 0.163124 0.510029 0.285192 0.790897 0.0365551
2 0.235766 0.829671 0.0436761 0.0507266 0.0358984
2 0.379355 0.928277 0.0792449 0.0558033 0.0351722
2 0.73369 0.292458 0.0172105 0.025994 0.0344387
2 0.573471 0.537334 0.0350994 0.0440907 0.0342542
2 0.377572 0.0841914 0.0200359 0.0271497 0.03372
0 0.284377 0.137639 0.148623 0.0942589 0.0337107
2 0.67056 0.307904 0.0311296 0.0440992 0.0334549
2 0.403108 0.933567 0.0279236 0.0389613 0.0320604
5 0.197657 0.20596 0.0243416 0.0277611 0.0318228
2 0.642123 0.62728 0.027252 0.0344241 0.0308774
2 0.735412 0.172536 0.0272058 0.0255121 0.0303405
2 0.806939 0.684464 0.0167778 0.02185 0.0299916
2 0.764625 0.299191 0.0167736 0.0270549 0.0298894
2 0.646605 0.633637 0.0216303 0.0306138 0.0298878
2 0.690202 0.304858 0.0286551 0.0399271 0.0296274
2 0.280227 0.879185 0.023191 0.0292596 0.0289119
2 0.636986 0.824706 0.03193 0.0424625 0.0287599
2 0.787473 0.968354 0.0221546 0.0318716 0.0286084
4 0.38783 0.0933659 0.341671 0.108794 0.0284723
2 0.683585 0.773934 0.0183324 0.0256101 0.028026
2 0.755448 0.604218 0.0178731 0.0288158 0.027546
0 0.151662 0.26839 0.273395 0.450156 0.0274676
2 0.629795 0.598777 0.0231309 0.0489839 0.0272304
2 0.639478 0.574629 0.0340546 0.0421892 0.0263387
2 0.521503 0.621477 0.0364792 0.0560471 0.0263236
5 0.12963 0.652793 0.0217315 0.0329347 0.0258971
2 0.584635 0.498735 0.0270954 0.0389257 0.0247787
2 0.583194 0.509224 0.044444 0.0723173 0.0244295
2 0.70295 0.272829 0.0303332 0.0387042 0.0242523
2 0.690413 0.273471 0.022516 0.0360485 0.0236226
2 0.775248 0.107499 0.0245944 0.0258574 0.023605
2 0.393139 0.0624248 0.0378617 0.0436549 0.0235264
2 0.791717 0.634361 0.0175621 0.0261655 0.0230517
2 0.581869 0.564419 0.0323473 0.0459828 0.0230193
2 0.692253 0.585039 0.027309 0.0421445 0.0230036
5 0.154609 0.280794 0.0155774 0.0253028 0.0228682
5 0.0439554 0.449681 0.0197103 0.02412 0.0219804
3 0.245908 0.544103 0.326795 0.593629 0.0216885
2 0.590938 0.469129 0.0339787 0.0337836 0.0215065
2 0.676387 0.33645 0.0333254 0.0496583 0.0210749
5 0.189453 0.238191 0.0190021 0.0252783 0.0208467
2 0.540552 0.506794 0.0681251 0.0906893 0.0201209
5 0.1544 0.228213 0.0133984 0.0198008 0.0196219
0 0.0543092 0.463343 0.0695098 0.309582 0.0196208
2 0.644427 0.563774 0.0222046 0.0475437 0.0190435
0 0.136289 0.680277 0.255498 0.543134 0.0187795
2 0.773434 0.0988688 0.0882543 0.0751496 0.0187744
2 0.373076 0.0691352 0.0809835 0.0625298 0.0185259
2 0.789376 0.109298 0.0554864 0.0428319 0.018495
2 0.31819 0.110836 0.0264727 0.0344715 0.0184677
2 0.708248 0.571451 0.0250612 0.0407463 0.0183557
2 0.597541 0.443995 0.035763 0.0447208 0.0182611
2 0.734031 0.257683 0.0275497 0.0362739 0.0179862
2 0.728431 0.285264 0.0141603 0.0305927 0.0178447
2 0.642481 0.806548 0.0258084 0.0265134 0.0160881
2 0.671998 0.577251 0.0297683 0.0457491 0.0158522
2 0.682433 0.555456 0.0247945 0.0500143 0.0156495
2 0.811181 0.163474 0.0231966 0.0294325 0.0155156
2 0.348056 0.0902569 0.0250776 0.023652 0.0154566
4 0.594319 0.530261 0.185991 0.199558 0.0152628
2 0.863114 0.235188 0.0174003 0.0266457 0.0147168
2 0.513375 0.0609121 0.0255726 0.0343243 0.0143238
2 0.399899 0.0813863 0.0282264 0.0309442 0.0136773
2 0.795457 0.132069 0.0384187 0.0394005 0.0132672
2 0.818398 0.368785 0.0265047 0.0409122 0.0131496
2 0.769091 0.30868 0.0170322 0.0244293 0.0131172
5 0.137622 0.31618 0.0316909 0.0494757 0.012268
0 0.164866 0.726444 0.223053 0.293291 0.0122365
2 0.227981 0.178683 0.024631 0.0350302 0.0120313
5 0.187421 0.787714 0.0299715 0.0379136 0.0118198
5 0.14592 0.305368 0.030448 0.0417798 0.0114969
2 0.685261 0.73477 0.027667 0.0380475 0.0114713
2 0.661125 0.610926 0.0381394 0.0422315 0.0109336
5 0.18212 0.181792 0.0221041 0.0307912 0.0107572
2 0.66856 0.723139 0.0293103 0.0356424 0.0106454
2 0.779576 0.582392 0.0183638 0.0298888 0.0105267
2 0.619963 0.803782 0.0359646 0.0506362 0.0104128
5 0.140741 0.247001 0.0159334 0.0206011 0.0103782
2 0.278142 0.0957378 0.0242839 0.0289086 0.0101754
2 0.726608 0.349574 0.0447424 0.052498 0.0100146
