3 0.486241 0.479353 0.896315 0.949703 0.0852219
4 0.486923 0.48892 0.894202 0.948839 0.0827526
2 0.475106 0.276337 0.443433 0.49351 0.0789746
2 0.772556 0.688977 0.0199812 0.0313892 0.0765908
5 0.771105 0.693424 0.0229163 0.038555 0.0739472
2 0.203059 0.693021 0.380737 0.484624 0.0650189
2 0.328285 0.94643 0.0301473 0.0412617 0.0618381
5 0.743074 0.39171 0.0251929 0.0383335 0.0560634
2 0.480221 0.553618 0.466442 0.598282 0.0538279
0 0.443022 0.493973 0.873291 0.955099 0.0511614
5 0.944259 0.556024 0.0744162 0.355843 0.0403374
2 0.263125 0.713329 0.0659697 0.0915618 0.0349926
2 0.74577 0.380665 0.0262234 0.0419322 0.0269917
5 0.747465 0.327802 0.0324529 0.0371755 0.0259801
2 0.74166 0.393521 0.0257723 0.0402824 0.0238038
5 0.21158 0.685036 0.379518 0.440234 0.020154
2 0.746991 0.32725 0.0314813 0.0370293 0.0199355
5 0.484572 0.257269 0.463459 0.449945 0.0196047
3 0.71174 0.754831 0.458303 0.391305 0.0180179
4 0.742045 0.386704 0.0324315 0.0651634 0.0174052
1 0.116171 0.913597 0.229531 0.171612 0.0169027
0 0.698347 0.754116 0.345704 0.330308 0.0166541
5 0.925384 0.670951 0.0286722 0.066733 0.0141146
3 0.640343 0.613089 0.0421741 0.0862797 0.0137762
0 0.218442 0.695838 0.417274 0.546311 0.0128584
3 0.655302 0.613189 0.0342438 0.0855852 0.0120966
4 0.721222 0.385073 0.0900855 0.0838604 0.0119886
3 0.559649 0.176029 0.771327 0.328367 0.0105178
