1 0.595532 0.35586 0.558766 0.706451 0.834882
1 0.59817 0.356394 0.563884 0.705085 0.810143
1 0.601661 0.356882 0.56085 0.708254 0.807509
1 0.601998 0.357124 0.56346 0.70841 0.753115
1 0.596215 0.357252 0.561324 0.707639 0.750128
1 0.596693 0.356581 0.568665 0.707396 0.73527
1 0.595769 0.358821 0.566809 0.710819 0.717424
1 0.596818 0.35711 0.56356 0.705318 0.713851
1 0.6014 0.356796 0.567993 0.709467 0.712822
1 0.598183 0.356393 0.562123 0.705503 0.691899
5 0.390546 0.204025 0.0447312 0.0529696 0.426583
5 0.390862 0.202743 0.0418872 0.0507748 0.39129
5 0.390477 0.203124 0.0408822 0.0491619 0.371569
5 0.390162 0.203362 0.04231 0.0506796 0.309566
5 0.390589 0.202797 0.0386658 0.0472621 0.275063
5 0.75185 0.469445 0.0539203 0.0709678 0.254788
