3 0.571691 0.45299 0.566353 0.552737 0.739709
3 0.569179 0.452329 0.56131 0.556255 0.723224
3 0.571978 0.453528 0.568508 0.544961 0.69636
3 0.567525 0.452075 0.569089 0.558434 0.695585
3 0.573784 0.455486 0.570599 0.546418 0.678843
3 0.57151 0.456282 0.574494 0.549889 0.665436
3 0.574755 0.458152 0.571915 0.550862 0.64947
3 0.57218 0.456022 0.569754 0.546832 0.647579
3 0.573552 0.458647 0.582338 0.555162 0.634898
3 0.574526 0.459339 0.5769 0.553814 0.625591
3 0.373739 0.40366 0.162696 0.452242 0.0436021
4 0.72017 0.24022 0.199116 0.0895179 0.0365891
3 0.375787 0.421271 0.168535 0.445323 0.0358885
3 0.409398 0.386167 0.227598 0.386917 0.0312293
3 0.405594 0.375573 0.222241 0.338723 0.0308064
3 0.389733 0.411624 0.197134 0.426771 0.0275798
4 0.720783 0.237666 0.190268 0.0856079 0.0275733
3 0.388502 0.419515 0.196026 0.425077 0.0239351
3 0.719714 0.482553 0.186493 0.171771 0.0206992
3 0.6862 0.491216 0.282447 0.196463 0.019225
3 0.698684 0.482953 0.19328 0.171578 0.0179756
3 0.719798 0.497682 0.235578 0.212984 0.0173035
4 0.727333 0.243102 0.190115 0.0886959 0.0159962
4 0.719372 0.237614 0.215635 0.0898441 0.0157365
3 0.655038 0.554342 0.325526 0.335579 0.015084
3 0.687326 0.480992 0.17247 0.167223 0.014535
3 0.659617 0.501315 0.306033 0.214093 0.0143903
3 0.663018 0.485313 0.279123 0.176336 0.0131945
0 0.587573 0.912574 0.783142 0.174853 0.0128896
3 0.36176 0.419415 0.14017 0.43101 0.0124981
3 0.735143 0.485744 0.207294 0.188879 0.012024
3 0.374091 0.427968 0.165932 0.464973 0.011779
0 0.609122 0.908567 0.638007 0.182865 0.0117299
0 0.574401 0.918945 0.683189 0.162109 0.0115483
4 0.716049 0.237261 0.21022 0.0790727 0.0114665
3 0.348405 0.406368 0.116812 0.446599 0.011408
3 0.71524 0.487084 0.117816 0.162437 0.0111727
3 0.414533 0.456628 0.0701893 0.132955 0.011138
3 0.682125 0.549385 0.312828 0.349554 0.0111126
3 0.392142 0.391891 0.197543 0.37819 0.0108369
4 0.722417 0.233717 0.179846 0.0773249 0.0107529
4 0.696269 0.227303 0.228244 0.0806089 0.0104535
3 0.716893 0.480019 0.184944 0.167189 0.0104345
4 0.712962 0.230951 0.205545 0.0755612 0.0103563
4 0.728725 0.239188 0.180018 0.0840114 0.0103092
3 0.389295 0.414263 0.192683 0.421017 0.0101418
