4 0.62087 0.490486 0.498448 0.604101 0.829508
4 0.623828 0.489411 0.497424 0.605314 0.808811
4 0.619887 0.493313 0.501019 0.618714 0.800726
4 0.619341 0.491584 0.500801 0.607621 0.787385
4 0.619316 0.495792 0.503936 0.622881 0.786743
4 0.622423 0.489392 0.495903 0.606011 0.773873
4 0.626547 0.488237 0.4974 0.602836 0.772845
4 0.626924 0.487883 0.49279 0.601688 0.732794
4 0.61798 0.494996 0.504804 0.609708 0.564999
4 0.626351 0.493241 0.491998 0.619303 0.473216
4 0.618746 0.493429 0.502102 0.599855 0.189891
2 0.428687 0.498451 0.024153 0.0326484 0.11764
2 0.428751 0.497611 0.0238589 0.0320202 0.074189
2 0.642304 0.715668 0.0231918 0.0289869 0.0673131
2 0.801919 0.712088 0.0203789 0.024904 0.061383
2 0.802453 0.712516 0.0223409 0.0263161 0.0558592
2 0.629354 0.250486 0.0248997 0.0291203 0.0547047
2 0.642873 0.716118 0.0246723 0.0283408 0.0528775
2 0.433347 0.591998 0.0207807 0.0268261 0.049896
2 0.701654 0.211539 0.0206492 0.0237396 0.0481263
2 0.750643 0.703227 0.0176332 0.0224943 0.0456148
2 0.630774 0.249964 0.0208376 0.0264979 0.044467
2 0.772448 0.723138 0.0213717 0.0255317 0.0395592
2 0.435375 0.593094 0.0197788 0.0253529 0.0392845
2 0.776098 0.75121 0.0195929 0.0235525 0.0376423
2 0.80253 0.712803 0.0241808 0.0269259 0.0375354
2 0.701587 0.210711 0.0186045 0.0209937 0.0355343
2 0.630736 0.251433 0.0257851 0.0290178 0.0355084
2 0.429808 0.49782 0.0276475 0.0357641 0.0338816
2 0.446002 0.568402 0.0162422 0.0198173 0.03327
2 0.428304 0.497456 0.0280503 0.0384335 0.0322097
2 0.801925 0.71221 0.0236072 0.0260086 0.0320705
2 0.437001 0.619139 0.0166463 0.0206687 0.0316228
2 0.642699 0.716396 0.0252906 0.0321083 0.0315698
2 0.775706 0.751556 0.0222781 0.0243599 0.0315092
2 0.643223 0.716592 0.0266485 0.0326636 0.0311174
2 0.444411 0.640764 0.0191627 0.0226439 0.0309979
2 0.43134 0.590712 0.022834 0.0298028 0.0297422
2 0.773132 0.722337 0.0217912 0.0270765 0.0284363
2 0.783276 0.667601 0.0192935 0.0280346 0.0283654
2 0.775355 0.750959 0.0172275 0.0220763 0.0262062
2 0.74939 0.703153 0.0174002 0.0226614 0.0259279
2 0.782847 0.600173 0.019195 0.0202759 0.02487
2 0.632278 0.25095 0.0205919 0.0262827 0.0234516
2 0.753025 0.652584 0.0185942 0.0247939 0.0217422
2 0.773993 0.723228 0.0247701 0.0288127 0.0210142
2 0.460625 0.657721 0.0193348 0.022986 0.0209602
2 0.558674 0.723147 0.0193729 0.0230068 0.0208773
2 0.462286 0.658007 0.0184551 0.0236614 0.0202342
2 0.773371 0.722418 0.0255711 0.0284242 0.0199226
2 0.430152 0.497869 0.0274182 0.0361424 0.0196346
2 0.43463 0.619853 0.0190331 0.0232781 0.0195003
2 0.427013 0.498167 0.03044 0.0387607 0.0194605
2 0.53058 0.383392 0.0194111 0.0233959 0.0180037
2 0.801418 0.633321 0.0167762 0.0204301 0.0176074
2 0.55792 0.722895 0.0200631 0.0227918 0.017446
2 0.641983 0.715081 0.0246608 0.0301592 0.016639
2 0.530881 0.38287 0.0169284 0.0198755 0.0166279
2 0.700174 0.210216 0.025239 0.0290073 0.0156181
2 0.436912 0.619486 0.0200791 0.0223202 0.0154153
2 0.78301 0.668675 0.0214006 0.0274628 0.0152037
2 0.774327 0.751786 0.0199973 0.0245722 0.0148027
2 0.435741 0.593624 0.0206194 0.0288251 0.014272
2 0.42709 0.497791 0.0309486 0.0361 0.0140141
2 0.628686 0.245621 0.0304596 0.0393319 0.0139486
2 0.445358 0.64156 0.0217982 0.0251974 0.0135215
2 0.447081 0.639387 0.0206385 0.0224575 0.0129916
2 0.800886 0.632975 0.0183705 0.0222111 0.0121167
0 0.0788638 0.111485 0.157728 0.222969 0.0119618
2 0.751024 0.70236 0.0195655 0.0270751 0.0118391
2 0.457022 0.511626 0.0246004 0.0296105 0.0113134
2 0.699757 0.210744 0.0225799 0.0258861 0.0109911
2 0.629428 0.245113 0.0307587 0.0404571 0.0105191
2 0.806593 0.660203 0.0215202 0.0285769 0.0103364
2 0.448255 0.568959 0.0173571 0.0220214 0.0102641
