2 0.348126 0.304917 0.0658614 0.0884611 0.584256
2 0.348649 0.304726 0.0651023 0.0886126 0.558536
2 0.34787 0.304636 0.0651253 0.0894456 0.558518
2 0.3475 0.304678 0.0664307 0.0896547 0.537447
2 0.348463 0.30475 0.0687593 0.0893806 0.523776
2 0.347716 0.304598 0.0678063 0.0895083 0.520336
2 0.348794 0.304534 0.0662023 0.0882896 0.478163
2 0.347201 0.305664 0.0648129 0.0876128 0.415612
2 0.347601 0.305364 0.0677356 0.0886997 0.413019
0 0.534951 0.518949 0.848643 0.928456 0.350274
0 0.520324 0.510666 0.881354 0.961888 0.324645
2 0.637628 0.45521 0.0628402 0.0813679 0.313174
2 0.34944 0.304715 0.0713491 0.0900681 0.304621
0 0.562865 0.519976 0.801293 0.928446 0.290931
2 0.637744 0.455089 0.0624063 0.0826201 0.281585
0 0.546373 0.511282 0.838774 0.958342 0.272409
0 0.503436 0.509387 0.943487 0.962648 0.263428
2 0.637402 0.454865 0.0623676 0.0823187 0.261907
2 0.63754 0.454483 0.0602672 0.0802351 0.251837
