4 0.489992 0.435832 0.504208 0.546411 0.628365
4 0.488837 0.435335 0.498891 0.541338 0.614942
4 0.487554 0.435952 0.508915 0.542813 0.571448
4 0.489056 0.436447 0.502893 0.545856 0.555211
4 0.490309 0.437284 0.505108 0.538716 0.512192
4 0.491786 0.439989 0.503341 0.548699 0.473682
4 0.484764 0.43665 0.492304 0.536722 0.467231
4 0.485787 0.440102 0.49168 0.544395 0.442293
4 0.487526 0.437662 0.502338 0.539263 0.374979
4 0.48913 0.439456 0.501417 0.545823 0.357035
3 0.478165 0.423977 0.322128 0.30854 0.195299
3 0.477701 0.433591 0.326911 0.322001 0.18106
3 0.498947 0.426219 0.278681 0.273914 0.130446
3 0.479214 0.427366 0.317398 0.308823 0.125321
3 0.489209 0.436745 0.306645 0.313138 0.122541
3 0.504992 0.422215 0.260679 0.248287 0.120012
3 0.464697 0.424558 0.31501 0.318248 0.117872
3 0.514328 0.419323 0.242739 0.231685 0.115656
3 0.465613 0.434808 0.30878 0.317044 0.107204
3 0.508804 0.422705 0.254385 0.236816 0.0787032
3 0.511473 0.422937 0.251033 0.240198 0.0782762
3 0.465321 0.42547 0.316736 0.330525 0.0696973
3 0.495544 0.426316 0.273818 0.247703 0.0666799
3 0.500003 0.437668 0.282021 0.302172 0.0571771
3 0.476668 0.426233 0.319528 0.274352 0.0510658
4 0.652398 0.425351 0.189966 0.517875 0.0496574
4 0.654741 0.431858 0.185953 0.546346 0.0483053
3 0.519544 0.417333 0.237675 0.226569 0.043402
3 0.522481 0.418636 0.239574 0.232436 0.0322904
4 0.610758 0.434118 0.267172 0.547889 0.0312971
4 0.365381 0.437726 0.255053 0.525708 0.0240887
3 0.51725 0.418615 0.23821 0.226198 0.0237721
3 0.450933 0.428617 0.268763 0.290816 0.0213611
4 0.613076 0.4365 0.260789 0.553854 0.0212359
3 0.46252 0.426582 0.303366 0.283972 0.0210867
3 0.445898 0.43832 0.257769 0.285097 0.0193684
4 0.367772 0.437595 0.261747 0.529959 0.0191545
4 0.653875 0.43316 0.188417 0.526135 0.0174932
3 0.452634 0.434378 0.269429 0.299671 0.0171028
3 0.46665 0.448355 0.292905 0.299352 0.0151474
4 0.336193 0.433403 0.196849 0.518601 0.014649
2 0.527931 0.343567 0.0276298 0.0536709 0.0132229
4 0.610346 0.432611 0.267916 0.535355 0.0129447
3 0.512125 0.431258 0.263643 0.29078 0.0123749
4 0.344273 0.43636 0.214796 0.528342 0.0116574
