4 0.547247 0.484092 0.50718 0.643565 0.602813
4 0.544895 0.483139 0.511492 0.645654 0.553756
4 0.546969 0.48319 0.512923 0.644988 0.523898
4 0.54614 0.482299 0.511115 0.647489 0.504969
4 0.545577 0.480575 0.51397 0.6495 0.488461
4 0.543864 0.480906 0.512137 0.647656 0.474567
4 0.547092 0.480355 0.512047 0.647949 0.471047
4 0.543133 0.480825 0.512991 0.648897 0.45508
4 0.545848 0.480909 0.512744 0.648779 0.41885
4 0.541463 0.480135 0.523181 0.64762 0.406384
3 0.562709 0.495265 0.312152 0.381168 0.0345573
3 0.58291 0.496204 0.332897 0.415313 0.0315315
3 0.579024 0.476336 0.344638 0.424769 0.022824
3 0.557649 0.48094 0.307458 0.364896 0.0217529
0 0.0697963 0.117381 0.137967 0.234763 0.0213692
0 0.0710147 0.115334 0.142029 0.230668 0.0164213
3 0.577464 0.452201 0.347905 0.435377 0.0154454
3 0.588678 0.493784 0.304449 0.380542 0.0148245
3 0.550976 0.464653 0.297721 0.329548 0.0136039
0 0.551964 0.27197 0.490015 0.242114 0.0111046
0 0.548303 0.270625 0.483903 0.239467 0.0110607
3 0.53916 0.498721 0.269132 0.378473 0.0102751
4 0.544579 0.481013 0.50837 0.655689 0.0102321
