3 0.618299 0.61935 0.579092 0.736523 0.49814
3 0.618982 0.616651 0.573446 0.735476 0.447652
3 0.62022 0.616426 0.577256 0.729529 0.438217
3 0.620093 0.619676 0.573238 0.736642 0.431813
3 0.620502 0.618457 0.570645 0.741341 0.383406
3 0.62285 0.618644 0.576502 0.733273 0.372216
3 0.619606 0.61805 0.56739 0.732958 0.369256
3 0.619986 0.62012 0.568719 0.738365 0.307595
3 0.61832 0.620461 0.563818 0.749364 0.283198
5 0.0889732 0.950052 0.177946 0.0998951 0.0976131
0 0.617453 0.61544 0.56008 0.730559 0.0566496
5 0.0863813 0.94877 0.172559 0.10246 0.0543259
0 0.0867917 0.951126 0.173583 0.0977472 0.0506559
5 0.0930556 0.949742 0.182761 0.0983642 0.047373
0 0.0861409 0.949644 0.172282 0.0977763 0.0461443
0 0.0848478 0.950381 0.169696 0.0992383 0.0359805
0 0.0859324 0.950899 0.170581 0.0933201 0.0314862
5 0.0915611 0.94859 0.180638 0.102819 0.0268247
0 0.0867248 0.953842 0.169135 0.0923163 0.0225639
1 0.307252 0.686486 0.0855994 0.569448 0.0210119
3 0.616596 0.615655 0.59012 0.731448 0.0203403
1 0.3061 0.453809 0.08267 0.606194 0.0185749
1 0.306057 0.6668 0.0832347 0.582152 0.017677
1 0.304574 0.477493 0.0812465 0.606018 0.0175356
1 0.309071 0.699899 0.0881115 0.537857 0.0172339
4 0.0780704 0.950538 0.153827 0.0929798 0.0131529
1 0.304894 0.645645 0.0817182 0.597303 0.0125425
1 0.309776 0.428339 0.0875527 0.610551 0.0119603
4 0.0932457 0.0723773 0.184433 0.144701 0.0112407
1 0.303746 0.502174 0.0806033 0.6086 0.011079
0 0.0892643 0.950201 0.178529 0.0994688 0.0110352
2 0.569459 0.815988 0.020681 0.0343755 0.0110248
3 0.618191 0.615604 0.587861 0.730492 0.0106538
