1 0.573962 0.400487 0.658506 0.787394 0.805308
1 0.573839 0.399417 0.674811 0.788167 0.796201
1 0.575884 0.399839 0.673139 0.788127 0.766459
1 0.576298 0.402201 0.65731 0.783698 0.753595
1 0.573496 0.400005 0.660095 0.786039 0.717371
1 0.574769 0.402956 0.654912 0.782635 0.685047
1 0.573672 0.399683 0.661513 0.782833 0.657989
1 0.57091 0.400084 0.664554 0.791524 0.650266
1 0.572755 0.399035 0.658785 0.781812 0.586898
1 0.570191 0.400959 0.663666 0.789621 0.544654
5 0.707644 0.690269 0.0430325 0.0579651 0.217475
5 0.321644 0.262638 0.030152 0.0357005 0.206152
5 0.321698 0.262189 0.0264062 0.0341985 0.205757
5 0.707979 0.68919 0.0407809 0.0571066 0.205701
5 0.707807 0.688877 0.0366474 0.0541079 0.1941
5 0.708036 0.690467 0.0381011 0.0552974 0.19173
5 0.708021 0.689354 0.0385343 0.0541006 0.181123
5 0.320853 0.262381 0.0339549 0.0400379 0.170284
5 0.322558 0.26322 0.0367258 0.0413867 0.167096
5 0.322725 0.262622 0.0359162 0.0413168 0.164497
5 0.707098 0.690097 0.0475016 0.0623265 0.163082
5 0.70816 0.689648 0.0342279 0.0516183 0.161461
5 0.320797 0.262642 0.0343439 0.0414582 0.151067
5 0.706518 0.689845 0.0488432 0.0644487 0.137943
5 0.707702 0.68988 0.0517074 0.065443 0.137828
5 0.756367 0.407284 0.0238579 0.031412 0.115685
1 0.522331 0.398001 0.564914 0.782047 0.114806
5 0.756625 0.407484 0.0250913 0.0326664 0.10989
5 0.709545 0.690388 0.0536981 0.0687758 0.102313
5 0.70707 0.691595 0.045412 0.0680835 0.080188
5 0.59098 0.166005 0.0322567 0.0495877 0.0790088
5 0.322593 0.263707 0.0365035 0.0467011 0.0733538
5 0.708854 0.692406 0.0501705 0.0700827 0.0698162
5 0.590608 0.16678 0.039283 0.0609147 0.0684182
5 0.70802 0.688664 0.0535303 0.0673547 0.0626566
5 0.708719 0.689124 0.0584995 0.0696971 0.0617721
5 0.59228 0.165865 0.0327859 0.0502488 0.0607982
5 0.591432 0.166445 0.0421932 0.062363 0.059405
5 0.755583 0.407609 0.0316234 0.0385791 0.0589172
5 0.641076 0.411814 0.0192259 0.023562 0.0579954
5 0.75762 0.407206 0.0325789 0.0378736 0.0575495
5 0.757839 0.407787 0.0319262 0.0381409 0.0564514
5 0.708095 0.688893 0.0585793 0.068021 0.0560558
5 0.322604 0.261686 0.0430519 0.0480121 0.0521605
5 0.591236 0.164919 0.0334027 0.0548369 0.0496156
5 0.589712 0.165339 0.0476317 0.0658207 0.0490474
5 0.591681 0.164626 0.0353654 0.0552786 0.0476879
5 0.321078 0.263258 0.0427029 0.0513282 0.0472134
5 0.709801 0.691367 0.0566615 0.0714714 0.0472071
5 0.755597 0.407383 0.0317365 0.0376607 0.0464983
5 0.612933 0.326362 0.0232801 0.0281398 0.0447344
5 0.807823 0.701493 0.120115 0.0834533 0.0444123
5 0.323394 0.264511 0.0435403 0.0515525 0.0437326
5 0.590223 0.16408 0.0494397 0.0680282 0.0435455
5 0.313232 0.084811 0.024408 0.0276979 0.0428701
5 0.770679 0.45035 0.0281344 0.0297153 0.040813
5 0.642406 0.411357 0.0266636 0.0317591 0.0404615
5 0.612348 0.326493 0.0238013 0.0285785 0.0404557
5 0.592508 0.165535 0.04937 0.0662604 0.0353416
5 0.64264 0.410749 0.0267364 0.0309698 0.034637
5 0.592928 0.165729 0.0501705 0.066222 0.0329541
5 0.31419 0.0834561 0.0292117 0.0330259 0.0325956
5 0.804617 0.708784 0.118003 0.0751614 0.0322992
5 0.77035 0.450801 0.0209924 0.0235501 0.0316848
5 0.591276 0.1643 0.0403546 0.0621036 0.0309749
5 0.590723 0.162912 0.0320963 0.0521143 0.0292495
1 0.569969 0.400408 0.661705 0.786915 0.0288748
5 0.687295 0.194898 0.0308508 0.0363943 0.0277543
5 0.583518 0.420738 0.020656 0.0259431 0.0277096
5 0.269993 0.529854 0.0476882 0.0669792 0.0247505
5 0.687137 0.195243 0.0292878 0.0347625 0.0247235
5 0.321027 0.262255 0.0525732 0.0512678 0.0244211
5 0.688278 0.19452 0.0260312 0.0304435 0.0243091
5 0.68787 0.194712 0.024555 0.0292022 0.0234418
5 0.314419 0.0831867 0.0333523 0.0369114 0.0233785
5 0.614909 0.324854 0.0341178 0.0374339 0.0227555
5 0.313413 0.0829158 0.0364363 0.0395326 0.0226021
5 0.269668 0.52996 0.0465491 0.0678266 0.0217396
5 0.590925 0.163436 0.0525159 0.0694156 0.0214646
5 0.807778 0.704041 0.118468 0.0820463 0.0210495
5 0.583361 0.420955 0.0208426 0.0246222 0.0206578
5 0.808486 0.7086 0.130207 0.123121 0.0201823
5 0.64373 0.410861 0.0307487 0.0363756 0.0197475
5 0.810652 0.698998 0.118013 0.0877691 0.0195562
5 0.5285 0.433964 0.0219922 0.0321632 0.0195559
5 0.527468 0.432615 0.0256473 0.0411493 0.0186855
5 0.811802 0.697005 0.123057 0.0879599 0.0185872
5 0.614222 0.325281 0.0352429 0.0374138 0.0185728
5 0.270091 0.530319 0.0494538 0.0683706 0.0185445
5 0.528519 0.434032 0.0229647 0.0348802 0.018386
5 0.690328 0.194687 0.0370177 0.0408123 0.0181209
5 0.314284 0.0831798 0.035686 0.0375308 0.0170456
5 0.322922 0.260848 0.0524354 0.0528811 0.0168889
0 0.610382 0.392391 0.132969 0.131995 0.0168388
5 0.772233 0.449919 0.0287173 0.0302684 0.0161961
5 0.706187 0.693748 0.0644842 0.0844785 0.0160562
5 0.589543 0.167919 0.0579336 0.0769589 0.0155669
5 0.613195 0.325019 0.0385955 0.0410588 0.0154473
5 0.363303 0.123147 0.0192922 0.0239391 0.0152818
5 0.26944 0.532227 0.0551689 0.075359 0.0143634
5 0.594111 0.168763 0.0586303 0.0819213 0.0141131
5 0.313899 0.0832272 0.0322627 0.0351513 0.014074
5 0.609825 0.36006 0.0233933 0.0260129 0.0139622
5 0.809413 0.699026 0.122584 0.0895191 0.0138989
5 0.691051 0.195351 0.0356548 0.038773 0.0135484
5 0.757474 0.405631 0.0342867 0.0441527 0.013546
5 0.806973 0.706704 0.11227 0.0796559 0.0135057
0 0.734058 0.428153 0.136797 0.114885 0.0134925
5 0.590979 0.163984 0.0556321 0.0657675 0.0132537
5 0.612002 0.327922 0.0376266 0.0433266 0.012868
5 0.687854 0.197674 0.0387881 0.0494608 0.0127055
5 0.642356 0.410826 0.0319223 0.0405347 0.0126874
5 0.807984 0.704613 0.137298 0.128007 0.0126269
5 0.771573 0.449567 0.0337635 0.0344855 0.0126223
1 0.575935 0.506976 0.637605 0.545174 0.0124455
5 0.527329 0.433317 0.0263424 0.0431564 0.0124291
5 0.300296 0.136217 0.032722 0.0327029 0.0124135
5 0.300486 0.135298 0.0340115 0.0319729 0.0123003
5 0.686035 0.197303 0.0407954 0.0534538 0.0115135
5 0.270056 0.5301 0.0411829 0.0609111 0.0110012
5 0.705071 0.68688 0.0681565 0.0776941 0.0105284
5 0.612107 0.343885 0.0306626 0.0638401 0.0104705
0 0.609288 0.406693 0.125518 0.100749 0.0100842
