3 0.53458 0.371574 0.494955 0.603701 0.717893
3 0.535581 0.371456 0.487428 0.603895 0.688879
3 0.535019 0.367504 0.492456 0.596319 0.678376
3 0.535128 0.364098 0.492083 0.604363 0.674919
3 0.537159 0.371023 0.487807 0.603879 0.67379
3 0.538057 0.363334 0.491067 0.601352 0.66325
3 0.535432 0.363544 0.489805 0.605533 0.662245
3 0.53688 0.368688 0.488859 0.59774 0.644007
3 0.535581 0.368883 0.487814 0.600496 0.628803
3 0.5409 0.365747 0.496499 0.600028 0.627412
5 0.400619 0.0288269 0.0313963 0.0400939 0.0276454
5 0.400717 0.0285344 0.0289114 0.0376146 0.0266315
1 0.503704 0.548943 0.324223 0.220833 0.0255524
1 0.476735 0.553899 0.387639 0.210088 0.023769
1 0.48139 0.547325 0.3272 0.219896 0.0233113
1 0.51863 0.569823 0.341077 0.1841 0.0190364
1 0.344055 0.366522 0.109308 0.512132 0.0189838
1 0.494289 0.577772 0.386224 0.167999 0.0188861
1 0.344249 0.370582 0.109245 0.47009 0.0167744
1 0.343906 0.376125 0.109107 0.541475 0.0166873
1 0.343746 0.368831 0.108215 0.489376 0.0139122
1 0.472164 0.539373 0.170268 0.212867 0.0135127
1 0.473006 0.55797 0.368096 0.198036 0.013125
1 0.351 0.357466 0.12216 0.487201 0.0121727
1 0.343867 0.393587 0.108444 0.452266 0.011723
5 0.40117 0.028506 0.0333194 0.0411144 0.0116318
1 0.342848 0.352379 0.104977 0.446368 0.0113654
5 0.400152 0.0285781 0.0337231 0.042348 0.0110832
1 0.350565 0.359289 0.122241 0.54367 0.0105324
5 0.40133 0.028975 0.0346331 0.0421375 0.0103266
1 0.543122 0.583104 0.339308 0.158655 0.0100238
