0 0.514701 0.477017 0.83096 0.954035 0.66204
0 0.525268 0.472993 0.83604 0.945986 0.621866
0 0.514685 0.491225 0.811321 0.979871 0.511541
0 0.514092 0.463109 0.838986 0.926016 0.409568
0 0.493982 0.630805 0.77312 0.73839 0.383124
0 0.492472 0.475816 0.866932 0.951506 0.357146
5 0.337032 0.510473 0.0768707 0.106167 0.316812
5 0.337433 0.509281 0.0784517 0.106903 0.304928
5 0.657906 0.322456 0.0945299 0.116106 0.298093
5 0.547814 0.361698 0.0748475 0.0945025 0.296093
5 0.657821 0.322894 0.0922542 0.11352 0.291076
5 0.337553 0.512533 0.0748832 0.103727 0.286621
0 0.491115 0.640219 0.78354 0.719562 0.285857
5 0.548201 0.36016 0.0776452 0.0917788 0.280421
0 0.530564 0.476796 0.794118 0.951913 0.278685
5 0.548003 0.362497 0.0729077 0.0935986 0.273673
5 0.337929 0.510441 0.0760948 0.107097 0.25589
