1 0.422709 0.453014 0.411059 0.484907 0.846533
1 0.421279 0.451907 0.409331 0.482782 0.844452
1 0.422405 0.452426 0.410152 0.479804 0.839748
1 0.424141 0.451429 0.409704 0.482263 0.835826
1 0.426268 0.448712 0.40706 0.474342 0.834377
1 0.423792 0.44711 0.41124 0.469781 0.829039
1 0.424852 0.452772 0.410167 0.479933 0.828914
1 0.421544 0.45135 0.413556 0.481541 0.825592
1 0.422197 0.45268 0.414681 0.478704 0.818215
1 0.423573 0.448454 0.414226 0.473209 0.808973
5 0.391367 0.442672 0.0389686 0.0395442 0.114857
5 0.392012 0.44273 0.0402668 0.0416902 0.113648
5 0.391201 0.442086 0.0363002 0.0380986 0.095727
5 0.392268 0.442077 0.0392789 0.0401433 0.0945047
5 0.392468 0.441185 0.0430407 0.0429236 0.0900496
5 0.491762 0.294682 0.0176183 0.0212591 0.0892228
5 0.391516 0.441354 0.0398629 0.0403536 0.0846472
5 0.391044 0.442416 0.0463615 0.0437046 0.0725741
5 0.390875 0.441566 0.0448519 0.0443094 0.0713935
5 0.392039 0.439923 0.0493681 0.0469265 0.0557755
5 0.492208 0.294066 0.0226519 0.0267455 0.0493959
5 0.39472 0.44076 0.0479073 0.0504296 0.0242761
5 0.394951 0.441869 0.0486959 0.0506401 0.0228548
5 0.392415 0.444635 0.0484698 0.0541873 0.0222909
5 0.490503 0.293717 0.028187 0.0305764 0.017968
5 0.491429 0.296126 0.0224902 0.029372 0.0170284
5 0.394997 0.440205 0.0497125 0.0516327 0.0169253
5 0.489675 0.294671 0.0238129 0.0262622 0.0159566
5 0.391977 0.444272 0.0495695 0.0549293 0.0152987
5 0.494804 0.294051 0.0282045 0.0299058 0.0109335
