3 0.465766 0.413676 0.535134 0.540892 0.806371
3 0.465189 0.409529 0.530883 0.54973 0.792218
3 0.466097 0.407737 0.531057 0.546595 0.782794
3 0.466628 0.409422 0.533656 0.547434 0.77954
3 0.466415 0.408315 0.536069 0.544894 0.767657
3 0.466495 0.40677 0.533793 0.543338 0.764234
3 0.46514 0.410572 0.53333 0.548594 0.757555
3 0.46524 0.408985 0.533499 0.548654 0.757486
3 0.466371 0.411869 0.533908 0.547411 0.750065
3 0.465323 0.40996 0.53441 0.546995 0.741019
3 0.469171 0.532786 0.449511 0.280945 0.0416492
5 0.439386 0.379307 0.0207873 0.0287514 0.0378549
3 0.448935 0.266747 0.355437 0.25704 0.0342744
3 0.466013 0.267565 0.401714 0.261382 0.0303592
3 0.485544 0.536808 0.433087 0.27069 0.0289943
3 0.442621 0.267716 0.317958 0.259844 0.025563
3 0.415335 0.27516 0.325495 0.273344 0.0240591
3 0.431531 0.535235 0.431144 0.279733 0.0226843
3 0.438968 0.266691 0.289245 0.252683 0.0212885
3 0.501948 0.541922 0.440174 0.260898 0.0211911
3 0.525868 0.53775 0.364811 0.254998 0.0199067
3 0.460702 0.529214 0.372305 0.269958 0.0195634
5 0.438181 0.372412 0.0272391 0.0451219 0.0186998
3 0.487849 0.538928 0.320618 0.248322 0.0175956
3 0.419216 0.2792 0.352199 0.287079 0.0168175
3 0.474577 0.534026 0.334337 0.256527 0.016141
2 0.393829 0.284218 0.0175955 0.0230714 0.0157536
3 0.528993 0.542777 0.449725 0.263174 0.0148103
3 0.422817 0.264173 0.238188 0.239701 0.0147536
2 0.464446 0.417657 0.0183001 0.0201356 0.0142982
2 0.395675 0.285275 0.0192407 0.0239026 0.0138788
3 0.398944 0.265078 0.298025 0.239114 0.0121746
3 0.49223 0.267848 0.454119 0.269539 0.0117371
3 0.449253 0.271679 0.382462 0.28038 0.0116867
3 0.408895 0.541012 0.388338 0.272929 0.0116861
3 0.431997 0.531828 0.350047 0.269725 0.0116694
3 0.507565 0.328456 0.378757 0.224256 0.0113407
3 0.473617 0.268304 0.402581 0.269158 0.0110162
3 0.501857 0.270367 0.463873 0.266565 0.0105647
2 0.299945 0.277192 0.0498715 0.0530806 0.0101221
3 0.483752 0.268478 0.398101 0.265292 0.0100991
