3 0.411716 0.407007 0.391067 0.447016 0.268649
0 0.411235 0.405662 0.396263 0.446045 0.222893
0 0.409301 0.40706 0.393444 0.44215 0.217495
3 0.409819 0.406012 0.393278 0.443794 0.196788
0 0.411543 0.406095 0.395025 0.445016 0.187737
0 0.411871 0.40655 0.390873 0.441598 0.184526
0 0.409884 0.407845 0.393084 0.444937 0.170566
3 0.410524 0.408273 0.391887 0.448114 0.169509
1 0.432557 0.227351 0.373513 0.0920598 0.120756
0 0.562395 0.393639 0.0865836 0.308523 0.113709
0 0.40891 0.407608 0.393139 0.449034 0.103732
0 0.55817 0.385754 0.0936337 0.319614 0.082554
3 0.31921 0.336385 0.182477 0.21744 0.0784854
1 0.433763 0.225963 0.365869 0.0888308 0.0704052
3 0.334917 0.35586 0.179441 0.174818 0.0576422
3 0.358881 0.35918 0.218209 0.169775 0.0532345
0 0.562473 0.387815 0.0874784 0.287065 0.0504136
0 0.554587 0.390297 0.100668 0.315617 0.0495277
3 0.339384 0.349461 0.199463 0.188197 0.0487986
3 0.316502 0.35181 0.171049 0.186966 0.0467054
3 0.410002 0.406842 0.392612 0.449238 0.0458304
0 0.544908 0.385786 0.118722 0.313334 0.0411619
3 0.363772 0.352962 0.229452 0.175227 0.0378157
3 0.32479 0.357207 0.164282 0.176168 0.0362891
1 0.365914 0.52647 0.315145 0.205818 0.0342324
3 0.34969 0.360805 0.202911 0.172854 0.0336098
0 0.566299 0.389262 0.084243 0.294561 0.03316
3 0.397715 0.406165 0.369546 0.443828 0.0328999
3 0.391441 0.362102 0.296793 0.165412 0.0282393
1 0.422034 0.233108 0.391847 0.103784 0.0277922
3 0.441793 0.395898 0.169318 0.234812 0.0238978
0 0.55423 0.369834 0.100213 0.304995 0.0233938
3 0.317477 0.322653 0.198183 0.246161 0.0216295
0 0.564081 0.384317 0.0863804 0.294759 0.0214853
1 0.345272 0.525766 0.213504 0.191147 0.0211913
0 0.408814 0.40829 0.390578 0.441897 0.0201545
0 0.410691 0.407044 0.399727 0.451677 0.019969
0 0.547444 0.387489 0.113442 0.308381 0.0198797
1 0.35195 0.527197 0.282981 0.204161 0.0196601
1 0.332706 0.527525 0.231879 0.20107 0.018271
1 0.43389 0.224144 0.347628 0.0847251 0.0168562
4 0.561113 0.325886 0.0730825 0.162142 0.0160308
0 0.522087 0.38979 0.162439 0.301784 0.0157487
1 0.366212 0.527399 0.325998 0.202636 0.0153881
3 0.381463 0.366375 0.28395 0.174973 0.0149535
5 0.4955 0.433671 0.034348 0.151932 0.0147175
3 0.327488 0.363572 0.135599 0.141045 0.0141557
5 0.495795 0.452713 0.0345091 0.112971 0.0139894
4 0.5625 0.341729 0.0725973 0.189083 0.0134543
1 0.384551 0.526459 0.331892 0.207613 0.0125671
5 0.495248 0.458008 0.0362658 0.106743 0.0117859
0 0.566389 0.389203 0.0853462 0.27952 0.011656
3 0.332484 0.37293 0.181225 0.174374 0.0111261
0 0.558976 0.342102 0.0931678 0.21774 0.0108778
4 0.563254 0.351382 0.0743758 0.203212 0.0104425
3 0.313964 0.376566 0.179583 0.175638 0.0100232
