0 0.561076 0.485624 0.586323 0.759484 0.858744
0 0.563349 0.48207 0.589252 0.766056 0.856419
0 0.559858 0.481876 0.589106 0.766303 0.849814
0 0.556271 0.481557 0.585715 0.771376 0.8471
0 0.558456 0.484928 0.584046 0.755356 0.843519
0 0.565354 0.487359 0.591608 0.773842 0.838361
0 0.56194 0.488293 0.59223 0.774389 0.820328
0 0.559817 0.488258 0.588478 0.771965 0.782048
5 0.466343 0.512858 0.0747845 0.0803622 0.48254
0 0.555015 0.481132 0.581164 0.758301 0.451115
5 0.466595 0.512584 0.0727595 0.081026 0.448432
5 0.466117 0.511694 0.0752705 0.078647 0.358756
5 0.516097 0.588316 0.0600828 0.0761909 0.347523
5 0.465854 0.511593 0.0787619 0.0800603 0.344866
5 0.515643 0.58882 0.0564567 0.0730669 0.320964
5 0.466178 0.512896 0.074229 0.0804367 0.31775
5 0.466246 0.512657 0.0720794 0.0812354 0.313744
5 0.515969 0.589355 0.0599144 0.0765298 0.306477
5 0.515674 0.589941 0.0589302 0.0743027 0.303372
5 0.51504 0.588699 0.0565526 0.0738371 0.29121
5 0.515534 0.589922 0.0569522 0.0740648 0.282607
5 0.516001 0.590034 0.0582575 0.0750396 0.267301
5 0.467808 0.512712 0.0728685 0.080988 0.252303
