4 0.522296 0.461726 0.523561 0.505502 0.621518
4 0.518955 0.462656 0.526883 0.504665 0.553709
4 0.52573 0.458177 0.520587 0.502611 0.548963
4 0.521356 0.458869 0.521725 0.502748 0.518555
4 0.518041 0.458967 0.527214 0.503144 0.461136
4 0.519969 0.456572 0.521268 0.506174 0.442143
4 0.520852 0.462688 0.525566 0.503824 0.375393
4 0.5185 0.457969 0.526132 0.505929 0.361632
4 0.519698 0.459056 0.526841 0.502144 0.353844
3 0.518734 0.459278 0.524179 0.503181 0.293792
0 0.461018 0.240103 0.180059 0.0605061 0.0402286
0 0.461234 0.240271 0.173835 0.0638657 0.0367211
0 0.463622 0.238052 0.170974 0.0629873 0.0287124
0 0.457113 0.24021 0.181365 0.0650196 0.0223525
4 0.524317 0.455941 0.519394 0.501879 0.0200767
0 0.465222 0.237941 0.171536 0.0673891 0.0168206
0 0.464425 0.237944 0.168819 0.0587633 0.0162682
0 0.469112 0.241094 0.191841 0.0621322 0.0149743
4 0.45428 0.241052 0.181804 0.0768739 0.0130395
2 0.323442 0.573499 0.0148959 0.0202585 0.0115857
5 0.398879 0.0445179 0.0304898 0.0381592 0.0104275
4 0.516964 0.457021 0.508395 0.49789 0.0103708
