3 0.478746 0.45312 0.676547 0.667271 0.816335
3 0.480077 0.448962 0.674337 0.678515 0.775518
3 0.479592 0.450095 0.674552 0.674331 0.763382
3 0.483872 0.449281 0.682277 0.67843 0.757429
3 0.48428 0.453081 0.679455 0.673065 0.756961
3 0.484299 0.451289 0.677455 0.67391 0.744144
3 0.479977 0.452137 0.677782 0.672442 0.740867
3 0.485273 0.453591 0.685573 0.673147 0.735174
3 0.487428 0.450392 0.683295 0.674116 0.716067
3 0.477767 0.454859 0.67438 0.663706 0.409261
3 0.48763 0.452513 0.683341 0.674143 0.0531566
3 0.481333 0.452434 0.678384 0.671881 0.0356165
3 0.442877 0.399819 0.233211 0.343203 0.0142441
3 0.496071 0.454688 0.635457 0.657192 0.0135329
3 0.472246 0.300869 0.645344 0.370187 0.0114306
3 0.326932 0.445898 0.354233 0.66472 0.0113069
3 0.442727 0.45218 0.234502 0.424115 0.0109361
0 0.513589 0.191855 0.397701 0.135932 0.0103754
