1 0.54792 0.51755 0.273663 0.387659 0.859019
1 0.547985 0.517951 0.266615 0.385426 0.855476
1 0.548835 0.518863 0.268838 0.38562 0.838497
1 0.549428 0.515648 0.270479 0.388027 0.836561
1 0.54997 0.517237 0.270353 0.385579 0.826928
1 0.549831 0.518434 0.268594 0.38428 0.805415
1 0.549891 0.51407 0.271972 0.387656 0.77431
1 0.552667 0.516122 0.269076 0.384957 0.766311
1 0.553024 0.516588 0.267613 0.383728 0.733271
1 0.552127 0.513917 0.270449 0.381815 0.692827
1 0.210336 0.320471 0.0650219 0.0870869 0.588313
1 0.210604 0.318589 0.0624263 0.0910327 0.584796
1 0.210641 0.318389 0.0650744 0.0915808 0.576897
1 0.210292 0.320394 0.0620591 0.0873867 0.516003
1 0.211887 0.318667 0.0668311 0.0916486 0.392364
1 0.210581 0.318674 0.0620655 0.0893558 0.354128
1 0.211102 0.318886 0.0656061 0.0901885 0.351419
1 0.212326 0.320467 0.0665453 0.0884302 0.341773
