3 0.536741 0.558641 0.534485 0.603678 0.596635
3 0.535032 0.560095 0.532372 0.603434 0.584261
3 0.527668 0.561089 0.50571 0.600666 0.576153
3 0.53385 0.556297 0.528278 0.595889 0.567756
3 0.526702 0.568586 0.501864 0.622497 0.564083
3 0.529784 0.563149 0.513211 0.606823 0.563113
3 0.531595 0.564135 0.517161 0.610725 0.55512
3 0.534802 0.55951 0.526061 0.605495 0.542427
3 0.53526 0.560573 0.527271 0.609246 0.540066
3 0.536852 0.553851 0.537089 0.58516 0.414806
3 0.525635 0.557807 0.514343 0.606461 0.408564
3 0.527802 0.562416 0.51676 0.610232 0.198692
3 0.527917 0.568874 0.506244 0.621855 0.0607197
2 0.466694 0.955765 0.0411209 0.0689689 0.0514937
2 0.466692 0.953366 0.0432054 0.0718617 0.0478642
5 0.364582 0.422289 0.0213844 0.0310837 0.0406252
2 0.465948 0.953323 0.0556886 0.0768473 0.0391769
5 0.364599 0.421355 0.0210625 0.0311705 0.0364698
2 0.466522 0.956115 0.0368097 0.0649685 0.034841
5 0.365367 0.42233 0.025647 0.0363767 0.0293094
2 0.465512 0.953444 0.0475287 0.0725722 0.0253551
5 0.365519 0.421582 0.0253505 0.037474 0.0244514
2 0.466405 0.954264 0.0400662 0.0680739 0.0196521
0 0.728273 0.137337 0.226913 0.257255 0.019058
3 0.553977 0.529941 0.351651 0.494062 0.0177149
2 0.467468 0.955937 0.0464584 0.0687119 0.0147938
3 0.572229 0.528146 0.335156 0.491602 0.0137477
5 0.588369 0.119259 0.0537634 0.122768 0.0135144
3 0.553038 0.506646 0.355514 0.463497 0.0115441
5 0.363984 0.421663 0.0294468 0.0450377 0.01151
5 0.590585 0.120794 0.0478303 0.124165 0.0102483
3 0.578634 0.520164 0.318895 0.561877 0.0102009
2 0.467162 0.954124 0.0494341 0.0698903 0.0100286
