3 0.50704 0.448236 0.370069 0.477429 0.592098
3 0.499528 0.451675 0.354419 0.48321 0.581812
3 0.501359 0.451738 0.358361 0.482152 0.570054
3 0.497322 0.451819 0.351407 0.482916 0.523732
3 0.504014 0.448093 0.365914 0.479333 0.520976
3 0.4971 0.451593 0.35266 0.481414 0.500614
3 0.506594 0.452002 0.363009 0.485259 0.473906
3 0.506158 0.451476 0.364308 0.485208 0.470796
3 0.509262 0.448959 0.369794 0.482931 0.466628
3 0.50883 0.45133 0.378717 0.489172 0.342266
3 0.496146 0.492279 0.266176 0.358973 0.0899198
3 0.484943 0.491263 0.290589 0.370142 0.0788072
1 0.642888 0.447914 0.133369 0.46193 0.0392678
1 0.526517 0.272143 0.314072 0.127946 0.0335879
1 0.5273 0.275558 0.330911 0.136768 0.0309971
1 0.589194 0.58785 0.118208 0.0727978 0.0289975
3 0.487954 0.488468 0.248258 0.342701 0.0285365
1 0.643007 0.422741 0.130253 0.408685 0.0236182
1 0.64136 0.458232 0.130966 0.483667 0.0207061
3 0.500449 0.487312 0.280742 0.355879 0.020243
1 0.646011 0.461514 0.123132 0.486032 0.0157417
3 0.489128 0.483671 0.261584 0.340415 0.0156563
1 0.592461 0.59997 0.115191 0.0943799 0.0153874
1 0.518923 0.270459 0.302424 0.124602 0.0150874
1 0.594373 0.593493 0.128109 0.0807465 0.0146959
1 0.516536 0.275814 0.322051 0.135984 0.0142261
3 0.513667 0.318854 0.375095 0.224931 0.0141376
1 0.647746 0.465213 0.118691 0.506252 0.013553
1 0.529042 0.27176 0.291306 0.12703 0.0130528
1 0.532454 0.274637 0.302233 0.136309 0.0125658
3 0.469598 0.475913 0.296663 0.416287 0.012122
3 0.483378 0.489216 0.267157 0.346893 0.0110427
3 0.492159 0.465994 0.221284 0.284625 0.0106762
1 0.579505 0.584664 0.102973 0.0733938 0.0102252
1 0.648744 0.43845 0.113269 0.475419 0.0100239
