4 0.485676 0.620775 0.684821 0.735435 0.893179
4 0.489381 0.622474 0.694009 0.736223 0.890038
4 0.489407 0.623223 0.666283 0.740591 0.870613
4 0.490637 0.622428 0.685789 0.737252 0.868146
4 0.486768 0.622908 0.676897 0.741104 0.862828
4 0.491285 0.621906 0.692183 0.739855 0.858864
4 0.486502 0.622381 0.681233 0.738109 0.851298
4 0.488182 0.62215 0.688126 0.730434 0.842188
4 0.486911 0.62004 0.682778 0.729662 0.791716
4 0.491248 0.622284 0.684747 0.732835 0.790936
2 0.315114 0.34621 0.0295476 0.0355347 0.584622
2 0.315269 0.346479 0.0293455 0.0360661 0.571822
2 0.55145 0.291845 0.0345907 0.0291982 0.541999
2 0.314313 0.345593 0.0269572 0.0352184 0.540169
2 0.519591 0.311077 0.0298052 0.0462028 0.536338
2 0.707027 0.784341 0.0392306 0.0773717 0.526339
2 0.412825 0.302434 0.0241198 0.0307957 0.503726
2 0.315384 0.345589 0.0275401 0.0365035 0.492783
2 0.70737 0.784274 0.0398812 0.0755655 0.458791
2 0.551011 0.29168 0.0349125 0.0296829 0.454313
2 0.594156 0.507073 0.0399748 0.0472065 0.438097
2 0.519798 0.311149 0.0295829 0.0459225 0.430704
2 0.570287 0.608305 0.03146 0.0328806 0.424839
2 0.707224 0.783784 0.0388113 0.0748524 0.424514
2 0.551769 0.292057 0.0364698 0.0317369 0.422288
2 0.412849 0.300962 0.0244646 0.031361 0.40956
2 0.551397 0.292168 0.0346532 0.0304437 0.40512
2 0.594199 0.506841 0.0393102 0.0462785 0.404723
2 0.51969 0.311088 0.0301825 0.0469984 0.402441
2 0.570489 0.60883 0.0317042 0.0355418 0.400232
2 0.299924 0.378385 0.0382913 0.031577 0.392896
2 0.594358 0.506503 0.0402766 0.0464776 0.391932
2 0.595176 0.507613 0.0378233 0.045312 0.359566
2 0.411607 0.301619 0.0278865 0.0345818 0.357918
2 0.519799 0.311923 0.0323463 0.0469039 0.35404
2 0.301477 0.378225 0.0393272 0.0313066 0.348367
2 0.707263 0.784171 0.0428726 0.0777999 0.34825
2 0.520121 0.308569 0.0338501 0.0460224 0.347503
2 0.411699 0.513674 0.0245863 0.0299287 0.339641
2 0.190948 0.515749 0.0275335 0.0355566 0.332347
2 0.707587 0.783711 0.0413143 0.0763211 0.327829
2 0.595778 0.35336 0.0333338 0.0412245 0.322794
2 0.706412 0.784197 0.0440575 0.0740773 0.320775
2 0.706776 0.783434 0.0397197 0.0752881 0.320708
2 0.240982 0.453834 0.0230707 0.0453357 0.318906
2 0.190651 0.51546 0.0279045 0.0361127 0.317661
2 0.518809 0.310937 0.034044 0.0489057 0.314601
2 0.411307 0.30109 0.0268747 0.0332672 0.308729
2 0.48567 0.385971 0.0259459 0.0305607 0.29295
2 0.519029 0.311157 0.0346901 0.0499771 0.289044
2 0.510485 0.550154 0.0254158 0.0445948 0.288739
2 0.519011 0.310416 0.0348035 0.0475467 0.288697
2 0.452814 0.318486 0.0250924 0.0356768 0.286552
2 0.452769 0.318036 0.0237138 0.0352825 0.28381
2 0.51992 0.310893 0.0328817 0.0465478 0.283087
2 0.594302 0.50668 0.0407088 0.0464375 0.278476
2 0.707292 0.783574 0.0380094 0.0765161 0.278398
2 0.707244 0.784856 0.0389139 0.0751126 0.278343
2 0.705932 0.785109 0.0436339 0.0750272 0.27802
2 0.300117 0.377781 0.0378063 0.0322873 0.277036
2 0.595464 0.352684 0.0335033 0.0423639 0.260875
2 0.594714 0.507103 0.0395231 0.0448181 0.254948
2 0.298969 0.377634 0.0412701 0.0330625 0.248389
2 0.486342 0.385651 0.0263445 0.0315263 0.24701
2 0.25741 0.484712 0.0232812 0.031935 0.24472
2 0.74913 0.497228 0.0389526 0.0404258 0.242872
2 0.257539 0.485307 0.0236747 0.0326911 0.241443
2 0.301598 0.377395 0.0379993 0.0318808 0.240905
2 0.485529 0.386386 0.0266834 0.0321313 0.237955
2 0.569491 0.606945 0.033386 0.0338844 0.236882
2 0.59456 0.508228 0.0404268 0.047077 0.234554
2 0.599359 0.392232 0.0292199 0.0298763 0.229661
2 0.706428 0.784449 0.0428912 0.0783179 0.229163
2 0.485958 0.386269 0.0275825 0.0323097 0.226223
2 0.431402 0.357372 0.0243518 0.0306936 0.224149
2 0.663829 0.362904 0.0363916 0.0314505 0.220744
2 0.749272 0.497232 0.038108 0.0401214 0.219455
2 0.74802 0.497316 0.0407231 0.0423025 0.216002
2 0.191835 0.516178 0.0306025 0.0385818 0.212882
2 0.509574 0.551063 0.02357 0.0434265 0.21156
2 0.411826 0.386767 0.0194135 0.0268659 0.207699
2 0.557627 0.568604 0.0213266 0.0292611 0.207284
2 0.411679 0.513412 0.0240267 0.0305225 0.206214
2 0.394379 0.453825 0.0220628 0.0262199 0.203237
2 0.652195 0.910902 0.0486693 0.0545879 0.202381
2 0.663513 0.362764 0.0376671 0.0335015 0.197218
2 0.393788 0.453656 0.0198377 0.0249967 0.195825
2 0.569557 0.607078 0.0320153 0.035408 0.195684
2 0.65174 0.911383 0.0468891 0.0533764 0.193339
2 0.652542 0.910709 0.0490707 0.0551406 0.191435
2 0.285156 0.447553 0.0215228 0.0338105 0.191236
2 0.652018 0.910466 0.047508 0.0545638 0.191165
2 0.652347 0.911007 0.0505736 0.0556119 0.18953
2 0.240629 0.454162 0.0242458 0.0462133 0.186384
2 0.663646 0.361564 0.0390988 0.0333345 0.185652
2 0.432712 0.35836 0.0266734 0.0331785 0.183278
2 0.59513 0.35318 0.0340667 0.0450347 0.183145
2 0.652679 0.910739 0.0516546 0.0545652 0.182858
2 0.3149 0.346022 0.028364 0.0371609 0.181591
2 0.777054 0.698832 0.0230481 0.0247787 0.180975
2 0.241184 0.454282 0.0195429 0.042821 0.177361
2 0.285167 0.448749 0.0220084 0.0320342 0.177291
2 0.599943 0.391941 0.0279684 0.0294262 0.177105
2 0.398766 0.36449 0.0280743 0.0270211 0.176453
2 0.594967 0.35248 0.0337165 0.039246 0.174967
2 0.663101 0.361588 0.0389087 0.0340426 0.174812
2 0.239837 0.45492 0.0281986 0.0494824 0.174419
2 0.190949 0.515922 0.0294267 0.0391382 0.174042
2 0.51054 0.550751 0.0264424 0.0459778 0.1736
2 0.300481 0.375883 0.0400603 0.0346584 0.172092
2 0.664578 0.361871 0.0371264 0.0314907 0.169947
2 0.776936 0.698656 0.0221324 0.0250574 0.167916
2 0.299717 0.37733 0.0426187 0.0349738 0.166495
2 0.600378 0.392544 0.0307401 0.0321641 0.16637
2 0.191503 0.515579 0.0308817 0.0390037 0.16623
2 0.487369 0.619357 0.0289092 0.0454662 0.164896
2 0.432058 0.357732 0.0256137 0.0305786 0.161589
2 0.652632 0.910429 0.0499334 0.0538651 0.158174
2 0.487391 0.618233 0.0308463 0.0463587 0.157257
2 0.787661 0.6641 0.0229887 0.0315516 0.154228
2 0.582712 0.77981 0.0288863 0.031451 0.154199
2 0.510752 0.551204 0.0272948 0.0459715 0.153207
2 0.661733 0.535069 0.0379552 0.025847 0.151907
2 0.240079 0.454657 0.0286672 0.0501802 0.151595
2 0.652017 0.911582 0.0509071 0.0556918 0.151585
2 0.557617 0.530649 0.0312659 0.0408662 0.151107
2 0.432587 0.357202 0.0259601 0.0334633 0.150435
2 0.663808 0.363097 0.036611 0.0333379 0.150281
2 0.264177 0.429643 0.0205881 0.0237369 0.147077
2 0.482814 0.445139 0.0245596 0.0450656 0.146766
2 0.310785 0.350992 0.0281492 0.0339186 0.146627
2 0.595182 0.35208 0.0341109 0.0411116 0.145205
2 0.263375 0.428787 0.0199814 0.0230995 0.140556
2 0.59611 0.352639 0.0384461 0.0446427 0.1398
2 0.788299 0.66362 0.0239123 0.0311428 0.139542
2 0.664412 0.360659 0.0405602 0.0349728 0.139085
2 0.663612 0.363053 0.0372671 0.0342982 0.137749
2 0.3821 0.502726 0.0384305 0.0299357 0.131151
2 0.600787 0.60014 0.0244458 0.0296793 0.130514
2 0.411223 0.512041 0.0270924 0.0295426 0.127959
2 0.788648 0.663137 0.0260283 0.0309032 0.127085
2 0.486968 0.618804 0.0306544 0.0456256 0.126918
2 0.50528 0.708796 0.0285435 0.0286548 0.12646
2 0.450626 0.31772 0.0290417 0.0373451 0.125623
2 0.661799 0.534011 0.0389781 0.0260259 0.125506
2 0.775898 0.576867 0.0260387 0.0266178 0.124016
2 0.707729 0.784663 0.0398879 0.0759739 0.122883
2 0.776194 0.698558 0.0217151 0.0241727 0.122666
2 0.597279 0.851831 0.0283344 0.0269942 0.121333
2 0.551432 0.294263 0.0363613 0.0360643 0.120701
2 0.48113 0.512028 0.0444531 0.0354399 0.118976
2 0.652838 0.91066 0.0536542 0.0548017 0.115846
2 0.747832 0.496833 0.0400866 0.0405041 0.115753
2 0.238807 0.45463 0.0257189 0.0450601 0.114866
2 0.776776 0.698753 0.0196776 0.0243783 0.114791
2 0.600498 0.392206 0.0308553 0.0329192 0.114201
2 0.754211 0.704144 0.0181327 0.0230038 0.113622
2 0.746971 0.496616 0.0411939 0.0419123 0.113253
2 0.510804 0.551576 0.0246491 0.0450488 0.111861
2 0.451 0.317606 0.0285328 0.0374944 0.111447
2 0.788147 0.663778 0.0253761 0.0316797 0.111283
2 0.520941 0.467123 0.038787 0.0298056 0.110524
2 0.54761 0.290224 0.039957 0.0278755 0.108473
2 0.486126 0.619378 0.0294574 0.0441702 0.108387
2 0.520498 0.468667 0.0375326 0.0320081 0.107473
2 0.412278 0.300397 0.0293255 0.0400271 0.10728
2 0.696549 0.682339 0.0332325 0.0394141 0.107115
2 0.381905 0.50189 0.0373127 0.0298713 0.10693
2 0.596228 0.353233 0.0385895 0.0455666 0.105842
2 0.734629 0.852834 0.0292091 0.0333143 0.105248
2 0.55168 0.528814 0.0382833 0.0402777 0.10286
2 0.596016 0.508424 0.0396789 0.0478596 0.100175
2 0.596939 0.505896 0.0358136 0.0451008 0.0997673
2 0.521274 0.468938 0.0369425 0.0332424 0.0986186
2 0.548982 0.636245 0.0251684 0.0333988 0.095802
2 0.550186 0.370122 0.0362875 0.0338416 0.0953506
2 0.396985 0.364284 0.0270855 0.0288148 0.0947502
2 0.662971 0.535225 0.0364022 0.0252822 0.0946062
2 0.414615 0.302196 0.029902 0.0378026 0.0935692
2 0.5162 0.408135 0.0469832 0.0412741 0.0934211
2 0.41058 0.299575 0.0310894 0.0420491 0.0928646
2 0.482935 0.444535 0.0242828 0.0448839 0.0914827
2 0.748697 0.496753 0.0379314 0.03945 0.0908874
2 0.42747 0.456755 0.0295945 0.0286433 0.0903207
2 0.561379 0.480947 0.0235696 0.0291624 0.0901647
2 0.505387 0.708421 0.0283424 0.0291286 0.0892521
2 0.595121 0.352929 0.0347971 0.0440426 0.0891741
2 0.551043 0.369947 0.0369814 0.034283 0.0888014
2 0.515135 0.40536 0.0438507 0.0367955 0.0883463
2 0.478751 0.511047 0.0515165 0.037631 0.0876824
2 0.19137 0.516274 0.0320411 0.0410751 0.0874132
2 0.298608 0.374715 0.0425324 0.0351328 0.0873434
2 0.558176 0.529487 0.0303581 0.0362278 0.0873019
2 0.55835 0.568751 0.0252363 0.0295276 0.0864743
2 0.190364 0.515539 0.0320445 0.0395727 0.0821935
2 0.794463 0.621848 0.0316893 0.0343161 0.0821417
2 0.545662 0.663237 0.0298534 0.033211 0.0804787
2 0.410954 0.384411 0.0207742 0.030277 0.0800258
2 0.66442 0.362373 0.0372036 0.0346873 0.0797261
2 0.625748 0.52597 0.0251384 0.0275386 0.0783461
2 0.456677 0.44712 0.0215894 0.0366036 0.0778426
2 0.521678 0.469362 0.0365213 0.0329514 0.0777858
2 0.190158 0.515262 0.0321371 0.0391401 0.0776275
2 0.601005 0.600606 0.0252613 0.0308639 0.0757481
2 0.546378 0.528328 0.032457 0.0387902 0.0755127
2 0.5514 0.294889 0.0353801 0.034602 0.0755123
2 0.747237 0.551795 0.0205715 0.0251252 0.0734739
2 0.482519 0.44538 0.0242886 0.0425202 0.0731829
2 0.338383 0.606001 0.0246716 0.0315843 0.0731783
2 0.754816 0.705638 0.0200057 0.027128 0.0731388
2 0.428114 0.45692 0.0292183 0.0297283 0.0730648
2 0.478849 0.511156 0.0488042 0.0380112 0.0727019
2 0.381807 0.502231 0.0361305 0.028428 0.0712267
2 0.626346 0.525992 0.0245456 0.0281167 0.0706434
2 0.734516 0.852612 0.0296297 0.0350448 0.0704432
2 0.583357 0.545609 0.0221265 0.0309697 0.0702555
2 0.484514 0.513592 0.035724 0.0316817 0.0699503
2 0.415375 0.300984 0.030554 0.0360008 0.0695209
2 0.696541 0.682592 0.0330296 0.0375585 0.0692904
2 0.322178 0.68011 0.0220406 0.0232164 0.0690867
2 0.530548 0.686818 0.0248603 0.0306184 0.0679016
2 0.504165 0.708481 0.0291946 0.0288561 0.0671641
2 0.59678 0.353327 0.0383552 0.0474489 0.0670226
2 0.553776 0.370644 0.0413977 0.0355416 0.0665324
2 0.258422 0.485889 0.0273032 0.0369992 0.06642
2 0.5111 0.550815 0.0284609 0.0468029 0.0659624
2 0.775682 0.575756 0.0245713 0.0255936 0.065861
2 0.615634 0.550945 0.020861 0.0220635 0.0657526
2 0.776575 0.576354 0.0251089 0.0279012 0.0654394
2 0.439376 0.72849 0.0358376 0.0482764 0.065226
2 0.54948 0.708165 0.0269197 0.0292623 0.0651237
2 0.413534 0.413259 0.0171089 0.0183615 0.065114
2 0.543603 0.943035 0.0328225 0.0310255 0.0650631
2 0.698482 0.866393 0.0221604 0.0261265 0.0648442
2 0.520035 0.398291 0.0342283 0.0350044 0.0648436
2 0.473766 0.661089 0.0434867 0.0342022 0.0646401
2 0.734812 0.8528 0.0296951 0.0344975 0.0645101
2 0.483308 0.44632 0.0273899 0.0478389 0.0641754
2 0.627388 0.57969 0.0347327 0.0389541 0.0635948
2 0.258947 0.485166 0.0268997 0.0365666 0.0627186
2 0.520718 0.469132 0.0381728 0.0311536 0.0623333
2 0.575653 0.699018 0.0230205 0.0320643 0.062019
2 0.51697 0.406079 0.043972 0.0487539 0.0616339
2 0.555477 0.37082 0.040211 0.036235 0.0611349
2 0.697218 0.683119 0.0335906 0.038469 0.0609804
2 0.557911 0.53454 0.0295143 0.0383129 0.0599821
2 0.365623 0.369991 0.0242915 0.0302043 0.0597017
2 0.583066 0.779999 0.0282274 0.0302329 0.0592571
2 0.747612 0.55556 0.0241924 0.0335814 0.0584557
2 0.596521 0.851205 0.0292414 0.0277084 0.0573715
2 0.626585 0.721142 0.0290522 0.0309986 0.0573606
2 0.597742 0.851351 0.0284354 0.0283966 0.0571296
2 0.794417 0.620811 0.0319667 0.0319247 0.0562704
2 0.338596 0.60521 0.0238349 0.0323343 0.0547417
2 0.731638 0.692534 0.0253614 0.0332185 0.0542838
2 0.549583 0.636365 0.0265356 0.0347929 0.0542174
2 0.454465 0.318711 0.0304084 0.0399613 0.0529715
2 0.47326 0.660959 0.0436225 0.0358469 0.0522004
2 0.537263 0.884781 0.0405578 0.0399427 0.0519402
2 0.626958 0.579002 0.0358475 0.0361567 0.0518801
2 0.538034 0.526327 0.0222505 0.0319206 0.0514668
2 0.223202 0.615169 0.0245325 0.0318521 0.0511928
2 0.72728 0.574403 0.0245984 0.0430618 0.0510278
2 0.74599 0.494896 0.0438961 0.0383473 0.0509416
2 0.696486 0.682046 0.0337077 0.0420072 0.0507606
2 0.253012 0.482642 0.0232866 0.0375631 0.0506817
2 0.223623 0.614419 0.024571 0.0306422 0.0503036
2 0.184543 0.573131 0.0307178 0.0361387 0.0501411
2 0.18413 0.572995 0.0326783 0.036599 0.0500894
2 0.477526 0.508044 0.0532457 0.0444298 0.0493309
2 0.581731 0.779871 0.0292919 0.0309213 0.0490529
2 0.38141 0.502336 0.0369379 0.0293969 0.0486446
2 0.786323 0.665238 0.0243242 0.0321029 0.048404
2 0.546351 0.660141 0.0298777 0.0384385 0.0483999
2 0.403122 0.370729 0.0319079 0.0375182 0.0481885
2 0.393962 0.454911 0.0234961 0.0297815 0.0474655
2 0.652452 0.910496 0.049035 0.0573172 0.0472383
2 0.339542 0.605411 0.0259778 0.0352986 0.04721
2 0.483851 0.446098 0.0271371 0.0465232 0.0462971
2 0.554395 0.289805 0.0431061 0.0377197 0.0462612
2 0.558836 0.452121 0.0240004 0.0310642 0.0460859
2 0.553799 0.291864 0.0431639 0.0381198 0.0457683
2 0.451516 0.319045 0.0244674 0.0401575 0.045638
2 0.544593 0.735309 0.0264684 0.0304901 0.0455556
2 0.455541 0.449963 0.0222827 0.039874 0.0453803
2 0.564524 0.372871 0.025237 0.032602 0.0452049
2 0.472363 0.660999 0.0421193 0.0327269 0.045139
2 0.66155 0.54202 0.0350928 0.0292298 0.0451031
2 0.411098 0.512647 0.0253473 0.0289373 0.0442114
2 0.556004 0.568129 0.0252431 0.0315269 0.0441261
2 0.598916 0.390949 0.0325008 0.0324025 0.043985
2 0.584557 0.903799 0.024988 0.0355656 0.0428133
2 0.724503 0.430966 0.0224067 0.0232551 0.042695
2 0.549397 0.635255 0.0249122 0.0338516 0.0420937
2 0.28557 0.448545 0.0259924 0.0375251 0.0420678
2 0.508766 0.642851 0.0232693 0.0416384 0.0420414
2 0.519846 0.31131 0.0331064 0.0542029 0.0417511
2 0.734816 0.850933 0.030206 0.0356831 0.0417364
2 0.18529 0.573777 0.0301836 0.0356183 0.0416227
2 0.339174 0.605973 0.0270921 0.0351543 0.0416192
