1 0.470419 0.600398 0.518257 0.724559 0.846889
1 0.471541 0.603084 0.513284 0.720092 0.839604
1 0.472173 0.601262 0.514336 0.718429 0.831932
1 0.471155 0.601282 0.509931 0.722806 0.818097
1 0.470979 0.603338 0.517456 0.724152 0.813284
1 0.470127 0.604091 0.515118 0.721152 0.813108
1 0.471484 0.600971 0.512226 0.721759 0.811042
1 0.473371 0.599405 0.514111 0.722206 0.798196
1 0.473434 0.600439 0.513226 0.72133 0.795164
1 0.471036 0.599945 0.51664 0.716472 0.771648
5 0.521652 0.705454 0.0270856 0.0298809 0.157505
5 0.521732 0.705127 0.0298064 0.0331835 0.126583
5 0.522522 0.704894 0.0314119 0.0351006 0.105296
5 0.522374 0.705475 0.0333648 0.0381406 0.0990306
5 0.522196 0.704358 0.0325437 0.0354848 0.0605337
5 0.522938 0.704068 0.035633 0.038514 0.0542498
5 0.520889 0.705548 0.0368799 0.0377268 0.0326757
5 0.520439 0.705123 0.035361 0.0369144 0.0314917
5 0.521525 0.704103 0.039871 0.0421506 0.0172916
5 0.523288 0.7091 0.0418245 0.0526749 0.0131592
5 0.523048 0.708627 0.040588 0.0517399 0.0115066
2 0.891444 0.880542 0.0528699 0.0724437 0.0107854
