3 0.424456 0.3712 0.418103 0.594171 0.842558
3 0.424974 0.366514 0.415072 0.585057 0.836991
3 0.423909 0.366143 0.416602 0.586667 0.824119
3 0.425401 0.375574 0.417715 0.601114 0.816109
3 0.423966 0.364118 0.417725 0.589545 0.808432
3 0.423555 0.369705 0.415232 0.59097 0.805651
3 0.42354 0.368008 0.419256 0.58884 0.794187
3 0.422977 0.376111 0.419578 0.602419 0.774744
3 0.42338 0.374515 0.418265 0.600493 0.758242
3 0.423422 0.371484 0.421391 0.591491 0.724966
3 0.423471 0.365059 0.416946 0.583846 0.218864
3 0.42538 0.367194 0.421337 0.585577 0.0744378
3 0.426427 0.36614 0.41649 0.582189 0.0358801
1 0.445081 0.0159525 0.437187 0.031905 0.0150964
1 0.465805 0.0156892 0.450245 0.0313784 0.0124712
