2 0.82125 0.570408 0.0386392 0.0341126 0.228866
2 0.820954 0.570495 0.0405552 0.0359109 0.206555
2 0.821165 0.570776 0.0396662 0.0336789 0.205961
2 0.821247 0.569947 0.0395315 0.0343022 0.193997
2 0.816321 0.279527 0.0395639 0.0293277 0.174402
2 0.82073 0.569703 0.0422173 0.0373164 0.172972
2 0.853346 0.551101 0.0269555 0.0382188 0.150643
2 0.816571 0.279504 0.0397019 0.0302789 0.149018
2 0.816187 0.279362 0.0401631 0.0290528 0.147544
2 0.821261 0.571418 0.0396126 0.0363715 0.143726
4 0.646219 0.913984 0.2582 0.16465 0.139463
2 0.854262 0.551567 0.0265587 0.0403268 0.138715
0 0.675363 0.88811 0.185286 0.176602 0.134014
2 0.770494 0.200565 0.0352631 0.0283557 0.129241
2 0.82088 0.570636 0.0424489 0.0386541 0.124713
2 0.816472 0.279342 0.0406205 0.0305025 0.120962
2 0.822042 0.569515 0.0404418 0.034839 0.11405
4 0.645179 0.900196 0.278502 0.188119 0.112729
4 0.102282 0.642373 0.189542 0.396015 0.109503
0 0.6998 0.880875 0.155011 0.173566 0.10899
4 0.62806 0.924654 0.256844 0.144735 0.107075
2 0.509251 0.532516 0.0328821 0.0354116 0.106557
2 0.854159 0.551392 0.0269878 0.0420032 0.106208
2 0.821256 0.571624 0.0400162 0.0386879 0.106097
4 0.580845 0.930486 0.290654 0.131795 0.105965
2 0.770368 0.20034 0.0369714 0.0276109 0.10439
4 0.240742 0.131404 0.246211 0.243597 0.103726
1 0.554966 0.495479 0.801827 0.985442 0.101285
1 0.525336 0.490772 0.874625 0.975753 0.0999631
2 0.825411 0.429504 0.0686346 0.0932848 0.0964592
0 0.246517 0.632701 0.120739 0.172236 0.0962542
0 0.665869 0.888718 0.207223 0.189487 0.0960972
2 0.7708 0.200115 0.0359007 0.0280219 0.0937451
2 0.509569 0.531573 0.034971 0.0362979 0.0937152
0 0.258371 0.119456 0.235197 0.229752 0.093619
0 0.647098 0.893574 0.251967 0.189537 0.0931632
2 0.509433 0.533629 0.0352747 0.0381166 0.0909966
2 0.510007 0.532271 0.0336243 0.0361315 0.0900553
0 0.655453 0.891701 0.258194 0.184641 0.0895494
2 0.50999 0.531618 0.0369598 0.0384608 0.0890224
4 0.23785 0.121437 0.223141 0.242105 0.0885496
2 0.854154 0.5516 0.0273873 0.0408763 0.0885381
4 0.604403 0.927928 0.278701 0.134366 0.0882178
2 0.6953 0.109252 0.0425376 0.0399129 0.0878229
2 0.637031 0.565668 0.0288771 0.0319362 0.0848914
2 0.694728 0.109915 0.0415495 0.0405568 0.0837966
2 0.636935 0.565332 0.0276851 0.0310791 0.083
4 0.219773 0.14155 0.234156 0.263075 0.0826965
2 0.82606 0.428227 0.0795733 0.0935727 0.0826569
0 0.255717 0.113675 0.2257 0.223143 0.0825896
2 0.82411 0.426508 0.089513 0.0977183 0.0806195
4 0.217384 0.155161 0.245214 0.26652 0.0798069
4 0.591401 0.928531 0.298836 0.141225 0.0783181
4 0.103229 0.634017 0.184157 0.374268 0.0778317
1 0.518239 0.479822 0.856814 0.954833 0.0762746
2 0.770913 0.199305 0.0384872 0.0298874 0.0762722
2 0.243307 0.634712 0.11398 0.169749 0.0756316
2 0.509703 0.533377 0.0357919 0.0394006 0.0744729
2 0.244585 0.635045 0.116744 0.170351 0.0742947
0 0.495919 0.483039 0.938734 0.95994 0.0699598
2 0.826956 0.429782 0.0768305 0.0919129 0.0694497
0 0.465372 0.487741 0.875316 0.969507 0.0662984
0 0.272342 0.110678 0.228354 0.214022 0.0660093
4 0.658152 0.889369 0.310472 0.204909 0.065938
2 0.440674 0.326761 0.040869 0.0348573 0.0655122
4 0.253501 0.125244 0.247546 0.228358 0.0645536
4 0.645419 0.884404 0.294781 0.219589 0.0645422
4 0.568255 0.93334 0.250418 0.12784 0.0645254
2 0.771212 0.20047 0.0370513 0.0298681 0.0644969
4 0.2285 0.142735 0.246822 0.245915 0.0642255
2 0.824476 0.433324 0.0663348 0.0845809 0.0641697
2 0.694831 0.109397 0.0434524 0.0401661 0.0640091
2 0.842458 0.425553 0.0440471 0.0784148 0.0624747
0 0.272667 0.115626 0.244314 0.219257 0.0624562
2 0.771729 0.200351 0.0376268 0.0305482 0.0621939
4 0.630917 0.922015 0.234054 0.145161 0.0619993
2 0.693574 0.110616 0.0440684 0.04399 0.0613336
1 0.598867 0.496118 0.728882 0.987303 0.0605848
4 0.338701 0.948968 0.163223 0.0969234 0.060082
2 0.44078 0.326388 0.0453495 0.0377223 0.0589067
2 0.440469 0.326924 0.0409934 0.0360124 0.0573036
2 0.694119 0.110768 0.0429009 0.0415755 0.0561327
2 0.847998 0.412218 0.0296769 0.0495707 0.0556178
2 0.824132 0.430745 0.0682639 0.0903174 0.0549007
0 0.503596 0.47734 0.946513 0.942007 0.0546366
1 0.51708 0.4764 0.893765 0.937319 0.0545389
2 0.441181 0.3263 0.0418877 0.0357992 0.0536497
2 0.854693 0.551314 0.0295664 0.0460573 0.0525423
2 0.694407 0.110392 0.0500203 0.0453633 0.0523277
2 0.694044 0.1119 0.0494315 0.0458499 0.051804
2 0.854626 0.55122 0.0293852 0.045401 0.0513061
1 0.550134 0.482467 0.818741 0.950481 0.0507467
4 0.712975 0.857421 0.107974 0.11531 0.0500082
2 0.508326 0.53233 0.0404321 0.041725 0.0490872
4 0.251934 0.632952 0.133103 0.193239 0.0490558
2 0.635094 0.565672 0.0328733 0.0365175 0.0477777
4 0.0979867 0.635847 0.185312 0.3818 0.0476882
4 0.197078 0.170233 0.222454 0.257514 0.0473637
4 0.342693 0.946206 0.156495 0.103841 0.047162
2 0.44068 0.326372 0.047979 0.0392544 0.0461356
1 0.519178 0.471806 0.90379 0.930482 0.0460322
2 0.251504 0.634696 0.121818 0.175266 0.0457906
4 0.708405 0.866281 0.114812 0.13353 0.0449849
0 0.715216 0.87527 0.135553 0.158173 0.0448228
4 0.108668 0.616076 0.182801 0.341084 0.0447033
2 0.509244 0.530522 0.0428364 0.0430816 0.0445173
4 0.195144 0.180775 0.242169 0.248613 0.0440091
4 0.573938 0.933595 0.308491 0.130611 0.0435887
2 0.441097 0.324559 0.0452421 0.0384943 0.0435765
2 0.817608 0.278787 0.0425873 0.035565 0.0434757
4 0.71075 0.863454 0.115099 0.126405 0.0434112
4 0.578586 0.930751 0.282054 0.13644 0.0429674
2 0.693667 0.111905 0.0451464 0.0439337 0.0426374
0 0.244486 0.631227 0.119117 0.17223 0.0425378
4 0.223932 0.131827 0.237095 0.25988 0.0422469
4 0.335098 0.94908 0.162089 0.0972645 0.0418843
2 0.823528 0.427584 0.0771366 0.0945612 0.0411681
4 0.201887 0.169366 0.244725 0.254998 0.0411022
2 0.780521 0.295188 0.0336888 0.0400619 0.0407584
2 0.82065 0.565827 0.0477244 0.049667 0.0402192
2 0.635408 0.56584 0.0335787 0.0369819 0.0397624
2 0.0634199 0.528721 0.0882783 0.155431 0.039518
2 0.824495 0.447586 0.0621566 0.0584514 0.0394073
2 0.441543 0.323996 0.0497846 0.0406517 0.0393589
4 0.0992475 0.627608 0.175081 0.357848 0.0389648
0 0.424401 0.490469 0.777179 0.973556 0.0378021
2 0.637684 0.564549 0.0341701 0.0380406 0.0367981
4 0.109345 0.611114 0.185242 0.325964 0.0366356
2 0.638134 0.564659 0.0338659 0.0373397 0.0358963
2 0.0625499 0.532953 0.0989388 0.144388 0.0351198
4 0.625348 0.913604 0.249642 0.161862 0.0350961
4 0.0972094 0.607994 0.162401 0.3138 0.0348019
2 0.848675 0.41341 0.029075 0.0484802 0.0346913
4 0.245146 0.120867 0.236658 0.241734 0.0345571
4 0.347617 0.94412 0.134398 0.100552 0.0344117
2 0.508438 0.533428 0.0423726 0.0426263 0.0340175
2 0.0617016 0.53028 0.0932768 0.14472 0.0333735
2 0.442128 0.324908 0.0462243 0.0405028 0.0333183
4 0.252327 0.632044 0.140773 0.190672 0.0330377
0 0.696845 0.883459 0.159757 0.171947 0.0319535
1 0.593635 0.486189 0.741477 0.962229 0.0319004
4 0.561249 0.938369 0.235197 0.12213 0.0318947
4 0.093612 0.627474 0.166709 0.36505 0.0310707
2 0.633774 0.567604 0.0381972 0.044433 0.0310222
2 0.309017 0.0692151 0.169144 0.129791 0.0305043
2 0.780249 0.295653 0.0343698 0.0413909 0.0303998
2 0.47708 0.935119 0.0503323 0.0290471 0.0302507
2 0.0635263 0.528699 0.0886865 0.148928 0.030231
2 0.694106 0.111768 0.0517514 0.0476671 0.0299076
2 0.827653 0.429132 0.0775291 0.0965646 0.0296011
2 0.440735 0.326011 0.0421026 0.0369251 0.0293734
1 0.504601 0.467728 0.929988 0.929824 0.0291569
4 0.713663 0.861274 0.10855 0.115227 0.0283949
2 0.552442 0.944013 0.227116 0.110636 0.0281562
0 0.692125 0.886094 0.191005 0.195755 0.028041
4 0.251924 0.642667 0.182934 0.24878 0.0279863
2 0.781442 0.293989 0.0349527 0.0398754 0.0278806
0 0.472401 0.479811 0.87756 0.947089 0.0277974
2 0.817608 0.278747 0.0433283 0.0354485 0.0277849
4 0.524837 0.917353 0.541475 0.164958 0.0277562
4 0.530546 0.944363 0.188971 0.109741 0.0272701
4 0.240359 0.875064 0.260163 0.236373 0.0269538
0 0.274868 0.100482 0.233797 0.193059 0.0268883
2 0.24719 0.63561 0.109982 0.174987 0.0260168
4 0.580181 0.907893 0.44803 0.183454 0.0259642
4 0.617009 0.897403 0.311679 0.191948 0.0256454
4 0.377249 0.0550966 0.345834 0.110193 0.0256407
2 0.814196 0.277871 0.0437978 0.0285974 0.0255622
2 0.672382 0.0191243 0.0302198 0.0269914 0.0255389
4 0.217718 0.87038 0.238492 0.214582 0.0253584
2 0.696406 0.107324 0.0479666 0.0448965 0.0250834
2 0.751757 0.257056 0.0341327 0.0335631 0.0249618
2 0.817071 0.281681 0.0413945 0.0361422 0.024919
2 0.307558 0.0741092 0.168435 0.133263 0.0246792
4 0.226525 0.870448 0.239379 0.231633 0.0246502
0 0.103178 0.628315 0.189814 0.619686 0.0245317
2 0.822444 0.425224 0.0854713 0.0984513 0.0243624
2 0.667469 0.0188906 0.0347092 0.0285649 0.0241355
2 0.635159 0.567026 0.037126 0.0438839 0.023908
2 0.748438 0.153152 0.0273029 0.0383444 0.0234702
2 0.849094 0.413361 0.0260315 0.044867 0.0232881
2 0.715151 0.860668 0.10663 0.111303 0.0230122
0 0.107474 0.666218 0.199989 0.529679 0.0227931
2 0.822585 0.418031 0.101065 0.110356 0.0227902
0 0.258374 0.117448 0.25648 0.219224 0.0227866
4 0.271769 0.643192 0.20849 0.237177 0.0227473
4 0.584719 0.931136 0.315567 0.133732 0.022681
2 0.827358 0.432117 0.0725186 0.0946026 0.0221016
2 0.82378 0.454779 0.0575272 0.0473176 0.0218393
2 0.0629837 0.527159 0.0899133 0.151041 0.0217292
2 0.771406 0.203017 0.0388617 0.0349498 0.0215946
4 0.71514 0.858143 0.108548 0.111875 0.0214278
0 0.276488 0.112767 0.263975 0.223546 0.0214133
2 0.383819 0.958351 0.0649083 0.0419741 0.0214075
4 0.173981 0.189039 0.212069 0.239227 0.0213132
4 0.26726 0.878943 0.298096 0.234148 0.0212591
2 0.539805 0.951026 0.221988 0.0978414 0.0210278
4 0.175766 0.187753 0.240847 0.251625 0.0210193
4 0.184178 0.715809 0.341371 0.535283 0.0209558
2 0.780105 0.295797 0.0353579 0.0413218 0.0209432
4 0.424734 0.0516069 0.428356 0.103214 0.0208393
2 0.82537 0.453612 0.0580667 0.045134 0.0205779
4 0.202421 0.159289 0.229505 0.26316 0.02052
2 0.784697 0.289191 0.0341696 0.0368537 0.0203492
0 0.28998 0.100222 0.244095 0.191922 0.020349
4 0.360247 0.0660764 0.335049 0.130644 0.0202884
2 0.0600937 0.531455 0.0810108 0.182043 0.0202761
2 0.714813 0.862801 0.110011 0.112709 0.0201949
2 0.681353 0.800449 0.0291162 0.0273954 0.0201495
2 0.247191 0.618858 0.0851974 0.133943 0.0199601
2 0.697187 0.107391 0.0475851 0.0458151 0.0198663
0 0.100678 0.582174 0.185319 0.768236 0.0198287
4 0.27826 0.879665 0.300151 0.239391 0.0196786
4 0.233915 0.132229 0.254165 0.231935 0.0195648
4 0.17476 0.703405 0.325887 0.53929 0.0195586
0 0.139948 0.693468 0.259521 0.534794 0.0195559
4 0.0954502 0.605894 0.159733 0.310123 0.0194347
2 0.245534 0.63013 0.115728 0.165282 0.0194216
2 0.824571 0.453082 0.0598808 0.0475386 0.0193453
4 0.102061 0.587187 0.169069 0.265461 0.0192502
2 0.522928 0.942084 0.157612 0.108768 0.0191189
2 0.747152 0.153271 0.0275435 0.0370707 0.0189913
2 0.636837 0.563455 0.0362491 0.0408913 0.0189849
0 0.159825 0.304756 0.268488 0.603299 0.0188582
2 0.297586 0.0860968 0.254424 0.163655 0.0185962
2 0.750987 0.257719 0.0349382 0.0355117 0.0185925
0 0.734334 0.869308 0.166535 0.161558 0.0185376
2 0.847328 0.424537 0.0340259 0.0767478 0.0184139
4 0.214528 0.861565 0.255969 0.209407 0.0183889
2 0.751453 0.257994 0.0333403 0.0344651 0.0182965
2 0.51715 0.941415 0.143393 0.0890164 0.0181875
0 0.255723 0.636063 0.156887 0.203497 0.0181504
0 0.117903 0.683392 0.213664 0.539647 0.0179647
2 0.825529 0.455593 0.0583221 0.0448152 0.0178378
2 0.817315 0.282352 0.04079 0.0354325 0.0177823
4 0.342033 0.962656 0.156373 0.0710698 0.0177628
2 0.751161 0.257366 0.0334812 0.0337984 0.017695
2 0.330219 0.509475 0.0386436 0.0498948 0.0176735
4 0.280228 0.645941 0.20129 0.220036 0.0174186
2 0.0605557 0.5293 0.0817039 0.16873 0.0173972
2 0.854645 0.552938 0.0300454 0.0492703 0.0170643
0 0.168881 0.257223 0.296055 0.503536 0.0161743
4 0.18836 0.236341 0.287507 0.448079 0.0161529
2 0.320438 0.0783978 0.299543 0.151262 0.0161117
2 0.330637 0.509864 0.0383009 0.0508917 0.0160297
4 0.275143 0.875158 0.322814 0.249683 0.0159771
2 0.230912 0.876458 0.217015 0.201415 0.0159198
4 0.0943868 0.631084 0.181662 0.374233 0.0158718
4 0.709904 0.866713 0.120337 0.130223 0.0158554
4 0.295458 0.890774 0.258772 0.216465 0.0155961
4 0.182277 0.183477 0.209425 0.242696 0.0155385
2 0.712887 0.863521 0.112907 0.118154 0.0155369
4 0.705483 0.870151 0.130889 0.137778 0.0154134
4 0.549555 0.935278 0.226673 0.123627 0.0153583
2 0.506424 0.930215 0.0238388 0.0230867 0.0153336
2 0.85162 0.554639 0.030576 0.0470849 0.0151519
2 0.535398 0.945586 0.289922 0.108239 0.0151326
4 0.20944 0.847171 0.280349 0.206636 0.0150349
4 0.181455 0.234474 0.34712 0.467073 0.0149874
2 0.779331 0.294577 0.0371317 0.0426167 0.014968
4 0.277525 0.884367 0.284994 0.22622 0.0148801
2 0.246428 0.626184 0.0774857 0.146856 0.0146672
4 0.541088 0.908381 0.554503 0.179352 0.0146143
4 0.197687 0.725772 0.367519 0.525473 0.0146059
2 0.378045 0.957382 0.0730721 0.0449544 0.0145554
4 0.598368 0.89658 0.455863 0.199931 0.0145292
2 0.298301 0.0812273 0.170733 0.149497 0.0145145
2 0.38054 0.963282 0.0672756 0.0527926 0.0144008
2 0.497136 0.934388 0.0942124 0.0380309 0.0143445
2 0.635247 0.563552 0.0401785 0.0442667 0.0143377
2 0.68112 0.800342 0.0294357 0.0279806 0.0142749
0 0.0840705 0.563993 0.137464 0.221352 0.0142586
4 0.255704 0.634629 0.17776 0.246066 0.0141069
2 0.0852351 0.365702 0.048088 0.0776846 0.01409
2 0.747376 0.153702 0.0257855 0.0373061 0.0140802
0 0.726767 0.878665 0.171266 0.181617 0.0140448
2 0.331358 0.508783 0.0386388 0.0516189 0.0140338
2 0.330313 0.509565 0.032619 0.0474129 0.0139926
0 0.183632 0.273975 0.28446 0.537696 0.0139574
2 0.682059 0.799801 0.0302406 0.0279869 0.0139012
2 0.657651 0.0174141 0.0575406 0.0311899 0.0138673
0 0.110526 0.651329 0.198498 0.609381 0.0138226
4 0.400271 0.0616688 0.381422 0.122374 0.0138024
4 0.35954 0.0609074 0.318428 0.121108 0.0135474
0 0.672856 0.884764 0.279719 0.187891 0.0135398
2 0.502917 0.929796 0.107553 0.0411658 0.0135049
2 0.849505 0.353852 0.0503107 0.0402307 0.0133984
2 0.847907 0.354839 0.0474874 0.0368051 0.013386
2 0.330889 0.509637 0.0389551 0.0512918 0.013371
0 0.109764 0.587546 0.197673 0.764012 0.0132816
4 0.638403 0.898682 0.256419 0.196537 0.0132525
2 0.753121 0.256492 0.0386632 0.0365702 0.0132515
4 0.289944 0.659347 0.232677 0.274246 0.0131463
2 0.771008 0.202963 0.0399115 0.0364315 0.0129731
0 0.102555 0.615821 0.195929 0.631349 0.012953
2 0.518557 0.955433 0.300157 0.0888463 0.0128533
4 0.713305 0.864012 0.109484 0.128252 0.0128236
2 0.414447 0.0475968 0.0765106 0.048568 0.012717
2 0.78914 0.351771 0.055644 0.0506743 0.0126594
2 0.779208 0.295597 0.0373774 0.0426522 0.0125576
