2 0.858004 0.138513 0.0677911 0.0814006 0.715237
2 0.856608 0.138559 0.0691388 0.0819541 0.697442
2 0.0911829 0.550213 0.0628853 0.0768113 0.666753
2 0.857197 0.137844 0.0680958 0.0830044 0.658952
2 0.0906579 0.550696 0.0620633 0.0749397 0.610747
2 0.856527 0.137616 0.0689669 0.0833134 0.597611
2 0.0903792 0.550531 0.0668758 0.0769307 0.589058
2 0.856442 0.137742 0.0679406 0.0822862 0.556649
2 0.855986 0.137853 0.0696204 0.0842744 0.554739
2 0.0878289 0.341438 0.0734368 0.0927569 0.55081
2 0.452124 0.0424582 0.0837514 0.0716738 0.538069
2 0.855783 0.138257 0.0729822 0.0843351 0.535227
2 0.594954 0.0427285 0.100168 0.0854571 0.531922
2 0.0882096 0.341929 0.0737814 0.0922423 0.52646
2 0.0903395 0.549374 0.059815 0.0742422 0.521487
2 0.59446 0.0420107 0.095475 0.0840214 0.518437
2 0.892731 0.487219 0.0873702 0.112874 0.511783
2 0.594396 0.0428093 0.0932266 0.0856186 0.511048
2 0.0900694 0.54907 0.0628598 0.0750381 0.507194
2 0.0904397 0.55023 0.0639789 0.0758631 0.505917
2 0.451908 0.0425229 0.0851358 0.0724638 0.502941
2 0.087212 0.341992 0.0735198 0.0933047 0.501399
2 0.593681 0.0417956 0.0957571 0.0835912 0.50043
2 0.891535 0.486328 0.0877842 0.112214 0.489596
2 0.89295 0.486289 0.0880484 0.113172 0.488157
2 0.892062 0.48709 0.0876658 0.113053 0.486418
2 0.452895 0.0422154 0.0822213 0.0733137 0.485657
2 0.891071 0.485771 0.0882729 0.112573 0.481607
2 0.594102 0.0431713 0.0941613 0.0863427 0.481201
2 0.0875185 0.342856 0.0735328 0.0932673 0.4766
2 0.857233 0.137716 0.0685081 0.0853204 0.46724
2 0.595569 0.0434595 0.0978398 0.0869189 0.463971
2 0.451609 0.0414753 0.0854299 0.0724799 0.452898
2 0.452654 0.0420004 0.0897574 0.0745348 0.429131
2 0.892726 0.489569 0.0862652 0.11096 0.413555
5 0.242468 0.892223 0.0706292 0.0779989 0.393603
2 0.0885552 0.341737 0.0735554 0.0943442 0.377692
2 0.594985 0.0416165 0.0975613 0.0832329 0.369214
2 0.893406 0.485901 0.0890234 0.111066 0.366192
5 0.242469 0.892897 0.0725122 0.0789602 0.365034
5 0.243055 0.893436 0.0690269 0.0766172 0.354882
2 0.452675 0.042025 0.0900796 0.0734796 0.354387
2 0.452328 0.0415637 0.0846457 0.0734659 0.35021
2 0.452403 0.0414999 0.0852198 0.0733011 0.348975
2 0.857465 0.137615 0.0666247 0.0828911 0.346664
2 0.856017 0.138874 0.0723965 0.0842045 0.346532
2 0.89076 0.486621 0.0924361 0.115187 0.344029
2 0.890842 0.48596 0.0923892 0.115526 0.338611
5 0.242648 0.892066 0.0669223 0.0764361 0.336995
2 0.0908003 0.549949 0.06921 0.0788317 0.322291
2 0.0883816 0.34126 0.0719668 0.0945006 0.315956
2 0.893173 0.489644 0.0865414 0.109857 0.309261
2 0.0885285 0.340777 0.0723168 0.0917836 0.306832
5 0.241779 0.891506 0.0682032 0.0759105 0.30103
2 0.0889672 0.341939 0.074406 0.0913235 0.288139
2 0.0912812 0.549638 0.0669683 0.0786061 0.287575
5 0.242161 0.893014 0.0703994 0.0771677 0.281592
2 0.0870909 0.343533 0.0711665 0.0908244 0.269346
2 0.596118 0.0417185 0.099251 0.0834371 0.262585
5 0.242673 0.892942 0.0719209 0.0769756 0.253309
0 0.556503 0.553131 0.768575 0.888313 0.244517
2 0.0874719 0.344177 0.0719586 0.0905202 0.242247
5 0.242703 0.892756 0.0774804 0.0802865 0.237654
2 0.45318 0.0429375 0.0802209 0.0724698 0.236394
2 0.0914494 0.549664 0.0737398 0.0828139 0.228937
2 0.594448 0.0438034 0.0904732 0.084673 0.216108
2 0.595102 0.0422352 0.0985186 0.0844703 0.213211
0 0.527831 0.552267 0.794151 0.890384 0.209672
0 0.540939 0.549695 0.815667 0.90061 0.204223
0 0.519382 0.550504 0.835188 0.898992 0.20127
0 0.577631 0.555437 0.714282 0.886529 0.198882
2 0.59524 0.0446255 0.0907129 0.085786 0.192933
0 0.515627 0.516796 0.877692 0.948167 0.175347
2 0.206025 0.187037 0.0926882 0.0944021 0.174527
2 0.894819 0.487055 0.0920703 0.114705 0.163283
0 0.598405 0.556356 0.665246 0.886623 0.161648
0 0.562183 0.549694 0.760545 0.900613 0.156001
2 0.206412 0.184631 0.103718 0.104608 0.153205
2 0.451339 0.042094 0.0821785 0.0684268 0.152061
2 0.207151 0.186138 0.0906621 0.096486 0.150308
2 0.207742 0.184358 0.0964643 0.10094 0.150071
2 0.891511 0.485595 0.0896986 0.114751 0.148401
2 0.0899222 0.55029 0.0608611 0.0718498 0.145924
3 0.530937 0.51733 0.834445 0.941343 0.138638
5 0.242437 0.893598 0.0687308 0.0781607 0.132239
2 0.894273 0.486181 0.0896474 0.112599 0.129902
2 0.0882244 0.343293 0.0718115 0.0928121 0.126098
2 0.452164 0.041805 0.0879069 0.0742395 0.124031
2 0.89241 0.489029 0.0898576 0.1138 0.12389
0 0.582641 0.548219 0.697475 0.903563 0.121941
5 0.243028 0.893416 0.0707629 0.0788185 0.115825
2 0.0895147 0.551148 0.0631017 0.0763384 0.107899
2 0.206233 0.188592 0.0976819 0.0952957 0.105435
2 0.203461 0.196122 0.0717677 0.0730728 0.102352
2 0.20015 0.201712 0.0700426 0.0600685 0.0945706
2 0.452901 0.0422665 0.0854976 0.0761995 0.0940448
5 0.242101 0.892879 0.0616245 0.0725318 0.0899697
3 0.552027 0.511244 0.76502 0.941276 0.088117
5 0.243092 0.892351 0.0804055 0.0853617 0.0835105
5 0.24265 0.891623 0.0834619 0.0849704 0.0789649
2 0.0912734 0.551221 0.0676582 0.0795294 0.0747228
2 0.856927 0.138201 0.0763455 0.0891202 0.0734488
2 0.210188 0.181181 0.0915086 0.0921361 0.0723991
2 0.0906784 0.550355 0.0561101 0.0693402 0.0632926
2 0.208446 0.18531 0.0947867 0.101149 0.0624045
2 0.203852 0.203075 0.0740235 0.0613422 0.0602396
2 0.596156 0.0438688 0.0900381 0.0844898 0.0593675
2 0.0892676 0.549937 0.0625517 0.0763624 0.058035
2 0.453647 0.0437693 0.0801413 0.0660731 0.0578993
2 0.211564 0.182345 0.0884312 0.0942719 0.0550847
2 0.452262 0.0429502 0.0858216 0.0761045 0.0549269
2 0.20275 0.205812 0.060794 0.0491659 0.0535526
5 0.127832 0.828508 0.0506696 0.0667751 0.0535199
2 0.0874949 0.342422 0.0789612 0.093138 0.0534837
5 0.126321 0.830107 0.0578888 0.0725769 0.052929
2 0.0886027 0.341884 0.0771164 0.0920822 0.0509789
2 0.202797 0.206046 0.0646337 0.0535839 0.0494182
2 0.202028 0.204934 0.0620113 0.0534294 0.04893
5 0.126319 0.828288 0.0587184 0.0723321 0.0464229
5 0.126899 0.829134 0.0534806 0.0686722 0.0448213
2 0.201392 0.183747 0.110402 0.109967 0.0438203
2 0.594347 0.0435149 0.0990603 0.085508 0.0433308
5 0.125734 0.829066 0.0570543 0.0704583 0.0424007
5 0.125514 0.830115 0.0597418 0.0719703 0.0423732
5 0.126042 0.829958 0.0595061 0.0717105 0.0410273
5 0.125271 0.8303 0.0578627 0.0707604 0.0399599
2 0.210277 0.186586 0.0913333 0.0975775 0.0391012
2 0.221075 0.175958 0.0695329 0.0796182 0.0375898
2 0.857838 0.138712 0.0704978 0.0845413 0.036516
2 0.594457 0.044713 0.0980255 0.0894259 0.0363463
5 0.127034 0.829548 0.0694345 0.0792766 0.034521
2 0.207602 0.182384 0.102978 0.105306 0.0313736
5 0.242592 0.893142 0.0643888 0.0750247 0.0307442
5 0.126942 0.829736 0.0595613 0.0756938 0.0272226
0 0.504025 0.513124 0.881945 0.954025 0.0268151
2 0.453653 0.0435615 0.0850952 0.0786985 0.0256627
5 0.126311 0.828959 0.0722957 0.0803133 0.0254276
2 0.0884062 0.34082 0.0716446 0.0946064 0.0235175
2 0.595511 0.0419149 0.0979022 0.0838297 0.0228821
2 0.209191 0.198792 0.0789054 0.0749681 0.0225406
5 0.125108 0.82878 0.0620772 0.0755252 0.0222367
2 0.454497 0.0416167 0.0949524 0.0771176 0.0218886
5 0.125873 0.829167 0.0657941 0.0806562 0.0218558
2 0.0912054 0.549577 0.0746273 0.0845461 0.0214602
5 0.128847 0.830672 0.0721657 0.083626 0.0209771
2 0.0915141 0.340662 0.0741404 0.0928037 0.0207088
2 0.892429 0.482675 0.0879489 0.105279 0.0195365
2 0.220443 0.18145 0.0765012 0.0950427 0.0188394
2 0.0894519 0.344487 0.0743323 0.0928215 0.0174455
2 0.595923 0.0432057 0.0939191 0.0864113 0.0172018
5 0.244354 0.895153 0.0783221 0.0873748 0.0166591
2 0.235112 0.175105 0.0443252 0.0788375 0.0159491
5 0.24425 0.891101 0.0849932 0.0881091 0.0146717
2 0.232782 0.173108 0.0493014 0.0758844 0.0140693
2 0.599767 0.037439 0.111424 0.0748779 0.0140675
2 0.0883502 0.354674 0.0682448 0.0682026 0.0133155
2 0.0890996 0.359835 0.0640705 0.0537218 0.0125476
2 0.215333 0.185573 0.0876451 0.102158 0.0124691
0 0.465219 0.54948 0.856239 0.901041 0.0113739
5 0.895142 0.490168 0.0913648 0.113689 0.0103174
