1 0.524819 0.478274 0.355217 0.424679 0.53336
1 0.522641 0.478519 0.357679 0.422608 0.531893
1 0.524285 0.478765 0.358842 0.424608 0.530523
1 0.522282 0.481163 0.359159 0.425537 0.499026
1 0.523597 0.482117 0.355434 0.428877 0.496319
1 0.522908 0.481859 0.360123 0.426656 0.48537
1 0.525948 0.480506 0.360081 0.430764 0.458377
1 0.522905 0.478777 0.358701 0.423832 0.452445
1 0.523004 0.478469 0.35956 0.423543 0.436414
1 0.523376 0.478359 0.356497 0.42621 0.406212
1 0.501231 0.454972 0.105058 0.148172 0.228361
1 0.502953 0.462847 0.103936 0.158027 0.147433
1 0.501056 0.453795 0.1093 0.14695 0.113029
1 0.501073 0.44601 0.104222 0.129998 0.104176
1 0.502246 0.465104 0.100104 0.155614 0.0788714
1 0.525915 0.478193 0.213658 0.265773 0.0673076
1 0.500628 0.454735 0.100685 0.146601 0.0668831
1 0.506481 0.469708 0.157371 0.213438 0.0640903
1 0.518178 0.481078 0.17894 0.230951 0.0626628
1 0.502026 0.460369 0.106944 0.157122 0.0611946
1 0.508269 0.468244 0.138108 0.208269 0.0586508
1 0.51305 0.480213 0.189448 0.235913 0.0558914
1 0.505939 0.472208 0.0997074 0.160862 0.0521326
1 0.501369 0.464092 0.145515 0.199071 0.0453524
5 0.567935 0.454776 0.0175506 0.0187239 0.0439771
1 0.506065 0.467695 0.100104 0.167521 0.0389163
1 0.507567 0.463534 0.135918 0.195976 0.037879
1 0.528904 0.476768 0.221718 0.270438 0.0371031
5 0.566755 0.454227 0.0201825 0.0207355 0.0365646
1 0.501265 0.446896 0.109087 0.128388 0.0348538
1 0.527222 0.482661 0.200825 0.240623 0.0347801
1 0.521709 0.474145 0.181133 0.221539 0.0345368
1 0.516669 0.477526 0.206756 0.265785 0.0328931
1 0.501541 0.444222 0.102823 0.131513 0.0258686
1 0.498533 0.464927 0.189662 0.25897 0.0207056
1 0.524655 0.468392 0.177925 0.211842 0.0166188
1 0.525878 0.488226 0.238616 0.248175 0.0154227
1 0.502596 0.469409 0.193427 0.270487 0.0148056
1 0.531869 0.382718 0.357848 0.227046 0.0136984
1 0.512461 0.474385 0.104429 0.157864 0.0134521
1 0.479922 0.452771 0.219618 0.272608 0.0132823
1 0.492906 0.447744 0.199774 0.217445 0.0114503
1 0.530907 0.385381 0.356231 0.232363 0.011087
5 0.568182 0.455862 0.0226235 0.025486 0.0106711
