2 0.424798 0.518137 0.0370961 0.0484022 0.329015
2 0.424769 0.518247 0.0388105 0.0486967 0.317436
2 0.425261 0.518939 0.0364703 0.048337 0.312745
2 0.424913 0.518688 0.0381257 0.04911 0.309172
2 0.424988 0.518514 0.0363266 0.0495208 0.285204
2 0.425273 0.518769 0.0384297 0.0480367 0.277787
2 0.425048 0.518653 0.039654 0.0506062 0.247584
2 0.425605 0.518501 0.0388099 0.0503086 0.233525
2 0.425484 0.51853 0.039248 0.051382 0.23083
3 0.506126 0.545359 0.328014 0.450374 0.136608
3 0.521467 0.550365 0.362441 0.478302 0.132471
2 0.621626 0.634416 0.0348946 0.0380253 0.130195
2 0.517066 0.543121 0.0301081 0.0370838 0.129613
2 0.545897 0.516415 0.0265386 0.0293009 0.124148
4 0.525328 0.629824 0.0516325 0.058943 0.12178
2 0.62173 0.634789 0.0349127 0.0386802 0.117916
2 0.622111 0.634339 0.033701 0.0368595 0.110521
3 0.501027 0.543761 0.313732 0.440781 0.108757
3 0.506162 0.547039 0.32508 0.454559 0.106361
2 0.545097 0.515205 0.0298564 0.0323644 0.106228
2 0.545488 0.516577 0.028136 0.0299514 0.105291
4 0.52639 0.631149 0.0473367 0.0538391 0.104572
2 0.622329 0.634834 0.0330612 0.0370927 0.103935
2 0.42468 0.517422 0.0395092 0.0537178 0.102997
2 0.516861 0.543914 0.026728 0.0346775 0.101507
2 0.450536 0.43327 0.0333378 0.0410629 0.0974076
2 0.450421 0.432858 0.034747 0.0414158 0.0905379
2 0.450332 0.432885 0.0357634 0.0432122 0.0876536
3 0.502172 0.543752 0.313548 0.436971 0.0858899
3 0.501263 0.545453 0.312806 0.446775 0.084069
2 0.449955 0.432609 0.0348995 0.0422976 0.083263
2 0.544924 0.515857 0.0315299 0.0343817 0.0830693
2 0.528315 0.526078 0.0574333 0.0756191 0.079802
3 0.5049 0.543771 0.315995 0.4429 0.0754196
2 0.62184 0.635059 0.0393982 0.0422102 0.0717559
4 0.526726 0.6306 0.046552 0.0534867 0.0710901
4 0.528827 0.629571 0.050346 0.0590182 0.0695131
2 0.449512 0.4347 0.038568 0.0462077 0.0660603
5 0.51734 0.544899 0.0295334 0.0353711 0.0636478
3 0.506467 0.54607 0.31517 0.450385 0.0611238
2 0.448657 0.562898 0.0261286 0.0288723 0.059344
0 0.508858 0.548491 0.327701 0.45903 0.0582508
2 0.622079 0.635445 0.0368903 0.0408197 0.0573651
2 0.450897 0.431716 0.0394313 0.0478491 0.0573033
4 0.525462 0.630444 0.050825 0.0565745 0.0527895
4 0.529405 0.630039 0.0527615 0.0587514 0.0523743
2 0.449076 0.434863 0.0406093 0.0478172 0.0502386
0 0.503515 0.548063 0.309313 0.453603 0.0494256
2 0.517261 0.542673 0.0321866 0.037319 0.0474579
4 0.52645 0.631315 0.0515202 0.0549287 0.0449255
2 0.623523 0.634457 0.0377167 0.0425714 0.0426326
2 0.448417 0.561952 0.0270755 0.031445 0.0406617
4 0.513506 0.627064 0.0994476 0.0780642 0.0388819
4 0.526839 0.630222 0.0440662 0.0543992 0.0381841
2 0.62335 0.634482 0.0387794 0.0437457 0.0375925
2 0.516298 0.543734 0.0289226 0.0353715 0.03668
4 0.52669 0.630576 0.0462833 0.0535327 0.0358809
2 0.451601 0.432111 0.0386913 0.0476566 0.033888
4 0.520977 0.521513 0.0465003 0.084128 0.0337245
2 0.529498 0.515306 0.0565096 0.0771573 0.032775
5 0.516836 0.544708 0.0305007 0.0360951 0.0325155
2 0.546361 0.517064 0.0287363 0.0355504 0.0319629
4 0.527319 0.630148 0.0460211 0.0546473 0.031263
2 0.530152 0.525774 0.0518074 0.0544163 0.0311923
2 0.451534 0.43249 0.0388404 0.0483017 0.0285877
4 0.527637 0.631342 0.0515154 0.0534611 0.0283329
2 0.450569 0.430526 0.0405018 0.0518249 0.027302
4 0.52381 0.628238 0.0677506 0.0699601 0.0272813
2 0.448158 0.563158 0.0278342 0.0303252 0.0268826
4 0.52838 0.630105 0.0471561 0.0556452 0.024059
4 0.479271 0.626819 0.157902 0.0900505 0.0228702
2 0.425004 0.521341 0.043687 0.0558654 0.0212779
4 0.520494 0.509963 0.0497928 0.10558 0.0199792
4 0.509673 0.704099 0.209156 0.13503 0.0194663
2 0.527219 0.51505 0.0566218 0.0891631 0.0193275
2 0.623629 0.635559 0.0403803 0.0458903 0.0192942
2 0.448118 0.563016 0.0277823 0.0311117 0.0190222
0 0.53745 0.531353 0.126869 0.227798 0.0163539
4 0.499328 0.491528 0.0902513 0.141631 0.0162991
4 0.495471 0.65072 0.163191 0.157788 0.0160213
4 0.532385 0.629954 0.0586425 0.0633222 0.0155379
2 0.451491 0.434515 0.0430359 0.0521773 0.0148841
4 0.502718 0.493452 0.0872198 0.134148 0.0146953
4 0.52825 0.630556 0.0615653 0.0628977 0.0146779
4 0.520545 0.500426 0.0607262 0.129854 0.0145101
4 0.510713 0.708595 0.218775 0.121188 0.01357
2 0.533907 0.516556 0.0596964 0.0861102 0.0134633
2 0.518839 0.542133 0.0355952 0.0450949 0.0132503
5 0.519832 0.543867 0.0360771 0.0410449 0.0129237
2 0.45253 0.430881 0.0434997 0.0544264 0.0128838
4 0.525571 0.630183 0.0514477 0.0588138 0.0123721
3 0.505317 0.433304 0.362161 0.226586 0.0121328
0 0.515719 0.525685 0.175703 0.265366 0.011449
4 0.467408 0.629301 0.158665 0.116881 0.0112525
0 0.526864 0.550257 0.149339 0.240223 0.0110439
5 0.546203 0.514706 0.0308537 0.0374435 0.0109862
4 0.499713 0.722834 0.184778 0.113388 0.0106446
0 0.516192 0.539711 0.180344 0.256777 0.0105668
0 0.541786 0.520952 0.128397 0.244664 0.0104335
2 0.545961 0.515788 0.0319391 0.0376035 0.0100931
2 0.427158 0.518045 0.0432116 0.0576286 0.0100192
