3 0.503139 0.548386 0.365781 0.474119 0.648568
3 0.505832 0.550339 0.364334 0.479035 0.640199
3 0.504917 0.547125 0.361016 0.472684 0.637497
3 0.507375 0.548471 0.362811 0.480515 0.635498
3 0.508767 0.549236 0.363447 0.484933 0.628477
3 0.505933 0.54899 0.361038 0.479717 0.620117
3 0.504482 0.549456 0.364995 0.475733 0.618835
3 0.507736 0.551273 0.361483 0.482325 0.615131
3 0.507957 0.547832 0.359733 0.480392 0.609573
3 0.5056 0.547455 0.368053 0.48208 0.605915
3 0.896636 0.50454 0.205728 0.978278 0.0582018
3 0.581508 0.511983 0.185491 0.25999 0.03967
3 0.883755 0.473511 0.231773 0.935658 0.036684
3 0.928221 0.493993 0.143559 0.952922 0.0357217
3 0.582652 0.505892 0.182249 0.289553 0.0351837
3 0.455605 0.549778 0.147138 0.24841 0.0346504
3 0.582539 0.533786 0.186994 0.241542 0.033298
3 0.462634 0.551033 0.178988 0.259728 0.03089
3 0.923903 0.450487 0.152194 0.895965 0.0294284
3 0.454456 0.549714 0.130783 0.247458 0.0284821
3 0.457231 0.550561 0.175614 0.266104 0.028214
3 0.454282 0.550349 0.171882 0.249656 0.0267853
3 0.580702 0.535171 0.184879 0.259754 0.026115
3 0.774137 0.481402 0.451283 0.952121 0.0252308
3 0.479446 0.552695 0.233367 0.287647 0.0250765
3 0.27151 0.178896 0.517945 0.357791 0.0248818
3 0.790947 0.504779 0.418085 0.982022 0.0240702
3 0.459179 0.551265 0.145299 0.259731 0.0226713
3 0.450475 0.547932 0.164887 0.244874 0.0220505
3 0.452914 0.55153 0.186828 0.261656 0.0194846
4 0.439928 0.49824 0.0518816 0.070975 0.0192068
3 0.212186 0.184518 0.414785 0.369036 0.019196
4 0.441843 0.491201 0.0586286 0.0865439 0.0180637
4 0.611735 0.54655 0.0573544 0.0600335 0.0170867
3 0.56342 0.524151 0.192564 0.248964 0.0170545
3 0.571291 0.535225 0.19968 0.24549 0.0167862
3 0.637882 0.217878 0.709514 0.43557 0.0165739
3 0.504142 0.544345 0.24725 0.263604 0.0159606
3 0.208625 0.188107 0.41725 0.376215 0.0156812
3 0.577938 0.504028 0.18002 0.279771 0.0156305
3 0.452362 0.553077 0.17985 0.270528 0.0150766
3 0.455404 0.527464 0.130421 0.208897 0.0145643
4 0.426734 0.501719 0.0793882 0.0980992 0.0140527
3 0.207575 0.175106 0.414483 0.350211 0.0139121
3 0.492228 0.544856 0.200043 0.25682 0.013858
3 0.207695 0.190471 0.414273 0.380943 0.013742
4 0.455428 0.483464 0.150435 0.119771 0.0137375
4 0.438807 0.500815 0.0484081 0.0628047 0.0131346
3 0.238969 0.188758 0.459739 0.377516 0.0131117
4 0.454152 0.486403 0.1552 0.126659 0.0122052
4 0.439042 0.498871 0.0494517 0.0700262 0.011964
3 0.391923 0.179764 0.737891 0.359529 0.0116101
3 0.445184 0.52883 0.166369 0.217579 0.0115941
4 0.608245 0.54576 0.0501019 0.0552952 0.01155
3 0.183506 0.463029 0.365779 0.915439 0.0113525
4 0.301919 0.664726 0.0461993 0.0640729 0.0113096
3 0.467444 0.537573 0.1348 0.234734 0.0110671
4 0.607031 0.546379 0.0607997 0.0706309 0.0107449
3 0.514896 0.546719 0.281624 0.293019 0.0103582
3 0.55021 0.516515 0.189711 0.261738 0.0102743
3 0.479555 0.556545 0.234699 0.289171 0.0102033
4 0.449069 0.490566 0.0816518 0.0958191 0.0101068
