3 0.51107 0.475412 0.39374 0.472441 0.794973
3 0.50961 0.475337 0.396303 0.473443 0.771446
3 0.509091 0.474562 0.39329 0.472718 0.758306
3 0.51044 0.476476 0.395357 0.463949 0.757304
3 0.509873 0.475781 0.392438 0.465041 0.74821
3 0.508544 0.475785 0.395882 0.464639 0.738699
3 0.510021 0.478822 0.393173 0.460169 0.721644
3 0.509489 0.478296 0.392868 0.460839 0.697536
3 0.510793 0.478214 0.399376 0.466765 0.661064
3 0.512348 0.480564 0.398169 0.458115 0.656802
3 0.511134 0.474831 0.394578 0.462275 0.109313
5 0.935283 0.464747 0.0506447 0.0733104 0.0771557
5 0.935501 0.465048 0.0539844 0.0796561 0.0750077
5 0.935128 0.464702 0.051973 0.0720313 0.0530034
5 0.935833 0.463819 0.038712 0.0648338 0.045848
3 0.927777 0.457865 0.142359 0.834294 0.0442828
3 0.93013 0.469515 0.137418 0.900424 0.0348994
3 0.539447 0.4809 0.294559 0.338992 0.0346831
3 0.530244 0.467826 0.282435 0.314435 0.0297574
5 0.933997 0.464285 0.0380125 0.0617401 0.0294993
3 0.528213 0.450034 0.253508 0.258472 0.0292883
5 0.936023 0.464294 0.0368199 0.0625614 0.0269302
5 0.934153 0.46728 0.0469975 0.0772583 0.0260058
3 0.929345 0.414977 0.139976 0.774055 0.0251754
5 0.935009 0.464875 0.0394548 0.0628725 0.0226341
3 0.537506 0.456775 0.287022 0.264388 0.021068
5 0.936375 0.4685 0.0603734 0.0898212 0.0203319
3 0.653401 0.770581 0.692806 0.457874 0.0202104
3 0.51197 0.473679 0.396599 0.471129 0.0186421
5 0.93525 0.463252 0.0464847 0.0672126 0.0174361
5 0.934823 0.464497 0.0380867 0.0623006 0.0173121
3 0.618473 0.776987 0.757346 0.443979 0.0159904
5 0.935293 0.463442 0.0588993 0.076829 0.015758
3 0.525889 0.430529 0.227263 0.210344 0.0145443
3 0.494624 0.448321 0.206376 0.264705 0.0138841
3 0.919649 0.483194 0.15617 0.957659 0.0130266
3 0.666425 0.821555 0.665618 0.35689 0.0127494
3 0.629448 0.819491 0.739989 0.360542 0.0124481
3 0.577899 0.792112 0.838247 0.412004 0.0107791
5 0.934412 0.464949 0.0377964 0.0618372 0.0106142
3 0.934005 0.345029 0.130654 0.661003 0.0105629
3 0.535156 0.414051 0.236709 0.192737 0.0102978
