3 0.539383 0.486625 0.325075 0.393317 0.427655
3 0.544064 0.486406 0.330862 0.400958 0.407756
3 0.538944 0.487133 0.324286 0.39832 0.402208
3 0.539898 0.486097 0.326459 0.397606 0.391724
3 0.536696 0.487885 0.316252 0.393958 0.386545
3 0.536385 0.487814 0.316232 0.398187 0.343234
3 0.536114 0.487135 0.316416 0.396976 0.341696
5 0.671145 0.4633 0.0389314 0.0441505 0.334109
5 0.671166 0.463095 0.039402 0.0431497 0.330608
3 0.527477 0.487609 0.301677 0.396497 0.328276
5 0.67142 0.46336 0.0396739 0.0433269 0.319335
5 0.433047 0.534917 0.0433701 0.0541394 0.307241
5 0.671727 0.463305 0.0388344 0.0449207 0.30492
5 0.671758 0.462838 0.0405629 0.045566 0.30439
3 0.529915 0.487748 0.30824 0.401477 0.299677
5 0.523984 0.626426 0.0313657 0.0332752 0.294879
5 0.524718 0.626221 0.0310852 0.0343503 0.293216
5 0.670879 0.463079 0.0404302 0.0456708 0.288343
5 0.432685 0.536502 0.0423001 0.0523611 0.283341
5 0.524449 0.626467 0.0334826 0.0351388 0.281981
5 0.575452 0.627006 0.0231041 0.0266687 0.281689
5 0.433438 0.535028 0.0449131 0.054149 0.280952
3 0.528171 0.486347 0.304363 0.401088 0.277201
5 0.433123 0.535982 0.0439118 0.0536533 0.254337
5 0.434263 0.535864 0.0421399 0.0551774 0.250822
5 0.524276 0.626484 0.0331304 0.0341338 0.25028
5 0.43154 0.535481 0.0471303 0.0564214 0.243269
5 0.434239 0.535345 0.045572 0.0547287 0.219906
5 0.575535 0.6272 0.0254948 0.0289397 0.20108
5 0.524184 0.625432 0.0334808 0.0353082 0.196559
5 0.523982 0.624975 0.0330657 0.0337337 0.194675
5 0.431177 0.536492 0.0462209 0.0535766 0.179077
5 0.672173 0.463669 0.0443461 0.0486789 0.173451
5 0.576477 0.627531 0.0264194 0.0291783 0.171742
5 0.672692 0.463742 0.043349 0.0499342 0.162513
5 0.432596 0.536479 0.0455489 0.0568209 0.156786
5 0.67153 0.462628 0.043435 0.0511892 0.135092
5 0.669464 0.462856 0.0460223 0.0477617 0.128074
5 0.433087 0.536514 0.0479898 0.0572726 0.124157
5 0.67146 0.463774 0.044085 0.053254 0.120424
5 0.576761 0.627819 0.0273427 0.0312231 0.12038
5 0.435365 0.534949 0.0496367 0.0578129 0.108623
5 0.672648 0.464295 0.0458272 0.0507925 0.102533
5 0.669632 0.462052 0.047087 0.0493333 0.101951
5 0.501544 0.658687 0.0264907 0.0255683 0.089277
5 0.522316 0.625225 0.0392832 0.0332838 0.0882315
5 0.575863 0.625371 0.0291379 0.0310047 0.0715344
5 0.522449 0.623441 0.0408759 0.03805 0.0677765
5 0.434939 0.535093 0.0502328 0.05784 0.0589732
5 0.576912 0.62593 0.0308768 0.0332254 0.0562116
0 0.467798 0.406333 0.15708 0.199484 0.0545894
3 0.900505 0.486789 0.197796 0.939564 0.0538834
5 0.500394 0.66009 0.0314036 0.0315397 0.0525155
3 0.937604 0.458989 0.124791 0.873025 0.049494
0 0.464246 0.424458 0.149088 0.190484 0.0485168
3 0.932496 0.418772 0.135007 0.825896 0.047467
0 0.471023 0.41197 0.149062 0.184767 0.0461985
5 0.669835 0.463689 0.0482113 0.0480698 0.0438773
5 0.497017 0.4032 0.0220313 0.0259613 0.0415826
0 0.47002 0.420425 0.149201 0.175773 0.0408359
3 0.878644 0.445254 0.241758 0.874163 0.0404976
5 0.543045 0.305785 0.0237422 0.0216923 0.0399245
0 0.462571 0.470521 0.157779 0.319148 0.0365415
5 0.510269 0.320371 0.0203351 0.023237 0.0364603
5 0.648292 0.503733 0.01863 0.0199242 0.0355276
5 0.502366 0.660625 0.0244387 0.0250762 0.0352492
4 0.458955 0.480403 0.155333 0.339903 0.0343247
5 0.523359 0.405259 0.0221802 0.025778 0.0330902
5 0.432555 0.536716 0.0504269 0.0622148 0.0320312
5 0.497624 0.402673 0.025387 0.0289183 0.0316969
0 0.46287 0.455843 0.152076 0.269694 0.0307252
5 0.501383 0.661667 0.0285148 0.0308486 0.0306459
5 0.516034 0.533253 0.018593 0.0229795 0.0304731
5 0.436632 0.53715 0.052799 0.064851 0.029009
5 0.524554 0.405244 0.0247443 0.0285288 0.0289218
5 0.491586 0.459185 0.023484 0.0244209 0.0282466
5 0.510921 0.320524 0.0241988 0.0274921 0.0281734
5 0.497291 0.403215 0.0246412 0.028909 0.0280752
0 0.476877 0.449155 0.177524 0.268223 0.0278582
3 0.566497 0.469998 0.135546 0.232831 0.0255983
5 0.491757 0.459056 0.02304 0.0248851 0.0246057
5 0.573823 0.627642 0.035401 0.0326434 0.0239194
5 0.497529 0.402683 0.0257837 0.0315705 0.0238548
0 0.46389 0.41097 0.162371 0.207556 0.0224543
3 0.533461 0.469779 0.211739 0.239982 0.0209311
5 0.520039 0.629552 0.0417191 0.0300812 0.0206489
3 0.491901 0.438478 0.186869 0.214927 0.020554
3 0.515224 0.459098 0.247321 0.26745 0.0204775
5 0.541247 0.304883 0.0263128 0.0262155 0.0203565
3 0.535524 0.387354 0.336704 0.201611 0.0202109
5 0.649454 0.502106 0.0236222 0.0246052 0.0198578
0 0.453353 0.48743 0.15197 0.366526 0.0196322
5 0.496354 0.640791 0.0324862 0.0241294 0.0195563
5 0.526864 0.405578 0.0274547 0.0289179 0.0185902
5 0.445534 0.548274 0.0645481 0.0688942 0.01747
3 0.571897 0.467693 0.12174 0.218806 0.0169528
3 0.533702 0.471594 0.207219 0.230389 0.0165396
0 0.469576 0.481211 0.180514 0.364171 0.0164798
5 0.497143 0.401327 0.0294934 0.0308765 0.0164091
5 0.467398 0.574142 0.024846 0.0283066 0.0159768
5 0.509976 0.319691 0.0247769 0.0280913 0.0159411
3 0.549421 0.385996 0.356919 0.202564 0.0157087
0 0.471801 0.396823 0.160197 0.214026 0.0156579
2 0.468685 0.575606 0.0215034 0.023536 0.0154201
5 0.527353 0.405516 0.0269986 0.0300936 0.0153294
3 0.535665 0.388817 0.323575 0.205548 0.0152194
5 0.573169 0.626876 0.0334139 0.0323894 0.0148381
5 0.647397 0.503998 0.0239474 0.0227555 0.0147273
5 0.675033 0.463487 0.0490651 0.0604525 0.0138413
5 0.934013 0.46273 0.0444278 0.0651283 0.0130187
0 0.467065 0.398207 0.1706 0.216415 0.0127858
5 0.573567 0.624641 0.0362013 0.0355393 0.0127584
5 0.497915 0.401513 0.0310788 0.0330357 0.0126929
3 0.93917 0.483323 0.12166 0.787676 0.0126599
5 0.491089 0.457333 0.0288303 0.0318815 0.0125874
2 0.43289 0.444961 0.0302375 0.0338976 0.0122548
5 0.514881 0.533345 0.0219447 0.0254559 0.0120852
5 0.532747 0.625757 0.0361458 0.0368385 0.0120006
5 0.433354 0.447416 0.0282999 0.0357557 0.0119673
5 0.934664 0.462338 0.0449755 0.0667154 0.0119378
3 0.573534 0.458406 0.117546 0.210304 0.0119113
3 0.577957 0.460632 0.118786 0.243876 0.011759
5 0.479525 0.621868 0.0238926 0.0222859 0.01159
5 0.512853 0.318774 0.027819 0.0295731 0.0113724
5 0.516611 0.533934 0.0232525 0.0283175 0.0111698
3 0.929198 0.397607 0.141605 0.795214 0.0110389
3 0.486253 0.422263 0.171732 0.190684 0.0108739
3 0.574436 0.463974 0.127988 0.255835 0.0106771
3 0.939122 0.518975 0.121755 0.777622 0.0105355
0 0.441579 0.481057 0.130038 0.341138 0.0104577
3 0.532162 0.456478 0.204158 0.222678 0.0104116
0 0.506231 0.463012 0.237775 0.319565 0.0102109
5 0.432201 0.444065 0.0289919 0.0307803 0.0101604
3 0.559974 0.47189 0.154843 0.249477 0.0101154
