3 0.519122 0.469466 0.402597 0.545402 0.709446
3 0.518845 0.475204 0.40401 0.548329 0.682021
3 0.517669 0.473732 0.403247 0.556717 0.644989
3 0.519785 0.474784 0.404264 0.556382 0.624019
3 0.518042 0.476325 0.412462 0.561617 0.598481
3 0.520623 0.480421 0.406091 0.553705 0.578007
3 0.517305 0.474932 0.409377 0.563005 0.570077
3 0.518028 0.479743 0.405964 0.558553 0.565069
3 0.517677 0.476096 0.404242 0.563414 0.56503
3 0.517114 0.466845 0.398716 0.529368 0.40289
3 0.519435 0.479599 0.411125 0.555235 0.283093
