3 0.535669 0.572682 0.376777 0.400508 0.548647
3 0.536985 0.573587 0.388617 0.399913 0.514443
3 0.536895 0.574708 0.394345 0.401264 0.501231
3 0.53688 0.57401 0.38425 0.400984 0.48474
3 0.535604 0.572887 0.385295 0.406593 0.476497
3 0.535881 0.573501 0.377153 0.406546 0.468111
3 0.537044 0.575309 0.393403 0.401976 0.460441
3 0.533813 0.574116 0.398738 0.403999 0.455491
3 0.532749 0.573782 0.405129 0.397555 0.369921
3 0.536716 0.572778 0.388337 0.411748 0.287137
3 0.533144 0.573919 0.378425 0.39964 0.150746
2 0.631152 0.412302 0.137508 0.0838185 0.104932
2 0.508803 0.393726 0.0931262 0.0819966 0.0751878
2 0.630548 0.412137 0.147092 0.0798894 0.07157
2 0.507394 0.392701 0.101391 0.0840233 0.0628316
2 0.631582 0.400047 0.140671 0.104909 0.0610717
2 0.509201 0.393652 0.0923733 0.0788731 0.0537937
3 0.447756 0.557561 0.210168 0.336348 0.050854
3 0.447917 0.558908 0.205699 0.325658 0.0468459
2 0.478941 0.389285 0.162384 0.0957128 0.0426963
2 0.630762 0.406453 0.148587 0.0909979 0.0421403
2 0.514205 0.391955 0.0815522 0.0850288 0.039571
2 0.507213 0.393229 0.0989695 0.0791844 0.0373763
3 0.953187 0.455473 0.0931125 0.79207 0.0358195
2 0.628112 0.432933 0.13755 0.112168 0.0345739
3 0.552305 0.655735 0.269959 0.24129 0.033369
3 0.608018 0.495725 0.235871 0.203841 0.0307854
2 0.513838 0.393427 0.0782965 0.0835614 0.0305803
3 0.612061 0.484352 0.213891 0.188944 0.0297346
3 0.471063 0.560026 0.259051 0.350108 0.0265
3 0.534118 0.6618 0.240553 0.222098 0.0260611
2 0.47817 0.39009 0.159476 0.0880851 0.0257222
3 0.473572 0.556432 0.257448 0.320978 0.025109
2 0.511443 0.395526 0.0866306 0.0802127 0.0230735
3 0.432266 0.555898 0.18495 0.336709 0.0218387
2 0.624153 0.409966 0.134579 0.0995185 0.0213819
3 0.524806 0.491341 0.34527 0.246991 0.0213119
2 0.627976 0.421596 0.147534 0.0881432 0.0204619
3 0.628012 0.485157 0.194893 0.185088 0.0200744
3 0.599954 0.488214 0.237109 0.20643 0.0200624
0 0.563284 0.345995 0.304713 0.151327 0.0199154
3 0.540253 0.636784 0.229623 0.239757 0.0194096
2 0.482196 0.391029 0.156514 0.0979249 0.0190114
3 0.433154 0.559669 0.182904 0.329717 0.018299
2 0.630873 0.452522 0.160848 0.160279 0.0171263
3 0.521951 0.496471 0.335262 0.220883 0.0167349
3 0.622133 0.533107 0.225492 0.279693 0.016534
3 0.598406 0.496211 0.237716 0.204301 0.0164101
2 0.628036 0.401232 0.155907 0.186594 0.0157972
2 0.61454 0.384983 0.176118 0.194456 0.0155467
0 0.539402 0.350712 0.361694 0.157984 0.0154948
2 0.625937 0.393179 0.138339 0.123648 0.0148979
3 0.56737 0.4935 0.282669 0.223672 0.0148141
3 0.532456 0.571887 0.373933 0.409828 0.0147376
3 0.52127 0.637676 0.200715 0.244935 0.0144647
2 0.566185 0.385091 0.282825 0.194364 0.0142164
0 0.569739 0.376346 0.274984 0.185316 0.0135461
0 0.549242 0.369206 0.337592 0.173397 0.0128106
3 0.590551 0.085881 0.569572 0.171 0.0112674
2 0.516472 0.394635 0.0759318 0.0841221 0.0112165
3 0.516966 0.498731 0.316249 0.212742 0.0105971
3 0.950872 0.421583 0.0973384 0.782962 0.0105254
2 0.512089 0.394083 0.0907059 0.0791182 0.010416
3 0.56767 0.0921533 0.608971 0.183606 0.0104078
3 0.579474 0.0815705 0.467755 0.163087 0.0101125
3 0.543294 0.485121 0.34667 0.241112 0.0100237
