0 0.526758 0.526029 0.403439 0.442957 0.440358
0 0.526773 0.5256 0.402673 0.443556 0.440164
0 0.524852 0.524324 0.404051 0.447171 0.436813
4 0.530061 0.523828 0.401454 0.438094 0.427211
4 0.530508 0.523401 0.404354 0.439611 0.414468
0 0.528802 0.524993 0.401143 0.447922 0.351542
4 0.528291 0.521376 0.405106 0.447822 0.350855
0 0.526938 0.524323 0.403086 0.446247 0.348781
4 0.529781 0.525989 0.401609 0.442767 0.3358
4 0.529684 0.525908 0.401411 0.442086 0.335525
5 0.0504992 0.564873 0.0312562 0.0347927 0.0159073
5 0.0497105 0.56422 0.0425853 0.0403017 0.0143728
5 0.050174 0.564847 0.0304011 0.0344688 0.0142261
5 0.0512363 0.564617 0.0336746 0.0359661 0.0134824
5 0.0498897 0.563292 0.0432076 0.0409542 0.0117608
5 0.0511383 0.564673 0.032338 0.0368444 0.010369
