3 0.485863 0.5 0.869729 1 0.809659
3 0.484149 0.5 0.885949 1 0.797926
3 0.477461 0.498296 0.874771 0.996592 0.787522
3 0.485158 0.498526 0.865193 0.997052 0.77299
3 0.488621 0.496918 0.896316 0.993836 0.755972
3 0.485105 0.497815 0.867622 0.99563 0.726696
3 0.427092 0.501542 0.772546 0.995885 0.576349
3 0.485453 0.5 0.902731 1 0.54038
3 0.488429 0.500173 0.885853 0.999655 0.290533
2 0.8065 0.151308 0.177317 0.218073 0.290001
3 0.469038 0.500094 0.863798 0.998885 0.286278
2 0.804867 0.1578 0.176639 0.214911 0.285971
3 0.478703 0.497844 0.875417 0.992769 0.221024
2 0.807731 0.152659 0.17559 0.219286 0.191932
2 0.803246 0.149967 0.183146 0.202408 0.173142
3 0.427633 0.499698 0.776139 0.994762 0.167607
3 0.438871 0.497399 0.799524 0.988871 0.145642
3 0.48518 0.498862 0.896204 0.997724 0.128538
3 0.467316 0.498568 0.861333 0.997137 0.112237
2 0.798853 0.136759 0.143028 0.161512 0.102239
2 0.803956 0.150772 0.18387 0.215487 0.0995124
2 0.80777 0.16322 0.175407 0.221054 0.0930584
2 0.796431 0.133185 0.129436 0.15202 0.0886745
3 0.544845 0.499751 0.783701 0.999501 0.0671611
2 0.808263 0.152826 0.178711 0.227205 0.0486588
0 0.809683 0.152979 0.172627 0.22699 0.0452643
2 0.794647 0.134163 0.124537 0.147227 0.0406326
2 0.800561 0.135952 0.143407 0.153552 0.0330779
2 0.802956 0.153028 0.181798 0.198349 0.0268457
4 0.812205 0.160278 0.172061 0.24207 0.0263307
2 0.797097 0.140059 0.145537 0.1589 0.0260605
2 0.795793 0.137128 0.132081 0.140191 0.0232209
4 0.811336 0.157513 0.174839 0.23795 0.0198736
2 0.792206 0.132732 0.118017 0.124534 0.0193958
4 0.818698 0.157431 0.169272 0.235275 0.0180869
2 0.796393 0.146474 0.135755 0.128865 0.0173674
4 0.805076 0.153905 0.190251 0.221675 0.0161196
2 0.796482 0.146964 0.199861 0.19243 0.0160554
2 0.817754 0.159901 0.171034 0.217435 0.0154814
1 0.929802 0.542177 0.0853599 0.709189 0.0149355
3 0.723351 0.494251 0.342657 0.456651 0.0133192
1 0.92914 0.532421 0.0834961 0.769551 0.0132458
2 0.748883 0.108751 0.0361183 0.0456066 0.0113646
3 0.758124 0.475405 0.271709 0.396489 0.010614
3 0.795246 0.401402 0.173108 0.200075 0.010197
