3 0.490987 0.481172 0.853167 0.889942 0.44421
3 0.489442 0.50617 0.858433 0.877288 0.399115
3 0.49283 0.497819 0.869255 0.909176 0.371844
3 0.477212 0.462054 0.823267 0.855905 0.359237
2 0.865369 0.435191 0.0365517 0.0695224 0.337212
3 0.482951 0.50099 0.848676 0.885908 0.331293
3 0.510073 0.499526 0.906579 0.926281 0.329248
3 0.532733 0.495738 0.786495 0.89654 0.307606
3 0.53439 0.514322 0.789136 0.865653 0.300811
2 0.865476 0.436307 0.0353434 0.0672957 0.286364
3 0.529918 0.502819 0.81787 0.896963 0.285552
3 0.42391 0.492695 0.717077 0.93611 0.278473
2 0.865855 0.434917 0.0328678 0.0642107 0.255175
3 0.449039 0.478106 0.766313 0.90269 0.238727
2 0.866056 0.434887 0.0338318 0.0671111 0.224988
3 0.4258 0.506909 0.722577 0.924292 0.223957
2 0.865225 0.435025 0.0371824 0.068479 0.205222
2 0.777833 0.576755 0.043395 0.0773412 0.197097
2 0.866051 0.43575 0.0347136 0.0672146 0.19175
2 0.778047 0.577696 0.0441425 0.0798567 0.186581
2 0.777556 0.576152 0.0446834 0.0797852 0.178012
2 0.779019 0.576526 0.0438729 0.0785557 0.166953
3 0.560159 0.5142 0.745028 0.870155 0.139835
3 0.451046 0.500716 0.772653 0.908221 0.133108
2 0.77744 0.575937 0.0453132 0.0824095 0.119274
3 0.562673 0.496847 0.739542 0.876694 0.114567
2 0.779471 0.577737 0.0452466 0.0804803 0.108895
2 0.7774 0.577276 0.0456177 0.0802425 0.107107
2 0.77881 0.576337 0.045264 0.0827016 0.0988277
2 0.777493 0.578058 0.0458523 0.0827096 0.0968108
2 0.864605 0.436503 0.0432245 0.0737827 0.0920618
2 0.865723 0.433412 0.0341004 0.0690421 0.0878483
2 0.86388 0.484151 0.0499008 0.179179 0.0823467
5 0.777004 0.574123 0.0482899 0.0847284 0.081747
5 0.777276 0.57315 0.0464401 0.0849794 0.0721533
5 0.186369 0.810288 0.0417046 0.0625477 0.0707586
2 0.86679 0.434029 0.0373775 0.0730267 0.0697858
3 0.470662 0.501081 0.812112 0.936233 0.0660623
2 0.863223 0.490227 0.0370656 0.139391 0.0578581
5 0.776289 0.575952 0.0573692 0.0939754 0.0526027
5 0.776329 0.57726 0.0570098 0.0930045 0.0492241
3 0.521838 0.461077 0.842647 0.840875 0.0451492
3 0.562277 0.504047 0.754935 0.886501 0.0442216
3 0.540944 0.460005 0.396122 0.658633 0.043781
2 0.860592 0.519181 0.0304578 0.0933212 0.0433563
2 0.859712 0.519219 0.035734 0.0961611 0.041666
2 0.864979 0.434881 0.0420775 0.0727763 0.040201
3 0.518931 0.459522 0.401859 0.65326 0.0383608
2 0.777741 0.576599 0.0503502 0.0953542 0.0370788
2 0.864354 0.478047 0.0503914 0.169497 0.034008
5 0.386273 0.254011 0.019164 0.0291389 0.0316263
3 0.558464 0.455437 0.386581 0.649725 0.0316238
5 0.777482 0.575979 0.0530056 0.0975178 0.0297737
3 0.43666 0.503553 0.750504 0.946473 0.029723
5 0.386164 0.254399 0.018684 0.0276334 0.029679
2 0.188037 0.810368 0.0389291 0.0604518 0.0291901
3 0.568109 0.455059 0.365501 0.61287 0.027747
5 0.77578 0.576459 0.0585343 0.0974692 0.0261541
3 0.551766 0.443878 0.369346 0.632086 0.0259386
3 0.466538 0.514893 0.318085 0.503234 0.0257116
2 0.863442 0.517105 0.0260026 0.0875976 0.0255928
3 0.537516 0.444905 0.391582 0.650964 0.0255762
3 0.568669 0.450916 0.379859 0.62587 0.0254938
2 0.859944 0.518062 0.0377739 0.0986552 0.0251739
3 0.521613 0.444898 0.383471 0.644942 0.0232462
2 0.18835 0.809989 0.0373821 0.0589303 0.0231714
3 0.516759 0.525494 0.825978 0.895668 0.0221231
3 0.47014 0.494767 0.322066 0.512232 0.0218017
2 0.187004 0.80968 0.0408879 0.062911 0.0213102
3 0.492174 0.523761 0.85454 0.900648 0.020983
2 0.868989 0.436344 0.0471148 0.0801829 0.0208801
2 0.869993 0.435019 0.0462209 0.0820805 0.0201987
3 0.541875 0.43845 0.394976 0.638929 0.0188761
5 0.778701 0.573565 0.0532275 0.0935241 0.0186582
3 0.496559 0.516017 0.355004 0.510951 0.0183304
2 0.18759 0.808569 0.0411551 0.0618903 0.0180184
3 0.502138 0.500617 0.364244 0.544751 0.0169947
2 0.86175 0.518617 0.0298167 0.0942184 0.0164217
3 0.443207 0.522718 0.297011 0.5267 0.0159306
3 0.447596 0.504267 0.308781 0.535073 0.015841
3 0.484454 0.457341 0.401187 0.640274 0.0151083
2 0.860971 0.515838 0.0389339 0.0975824 0.0149029
3 0.564006 0.489268 0.365716 0.589765 0.0141986
3 0.565787 0.435132 0.404617 0.633697 0.0141793
2 0.862694 0.477532 0.0524241 0.176101 0.0141097
2 0.18858 0.808774 0.0394751 0.0590843 0.0138632
3 0.493644 0.446508 0.346324 0.622571 0.0138093
3 0.497211 0.461445 0.873559 0.864708 0.0127654
3 0.511051 0.435449 0.420494 0.641968 0.0117555
3 0.520732 0.520191 0.402823 0.597787 0.0117322
2 0.86032 0.519935 0.0270322 0.0921364 0.0115266
3 0.543951 0.476975 0.376414 0.620194 0.0112081
3 0.51269 0.525339 0.390959 0.531668 0.0111639
5 0.414431 0.0180405 0.0262704 0.036081 0.0109883
2 0.869255 0.471327 0.0525742 0.1531 0.0109388
5 0.384343 0.254912 0.024065 0.0335929 0.0107389
5 0.388675 0.253864 0.0313907 0.0502355 0.0106367
5 0.38471 0.253991 0.0251028 0.0362009 0.0100848
