3 0.389137 0.41386 0.531691 0.639734 0.241173
3 0.401606 0.422646 0.525191 0.619008 0.236649
3 0.408025 0.39683 0.620582 0.675815 0.206877
3 0.428101 0.44055 0.461856 0.584967 0.20051
3 0.410916 0.431045 0.449302 0.605068 0.199095
3 0.411498 0.399069 0.612601 0.660995 0.193797
3 0.390033 0.401603 0.584559 0.665534 0.182723
3 0.413767 0.436816 0.298602 0.275789 0.175634
3 0.409474 0.428661 0.534627 0.616563 0.164511
3 0.405364 0.392234 0.622837 0.67378 0.146855
3 0.399172 0.407375 0.301022 0.345604 0.117626
3 0.410823 0.397538 0.598501 0.638049 0.115563
3 0.429712 0.440216 0.290458 0.270005 0.113201
3 0.436745 0.370907 0.683216 0.662019 0.110282
3 0.435656 0.358338 0.673189 0.630309 0.104131
3 0.414533 0.411222 0.309881 0.340941 0.0999971
3 0.418269 0.447412 0.282022 0.266279 0.0900917
3 0.383675 0.416244 0.522105 0.639872 0.0871433
3 0.394458 0.395109 0.302937 0.381771 0.0811087
3 0.43942 0.440496 0.484856 0.586516 0.0799304
3 0.430342 0.446383 0.27937 0.262347 0.0765964
3 0.403813 0.436791 0.29713 0.313379 0.0669337
3 0.425633 0.462329 0.284222 0.335883 0.0490854
3 0.442968 0.437194 0.271828 0.2764 0.0458356
3 0.440688 0.44444 0.272608 0.267507 0.0431975
5 0.384283 0.31189 0.0218008 0.0270589 0.0426817
3 0.433065 0.423547 0.302905 0.314561 0.0421869
3 0.421001 0.327079 0.653278 0.561153 0.0420661
3 0.436761 0.461258 0.286095 0.324557 0.0417121
3 0.406009 0.464525 0.304136 0.390862 0.0395551
3 0.384147 0.399503 0.292096 0.394131 0.0392118
3 0.46764 0.450305 0.499464 0.573178 0.0343314
3 0.385385 0.430271 0.298117 0.40545 0.0332546
3 0.46161 0.423656 0.501027 0.632144 0.0313037
3 0.437795 0.44117 0.461635 0.592605 0.0288533
3 0.435087 0.301169 0.658397 0.496633 0.0286091
3 0.376813 0.396377 0.280992 0.381117 0.0272783
3 0.446688 0.465553 0.294309 0.348767 0.0260098
5 0.384953 0.310322 0.0233738 0.0320641 0.0242036
3 0.288598 0.391247 0.388665 0.686936 0.0222533
5 0.390706 0.275903 0.015893 0.0211672 0.0216867
3 0.38337 0.464847 0.304963 0.450638 0.0212288
5 0.383159 0.312077 0.0230074 0.0284796 0.0202538
3 0.458982 0.440809 0.267645 0.279627 0.0201869
3 0.288237 0.357183 0.388666 0.623535 0.0195173
3 0.463646 0.433267 0.251871 0.284319 0.0182585
3 0.465482 0.351082 0.536652 0.554779 0.0181668
3 0.451358 0.426375 0.270882 0.307378 0.0165748
3 0.440281 0.224192 0.685561 0.403205 0.0152731
3 0.444325 0.487082 0.287398 0.396379 0.0143096
3 0.472107 0.436315 0.487085 0.605248 0.0134531
3 0.440316 0.229665 0.696909 0.414062 0.0133448
3 0.463905 0.471265 0.294365 0.380542 0.0128929
3 0.385728 0.380322 0.279133 0.325809 0.0125124
3 0.42512 0.486214 0.276224 0.405113 0.0123301
5 0.38361 0.311205 0.0267421 0.0366014 0.012277
2 0.146918 0.470165 0.0163509 0.0264552 0.0105353
3 0.410086 0.381215 0.300385 0.312375 0.0105119
3 0.476404 0.451673 0.521433 0.57387 0.0105014
3 0.362093 0.44055 0.287673 0.460952 0.0103239
3 0.362632 0.417699 0.276601 0.416388 0.0102032
