2 0.522932 0.827103 0.177095 0.144424 0.611284
2 0.522554 0.827421 0.171483 0.145022 0.556167
2 0.528283 0.825337 0.181634 0.14572 0.359812
2 0.526867 0.825032 0.182739 0.142706 0.23881
2 0.725562 0.36731 0.165864 0.214498 0.230179
2 0.466114 0.238022 0.0243203 0.101894 0.223085
2 0.481212 0.947338 0.0213866 0.0298457 0.219743
2 0.574255 0.459897 0.0507668 0.0937886 0.208388
2 0.727322 0.347572 0.167714 0.248749 0.185767
2 0.526841 0.841783 0.178983 0.188109 0.183783
2 0.612766 0.508125 0.0651176 0.0795002 0.181157
2 0.466397 0.238432 0.0236455 0.0992387 0.178751
2 0.467145 0.236826 0.0236308 0.102696 0.177318
2 0.755679 0.277179 0.231958 0.389973 0.167714
2 0.722967 0.365283 0.168878 0.207227 0.162946
2 0.493886 0.37399 0.208528 0.262114 0.151851
2 0.573694 0.458942 0.0533297 0.0955543 0.150053
2 0.747271 0.279737 0.236213 0.387027 0.14403
2 0.647766 0.151426 0.378479 0.233928 0.143989
2 0.667116 0.158411 0.354379 0.254216 0.140224
2 0.612526 0.507791 0.072618 0.0836374 0.129314
5 0.52786 0.85313 0.183389 0.221384 0.128695
2 0.688033 0.16175 0.334936 0.260587 0.117381
2 0.468294 0.2358 0.0224316 0.100655 0.117229
2 0.498314 0.384367 0.187009 0.244951 0.116911
3 0.333403 0.506331 0.188288 0.37265 0.115433
2 0.747076 0.26841 0.253009 0.410006 0.114241
2 0.48611 0.375719 0.207072 0.261788 0.104242
2 0.631518 0.634048 0.0329566 0.0518862 0.101259
2 0.670023 0.156798 0.36551 0.260468 0.0990476
2 0.645603 0.147793 0.408371 0.219255 0.0962711
2 0.528367 0.856824 0.184488 0.224268 0.0951108
2 0.626133 0.142734 0.392242 0.234623 0.0909016
2 0.386637 0.268063 0.304226 0.317119 0.0906741
3 0.339708 0.503991 0.190321 0.378282 0.089453
2 0.611696 0.506497 0.0774841 0.0848545 0.089344
2 0.611483 0.507757 0.0670775 0.0821718 0.0852954
2 0.761704 0.275363 0.228471 0.391302 0.0813696
2 0.455967 0.922186 0.0201733 0.0270447 0.0789936
2 0.417808 0.1761 0.272411 0.232828 0.0789272
2 0.724282 0.359311 0.170531 0.213809 0.0784057
2 0.732501 0.36481 0.160544 0.228398 0.0761459
3 0.337303 0.499853 0.203289 0.364331 0.076116
2 0.631124 0.633969 0.0339223 0.0525195 0.0747219
2 0.631227 0.633502 0.0343401 0.052751 0.074672
2 0.630681 0.634016 0.0329602 0.0530834 0.0746179
2 0.618792 0.141319 0.40121 0.225051 0.0740659
2 0.722069 0.369237 0.183856 0.210948 0.0738162
3 0.339869 0.505136 0.223532 0.39664 0.0730089
2 0.730264 0.262905 0.284289 0.417972 0.0724016
2 0.485891 0.363849 0.239915 0.28105 0.0719774
2 0.575725 0.462116 0.0698593 0.107614 0.0705072
3 0.3454 0.507441 0.194531 0.38659 0.0677926
2 0.400135 0.307631 0.17799 0.174858 0.0677243
2 0.687617 0.163864 0.326179 0.257025 0.0677108
2 0.526902 0.837074 0.178237 0.180999 0.0664222
3 0.369689 0.511839 0.220815 0.394102 0.0648707
2 0.378118 0.20133 0.289697 0.181252 0.064785
2 0.638422 0.147263 0.380545 0.252646 0.0641009
3 0.330228 0.498505 0.185709 0.36486 0.0630932
2 0.630364 0.633679 0.0334653 0.0518894 0.0630206
2 0.392894 0.300931 0.173235 0.160208 0.0628667
2 0.735527 0.360445 0.1641 0.218619 0.0621058
2 0.397181 0.215659 0.381887 0.209278 0.0620525
2 0.417687 0.247794 0.285211 0.335054 0.0595378
2 0.733057 0.368282 0.165065 0.212509 0.0591067
2 0.7085 0.188598 0.326316 0.310808 0.0582546
2 0.443189 0.160365 0.385143 0.272886 0.0574742
2 0.468102 0.371386 0.23733 0.265402 0.0572132
2 0.423859 0.167332 0.223716 0.248377 0.0554028
2 0.630682 0.633393 0.0340968 0.0537283 0.0543694
2 0.388231 0.269885 0.27162 0.331599 0.0540926
2 0.483679 0.357911 0.25892 0.300237 0.0529037
2 0.720531 0.369116 0.182767 0.227957 0.0521094
2 0.476271 0.164244 0.414322 0.281794 0.050939
2 0.4897 0.386682 0.194829 0.250067 0.0504035
2 0.763006 0.272177 0.224113 0.39296 0.0490913
2 0.408997 0.240385 0.402304 0.302988 0.0487105
2 0.436388 0.179784 0.411532 0.227352 0.0483873
2 0.726836 0.3694 0.198567 0.223524 0.0479693
2 0.613516 0.507262 0.0667381 0.0811539 0.0478193
2 0.735828 0.361903 0.165581 0.207556 0.047731
2 0.37655 0.192402 0.214252 0.195727 0.0474493
2 0.755558 0.285262 0.222721 0.370564 0.0470012
2 0.394644 0.262046 0.254483 0.349569 0.046973
2 0.45891 0.366409 0.240099 0.26351 0.0458318
2 0.605427 0.136543 0.398173 0.212445 0.0456351
2 0.468277 0.230553 0.0244871 0.101257 0.0449648
2 0.700906 0.373792 0.228441 0.226385 0.0445744
2 0.389803 0.543916 0.0169549 0.0265578 0.0435613
2 0.511299 0.299701 0.0258791 0.0270286 0.0431844
2 0.46399 0.23802 0.0310693 0.102548 0.0427305
2 0.614907 0.506433 0.0628556 0.0856356 0.0424306
2 0.611092 0.505642 0.0725679 0.0869827 0.041489
2 0.618712 0.144769 0.394744 0.216978 0.0395645
3 0.33559 0.489912 0.188614 0.344386 0.0386066
2 0.574874 0.460752 0.0493476 0.0968854 0.0381186
2 0.691455 0.171726 0.342857 0.291117 0.0381134
2 0.502657 0.386269 0.193364 0.255702 0.0376596
2 0.513287 0.29957 0.029803 0.0275212 0.0371435
2 0.441539 0.262266 0.301086 0.339481 0.0364059
2 0.51343 0.127337 0.177045 0.0905352 0.0363586
2 0.656014 0.156993 0.410845 0.253569 0.0358778
2 0.700998 0.170323 0.315186 0.26765 0.0355998
2 0.46342 0.239852 0.0307316 0.100568 0.0334429
2 0.386612 0.297905 0.165906 0.172839 0.0327768
2 0.366608 0.185821 0.228714 0.0707456 0.0327279
2 0.492155 0.376001 0.21984 0.272909 0.0327226
3 0.383273 0.520255 0.21851 0.396367 0.0314602
2 0.464801 0.347445 0.280697 0.252345 0.0309167
3 0.351677 0.513843 0.173681 0.391615 0.0303702
2 0.419131 0.310305 0.264978 0.283084 0.0302536
2 0.586922 0.12867 0.387218 0.201628 0.0296878
2 0.730363 0.342138 0.15912 0.198578 0.0293353
2 0.725094 0.24659 0.290687 0.417286 0.0289076
2 0.378383 0.294604 0.159486 0.148378 0.028012
2 0.372211 0.196582 0.206964 0.0671603 0.0265029
2 0.662923 0.156484 0.355754 0.258727 0.0259639
2 0.530323 0.817563 0.184227 0.142468 0.0251857
3 0.34559 0.520752 0.229593 0.427766 0.0251642
2 0.57462 0.460699 0.0503084 0.092945 0.0250966
2 0.401798 0.214432 0.422208 0.217421 0.0240431
3 0.402764 0.528695 0.268839 0.406094 0.0239821
3 0.339743 0.496686 0.199471 0.397238 0.0237023
2 0.454825 0.922927 0.0224053 0.0307227 0.0234149
2 0.469051 0.235478 0.0302814 0.108762 0.0233306
2 0.482843 0.949389 0.026209 0.0347457 0.0227588
2 0.542103 0.123765 0.483018 0.214925 0.0227208
2 0.518356 0.128321 0.153948 0.0563211 0.0226859
2 0.512669 0.157359 0.496183 0.290684 0.0225131
5 0.484455 0.951826 0.0248229 0.0356836 0.0223905
2 0.442299 0.248505 0.32362 0.357766 0.0223576
2 0.51467 0.112998 0.168265 0.0922102 0.0223152
2 0.730085 0.371423 0.168881 0.198376 0.022012
2 0.383375 0.298693 0.162822 0.150308 0.0218831
2 0.423213 0.225668 0.372506 0.358915 0.0217428
5 0.481236 0.949636 0.0231074 0.0356128 0.0214185
2 0.523884 0.826409 0.181756 0.14263 0.021027
2 0.509411 0.866605 0.264353 0.240975 0.0208984
2 0.382164 0.180574 0.215271 0.0728479 0.0208804
2 0.473634 0.337072 0.286721 0.335696 0.0208307
2 0.508435 0.393318 0.171539 0.231405 0.0207567
2 0.480765 0.946163 0.0247671 0.0370347 0.0204432
2 0.440846 0.354047 0.257354 0.282792 0.0204113
2 0.468443 0.237109 0.0312769 0.108899 0.0203502
2 0.411622 0.169763 0.169158 0.0932358 0.0202716
2 0.601487 0.490507 0.0979641 0.123436 0.020247
2 0.515877 0.826984 0.158805 0.137822 0.0202392
3 0.399649 0.515889 0.269688 0.401554 0.0199585
5 0.483539 0.367901 0.222996 0.28214 0.0194865
5 0.526483 0.829798 0.182653 0.172646 0.0191805
2 0.440864 0.171132 0.166919 0.126382 0.0191362
2 0.359747 0.199225 0.222574 0.0651462 0.019051
2 0.512548 0.164378 0.430488 0.267743 0.0184058
2 0.727447 0.278658 0.291375 0.391437 0.018277
2 0.42467 0.261304 0.30504 0.397917 0.0179897
2 0.406412 0.171811 0.209242 0.243538 0.0179066
2 0.613321 0.504451 0.0696239 0.0907937 0.0178537
2 0.592758 0.142504 0.383849 0.217111 0.0172554
2 0.435481 0.153464 0.454306 0.282449 0.0170463
2 0.388014 0.194442 0.185728 0.0712535 0.0168226
2 0.356367 0.286547 0.104027 0.122442 0.0166294
2 0.526837 0.852467 0.225355 0.214216 0.016297
5 0.529005 0.84637 0.189471 0.211125 0.0162322
3 0.337965 0.497615 0.226859 0.384481 0.0160812
2 0.40099 0.246664 0.273667 0.364029 0.0159908
2 0.517933 0.127396 0.156671 0.0510106 0.0157317
2 0.434376 0.220299 0.110545 0.127575 0.0153085
5 0.528664 0.831064 0.18664 0.177486 0.0150258
2 0.632921 0.633793 0.0418647 0.0567627 0.0147029
2 0.419955 0.171906 0.45273 0.248948 0.0146344
2 0.600436 0.126374 0.429971 0.226321 0.014543
2 0.522074 0.820792 0.165705 0.133377 0.014446
2 0.556516 0.150829 0.20569 0.0389661 0.0140165
2 0.432003 0.156223 0.144719 0.100867 0.0139778
2 0.314386 0.548856 0.0270726 0.033942 0.0137766
2 0.455205 0.210238 0.122828 0.154621 0.0136897
2 0.453479 0.291206 0.306058 0.345713 0.013664
3 0.330101 0.516151 0.264412 0.457355 0.0136362
2 0.404149 0.308885 0.17618 0.168265 0.013472
2 0.312679 0.548278 0.0265987 0.0344672 0.0132957
2 0.605873 0.132731 0.415159 0.239618 0.0132104
2 0.398242 0.169289 0.191367 0.0958555 0.0131657
2 0.511038 0.408196 0.170172 0.178672 0.013012
2 0.465131 0.232737 0.0344074 0.110357 0.012862
2 0.543152 0.148597 0.461789 0.239028 0.0122885
2 0.375597 0.568869 0.0191104 0.0301412 0.0122632
3 0.333521 0.475194 0.179418 0.319516 0.0122427
2 0.462732 0.23891 0.0331608 0.101799 0.0120422
2 0.369116 0.281794 0.132743 0.175812 0.0120205
2 0.514579 0.829044 0.154708 0.142818 0.0118874
2 0.777474 0.286911 0.196993 0.390942 0.0116698
2 0.339013 0.15417 0.0403278 0.0493305 0.0116655
2 0.629484 0.632694 0.0439613 0.0611066 0.0116142
2 0.570154 0.140158 0.394857 0.2169 0.0114764
2 0.424189 0.186633 0.132789 0.0945174 0.0113959
2 0.572527 0.461381 0.0562872 0.0939778 0.0113636
2 0.469948 0.232427 0.0294029 0.109789 0.0112984
2 0.355141 0.191638 0.233945 0.0689137 0.0112244
2 0.576291 0.147009 0.225243 0.0339807 0.0112028
2 0.673885 0.163228 0.377462 0.293981 0.0111874
3 0.562601 0.293182 0.257926 0.254038 0.0111454
2 0.500607 0.394074 0.18252 0.248306 0.011105
3 0.334027 0.4776 0.202496 0.327546 0.0110715
2 0.693783 0.227699 0.169678 0.0543657 0.0110217
2 0.476763 0.35868 0.282942 0.301525 0.0109995
2 0.571043 0.459822 0.062303 0.0990048 0.0109435
2 0.513927 0.137702 0.190435 0.112995 0.0107421
2 0.408805 0.314223 0.178944 0.204266 0.0106583
2 0.344968 0.146933 0.0248675 0.0311777 0.0105108
2 0.396113 0.30063 0.161094 0.195904 0.010454
2 0.586407 0.110454 0.399121 0.190471 0.0101757
5 0.521776 0.864293 0.220118 0.240437 0.0101273
2 0.498839 0.396625 0.169349 0.187348 0.0100224
