2 0.714181 0.776071 0.207534 0.178434 0.443802
2 0.71873 0.777487 0.192688 0.174645 0.255212
2 0.698343 0.778701 0.247297 0.196746 0.209466
2 0.702137 0.774991 0.224269 0.170393 0.207033
2 0.690248 0.776757 0.261929 0.192217 0.200219
2 0.700981 0.770174 0.258754 0.176617 0.185578
2 0.665361 0.769521 0.187637 0.155062 0.177454
2 0.700967 0.768429 0.260726 0.180043 0.170213
2 0.691574 0.77516 0.250185 0.192767 0.152919
2 0.699967 0.780983 0.235704 0.197962 0.145387
3 0.523984 0.39624 0.737037 0.725484 0.143384
2 0.712078 0.784241 0.210653 0.166149 0.120378
2 0.70352 0.780359 0.223924 0.154561 0.119355
3 0.522469 0.441673 0.744948 0.813616 0.115369
3 0.531038 0.402241 0.71319 0.721552 0.112896
3 0.519816 0.438979 0.740772 0.804275 0.111332
2 0.693163 0.767616 0.25268 0.17183 0.110742
3 0.53082 0.423182 0.232531 0.429362 0.109454
0 0.596761 0.375004 0.607971 0.695013 0.0916988
3 0.530668 0.387656 0.246731 0.502904 0.09071
2 0.72743 0.77874 0.188454 0.199243 0.085549
2 0.692044 0.764475 0.248551 0.171769 0.0854578
5 0.396794 0.26286 0.0339176 0.0374803 0.0818338
3 0.52591 0.402761 0.258482 0.541505 0.0742228
0 0.524628 0.380341 0.743882 0.706243 0.073749
3 0.603964 0.382026 0.589772 0.700504 0.0725119
0 0.524196 0.399766 0.744595 0.747943 0.0717593
3 0.533552 0.440961 0.225244 0.395804 0.0713391
5 0.396709 0.264049 0.0347948 0.0436879 0.0664907
3 0.496328 0.474189 0.680681 0.878627 0.0656362
5 0.396055 0.262405 0.0340732 0.0399321 0.0652837
3 0.531103 0.453627 0.224874 0.386177 0.0632709
5 0.396475 0.263272 0.0370134 0.0450524 0.0619694
3 0.537434 0.413312 0.23643 0.441725 0.0615873
0 0.506795 0.474408 0.705314 0.876134 0.0604299
2 0.65672 0.768643 0.171135 0.144563 0.0603731
3 0.528473 0.459381 0.748221 0.859065 0.0587987
2 0.731598 0.779393 0.175654 0.181466 0.0581846
3 0.61867 0.392229 0.556451 0.701749 0.0566219
5 0.396362 0.261022 0.0356634 0.0427239 0.0541074
5 0.771174 0.108503 0.0193895 0.025169 0.0539285
5 0.786455 0.0360845 0.0186559 0.0275042 0.05361
2 0.694017 0.780342 0.263632 0.20788 0.0530904
2 0.685451 0.775397 0.283891 0.200206 0.0528726
3 0.520977 0.418577 0.276445 0.61453 0.052054
2 0.341606 0.788701 0.0204758 0.0285557 0.0516425
2 0.340349 0.788249 0.0186298 0.02717 0.0505093
5 0.345357 0.0526934 0.0174093 0.0273292 0.0495493
2 0.726579 0.776674 0.189621 0.181152 0.0487792
2 0.704034 0.772758 0.213337 0.161138 0.0472123
5 0.397826 0.261666 0.0392256 0.0479102 0.041153
2 0.692322 0.77366 0.272207 0.195179 0.0400414
5 0.395914 0.261009 0.0361327 0.0435218 0.0400027
3 0.527376 0.419828 0.249414 0.479247 0.0394688
3 0.493584 0.470772 0.672508 0.886507 0.0387871
5 0.397989 0.262642 0.0405294 0.054138 0.0386765
5 0.771125 0.108357 0.0228506 0.032864 0.0384555
2 0.732498 0.782781 0.175738 0.199366 0.038032
5 0.774497 0.10617 0.0253531 0.0269012 0.0362048
5 0.397501 0.26062 0.0410708 0.0513792 0.0353941
3 0.529874 0.461176 0.215305 0.371732 0.0352422
0 0.511044 0.433858 0.714693 0.816033 0.0344665
3 0.530489 0.390234 0.277419 0.563654 0.0342185
3 0.535129 0.337308 0.746912 0.623704 0.0333182
5 0.786349 0.0362747 0.0210766 0.0359267 0.0326772
2 0.662999 0.768249 0.181035 0.155296 0.0326273
3 0.553813 0.439156 0.277265 0.437616 0.0315866
5 0.343142 0.0528298 0.0212025 0.029955 0.0310723
3 0.552959 0.436766 0.679955 0.79611 0.0282346
2 0.725279 0.777057 0.16961 0.180696 0.0264346
2 0.665304 0.77181 0.189495 0.146605 0.0250356
2 0.655773 0.770874 0.173671 0.138835 0.0247688
5 0.309288 0.0692321 0.0753782 0.0504425 0.0245031
3 0.5399 0.40334 0.250917 0.487362 0.024489
0 0.370095 0.476521 0.220358 0.558451 0.024112
5 0.772968 0.106315 0.029653 0.0417244 0.0236874
3 0.553272 0.428531 0.27663 0.455786 0.0231586
5 0.787028 0.0352052 0.0225286 0.0338015 0.0226375
0 0.531083 0.345558 0.749054 0.642624 0.0218288
5 0.784523 0.0667385 0.0241529 0.024569 0.0216178
2 0.684799 0.777669 0.221125 0.146023 0.0200456
5 0.786756 0.035796 0.0245982 0.039306 0.0197847
0 0.768713 0.0760426 0.0857281 0.0841924 0.0193966
2 0.70568 0.812856 0.22092 0.0799039 0.0190564
2 0.668492 0.771395 0.206283 0.154987 0.0190416
3 0.532541 0.470513 0.217779 0.397788 0.0188361
2 0.713168 0.783163 0.22583 0.214651 0.0187115
5 0.393483 0.259315 0.0457538 0.0537749 0.0178099
2 0.712029 0.808517 0.21234 0.0997676 0.0175992
5 0.747371 0.0812225 0.0369114 0.0477667 0.017416
2 0.682782 0.773027 0.229856 0.16197 0.0156128
0 0.369065 0.490218 0.218899 0.506924 0.0153414
3 0.34968 0.485139 0.242928 0.498665 0.0145317
0 0.324454 0.0790497 0.15895 0.128579 0.0136599
3 0.553275 0.45218 0.271506 0.409779 0.0135096
5 0.318152 0.0800378 0.123985 0.100212 0.0133951
5 0.679453 0.779134 0.290412 0.186823 0.0128385
3 0.529445 0.475112 0.210269 0.387329 0.0127387
2 0.657309 0.773597 0.168863 0.150179 0.0126987
5 0.788205 0.068538 0.0251769 0.0289057 0.012641
5 0.75 0.082326 0.0303377 0.0368738 0.0125644
0 0.597547 0.30927 0.621784 0.566579 0.0117817
5 0.313002 0.0565872 0.0920122 0.0506097 0.0116372
3 0.506177 0.42673 0.316129 0.649238 0.0115225
3 0.426089 0.473751 0.537615 0.88549 0.011428
2 0.70886 0.770514 0.284701 0.197669 0.0110935
5 0.393545 0.257579 0.0490042 0.0596993 0.0110694
2 0.342026 0.787118 0.0253133 0.0372515 0.0110027
2 0.340399 0.786667 0.0243384 0.0362648 0.0109337
0 0.379893 0.481679 0.230199 0.5872 0.0107367
5 0.777986 0.0996982 0.0368425 0.0393396 0.0103908
5 0.394142 0.260034 0.0473102 0.0610824 0.0102537
