3 0.527271 0.506655 0.734636 0.964371 0.467193
3 0.530657 0.505468 0.727589 0.969011 0.410636
0 0.530677 0.501089 0.715692 0.971822 0.361541
3 0.529455 0.505258 0.731543 0.963685 0.345661
0 0.530149 0.500273 0.728744 0.974801 0.317359
0 0.530118 0.505422 0.716473 0.959151 0.30669
3 0.53367 0.503248 0.731403 0.966676 0.287587
3 0.530134 0.499098 0.729277 0.973712 0.277929
0 0.531241 0.503728 0.732818 0.96261 0.234322
0 0.528581 0.502818 0.718456 0.9645 0.214252
5 0.41205 0.57402 0.169401 0.233537 0.16962
5 0.164432 0.416287 0.0351756 0.0516513 0.137384
5 0.164059 0.416509 0.0330475 0.0491527 0.128309
5 0.419309 0.564293 0.15567 0.227646 0.110153
5 0.164031 0.416389 0.031861 0.0479209 0.105324
5 0.164213 0.415365 0.0343723 0.0517486 0.103135
5 0.417682 0.571895 0.161244 0.251012 0.0900402
5 0.395641 0.58577 0.205421 0.274124 0.0816392
5 0.163769 0.416449 0.0363047 0.0519301 0.079939
5 0.163772 0.416094 0.0358919 0.0519322 0.0706202
5 0.417965 0.571644 0.156675 0.215628 0.0670218
5 0.418942 0.61518 0.162184 0.183334 0.0662637
2 0.638908 0.171719 0.0161484 0.0222216 0.0577177
5 0.62633 0.22129 0.0194896 0.0275115 0.0523894
5 0.163751 0.414804 0.0362792 0.0567566 0.0515468
5 0.700285 0.380404 0.0268089 0.0337404 0.0515392
5 0.420634 0.561961 0.153904 0.218953 0.0503126
2 0.411323 0.0779216 0.0404409 0.0447691 0.0502542
5 0.163383 0.414019 0.0387342 0.064287 0.0475946
5 0.700374 0.381148 0.0267421 0.0328089 0.0468716
5 0.478582 0.480452 0.0295687 0.0630784 0.0463892
5 0.479427 0.481534 0.0295985 0.0594407 0.0450218
5 0.16378 0.415423 0.0346236 0.0542835 0.0443717
5 0.418231 0.615352 0.162723 0.169533 0.0439195
5 0.69903 0.379724 0.0259325 0.0310647 0.0437877
2 0.218061 0.5572 0.0267835 0.0400974 0.0432012
5 0.479836 0.481831 0.0288581 0.0568859 0.0388785
2 0.412066 0.0771847 0.0391998 0.0441568 0.0382902
2 0.419581 0.559449 0.157758 0.174119 0.0362383
2 0.217631 0.557324 0.0264172 0.0395158 0.035946
5 0.47718 0.730918 0.0234341 0.0348804 0.0358536
5 0.698446 0.380548 0.0274912 0.0341639 0.0356506
2 0.419719 0.544664 0.157587 0.154029 0.0353698
5 0.377039 0.583114 0.245168 0.266343 0.0335756
2 0.410334 0.0778258 0.0395795 0.0418695 0.0328271
2 0.63482 0.4511 0.0168961 0.0261368 0.0326866
2 0.419749 0.544041 0.160696 0.155634 0.0323344
5 0.625889 0.220786 0.0219018 0.0308614 0.0317904
2 0.230239 0.286747 0.0262409 0.0331128 0.0314668
5 0.477341 0.730154 0.021136 0.0318127 0.0313954
5 0.163763 0.415509 0.0379338 0.0556237 0.0305714
5 0.478383 0.481463 0.0354345 0.0665642 0.0292595
5 0.453369 0.73818 0.0178561 0.025983 0.0290699
5 0.164464 0.413736 0.042134 0.0721522 0.028978
5 0.478927 0.481214 0.0355923 0.0676109 0.0288962
5 0.634971 0.451608 0.0195103 0.0327695 0.0264124
2 0.230422 0.286076 0.0258478 0.0345424 0.025485
5 0.479128 0.481874 0.0329662 0.0636663 0.0251564
5 0.608098 0.790106 0.0382578 0.06104 0.0240329
5 0.480245 0.480765 0.0340158 0.0636069 0.023718
5 0.607938 0.790436 0.0405247 0.0611893 0.0233971
2 0.419687 0.546634 0.154429 0.142115 0.0231814
5 0.413668 0.672216 0.173474 0.461005 0.0228687
5 0.263323 0.554213 0.0285129 0.0494849 0.0219935
5 0.478358 0.482359 0.0360647 0.0664873 0.0215057
2 0.217409 0.55896 0.0301448 0.0471884 0.0211086
5 0.531502 0.511757 0.0202878 0.031096 0.0210931
2 0.40981 0.0766091 0.0419606 0.0447378 0.0210462
5 0.476112 0.729659 0.0236905 0.0340324 0.0201916
5 0.162399 0.413979 0.0441915 0.0676925 0.0196829
5 0.480042 0.480476 0.0332081 0.0593237 0.0193304
5 0.263979 0.55445 0.0298681 0.0514605 0.0192916
3 0.592778 0.425311 0.35373 0.609307 0.019131
5 0.479133 0.281071 0.0232161 0.0316882 0.0189735
5 0.419344 0.606737 0.1622 0.172946 0.0189331
2 0.4106 0.0768791 0.0397046 0.0447833 0.0187219
5 0.418967 0.61448 0.160788 0.171707 0.0184891
2 0.414881 0.55158 0.149666 0.146498 0.0175358
5 0.475713 0.729802 0.0214857 0.0328048 0.0174363
2 0.217302 0.5571 0.0324298 0.043619 0.0170202
3 0.571334 0.423604 0.375405 0.625338 0.0169172
3 0.485832 0.435503 0.325024 0.511733 0.0167401
5 0.683486 0.681768 0.0211471 0.0350895 0.0166926
2 0.218393 0.556879 0.0311966 0.0456618 0.0165712
5 0.421476 0.508783 0.155047 0.30269 0.0164428
5 0.264006 0.555675 0.0287692 0.0527625 0.0161717
5 0.391483 0.660481 0.216075 0.458812 0.0161187
5 0.63298 0.449627 0.0237608 0.0359946 0.0160776
2 0.40996 0.0763545 0.0427379 0.0476145 0.0159021
5 0.682484 0.681479 0.0194276 0.0329698 0.015371
5 0.683131 0.682237 0.0245479 0.0387348 0.0152488
5 0.633026 0.450654 0.020752 0.0303584 0.0148033
5 0.608035 0.790682 0.0397676 0.0619549 0.0147921
2 0.217355 0.556706 0.0313608 0.0436386 0.0146859
2 0.638732 0.171025 0.0187785 0.0293119 0.0145534
5 0.682453 0.68158 0.0216181 0.0373486 0.0144227
5 0.479696 0.481215 0.0408299 0.0691887 0.014178
5 0.264989 0.556927 0.0273858 0.0476412 0.0137845
5 0.701629 0.385035 0.0287086 0.0440947 0.0137365
2 0.231039 0.285633 0.029606 0.0376436 0.0133964
5 0.264927 0.555834 0.0304311 0.0572314 0.0133846
0 0.418254 0.575189 0.163108 0.211878 0.0133286
5 0.418176 0.544086 0.148727 0.129965 0.0131783
2 0.413355 0.536195 0.142942 0.113224 0.0131619
0 0.608491 0.790477 0.0365238 0.0598367 0.0130747
2 0.278936 0.298717 0.021303 0.0302394 0.0127613
2 0.409224 0.0728803 0.0442751 0.0533878 0.0127232
2 0.21831 0.556186 0.0314021 0.0466188 0.0126637
5 0.532345 0.511718 0.0225695 0.0369832 0.0125487
5 0.478069 0.481537 0.0383739 0.0699634 0.0124803
0 0.394037 0.693778 0.218892 0.442901 0.0123035
0 0.424988 0.613172 0.149658 0.177745 0.0122764
2 0.217597 0.557918 0.0343006 0.0555072 0.0122188
5 0.626261 0.217905 0.0278963 0.0371244 0.0121609
0 0.452804 0.710754 0.293327 0.448599 0.0119155
5 0.41621 0.584863 0.176026 0.285776 0.0117221
5 0.417522 0.640093 0.161302 0.11501 0.0114538
3 0.608461 0.431081 0.324075 0.567901 0.011387
5 0.418961 0.523222 0.159453 0.282711 0.0113244
2 0.72768 0.295252 0.0185117 0.0254202 0.0111294
5 0.478153 0.281131 0.0278636 0.0376898 0.0109538
0 0.421071 0.693473 0.211756 0.463623 0.0108363
0 0.414525 0.700044 0.253713 0.431234 0.0106977
3 0.594918 0.457678 0.356303 0.644237 0.0104335
5 0.479057 0.280086 0.0270745 0.0399165 0.0104101
5 0.430707 0.605918 0.136574 0.157113 0.0103515
5 0.701466 0.383351 0.0345318 0.0453324 0.0103416
2 0.572265 0.165212 0.0226151 0.0252095 0.0101919
3 0.514526 0.447339 0.35958 0.58239 0.0101355
5 0.652106 0.384671 0.01641 0.0213606 0.010121
