3 0.486167 0.490174 0.690392 0.962225 0.631022
3 0.490763 0.491638 0.690665 0.95859 0.621195
3 0.494855 0.490915 0.700024 0.961498 0.602171
3 0.487999 0.485444 0.697888 0.969657 0.596301
3 0.487568 0.487791 0.697212 0.962459 0.593144
3 0.492606 0.488532 0.700727 0.967219 0.582195
3 0.490718 0.487591 0.70095 0.973082 0.575802
3 0.487996 0.492898 0.694973 0.972447 0.467269
5 0.609006 0.365273 0.0724622 0.141693 0.315881
5 0.608118 0.364651 0.0728687 0.142405 0.305198
5 0.609222 0.365599 0.0723952 0.141646 0.265084
3 0.488446 0.491597 0.687674 0.956361 0.263136
5 0.609369 0.365178 0.07252 0.142113 0.255376
3 0.486852 0.490216 0.699753 0.974891 0.249078
5 0.607317 0.3636 0.0763156 0.150259 0.204502
3 0.723891 0.487287 0.205012 0.517533 0.197889
5 0.609234 0.364475 0.0727203 0.150096 0.178638
3 0.485941 0.484921 0.692728 0.967572 0.171562
3 0.689304 0.513838 0.266006 0.473953 0.140476
3 0.730123 0.502018 0.197736 0.463062 0.125501
3 0.403156 0.790899 0.225803 0.319991 0.102096
3 0.742889 0.463766 0.165735 0.557444 0.0947419
5 0.608163 0.364689 0.0806164 0.146757 0.0887368
3 0.715646 0.453413 0.220768 0.591265 0.0841463
3 0.392891 0.790552 0.246422 0.322676 0.0786991
5 0.609549 0.369057 0.0706763 0.153902 0.0782989
3 0.71058 0.504804 0.230321 0.444089 0.0730378
3 0.511634 0.387519 0.334606 0.268569 0.0725147
3 0.517951 0.386948 0.314989 0.229993 0.0723967
3 0.504489 0.381399 0.311685 0.236218 0.0698119
3 0.41392 0.788473 0.305908 0.342778 0.0671365
3 0.528396 0.391743 0.334348 0.236309 0.0666255
3 0.665965 0.522684 0.317926 0.483694 0.0664676
3 0.414744 0.789781 0.178299 0.309126 0.063474
5 0.609679 0.364565 0.0776323 0.145762 0.0634493
3 0.67545 0.510724 0.291199 0.503391 0.0628802
3 0.411831 0.790968 0.189016 0.310964 0.0602437
5 0.607856 0.368264 0.076721 0.155724 0.0568375
5 0.609447 0.363876 0.0793668 0.142928 0.055201
3 0.388217 0.783108 0.335006 0.346558 0.0533609
5 0.609169 0.367993 0.0799144 0.159845 0.0529632
3 0.745646 0.43224 0.160391 0.629211 0.050182
0 0.896015 0.371234 0.144532 0.626316 0.0458375
3 0.644879 0.54711 0.376254 0.552458 0.0448294
0 0.389048 0.791805 0.294037 0.312604 0.0423856
3 0.739114 0.495955 0.177605 0.489609 0.0415764
0 0.440948 0.120343 0.359209 0.239624 0.0411274
0 0.462508 0.117322 0.337395 0.230842 0.0390879
0 0.891897 0.364437 0.152862 0.603266 0.0373833
1 0.893856 0.328198 0.140495 0.526013 0.0352309
0 0.380781 0.792018 0.340138 0.316365 0.0349019
3 0.538474 0.398793 0.326063 0.230241 0.0344932
3 0.487783 0.493912 0.691217 0.967542 0.034436
5 0.707464 0.0737432 0.0167799 0.0235422 0.0341719
3 0.383322 0.788856 0.275939 0.340402 0.0335099
0 0.907952 0.380134 0.135597 0.645387 0.0313093
3 0.49379 0.373551 0.292983 0.253317 0.0305153
3 0.525019 0.416152 0.355805 0.433152 0.0290274
5 0.925133 0.279505 0.018904 0.0248575 0.0287984
3 0.654032 0.530477 0.339001 0.480892 0.0284866
0 0.374985 0.773808 0.362933 0.373459 0.0282663
3 0.450933 0.788609 0.312014 0.323617 0.0278564
3 0.499047 0.417004 0.307196 0.358841 0.0271049
3 0.529054 0.394899 0.303679 0.229544 0.0269851
3 0.687638 0.510823 0.276668 0.461051 0.0268721
0 0.405382 0.722506 0.126792 0.162011 0.0265081
3 0.541124 0.4195 0.360621 0.353147 0.0255853
1 0.897011 0.414451 0.134734 0.619931 0.0253147
4 0.390542 0.788324 0.346352 0.346006 0.0250974
0 0.470663 0.113793 0.302931 0.22116 0.0248813
1 0.890107 0.36985 0.151659 0.603825 0.0243132
0 0.904205 0.378868 0.136669 0.620668 0.0240934
1 0.888947 0.31956 0.159275 0.566279 0.0240908
1 0.892698 0.452658 0.150884 0.647185 0.0240016
3 0.486514 0.788729 0.435764 0.346596 0.0236324
5 0.607265 0.363941 0.0834469 0.151634 0.0236216
3 0.506055 0.416595 0.340567 0.468358 0.023336
0 0.445616 0.130388 0.335397 0.245574 0.0230841
3 0.62288 0.561699 0.405531 0.586663 0.0222401
5 0.486051 0.0119075 0.0220367 0.023815 0.0220523
3 0.636269 0.528083 0.393105 0.517637 0.0217684
1 0.891942 0.318566 0.147446 0.538076 0.0216586
3 0.675197 0.487053 0.290537 0.591461 0.0215388
0 0.413066 0.121059 0.372967 0.242118 0.0212765
3 0.422963 0.786565 0.201806 0.30126 0.0210451
5 0.486876 0.0123955 0.0227899 0.024791 0.0201062
0 0.418564 0.130923 0.34592 0.248832 0.0198061
4 0.37898 0.790942 0.361948 0.346029 0.0194116
0 0.416232 0.77073 0.158922 0.266473 0.0193623
5 0.955167 0.760268 0.021748 0.0306512 0.0190605
5 0.485625 0.0122074 0.0214759 0.0244148 0.0189818
0 0.887636 0.363281 0.182326 0.645932 0.0187444
5 0.176707 0.382944 0.0166099 0.0243577 0.0183356
0 0.412542 0.725741 0.143363 0.170989 0.0182935
3 0.559064 0.44284 0.400348 0.340938 0.0182614
0 0.388432 0.13192 0.350499 0.25151 0.0181991
5 0.708109 0.0729514 0.021259 0.0280271 0.0180118
5 0.610071 0.368742 0.0756632 0.154901 0.0178297
0 0.349852 0.790933 0.334343 0.319018 0.0176767
0 0.361796 0.15533 0.322094 0.296438 0.0176049
3 0.492215 0.380324 0.277632 0.244608 0.0173276
0 0.463401 0.12513 0.304792 0.234438 0.0172961
3 0.536979 0.41136 0.248973 0.249742 0.017003
0 0.334363 0.178722 0.295428 0.357443 0.0167456
0 0.382895 0.771425 0.241261 0.269238 0.0166314
0 0.402322 0.72236 0.122627 0.157437 0.0159706
5 0.90241 0.808657 0.0210571 0.0304066 0.0158337
0 0.337284 0.176324 0.294532 0.351601 0.0155433
3 0.614943 0.524619 0.423301 0.542763 0.0153278
3 0.71654 0.451411 0.220567 0.701251 0.0152282
5 0.922786 0.262204 0.0177998 0.0278917 0.0150803
0 0.903416 0.334681 0.119951 0.505873 0.0148372
0 0.468523 0.0989434 0.345 0.197887 0.014837
3 0.512057 0.379055 0.300152 0.243997 0.0144166
0 0.394862 0.759677 0.312017 0.243217 0.0138516
5 0.609316 0.364544 0.0739243 0.142695 0.0136294
1 0.893927 0.477103 0.154 0.56762 0.0134843
3 0.659132 0.553961 0.341812 0.548933 0.0133882
5 0.485213 0.0121467 0.0219233 0.0242935 0.0132366
3 0.484502 0.419654 0.339999 0.468445 0.0131266
3 0.580852 0.48381 0.416763 0.397599 0.0130566
0 0.350873 0.750076 0.278794 0.223441 0.0124606
3 0.65381 0.51663 0.333143 0.489142 0.0124408
0 0.320549 0.183163 0.299551 0.366326 0.0122626
0 0.403201 0.722274 0.120572 0.160025 0.0121893
3 0.418563 0.766705 0.159728 0.261057 0.0121659
5 0.610161 0.363607 0.0707018 0.135512 0.0121407
0 0.445251 0.0983961 0.33909 0.196792 0.0119418
0 0.912579 0.353521 0.132346 0.563921 0.0118466
0 0.365651 0.139473 0.327448 0.268396 0.0116918
0 0.475346 0.120217 0.259333 0.225489 0.0114208
3 0.763032 0.475154 0.137592 0.542766 0.0112443
0 0.481897 0.109785 0.316756 0.213338 0.0111945
4 0.352587 0.777928 0.343235 0.364123 0.0111184
5 0.590292 0.394875 0.0231156 0.0819039 0.0108992
3 0.636785 0.515441 0.381046 0.49893 0.0107547
3 0.549426 0.524769 0.395011 0.579651 0.0106574
0 0.40788 0.723653 0.133139 0.171924 0.0105036
3 0.569271 0.528311 0.457067 0.593289 0.0101574
3 0.476393 0.372682 0.248327 0.246314 0.0101354
3 0.604935 0.51361 0.425967 0.45917 0.0100327
0 0.889221 0.331628 0.157551 0.533768 0.0100281
