5 0.552415 0.899004 0.069355 0.0807621 0.491312
5 0.553033 0.900587 0.0693841 0.0791817 0.490637
5 0.553124 0.899629 0.0733082 0.081007 0.487007
5 0.552987 0.898924 0.0689653 0.0789181 0.458281
5 0.552315 0.900438 0.0693715 0.0803077 0.450827
5 0.553254 0.898482 0.0718659 0.0836283 0.430729
5 0.730796 0.369415 0.0890528 0.0869167 0.4182
5 0.552948 0.899579 0.0704229 0.0810482 0.405159
5 0.731517 0.367328 0.0856588 0.0869836 0.402771
5 0.730911 0.368713 0.0867262 0.0834564 0.381903
5 0.731231 0.368694 0.0861073 0.0859658 0.375211
5 0.730829 0.368332 0.0868727 0.0822182 0.374997
5 0.552816 0.900274 0.0726951 0.0830325 0.362628
5 0.552552 0.898878 0.0725342 0.0825705 0.360154
5 0.731505 0.365327 0.0832277 0.0925706 0.338858
5 0.552675 0.899088 0.0719704 0.0793422 0.335565
5 0.552709 0.901089 0.0687039 0.082544 0.333639
3 0.550365 0.602885 0.518259 0.73662 0.331985
3 0.548754 0.597523 0.507153 0.722603 0.329071
5 0.731905 0.367585 0.0861483 0.0896028 0.322405
3 0.549631 0.598242 0.515417 0.726654 0.285067
3 0.549075 0.602642 0.521589 0.733434 0.283576
5 0.731104 0.367725 0.0857772 0.0838794 0.274795
3 0.551008 0.603174 0.527899 0.741285 0.269658
5 0.731387 0.365882 0.0844998 0.0890135 0.249121
3 0.549151 0.600485 0.531422 0.740435 0.244001
3 0.547543 0.595688 0.523546 0.728949 0.227107
3 0.546704 0.599161 0.529431 0.734654 0.22205
5 0.553596 0.901037 0.068318 0.0805594 0.221517
3 0.545745 0.595675 0.538037 0.732678 0.189171
3 0.547642 0.599141 0.540228 0.734219 0.177271
5 0.731751 0.365531 0.091047 0.106168 0.120441
5 0.622022 0.906509 0.0185117 0.0250718 0.0955928
5 0.666233 0.315794 0.032377 0.0464027 0.0847293
5 0.553689 0.898897 0.07315 0.0844716 0.0803952
5 0.734221 0.363412 0.0942953 0.110372 0.0760579
5 0.666466 0.314942 0.0308911 0.0428052 0.0739495
5 0.622244 0.903302 0.020615 0.0294405 0.0719635
5 0.728896 0.369712 0.090748 0.0808305 0.064986
5 0.666358 0.315655 0.0279263 0.0397346 0.0594134
5 0.666238 0.31573 0.0309069 0.0433287 0.0533146
5 0.396632 0.763624 0.0539045 0.0654599 0.0514528
5 0.620262 0.907061 0.0236061 0.030872 0.0434556
5 0.39681 0.760492 0.055388 0.0704089 0.0432092
5 0.397364 0.760901 0.0551714 0.0680574 0.0403482
5 0.397971 0.760711 0.0614982 0.07372 0.0380629
2 0.212283 0.428459 0.0172211 0.0285357 0.0375643
5 0.704578 0.841837 0.0200486 0.0274631 0.0373522
2 0.212406 0.428208 0.0175943 0.0282255 0.0361156
5 0.397057 0.761447 0.0565728 0.070928 0.0356976
5 0.396657 0.760948 0.057105 0.0709562 0.0356499
5 0.767988 0.780725 0.0262843 0.0309984 0.0356399
5 0.395398 0.763516 0.0542334 0.0693476 0.0341396
5 0.792482 0.33438 0.016767 0.02726 0.0340006
5 0.39595 0.756622 0.0766641 0.0867253 0.0310115
5 0.620513 0.902398 0.0252557 0.0350496 0.0299199
5 0.395699 0.760401 0.0698052 0.0772274 0.0295318
5 0.39628 0.762802 0.0521356 0.0632756 0.0278409
5 0.665955 0.314054 0.0336687 0.044924 0.0260844
5 0.768377 0.780928 0.0235668 0.0294708 0.0248011
5 0.732088 0.361216 0.0923013 0.108798 0.0239748
5 0.396567 0.761772 0.0533648 0.0655563 0.0235368
5 0.666696 0.314223 0.0355313 0.0483513 0.0208338
5 0.790891 0.334035 0.0212327 0.0317277 0.0204502
5 0.397559 0.763147 0.0619381 0.0773344 0.0201668
5 0.664181 0.313956 0.0374003 0.0491161 0.0201099
5 0.729257 0.370185 0.0945647 0.0879609 0.0200783
5 0.366447 0.135808 0.066739 0.0964737 0.0193257
3 0.554163 0.459476 0.507104 0.442476 0.0190105
5 0.729014 0.370068 0.0846623 0.0783165 0.0187205
5 0.371186 0.135738 0.0542281 0.0741733 0.017953
5 0.445514 0.827057 0.0772856 0.0765339 0.0170149
5 0.396038 0.763021 0.0582683 0.0742121 0.0164588
5 0.210509 0.42804 0.0195495 0.03093 0.0155323
5 0.792379 0.335353 0.0199968 0.0345429 0.0151869
5 0.403528 0.151764 0.0160226 0.0244738 0.0147118
2 0.210548 0.428466 0.0191044 0.0298521 0.0145251
5 0.663087 0.312695 0.0406458 0.0532154 0.0143183
5 0.791515 0.335313 0.0247273 0.0381839 0.0141626
5 0.729811 0.367913 0.0947115 0.107366 0.0140989
5 0.66429 0.315033 0.0405687 0.0503539 0.0134166
5 0.554179 0.898606 0.0768407 0.0895353 0.0132771
2 0.129058 0.561964 0.018187 0.0271861 0.0126534
5 0.709046 0.842274 0.027729 0.032899 0.0125254
3 0.534039 0.455162 0.463349 0.430064 0.0125062
5 0.444121 0.827159 0.0751787 0.077378 0.012448
5 0.370691 0.135827 0.0485636 0.0729426 0.0119453
5 0.444548 0.824501 0.0835648 0.0788603 0.0117803
5 0.368234 0.135881 0.075411 0.0999427 0.0103539
5 0.792925 0.331476 0.0225279 0.0384512 0.0103331
5 0.405716 0.151085 0.0236622 0.0319574 0.0101585
