2 0.387484 0.762334 0.0310537 0.042825 0.427193
2 0.387553 0.762 0.0308751 0.0426339 0.402885
2 0.307846 0.299824 0.0334146 0.0371209 0.314942
2 0.386668 0.761487 0.0342209 0.0455137 0.312799
2 0.386988 0.761431 0.0338 0.0445189 0.291195
2 0.388664 0.761493 0.033653 0.0470664 0.262481
2 0.388655 0.761501 0.0340019 0.0479233 0.231988
2 0.241367 0.479508 0.0226243 0.0334121 0.229467
2 0.307406 0.299483 0.0353101 0.0405757 0.225542
2 0.236154 0.38728 0.0310338 0.0399786 0.225123
2 0.236895 0.387674 0.031843 0.0394296 0.224016
5 0.360751 0.421187 0.0283373 0.034929 0.206975
5 0.353123 0.463818 0.0214916 0.0316686 0.196417
5 0.441204 0.250916 0.0250248 0.0351733 0.19059
2 0.62525 0.916188 0.0618673 0.0796811 0.186372
1 0.504955 0.49459 0.807458 0.890495 0.184378
2 0.377079 0.580689 0.0208975 0.0302099 0.182139
5 0.441015 0.25001 0.026134 0.0379768 0.179481
5 0.479235 0.478078 0.0246128 0.0374333 0.170811
1 0.510104 0.497546 0.797358 0.892772 0.166125
5 0.354384 0.462948 0.0247318 0.0344918 0.1659
2 0.625779 0.916149 0.0640155 0.0843045 0.163278
2 0.241398 0.479564 0.0238007 0.0357642 0.16325
2 0.237026 0.388307 0.0334971 0.044612 0.158666
5 0.478991 0.477807 0.0262794 0.0406811 0.151513
2 0.308572 0.298598 0.0359809 0.0412207 0.149748
2 0.625773 0.916776 0.0620637 0.0829931 0.146569
2 0.308065 0.300318 0.0349655 0.0428138 0.146348
1 0.505922 0.491616 0.811741 0.881971 0.145644
5 0.353537 0.464302 0.0197505 0.0319007 0.144293
1 0.507285 0.491806 0.815101 0.878663 0.141784
1 0.509206 0.495463 0.803401 0.887926 0.141318
2 0.624196 0.916345 0.0555225 0.0778831 0.141069
1 0.508948 0.496762 0.803837 0.889118 0.139359
2 0.307581 0.297402 0.0353012 0.0420022 0.138554
2 0.236161 0.387581 0.0335867 0.04411 0.137585
2 0.236262 0.385393 0.0334905 0.0433374 0.137502
5 0.359627 0.421151 0.0299227 0.0377818 0.137107
2 0.236876 0.385516 0.033629 0.0435559 0.12595
2 0.307822 0.300293 0.0362504 0.0437603 0.125022
2 0.307006 0.297322 0.0369269 0.0435164 0.122799
5 0.548454 0.170425 0.0203883 0.0287516 0.119134
5 0.354117 0.463548 0.0234119 0.0356995 0.116541
5 0.442197 0.250023 0.0296082 0.0431031 0.112096
5 0.442584 0.250433 0.0284286 0.0404627 0.110402
5 0.360869 0.419627 0.0308601 0.0396984 0.105482
5 0.532069 0.369873 0.0217537 0.0321109 0.104401
5 0.36167 0.419911 0.032945 0.0412523 0.101005
2 0.624311 0.917076 0.0554562 0.076668 0.0970163
2 0.38703 0.758872 0.0359416 0.0515742 0.096135
5 0.360114 0.422091 0.0307816 0.0406327 0.0958213
2 0.62561 0.916677 0.0598021 0.0790737 0.092496
1 0.495568 0.487623 0.788151 0.87862 0.0898152
5 0.439976 0.249577 0.0307777 0.0416958 0.089592
2 0.334001 0.667197 0.020446 0.030429 0.0859714
5 0.361839 0.41902 0.0344849 0.0423304 0.0836606
5 0.548162 0.1703 0.0225728 0.03325 0.0809396
5 0.478268 0.477706 0.0307107 0.0442723 0.0779294
5 0.439513 0.249949 0.0296175 0.0412759 0.0765039
2 0.388348 0.758473 0.0380723 0.0544806 0.0754122
5 0.360189 0.419477 0.0327092 0.0413492 0.0726277
5 0.707595 0.512425 0.0183256 0.0270462 0.0720927
2 0.239959 0.479231 0.0268785 0.0405136 0.0700322
1 0.498909 0.48791 0.795583 0.869731 0.0681641
1 0.501165 0.487915 0.800007 0.866101 0.0678276
5 0.477748 0.477854 0.0292084 0.0435384 0.0677131
2 0.626747 0.917152 0.0649177 0.0862713 0.0660914
5 0.531913 0.370496 0.0248526 0.0388702 0.0658804
5 0.480541 0.478196 0.0326365 0.0490889 0.0657484
2 0.308803 0.299954 0.0363788 0.0457978 0.0655673
5 0.54948 0.17022 0.0251449 0.0350435 0.0652065
2 0.308847 0.296856 0.0377009 0.0446079 0.0644887
2 0.385974 0.758987 0.0385709 0.0543707 0.0640002
5 0.685587 0.5922 0.01951 0.0308257 0.0631501
2 0.376694 0.580894 0.023556 0.0365411 0.0626264
2 0.626025 0.916404 0.060837 0.0806287 0.0624179
2 0.626663 0.916375 0.063763 0.0829765 0.0622542
5 0.360581 0.421423 0.0357891 0.0457857 0.0608053
2 0.627406 0.91245 0.0719999 0.0960622 0.0602624
2 0.739627 0.580475 0.0184314 0.0320191 0.0581664
5 0.358781 0.42295 0.031095 0.0410634 0.0563308
2 0.240128 0.479631 0.0270786 0.0396882 0.0549273
5 0.549639 0.170459 0.0263539 0.0366594 0.0541615
2 0.377974 0.580095 0.0253462 0.0357957 0.052621
5 0.685574 0.592268 0.024754 0.0351812 0.0482916
5 0.440827 0.248321 0.0300056 0.0455254 0.0468913
5 0.48087 0.478386 0.0316781 0.0462925 0.0462048
5 0.479188 0.476519 0.0309944 0.0470249 0.0444225
5 0.684095 0.592155 0.0206718 0.0312361 0.0422336
5 0.441681 0.249103 0.0340383 0.049937 0.041435
5 0.439479 0.248071 0.0336863 0.0490521 0.0392899
5 0.478395 0.476459 0.0343706 0.050989 0.0388473
5 0.708422 0.511545 0.0212843 0.0304398 0.0372315
5 0.684522 0.591679 0.0254992 0.0363258 0.0369263
5 0.53338 0.370015 0.0326803 0.0487954 0.032769
5 0.533971 0.369266 0.0305766 0.0421839 0.0313384
5 0.532691 0.36859 0.0268878 0.041729 0.0310539
5 0.339201 0.504709 0.0164423 0.0234613 0.0307954
2 0.291079 0.361526 0.0165479 0.0257206 0.02945
5 0.530587 0.37015 0.0276101 0.0398406 0.0293513
2 0.23475 0.38611 0.0432502 0.0510135 0.0292774
2 0.707952 0.512281 0.0193919 0.0325746 0.0292673
5 0.376987 0.57853 0.025907 0.0393827 0.0286601
2 0.241049 0.476305 0.0293904 0.0468458 0.0263047
5 0.312777 0.423412 0.0240777 0.0324941 0.0261338
5 0.531562 0.37047 0.0307561 0.0430802 0.0256915
2 0.377827 0.580898 0.026668 0.0409985 0.0254301
2 0.739434 0.580704 0.0216606 0.0376879 0.0247427
5 0.480057 0.476195 0.0358256 0.051801 0.0243102
5 0.549831 0.17245 0.0299795 0.049837 0.0234042
5 0.548008 0.173074 0.0278295 0.0451236 0.0227362
5 0.378035 0.577821 0.0286975 0.0407148 0.0224659
5 0.545676 0.169009 0.0314373 0.0435717 0.0218325
5 0.738112 0.5806 0.0221078 0.0359524 0.0211372
2 0.311408 0.424608 0.0202032 0.0278488 0.0204929
2 0.243708 0.480182 0.0305748 0.0420317 0.0200434
5 0.660645 0.496017 0.0166624 0.0236499 0.0197362
2 0.235374 0.384497 0.0452815 0.0553234 0.0196672
2 0.239017 0.388499 0.0408084 0.0474485 0.0192688
5 0.363449 0.278056 0.014662 0.0211874 0.0190062
2 0.334135 0.668449 0.0236527 0.0374305 0.0183033
2 0.388109 0.764714 0.0362261 0.0568907 0.0170996
2 0.24356 0.480723 0.0312768 0.0436852 0.0170419
5 0.545736 0.169763 0.031404 0.0411335 0.0166086
2 0.708268 0.512292 0.0224431 0.0349369 0.0163408
2 0.28897 0.360598 0.0167845 0.0262105 0.0163097
5 0.738867 0.578277 0.0268623 0.0421873 0.0158806
5 0.340077 0.504247 0.021121 0.0268667 0.0153795
5 0.534005 0.367457 0.0326129 0.0447805 0.0149927
2 0.334571 0.665723 0.0251245 0.0387306 0.0146786
5 0.531534 0.368887 0.0321673 0.0468591 0.0140772
5 0.479471 0.482096 0.0357273 0.0618504 0.0139804
2 0.240042 0.476534 0.0327693 0.0505435 0.013896
2 0.268046 0.34645 0.0198373 0.0272967 0.0136767
5 0.739803 0.578797 0.0247348 0.0409985 0.0127007
5 0.339439 0.502503 0.0209129 0.0299946 0.0125447
2 0.290627 0.360741 0.0195301 0.0289569 0.0125362
2 0.332052 0.667483 0.025144 0.036635 0.0125352
2 0.336733 0.667041 0.0291495 0.0383588 0.0124352
5 0.375468 0.577906 0.0338254 0.0458698 0.0118326
5 0.738209 0.580974 0.0232648 0.0394103 0.0118248
1 0.526694 0.50097 0.778818 0.891195 0.0116356
5 0.311193 0.42477 0.0221077 0.0335654 0.0107118
2 0.388767 0.764447 0.0376335 0.0600257 0.0107096
3 0.510211 0.303678 0.824729 0.504116 0.0103268
5 0.312704 0.425262 0.0251497 0.0397227 0.0103209
