5 0.497528 0.489369 0.141264 0.206952 0.562622
5 0.497195 0.491029 0.145495 0.203939 0.478793
5 0.496536 0.493218 0.140615 0.204357 0.469858
5 0.496284 0.493844 0.140224 0.202683 0.353887
2 0.496619 0.488288 0.135565 0.197972 0.214676
0 0.494171 0.486927 0.893452 0.971945 0.195527
2 0.495558 0.489098 0.135859 0.202073 0.190056
2 0.495141 0.487808 0.142332 0.197697 0.188785
0 0.495891 0.489107 0.893693 0.971233 0.186203
2 0.495476 0.488338 0.143819 0.202609 0.182771
3 0.564884 0.496384 0.773524 0.992767 0.179583
3 0.597338 0.499313 0.715562 0.998627 0.16828
0 0.494027 0.490982 0.895158 0.981963 0.162641
3 0.568837 0.496086 0.758573 0.992171 0.159197
5 0.498714 0.494961 0.148383 0.216185 0.158655
3 0.55383 0.5 0.800726 1 0.137069
5 0.49763 0.494825 0.151714 0.207573 0.118274
5 0.498713 0.495248 0.146045 0.210809 0.112119
2 0.497616 0.496482 0.134553 0.211883 0.110695
5 0.496408 0.495174 0.136648 0.208772 0.108778
0 0.491747 0.495414 0.909907 0.990829 0.101526
0 0.505589 0.482644 0.937089 0.956239 0.0905582
0 0.489306 0.49139 0.918342 0.982779 0.0898454
3 0.744303 0.497238 0.308941 0.594679 0.0865698
3 0.753183 0.513024 0.320014 0.614779 0.0788722
5 0.49913 0.494428 0.143304 0.214939 0.0782915
0 0.491519 0.495463 0.921961 0.989626 0.0743005
3 0.430797 0.483006 0.775888 0.953343 0.0627404
5 0.497967 0.49479 0.146639 0.205342 0.0598577
2 0.495895 0.4891 0.13124 0.195622 0.0577952
3 0.742922 0.485462 0.3059 0.560806 0.0560563
0 0.507792 0.482202 0.93509 0.964405 0.0532317
3 0.754992 0.499432 0.310467 0.567871 0.0489587
3 0.742957 0.468417 0.303608 0.588152 0.0371539
0 0.51599 0.486784 0.958411 0.955047 0.0323094
3 0.731718 0.492993 0.294084 0.614329 0.0321029
3 0.477413 0.204798 0.353502 0.348994 0.0320527
3 0.748447 0.484432 0.311998 0.581136 0.0316828
3 0.728778 0.483854 0.286414 0.591083 0.0298484
0 0.463225 0.48201 0.844225 0.958874 0.0269611
3 0.496733 0.20331 0.325094 0.346857 0.0259679
3 0.460495 0.209768 0.381142 0.359572 0.0241361
3 0.496139 0.209902 0.297621 0.314098 0.0195062
3 0.53923 0.7447 0.46586 0.342461 0.0190041
3 0.481879 0.213373 0.342489 0.313505 0.0180155
3 0.526732 0.202357 0.33765 0.353138 0.0170066
2 0.495196 0.495155 0.128884 0.207296 0.0154346
3 0.505143 0.750973 0.430967 0.327417 0.015311
0 0.456329 0.481398 0.834195 0.948278 0.0149766
5 0.497321 0.494505 0.147297 0.206835 0.0148111
3 0.441274 0.225054 0.418026 0.386658 0.0145844
5 0.500509 0.488393 0.133173 0.196785 0.0141975
3 0.763099 0.518242 0.304016 0.622852 0.0140954
3 0.519757 0.207645 0.270546 0.314399 0.0136841
3 0.767862 0.508975 0.295872 0.574937 0.0131579
5 0.500871 0.492649 0.129507 0.20308 0.0131522
3 0.732622 0.460168 0.290454 0.64925 0.0128732
3 0.739285 0.429337 0.288674 0.628484 0.0127683
3 0.439585 0.229227 0.427277 0.424531 0.0125997
3 0.572914 0.206752 0.393218 0.364362 0.0119002
3 0.537993 0.755972 0.385478 0.310088 0.0117863
3 0.419436 0.267106 0.487062 0.486356 0.0114864
3 0.725949 0.493435 0.279019 0.565727 0.0108572
3 0.746215 0.457399 0.303821 0.586849 0.0106142
3 0.488076 0.753623 0.311543 0.30502 0.0101726
