3 0.575965 0.409768 0.580941 0.786174 0.450396
3 0.57162 0.398142 0.577393 0.766578 0.428261
3 0.574451 0.416071 0.562255 0.783836 0.420481
3 0.579476 0.422697 0.563457 0.796944 0.400294
3 0.57847 0.428234 0.577806 0.807165 0.399838
3 0.573611 0.396734 0.560276 0.746409 0.388792
3 0.574077 0.430961 0.519927 0.793134 0.333455
3 0.582699 0.411981 0.536924 0.767635 0.307485
3 0.585266 0.422711 0.521908 0.783375 0.297877
3 0.58455 0.416258 0.487815 0.772814 0.252299
3 0.577569 0.399689 0.550509 0.74025 0.243389
3 0.579531 0.418809 0.596205 0.806426 0.177794
3 0.593723 0.411499 0.521795 0.773161 0.169101
3 0.558918 0.421447 0.449744 0.77468 0.167866
3 0.616136 0.422916 0.375858 0.539527 0.136018
3 0.597713 0.432518 0.386662 0.558298 0.13533
5 0.735338 0.628115 0.166517 0.189464 0.129737
5 0.229949 0.940009 0.0467712 0.0582148 0.125407
5 0.230139 0.939455 0.0466241 0.0577026 0.123879
3 0.604839 0.43355 0.356615 0.542276 0.118726
5 0.230764 0.93997 0.0503496 0.0605488 0.109814
5 0.229292 0.938438 0.047796 0.0642036 0.109665
3 0.622982 0.429103 0.35403 0.52601 0.109498
5 0.229998 0.939718 0.0486068 0.0605504 0.09945
3 0.599813 0.443047 0.410923 0.590158 0.0979629
5 0.231183 0.938085 0.0553908 0.0713257 0.0941187
5 0.230999 0.939967 0.0486495 0.0604502 0.0905657
3 0.574924 0.3764 0.575829 0.726581 0.0904053
5 0.230526 0.940066 0.0458348 0.0576631 0.0855439
3 0.600859 0.43929 0.366589 0.570784 0.0853773
5 0.229914 0.938707 0.0492079 0.0644545 0.0850935
5 0.22951 0.940076 0.0510507 0.0664505 0.0771994
0 0.563889 0.860263 0.398455 0.197032 0.0653904
3 0.584799 0.449191 0.377645 0.618982 0.0643457
3 0.582224 0.444914 0.339588 0.604581 0.061431
3 0.637372 0.415229 0.360912 0.523192 0.0589439
5 0.234605 0.944269 0.0443989 0.06393 0.0562584
3 0.540829 0.454141 0.556617 0.841919 0.0499866
0 0.537758 0.869227 0.405111 0.195137 0.0474485
5 0.72712 0.630434 0.17714 0.185703 0.0456798
5 0.871303 0.90459 0.0343105 0.0516143 0.0439248
2 0.123358 0.531782 0.0291169 0.0457876 0.0427248
3 0.644019 0.421585 0.329484 0.49601 0.0426128
5 0.737094 0.626838 0.158992 0.18164 0.0406834
2 0.535368 0.919365 0.0314554 0.0427284 0.0395752
3 0.579345 0.367958 0.581695 0.71126 0.0382869
5 0.871284 0.905126 0.0339251 0.0522856 0.0372085
5 0.872179 0.904834 0.0318071 0.0464119 0.0369077
5 0.756903 0.663508 0.198747 0.261779 0.0354435
2 0.535392 0.918966 0.0317072 0.0426799 0.0351772
3 0.593957 0.425921 0.397239 0.601419 0.0343485
3 0.555723 0.44911 0.315113 0.639191 0.0343137
3 0.574688 0.361099 0.584783 0.698738 0.0339776
2 0.5344 0.920142 0.0301965 0.0396003 0.0337237
5 0.534404 0.919874 0.0294939 0.0374449 0.033658
5 0.741602 0.626769 0.15919 0.190573 0.0335649
5 0.229693 0.938406 0.0511985 0.0662174 0.0327404
3 0.533817 0.433422 0.454195 0.804498 0.0319821
3 0.580599 0.316646 0.584674 0.607628 0.0312753
3 0.594137 0.426302 0.428303 0.627461 0.031033
5 0.21988 0.936535 0.0818594 0.0722462 0.0304805
2 0.123387 0.530799 0.0287777 0.0451925 0.0304158
5 0.224903 0.933153 0.0832101 0.0842901 0.0304
5 0.156828 0.715004 0.0693126 0.0791907 0.0301536
5 0.156269 0.71511 0.0674208 0.0717743 0.029518
2 0.829783 0.87791 0.0326709 0.0419013 0.0285049
5 0.22787 0.604454 0.0874889 0.102236 0.0279238
3 0.557924 0.453193 0.348933 0.642821 0.0276759
5 0.552782 0.840236 0.163474 0.112679 0.0276593
0 0.155316 0.715345 0.057678 0.0669303 0.0273033
3 0.612893 0.421802 0.383822 0.570427 0.0273002
5 0.549716 0.834564 0.161468 0.092784 0.0271461
5 0.550749 0.83957 0.15401 0.105247 0.0271087
5 0.872416 0.904461 0.0307078 0.0474254 0.0265479
0 0.564267 0.835137 0.207653 0.200828 0.0263811
5 0.738652 0.627717 0.162564 0.192078 0.0259722
3 0.582147 0.425538 0.410557 0.636725 0.0242129
0 0.536949 0.874732 0.404802 0.207727 0.0241974
0 0.546354 0.887853 0.46559 0.191328 0.0236443
2 0.828753 0.879323 0.030111 0.0399522 0.0229792
5 0.154675 0.714902 0.0593167 0.0706241 0.0228842
5 0.238421 0.253804 0.0503659 0.0677633 0.0226731
3 0.659232 0.415628 0.319057 0.497114 0.0223254
0 0.155039 0.714722 0.0563888 0.0663066 0.0222374
3 0.552055 0.427087 0.296364 0.631436 0.0221874
0 0.54198 0.892602 0.43567 0.19274 0.0221542
3 0.577363 0.41449 0.312479 0.605154 0.0215996
5 0.871491 0.90228 0.0378715 0.0585297 0.0206683
2 0.122745 0.530182 0.0321687 0.0524078 0.0206594
4 0.638312 0.842764 0.394434 0.231631 0.0206001
2 0.122169 0.530566 0.0323641 0.0515637 0.0193969
5 0.229342 0.602698 0.0782957 0.0974784 0.0193954
5 0.553845 0.841964 0.161464 0.110674 0.0193664
5 0.15503 0.714195 0.0614009 0.068453 0.0191696
5 0.23025 0.603771 0.0778719 0.0973733 0.0189574
5 0.230315 0.604108 0.0721413 0.0966778 0.0189065
2 0.230551 0.603061 0.0734428 0.0950211 0.0184062
3 0.582254 0.349912 0.564761 0.674716 0.0181208
5 0.871423 0.901784 0.0394468 0.0609532 0.0181199
2 0.124572 0.531319 0.0329058 0.0524905 0.0178396
5 0.751347 0.628728 0.163553 0.190188 0.0178296
4 0.616461 0.855412 0.39944 0.199646 0.0174488
2 0.231466 0.604198 0.0693028 0.096748 0.0173967
3 0.599439 0.408009 0.323909 0.573439 0.0173476
2 0.227723 0.602994 0.0829901 0.102927 0.017158
5 0.747817 0.628277 0.146816 0.185064 0.0169909
5 0.202625 0.934242 0.115064 0.0844724 0.016854
2 0.269769 0.943853 0.0262587 0.0409297 0.0161791
5 0.238458 0.256082 0.048632 0.0658156 0.0158981
5 0.875948 0.279944 0.0378526 0.0720538 0.0156057
5 0.873553 0.903822 0.0358945 0.0549672 0.0155346
0 0.608254 0.837218 0.353763 0.218732 0.0155062
3 0.612644 0.408652 0.317098 0.533066 0.0154251
4 0.625237 0.840946 0.394733 0.230561 0.0152717
0 0.15457 0.714908 0.0571969 0.066425 0.0150836
0 0.154359 0.714695 0.0575032 0.0666524 0.0150438
5 0.231253 0.604535 0.0674952 0.0930093 0.0146759
3 0.551174 0.452071 0.291576 0.597101 0.0146201
2 0.122186 0.530691 0.0339599 0.0499 0.0144787
2 0.867679 0.756034 0.0613347 0.0595907 0.0144516
4 0.597186 0.855409 0.403071 0.201153 0.0141964
5 0.15451 0.714957 0.058341 0.0691973 0.0140547
0 0.526362 0.893631 0.416615 0.192244 0.0140091
3 0.527221 0.452803 0.308003 0.664647 0.0138789
3 0.67088 0.425052 0.280194 0.444992 0.0138771
5 0.871021 0.905627 0.0391621 0.0571761 0.0136525
2 0.123951 0.53034 0.0337776 0.0527429 0.0135807
5 0.871241 0.904761 0.0374703 0.0577553 0.013507
2 0.231008 0.534032 0.0213451 0.0316017 0.0134249
3 0.575598 0.44329 0.304559 0.567822 0.0134144
3 0.559093 0.425642 0.394649 0.640211 0.0133711
3 0.523718 0.443642 0.30114 0.648756 0.0130127
2 0.865768 0.75529 0.0625799 0.0629045 0.0129152
4 0.632071 0.855718 0.386571 0.1981 0.012848
5 0.873366 0.903428 0.0360256 0.0550628 0.0126331
3 0.583386 0.402008 0.40127 0.593316 0.0126201
2 0.130794 0.895927 0.0329175 0.04892 0.0125551
3 0.634112 0.4149 0.371367 0.535865 0.0123668
5 0.876256 0.28229 0.0396894 0.080958 0.0122665
0 0.531281 0.869177 0.375907 0.232307 0.0121934
4 0.333597 0.916541 0.521079 0.156165 0.0120976
0 0.561161 0.877493 0.473747 0.176425 0.0120561
4 0.654506 0.839781 0.381554 0.233195 0.0120374
0 0.173214 0.512136 0.346428 0.956231 0.0119283
2 0.829276 0.878413 0.0320887 0.0440877 0.0119155
5 0.187132 0.925362 0.036049 0.040787 0.0114965
3 0.572397 0.396679 0.410303 0.621625 0.0111633
4 0.370477 0.917222 0.500423 0.156809 0.0111364
5 0.831967 0.872247 0.0423417 0.0545373 0.0111055
2 0.124527 0.530437 0.0360299 0.0574282 0.0109105
3 0.629501 0.419732 0.32362 0.495287 0.0108975
3 0.593993 0.407114 0.38578 0.571888 0.0108929
0 0.527703 0.81791 0.269945 0.228039 0.0107568
5 0.876167 0.280108 0.038721 0.0701032 0.0107226
5 0.238681 0.252763 0.0652511 0.0766633 0.010564
5 0.230941 0.60368 0.072932 0.0933638 0.0105062
5 0.876565 0.279536 0.0346583 0.0688386 0.0103843
3 0.596436 0.405392 0.555346 0.754616 0.0101116
2 0.130243 0.896081 0.0333713 0.0495608 0.010009
