3 0.472582 0.53664 0.775191 0.926721 0.714992
3 0.479193 0.521927 0.791493 0.954135 0.704701
3 0.462265 0.554901 0.75668 0.890199 0.679809
3 0.45746 0.546691 0.744072 0.906618 0.672448
3 0.470837 0.528467 0.777179 0.943066 0.658075
3 0.480251 0.516847 0.790281 0.966306 0.636738
3 0.473956 0.541664 0.782905 0.916672 0.619241
3 0.446358 0.54711 0.725766 0.905781 0.595166
3 0.499737 0.511621 0.777293 0.976758 0.592825
3 0.498537 0.515574 0.778655 0.964944 0.426655
3 0.481696 0.515046 0.79548 0.969908 0.39643
5 0.723626 0.573519 0.0256741 0.0410366 0.251208
5 0.722729 0.57398 0.0249834 0.040841 0.233713
5 0.72342 0.57361 0.0242625 0.0404725 0.224542
5 0.722276 0.573872 0.0224808 0.0379356 0.219827
5 0.411192 0.560496 0.0237198 0.0345188 0.199462
3 0.483091 0.537645 0.797873 0.92471 0.162472
5 0.409935 0.560356 0.025243 0.0378892 0.156334
5 0.411534 0.559648 0.0269411 0.0408566 0.132783
5 0.410279 0.558975 0.0279922 0.0438013 0.12441
5 0.63012 0.536317 0.0184667 0.0313881 0.120063
5 0.410158 0.560919 0.0285537 0.0443735 0.0926474
5 0.630359 0.535907 0.0179325 0.0298012 0.0924641
5 0.410902 0.561184 0.027518 0.0429619 0.0856724
5 0.631712 0.536374 0.0184603 0.0308709 0.0835364
3 0.476313 0.526073 0.775059 0.947854 0.0764885
2 0.597621 0.796864 0.0201977 0.0254375 0.0754634
5 0.409002 0.546015 0.0264514 0.0553417 0.0740137
5 0.722039 0.574714 0.0286653 0.0489829 0.0688993
5 0.631678 0.536679 0.0205483 0.0338804 0.0670823
5 0.723155 0.574207 0.0293199 0.0518226 0.0635542
5 0.409297 0.545087 0.0269406 0.0531998 0.0635117
2 0.597509 0.797222 0.0203445 0.0272937 0.0534078
5 0.412663 0.560129 0.036349 0.0539979 0.0451888
5 0.413595 0.558302 0.0334404 0.0476299 0.0439212
5 0.413079 0.55738 0.0348209 0.050798 0.0348407
2 0.580505 0.89511 0.0159246 0.0257743 0.0343588
5 0.943502 0.405968 0.0184643 0.0252716 0.0330242
5 0.648186 0.519999 0.0141585 0.0208913 0.0281506
3 0.225936 0.595647 0.291711 0.777863 0.0233051
5 0.72606 0.571774 0.0418003 0.0518452 0.0212657
5 0.727122 0.57289 0.0404195 0.0480515 0.0211744
5 0.722829 0.570084 0.0359843 0.0589436 0.0207559
5 0.410489 0.565873 0.0367649 0.0716471 0.0206508
2 0.578329 0.895271 0.0166038 0.0250811 0.0198019
3 0.668391 0.439429 0.353193 0.648025 0.0184728
3 0.231629 0.593622 0.301641 0.789861 0.0182205
5 0.721714 0.573902 0.0422542 0.0559478 0.0162813
3 0.249288 0.587188 0.331639 0.79855 0.0154454
3 0.627132 0.461693 0.362956 0.659459 0.0148188
5 0.64926 0.515955 0.0171009 0.0260508 0.014598
3 0.6579 0.461051 0.331705 0.672728 0.0142528
3 0.252887 0.587304 0.339362 0.806377 0.013704
5 0.722853 0.570344 0.0350624 0.0582937 0.0136395
3 0.670669 0.455931 0.342622 0.701941 0.0136149
3 0.378219 0.558913 0.591684 0.876987 0.0134912
3 0.641226 0.436259 0.381744 0.647992 0.0129402
3 0.629057 0.467057 0.336196 0.612179 0.0127801
3 0.644252 0.45816 0.373961 0.690376 0.0121281
3 0.647967 0.458711 0.361273 0.733468 0.0117703
3 0.561872 0.459912 0.387047 0.636936 0.0114136
3 0.412978 0.566815 0.17098 0.4114 0.0103371
