2 0.0541369 0.665249 0.0382462 0.0445081 0.724488
2 0.0540844 0.665325 0.0388413 0.0440383 0.710473
2 0.0540401 0.66496 0.039264 0.0435459 0.660272
2 0.0539606 0.665029 0.0389547 0.0440435 0.645991
2 0.0543949 0.665497 0.0393238 0.0460717 0.553388
2 0.0544442 0.66552 0.0384852 0.046001 0.484273
4 0.506755 0.482136 0.97177 0.835417 0.452987
2 0.054975 0.664951 0.0406252 0.0451252 0.401062
4 0.534159 0.480427 0.919935 0.889182 0.38327
4 0.547505 0.492384 0.891271 0.942665 0.35679
2 0.0551193 0.66517 0.0408623 0.0453004 0.320751
4 0.504823 0.464696 0.966552 0.853222 0.286465
4 0.510067 0.469884 0.975545 0.884474 0.269525
4 0.533149 0.490226 0.924591 0.943287 0.25503
2 0.0551582 0.665207 0.0403761 0.0487136 0.214654
2 0.0457858 0.47208 0.0530986 0.0693029 0.18504
2 0.0470849 0.472955 0.0466915 0.0668488 0.176213
0 0.609854 0.506224 0.768303 0.981063 0.159176
2 0.0452798 0.473271 0.0473121 0.0665574 0.153461
2 0.221828 0.381924 0.05291 0.0901465 0.13251
2 0.221468 0.383306 0.0507946 0.0855003 0.0988356
4 0.460722 0.562526 0.913138 0.874947 0.093327
2 0.0457303 0.472382 0.0518182 0.0688173 0.0932511
2 0.220772 0.383916 0.0464866 0.0796083 0.0901795
4 0.48213 0.551136 0.961963 0.864716 0.0876086
2 0.0469064 0.472739 0.0481787 0.0673411 0.0755615
4 0.451519 0.55116 0.877101 0.89768 0.0630028
2 0.0461256 0.472575 0.0457803 0.0668795 0.0602611
2 0.22131 0.383417 0.0464312 0.0770588 0.0598649
2 0.0554799 0.384357 0.107522 0.102979 0.0594955
2 0.0558444 0.385869 0.107331 0.0993116 0.0517912
2 0.221397 0.382798 0.0468469 0.0788715 0.0500664
2 0.0538262 0.387018 0.101431 0.0939211 0.0498862
4 0.58618 0.507404 0.815464 0.985192 0.0473288
2 0.221553 0.383095 0.0463488 0.0796088 0.0467
4 0.51102 0.455852 0.973239 0.861892 0.0463495
2 0.221379 0.384534 0.0508384 0.0842676 0.0420242
2 0.44923 0.291478 0.104267 0.122668 0.0393251
2 0.0461374 0.471328 0.0498004 0.0689031 0.0382102
2 0.448237 0.292873 0.10423 0.121314 0.0381024
2 0.449023 0.293204 0.100929 0.121112 0.037148
2 0.323476 0.653766 0.0940247 0.134842 0.0369486
2 0.0530148 0.388182 0.0987524 0.0963189 0.0361603
2 0.0523246 0.664155 0.0438635 0.0506079 0.0361547
2 0.449079 0.29428 0.101397 0.118762 0.0358489
2 0.0468694 0.473004 0.0467866 0.0664077 0.0356134
2 0.0458851 0.472356 0.0466168 0.0663841 0.0350156
2 0.057856 0.381645 0.11012 0.114743 0.0349299
2 0.0538484 0.388475 0.094501 0.0966039 0.0341795
2 0.323871 0.653956 0.0950906 0.132861 0.0315791
4 0.471268 0.544485 0.942536 0.852526 0.0299041
2 0.320853 0.65636 0.0971788 0.133625 0.0289455
2 0.319995 0.654166 0.0961324 0.127202 0.0282096
2 0.2211 0.383332 0.0460847 0.0811543 0.0279737
4 0.194393 0.817782 0.235486 0.222743 0.0271222
2 0.219042 0.382237 0.0442673 0.0931908 0.0265708
2 0.447453 0.29232 0.10629 0.119063 0.0248343
2 0.052839 0.662657 0.0451703 0.0524779 0.0242307
2 0.450114 0.295057 0.0976689 0.121525 0.0236626
2 0.697537 0.362017 0.14542 0.205873 0.0210935
2 0.44816 0.294046 0.103821 0.119147 0.0206623
2 0.323392 0.650771 0.0925855 0.114885 0.0204973
0 0.595584 0.505161 0.797997 0.964596 0.0202654
2 0.449617 0.2906 0.100584 0.124652 0.01964
2 0.0569294 0.384199 0.10845 0.105053 0.0192684
2 0.221661 0.38206 0.0480849 0.0815242 0.0191288
2 0.0527518 0.386286 0.0993726 0.0945162 0.0182455
2 0.322679 0.654632 0.0934278 0.120663 0.0180832
2 0.252482 0.442842 0.0581598 0.0611289 0.0179412
2 0.450003 0.289386 0.104201 0.12508 0.0177413
2 0.322407 0.663989 0.100662 0.156693 0.0163347
2 0.446863 0.288486 0.110847 0.127199 0.0157152
2 0.185069 0.372882 0.0576742 0.0946859 0.0155765
2 0.323585 0.649137 0.0928455 0.112214 0.0153869
4 0.196284 0.813929 0.235945 0.232636 0.0150755
2 0.449965 0.295419 0.097992 0.119717 0.0149713
2 0.688766 0.602144 0.156736 0.162012 0.0142982
4 0.178675 0.823291 0.216326 0.212588 0.0139905
4 0.191944 0.811899 0.229952 0.245012 0.0134127
2 0.699142 0.364326 0.146759 0.192587 0.0133608
2 0.251937 0.440169 0.0580362 0.0636317 0.0130803
2 0.671841 0.723492 0.0679049 0.0721249 0.0130624
2 0.323463 0.65235 0.0913503 0.11613 0.0126998
0 0.422545 0.550737 0.797206 0.898526 0.012559
2 0.698791 0.365532 0.136146 0.214671 0.01236
2 0.689516 0.612718 0.154176 0.129815 0.0121883
2 0.251098 0.441299 0.0508206 0.0573297 0.0119497
2 0.671943 0.723681 0.0677715 0.0721743 0.0106886
2 0.0399725 0.469733 0.0652851 0.0833494 0.0106542
2 0.697898 0.362451 0.141363 0.202351 0.0104236
2 0.589038 0.633951 0.0533899 0.0699469 0.010405
2 0.589305 0.636578 0.0535437 0.0742621 0.0101824
2 0.322202 0.652826 0.0913118 0.115368 0.0101366
