3 0.508239 0.591855 0.943356 0.814231 0.689987
3 0.510466 0.604187 0.97832 0.784578 0.616945
3 0.507252 0.590514 0.941354 0.804221 0.543931
3 0.540686 0.585203 0.918628 0.799579 0.534164
3 0.531553 0.592304 0.934967 0.794837 0.394701
3 0.431269 0.503478 0.785705 0.987123 0.323597
3 0.428206 0.506005 0.780139 0.979076 0.316813
3 0.471331 0.522283 0.871315 0.952149 0.309201
3 0.516986 0.591609 0.957537 0.761138 0.299244
3 0.424995 0.50537 0.773069 0.978744 0.294252
3 0.511754 0.60354 0.976491 0.79292 0.282715
3 0.524015 0.603589 0.951969 0.792011 0.208807
3 0.501625 0.522511 0.928763 0.644879 0.187952
3 0.542505 0.493019 0.892462 0.555177 0.163307
3 0.562238 0.550785 0.875524 0.715234 0.151193
3 0.53145 0.59708 0.933753 0.80584 0.10635
3 0.609199 0.52462 0.776171 0.905532 0.0934596
3 0.598161 0.525517 0.798038 0.89173 0.0853757
3 0.467613 0.541115 0.862832 0.909316 0.0616937
5 0.389983 0.369339 0.0187902 0.0299997 0.0502556
3 0.470324 0.535639 0.862702 0.897524 0.0411376
3 0.523606 0.603531 0.952787 0.792293 0.0361686
3 0.524343 0.586865 0.951314 0.755873 0.0315748
5 0.39091 0.369786 0.0224887 0.038883 0.0215918
5 0.391281 0.368763 0.02599 0.0424371 0.0205689
3 0.692319 0.558644 0.308493 0.370894 0.01903
3 0.525919 0.600567 0.948162 0.782377 0.0164832
3 0.69026 0.562616 0.333724 0.37024 0.0148986
3 0.512333 0.599823 0.965458 0.783699 0.013449
5 0.392365 0.370019 0.0268589 0.0399348 0.0122666
3 0.710302 0.56658 0.323574 0.347084 0.0122464
3 0.636325 0.496217 0.726422 0.915458 0.0119116
3 0.509733 0.602724 0.943375 0.779625 0.0116267
3 0.513306 0.60015 0.956136 0.793256 0.0112668
3 0.712478 0.560734 0.358269 0.368794 0.0110908
3 0.189965 0.502041 0.298687 0.961469 0.0108194
3 0.188518 0.504781 0.296826 0.977425 0.0106237
3 0.619677 0.513965 0.756069 0.896939 0.0101168
