3 0.502148 0.497346 0.752571 0.960819 0.355262
3 0.503019 0.495282 0.749467 0.947718 0.343271
3 0.508504 0.489885 0.74551 0.961998 0.323299
0 0.504454 0.50292 0.760091 0.974179 0.312112
3 0.501519 0.501443 0.757284 0.966 0.29695
3 0.499321 0.497764 0.760963 0.949353 0.271875
3 0.502553 0.494527 0.759291 0.973898 0.260368
0 0.50423 0.502709 0.758238 0.961604 0.249091
0 0.505335 0.499094 0.754479 0.980394 0.22839
0 0.527078 0.504775 0.689101 0.962517 0.177401
5 0.684467 0.362874 0.0386025 0.0387775 0.0965787
3 0.446246 0.522238 0.36722 0.601666 0.092103
5 0.684161 0.362563 0.0377903 0.0406511 0.0907513
5 0.560139 0.527164 0.0212344 0.027034 0.0891773
5 0.71376 0.362048 0.0160791 0.0271659 0.0884289
5 0.759443 0.364797 0.0152212 0.0218695 0.087591
5 0.713555 0.361988 0.0142529 0.0237392 0.086564
5 0.736115 0.424217 0.021775 0.0294535 0.0834306
5 0.735088 0.424031 0.0195608 0.0278168 0.0775715
5 0.684701 0.363761 0.0347601 0.0368002 0.0751121
2 0.810842 0.685461 0.0241207 0.0357007 0.0681644
5 0.683936 0.363606 0.0380229 0.0423967 0.067573
3 0.474348 0.519002 0.394106 0.611511 0.066007
3 0.418587 0.526009 0.33457 0.598991 0.065881
5 0.73551 0.423868 0.0237587 0.0363142 0.057296
5 0.663131 0.446143 0.0354024 0.0512864 0.0552981
5 0.662595 0.446102 0.0446979 0.0600733 0.0525622
5 0.735039 0.424254 0.0217492 0.0348345 0.052124
5 0.661106 0.445541 0.0446323 0.0596634 0.0507864
3 0.484235 0.428819 0.402152 0.633601 0.0489885
3 0.448252 0.522017 0.421828 0.641125 0.048424
5 0.684893 0.363317 0.049665 0.051627 0.0473941
5 0.810709 0.683353 0.0269402 0.0410328 0.0473652
3 0.435767 0.474474 0.612274 0.920881 0.0473277
3 0.472266 0.518461 0.442945 0.66261 0.0468655
2 0.784793 0.361765 0.0237323 0.033691 0.0464785
4 0.709363 0.849199 0.300978 0.266596 0.0463733
5 0.662211 0.446521 0.0416928 0.059436 0.0462526
5 0.663327 0.44637 0.0336212 0.0516111 0.0460858
3 0.468351 0.495229 0.679177 0.940241 0.0448797
3 0.463304 0.423938 0.41687 0.631411 0.0431383
2 0.810927 0.685298 0.025749 0.0397758 0.0419885
5 0.662642 0.445308 0.0400277 0.0511515 0.0407165
3 0.467174 0.45616 0.416546 0.63805 0.0400367
5 0.683675 0.36326 0.0471976 0.0491316 0.0400299
5 0.560973 0.526484 0.027069 0.034351 0.0398416
5 0.662541 0.445068 0.0528135 0.0651826 0.0390165
5 0.662626 0.445931 0.0382494 0.0647733 0.0380608
5 0.811952 0.68459 0.0272038 0.0398247 0.0369278
3 0.4868 0.461013 0.405284 0.641943 0.0366775
5 0.559935 0.524739 0.0245215 0.0377671 0.036483
5 0.811398 0.683229 0.0308804 0.0429692 0.0351448
5 0.704858 0.362034 0.0321326 0.0347467 0.0349568
5 0.663326 0.444243 0.0383535 0.0529239 0.034836
5 0.737145 0.420172 0.0264797 0.0392818 0.0345816
3 0.513729 0.432331 0.410435 0.623412 0.0341803
5 0.662178 0.443839 0.0495893 0.073125 0.0338752
4 0.693612 0.853011 0.320057 0.264214 0.0338543
5 0.559771 0.528177 0.0240881 0.0363714 0.0330757
3 0.481772 0.51549 0.382355 0.622375 0.0328225
5 0.735601 0.4202 0.026703 0.038678 0.032667
5 0.758755 0.36357 0.0184386 0.029366 0.0326527
5 0.663062 0.445193 0.0487871 0.0623565 0.0323408
3 0.527283 0.434406 0.380413 0.602997 0.0322802
5 0.560819 0.528723 0.0291357 0.0444605 0.0319341
3 0.446628 0.508178 0.317794 0.614136 0.0313523
3 0.469739 0.485992 0.411659 0.660636 0.0313064
5 0.709257 0.362053 0.0234118 0.0318368 0.0305626
3 0.471169 0.48739 0.45996 0.662088 0.0297266
3 0.474028 0.513259 0.403538 0.67194 0.0293766
2 0.786092 0.362106 0.0279968 0.0356753 0.028394
3 0.41619 0.505851 0.316289 0.598205 0.0274776
4 0.798403 0.788645 0.148629 0.198004 0.0272703
4 0.72557 0.843777 0.267688 0.266044 0.0269673
4 0.739746 0.830752 0.245716 0.250226 0.0267546
5 0.809767 0.682347 0.0342329 0.0476918 0.0256047
2 0.787932 0.359563 0.0275611 0.0380057 0.0252555
2 0.811831 0.685202 0.0277587 0.0430871 0.0251714
4 0.678517 0.864784 0.339624 0.25541 0.0243266
3 0.51563 0.465736 0.413878 0.639875 0.0243063
3 0.480773 0.511027 0.336633 0.614554 0.0241061
3 0.421318 0.522704 0.361998 0.615809 0.0239029
5 0.683373 0.366623 0.0372351 0.0463392 0.023844
4 0.736859 0.834144 0.258074 0.256772 0.0238354
5 0.684084 0.365585 0.0412907 0.0497732 0.0234485
3 0.470748 0.455626 0.467229 0.635357 0.0231153
3 0.481863 0.397336 0.395157 0.605799 0.0231063
3 0.528364 0.469083 0.381454 0.636187 0.0227038
4 0.772907 0.802232 0.185587 0.214028 0.0211189
5 0.660791 0.445262 0.061559 0.070901 0.0207863
3 0.459232 0.391513 0.41449 0.608586 0.0207007
4 0.723168 0.835296 0.273698 0.258278 0.020465
3 0.487257 0.48701 0.399945 0.668568 0.020228
3 0.393009 0.523729 0.313527 0.596906 0.019536
3 0.446201 0.492516 0.440772 0.645139 0.0194993
5 0.561152 0.523969 0.0281145 0.0400825 0.0191789
5 0.558021 0.526442 0.0293226 0.0366519 0.0188585
5 0.663286 0.446453 0.0450688 0.0718413 0.0187369
4 0.810202 0.749105 0.149579 0.243396 0.0184154
3 0.533492 0.0573098 0.510633 0.10582 0.0183311
5 0.809162 0.683372 0.0317405 0.0456572 0.0173671
4 0.758124 0.820978 0.207428 0.229724 0.0171288
4 0.696255 0.861011 0.304968 0.25684 0.0168995
3 0.489856 0.496093 0.727275 0.953639 0.0168954
3 0.546161 0.440813 0.352145 0.592405 0.0166593
3 0.467562 0.422757 0.474444 0.621542 0.0162896
3 0.494829 0.514484 0.356213 0.608637 0.0160103
3 0.554578 0.0580524 0.511312 0.107144 0.0157074
2 0.789187 0.360242 0.0272544 0.0350323 0.0154939
5 0.558975 0.524884 0.0329103 0.0452192 0.0154555
3 0.491811 0.514998 0.383636 0.647168 0.0152216
5 0.774533 0.362134 0.0229028 0.0335448 0.0151333
5 0.684252 0.358248 0.0553185 0.0585434 0.0143766
3 0.48831 0.509068 0.39209 0.690657 0.0142516
3 0.50986 0.402247 0.396713 0.580018 0.0142245
3 0.511689 0.0564985 0.503494 0.107823 0.0138504
4 0.802638 0.756998 0.145072 0.221715 0.0138117
4 0.751667 0.808749 0.239603 0.239259 0.0137338
5 0.784411 0.450589 0.0377528 0.0421673 0.013595
4 0.648367 0.870223 0.355582 0.249161 0.0130851
3 0.522614 0.406699 0.364678 0.533443 0.0127844
5 0.786115 0.452264 0.0416023 0.0386648 0.0126964
4 0.734207 0.838316 0.241282 0.259574 0.0126446
3 0.550794 0.473547 0.367374 0.642109 0.0125098
5 0.782494 0.361892 0.0318032 0.0356275 0.0123355
5 0.782794 0.451907 0.0248805 0.0349199 0.0120991
4 0.811053 0.725637 0.146446 0.255747 0.012087
3 0.559623 0.0784361 0.455032 0.154732 0.0120758
3 0.550544 0.0769427 0.491031 0.149457 0.0119226
3 0.444516 0.462483 0.44091 0.603368 0.0117185
5 0.782501 0.452721 0.0224438 0.0299452 0.0113007
2 0.794518 0.301215 0.0238733 0.0303079 0.0110829
4 0.788423 0.805959 0.16021 0.210232 0.0109671
3 0.513478 0.489602 0.404009 0.674919 0.0109052
3 0.530318 0.0761748 0.498106 0.147681 0.0105751
5 0.659416 0.444063 0.0619174 0.0785724 0.0105505
3 0.565093 0.0603098 0.479185 0.115925 0.0101771
