3 0.308923 0.349151 0.240765 0.38886 0.4805
3 0.306245 0.34389 0.243651 0.379929 0.402759
3 0.301693 0.350277 0.274395 0.404115 0.308092
3 0.315143 0.352091 0.221772 0.37113 0.24025
3 0.30075 0.341154 0.271474 0.380937 0.21535
3 0.261507 0.314262 0.449612 0.627745 0.19531
3 0.280242 0.268767 0.481815 0.534058 0.191357
3 0.308666 0.340141 0.2605 0.387917 0.188262
3 0.279765 0.260717 0.475239 0.519508 0.183868
3 0.311674 0.348819 0.234447 0.366213 0.175999
3 0.271999 0.291716 0.465593 0.579874 0.171025
3 0.276393 0.283365 0.458593 0.564847 0.168017
3 0.30627 0.281829 0.510698 0.560956 0.156414
3 0.261748 0.301398 0.445461 0.589368 0.156096
3 0.273839 0.298739 0.453101 0.57896 0.140543
3 0.271648 0.305963 0.467963 0.609896 0.138981
3 0.312883 0.362921 0.228089 0.367604 0.137446
3 0.287709 0.36735 0.500322 0.713332 0.132867
5 0.318193 0.452706 0.0169995 0.0262961 0.130543
5 0.347348 0.40899 0.0210528 0.0364429 0.118232
5 0.325361 0.424537 0.0148567 0.0191206 0.11136
5 0.352205 0.475513 0.0293331 0.0586751 0.108865
3 0.266908 0.369839 0.464129 0.739015 0.0939623
3 0.319714 0.38506 0.573607 0.747774 0.0882592
3 0.349648 0.385576 0.634285 0.750635 0.0859283
5 0.336235 0.416205 0.0131 0.025593 0.0858361
3 0.299895 0.340422 0.262102 0.388381 0.0845647
5 0.349044 0.408228 0.0211628 0.0339191 0.0762309
3 0.322846 0.331435 0.310091 0.383385 0.0746939
3 0.326544 0.18928 0.506778 0.378561 0.0735688
3 0.328981 0.378383 0.567136 0.732906 0.0722353
5 0.322623 0.433139 0.0175458 0.0290746 0.0711407
3 0.304275 0.243464 0.499944 0.483659 0.0705108
3 0.30622 0.358194 0.259283 0.404417 0.0690488
3 0.321579 0.389991 0.204439 0.298833 0.0668138
5 0.314584 0.453003 0.0181058 0.0266206 0.0609851
3 0.315624 0.34245 0.259477 0.373728 0.0587768
3 0.32873 0.304874 0.574717 0.601114 0.0546074
3 0.242949 0.349934 0.40881 0.699867 0.0464122
5 0.359643 0.477295 0.046838 0.0694793 0.0454765
3 0.381284 0.17803 0.570421 0.35606 0.0436023
3 0.332085 0.314567 0.314207 0.426508 0.0429562
3 0.289783 0.194877 0.486328 0.389754 0.0425997
3 0.277122 0.259793 0.47531 0.514853 0.0409221
5 0.347974 0.564789 0.162356 0.133794 0.0403505
3 0.355497 0.294884 0.605182 0.582342 0.0391621
3 0.354405 0.387138 0.639398 0.749637 0.0389786
5 0.352268 0.475646 0.0298113 0.0569169 0.0352609
5 0.355978 0.475799 0.0394603 0.0609157 0.0351751
0 0.367751 0.434571 0.10409 0.168997 0.0347705
3 0.333154 0.366634 0.181854 0.332879 0.0331319
3 0.363037 0.226204 0.58808 0.447329 0.0329233
3 0.281762 0.360083 0.322891 0.441602 0.030711
5 0.298167 0.348281 0.0168101 0.0245076 0.0292997
2 0.34821 0.567366 0.165069 0.120785 0.0291535
0 0.357439 0.417395 0.152972 0.230106 0.0285074
0 0.337893 0.414773 0.176609 0.237767 0.0276383
0 0.341976 0.410779 0.166281 0.247473 0.026652
5 0.356549 0.476745 0.037354 0.0611343 0.0255692
3 0.301643 0.33452 0.270779 0.370026 0.0247565
3 0.349534 0.388623 0.632193 0.764642 0.0232172
3 0.289873 0.192919 0.495369 0.385839 0.0211118
5 0.351205 0.404642 0.0316273 0.047731 0.0207763
3 0.234592 0.377855 0.394741 0.75571 0.0204383
5 0.29636 0.0373493 0.0273878 0.0345435 0.0192923
3 0.331237 0.278068 0.330881 0.556135 0.0191617
0 0.365531 0.440683 0.0891918 0.15717 0.0189336
3 0.324655 0.288693 0.328017 0.464517 0.0181543
3 0.247067 0.333404 0.415874 0.666667 0.0176771
3 0.279797 0.345115 0.315355 0.404927 0.0176518
0 0.359374 0.420597 0.145749 0.219085 0.0176292
0 0.373388 0.436803 0.0895548 0.135729 0.0174195
0 0.313707 0.417326 0.222325 0.247742 0.0173755
0 0.330544 0.397423 0.144183 0.204082 0.0155382
3 0.355601 0.352108 0.624035 0.704215 0.0151359
5 0.357038 0.47704 0.0396314 0.0652224 0.014716
5 0.314728 0.449684 0.023773 0.037852 0.0146976
5 0.295799 0.0366795 0.0339223 0.0392581 0.0142514
5 0.352126 0.565959 0.17277 0.133408 0.0131149
3 0.673897 0.403404 0.600972 0.806809 0.0127765
3 0.480087 0.370655 0.40192 0.741311 0.0124954
0 0.371331 0.43815 0.0954721 0.160094 0.0124269
3 0.357372 0.143439 0.56274 0.286878 0.0116705
5 0.296505 0.0370412 0.0293334 0.0385815 0.0115632
3 0.398523 0.370919 0.550652 0.741838 0.011518
3 0.285948 0.33928 0.277522 0.382855 0.0113614
3 0.351877 0.390023 0.64819 0.744444 0.0110641
5 0.346919 0.406831 0.0301608 0.0445044 0.0109704
0 0.324474 0.443185 0.214309 0.327362 0.0108195
3 0.331261 0.35812 0.189335 0.343518 0.0108033
3 0.464928 0.265274 0.426233 0.521025 0.0105009
5 0.349881 0.407315 0.0345213 0.0560263 0.0104428
0 0.345659 0.42902 0.189683 0.302174 0.0103207
