3 0.561768 0.448952 0.871799 0.897904 0.511929
3 0.542338 0.454264 0.904464 0.908528 0.496988
3 0.600433 0.448298 0.79149 0.896597 0.486609
3 0.559735 0.443108 0.868135 0.886216 0.452898
3 0.575377 0.436274 0.845892 0.872548 0.445158
3 0.603121 0.437694 0.793757 0.875387 0.42361
3 0.629764 0.427365 0.735349 0.854731 0.298608
3 0.636639 0.428582 0.723715 0.857164 0.29595
3 0.626931 0.428742 0.738685 0.857485 0.250595
3 0.64021 0.420276 0.719253 0.840552 0.215464
3 0.495492 0.478569 0.687562 0.957137 0.130542
3 0.496582 0.484229 0.689541 0.965301 0.124229
3 0.530261 0.479223 0.77305 0.958446 0.113291
3 0.529315 0.472833 0.771809 0.945667 0.0897097
5 0.779263 0.504526 0.0192291 0.0281819 0.0626819
5 0.773354 0.543969 0.0213663 0.0298263 0.0471104
3 0.547319 0.478595 0.756672 0.95295 0.0463479
5 0.965749 0.966459 0.0652201 0.0670812 0.0430014
3 0.496455 0.482975 0.672145 0.965736 0.0385205
5 0.774156 0.541891 0.0254362 0.0345502 0.0377006
5 0.91766 0.749977 0.160776 0.0994201 0.032166
5 0.965578 0.967963 0.0658473 0.0640738 0.0319262
3 0.559284 0.463259 0.853446 0.926518 0.0312533
5 0.777807 0.504838 0.0232554 0.0322711 0.0307394
5 0.966447 0.965681 0.0656865 0.0686377 0.0306481
5 0.966356 0.964192 0.06572 0.0716168 0.0285502
3 0.555426 0.471034 0.869092 0.942068 0.0285223
5 0.894038 0.838387 0.206765 0.31269 0.0269882
3 0.454006 0.482627 0.625171 0.965254 0.0263108
3 0.443767 0.487178 0.593243 0.969499 0.0259366
5 0.965862 0.968178 0.0677755 0.0636442 0.0259221
5 0.77991 0.503648 0.0243156 0.0352983 0.0255682
5 0.9656 0.967053 0.0655125 0.0658948 0.0237805
5 0.242473 0.406681 0.0231856 0.0330497 0.0218078
5 0.77719 0.531583 0.0288219 0.0276116 0.0198424
5 0.853147 0.842141 0.29045 0.301253 0.0190336
5 0.774567 0.539548 0.0304967 0.0399544 0.0187786
3 0.588413 0.465412 0.823174 0.930823 0.0182163
5 0.24357 0.406296 0.0344322 0.0506643 0.016973
5 0.242383 0.406705 0.0270686 0.0396643 0.0164342
5 0.966159 0.965809 0.0639597 0.0683814 0.0163807
5 0.472383 0.0724373 0.029323 0.0472856 0.0163429
5 0.507277 0.876813 0.0212524 0.0291041 0.015699
5 0.472599 0.0717899 0.0258518 0.0398011 0.0156889
5 0.902776 0.752454 0.188368 0.106504 0.0149975
5 0.647359 0.298961 0.0308428 0.0472316 0.0145748
5 0.471531 0.0722483 0.0226055 0.0354498 0.0143926
5 0.902657 0.751597 0.183906 0.102542 0.0142033
5 0.776096 0.50071 0.0280897 0.0368322 0.014156
5 0.242499 0.406523 0.0336039 0.0455021 0.0138641
5 0.241646 0.406767 0.0306605 0.0424658 0.0135296
5 0.77377 0.544445 0.028772 0.0446682 0.0132031
5 0.909084 0.751469 0.170482 0.100005 0.0130749
5 0.9912 0.856803 0.0176 0.0722104 0.0129108
5 0.471223 0.0721901 0.0278085 0.0429751 0.0125845
5 0.647213 0.298078 0.0266607 0.040261 0.012572
5 0.772939 0.545238 0.0274851 0.0390437 0.0124997
5 0.387787 0.853497 0.0666949 0.0876975 0.0124152
5 0.243426 0.402935 0.0295339 0.0457326 0.0122416
5 0.242384 0.404427 0.0375306 0.0533557 0.0121154
5 0.244298 0.405404 0.0326482 0.0461881 0.0119396
1 0.748164 0.401081 0.503672 0.802162 0.0115388
3 0.448814 0.464213 0.474496 0.928426 0.0114228
3 0.540154 0.463655 0.597123 0.927309 0.0112651
5 0.928623 0.746551 0.139812 0.086267 0.0111918
1 0.740472 0.403209 0.519056 0.806418 0.0104643
2 0.892752 0.756678 0.2082 0.104071 0.0101043
1 0.705651 0.410514 0.587738 0.821029 0.0100251
