3 0.509204 0.498535 0.821833 0.966475 0.82262
3 0.515632 0.501098 0.797494 0.969518 0.817433
3 0.515858 0.501832 0.807367 0.969227 0.814472
3 0.514972 0.500975 0.810722 0.974658 0.813051
3 0.50574 0.499403 0.81619 0.964433 0.812721
3 0.503876 0.500239 0.809076 0.967418 0.79666
3 0.49305 0.496879 0.795057 0.962865 0.757927
3 0.492761 0.49726 0.798682 0.958599 0.73166
3 0.503822 0.498492 0.815316 0.960756 0.715828
3 0.544797 0.505812 0.756469 0.976368 0.171394
3 0.487863 0.496157 0.785678 0.957096 0.146955
5 0.113695 0.297291 0.0193008 0.0280101 0.106036
5 0.111345 0.345346 0.0200026 0.0297176 0.064395
5 0.111412 0.346537 0.0155844 0.0231311 0.0582365
5 0.113547 0.295896 0.0223557 0.0356733 0.0511611
5 0.589501 0.467014 0.0182513 0.0271534 0.049878
5 0.679742 0.859734 0.0237487 0.0308713 0.0472888
5 0.588785 0.466639 0.0209493 0.0308978 0.0458938
5 0.114524 0.295575 0.0247863 0.035517 0.0399765
5 0.680954 0.85895 0.0277614 0.0348921 0.037416
5 0.590236 0.466356 0.0221907 0.0323381 0.0351255
5 0.679886 0.858075 0.0276102 0.0384646 0.0308027
5 0.589967 0.466779 0.0246641 0.0339869 0.0285981
5 0.23436 0.0730231 0.0204511 0.0308592 0.0283202
5 0.113261 0.299203 0.0241139 0.0360577 0.0279267
5 0.679806 0.860202 0.028127 0.0393373 0.0276197
5 0.68046 0.858988 0.0311822 0.0445816 0.0267002
5 0.235462 0.0728952 0.0236262 0.0333215 0.0263761
5 0.235396 0.0728132 0.0258783 0.0381823 0.0258039
5 0.678578 0.858104 0.0345144 0.0418313 0.024227
5 0.114311 0.295092 0.0269611 0.0392685 0.0232228
5 0.679512 0.856854 0.038581 0.0463492 0.0228519
5 0.680614 0.857928 0.0315253 0.0402954 0.0225827
5 0.113534 0.269807 0.0187979 0.0233559 0.0207033
5 0.234401 0.0726657 0.0235834 0.036129 0.0184011
5 0.679263 0.858324 0.0381275 0.0481052 0.0173184
3 0.493913 0.497142 0.802804 0.957313 0.0172613
5 0.110135 0.363266 0.0176984 0.0214467 0.012712
