3 0.809954 0.499686 0.371671 0.980011 0.181117
0 0.38655 0.330402 0.164794 0.233978 0.123109
0 0.392035 0.315028 0.528987 0.612234 0.106142
0 0.421185 0.305257 0.265416 0.580938 0.0846422
0 0.277857 0.583569 0.231731 0.1093 0.0728754
3 0.269193 0.59856 0.196911 0.115143 0.0688237
5 0.387542 0.348427 0.163562 0.284142 0.0477538
0 0.430356 0.520152 0.85962 0.954676 0.0406869
0 0.347085 0.567012 0.37724 0.128581 0.0401221
5 0.502643 0.354334 0.0330142 0.0426821 0.034995
2 0.405967 0.174442 0.190249 0.31282 0.0341634
0 0.396925 0.16812 0.175681 0.236583 0.0315551
0 0.429747 0.442079 0.297144 0.365856 0.0249421
5 0.725801 0.793883 0.023156 0.0350513 0.0240124
5 0.463981 0.334906 0.342739 0.574013 0.0234299
3 0.326634 0.760575 0.613671 0.462723 0.021878
3 0.0924317 0.476193 0.169677 0.920238 0.0205009
2 0.408491 0.422523 0.0550529 0.374443 0.0166281
5 0.448725 0.223793 0.115091 0.447585 0.0163656
2 0.420799 0.403424 0.132874 0.394161 0.0157042
0 0.353551 0.492522 0.392487 0.268021 0.0148061
3 0.461922 0.593215 0.907056 0.785755 0.014636
0 0.358367 0.341332 0.104572 0.183599 0.0144682
0 0.420567 0.472571 0.167805 0.316176 0.0132423
2 0.50382 0.35514 0.0337959 0.0456572 0.0131248
0 0.37032 0.55122 0.224478 0.147189 0.0122662
0 0.386428 0.333531 0.197471 0.359249 0.0114157
0 0.401817 0.203248 0.215191 0.374897 0.0109
5 0.504994 0.353669 0.0459656 0.0574682 0.0105856
3 0.169046 0.501553 0.322571 0.996895 0.0104703
5 0.726675 0.790653 0.0309183 0.0478327 0.0103551
