1 0.897731 0.268329 0.20363 0.485072 0.127239
4 0.236262 0.301246 0.468716 0.602493 0.100981
0 0.437086 0.5 0.874172 1 0.0616867
2 0.376677 0.172106 0.0504504 0.0564685 0.0383382
0 0.21366 0.484865 0.423612 0.969729 0.0224609
1 0.913489 0.420255 0.173023 0.806677 0.0206982
4 0.661835 0.216823 0.299381 0.403259 0.0184565
1 0.899779 0.714567 0.196805 0.570867 0.0145826
4 0.144738 0.8029 0.289476 0.373746 0.0139004
5 0.181237 0.233523 0.0231756 0.0389241 0.0127136
1 0.860788 0.368969 0.242684 0.57601 0.011603
0 0.598415 0.49519 0.505608 0.931708 0.0101224
