0 0.553565 0.535021 0.676646 0.922974 0.354473
4 0.771224 0.457007 0.190865 0.234935 0.156288
5 0.562273 0.674221 0.0251471 0.0408079 0.11626
2 0.728494 0.394314 0.022992 0.0351209 0.0962036
5 0.688791 0.647259 0.0334135 0.051527 0.0564542
0 0.765168 0.431309 0.191876 0.261487 0.0561186
2 0.688124 0.648014 0.037373 0.0558927 0.0405695
2 0.752734 0.423302 0.0187311 0.0330711 0.038015
2 0.727314 0.524747 0.0276083 0.040799 0.0364672
5 0.56172 0.672868 0.0353924 0.055765 0.0359654
5 0.726707 0.39504 0.0299084 0.0406349 0.0307086
2 0.664872 0.739793 0.0341435 0.0545532 0.0286112
2 0.720308 0.594271 0.0275849 0.0378902 0.0251916
5 0.700897 0.400165 0.0285018 0.0422211 0.0246026
2 0.725682 0.442427 0.0291855 0.050394 0.017566
2 0.818832 0.577732 0.0180667 0.0309113 0.0143092
2 0.754057 0.455053 0.0179596 0.0246762 0.0121756
0 0.752126 0.468653 0.250481 0.437624 0.0120249
2 0.763353 0.483646 0.020907 0.03468 0.0115082
2 0.808129 0.518985 0.0216551 0.0337379 0.0112645
2 0.83012 0.327198 0.0207295 0.0371952 0.0112427
5 0.751627 0.423552 0.0207753 0.0329764 0.0101763
