3 0.523002 0.482146 0.544902 0.722972 0.323806
0 0.52529 0.483589 0.545224 0.717305 0.266203
5 0.348499 0.626407 0.0344485 0.0400934 0.17119
5 0.547509 0.724519 0.0237612 0.0300028 0.126337
5 0.402619 0.535466 0.0249984 0.0320561 0.118179
5 0.418716 0.346798 0.0256816 0.0364511 0.0998109
5 0.565808 0.631271 0.0261759 0.0313858 0.0298437
5 0.590697 0.428686 0.0263074 0.0328012 0.0275726
5 0.371833 0.686025 0.0335081 0.0391006 0.0251592
5 0.513687 0.283792 0.0303116 0.038467 0.0229258
5 0.586498 0.805749 0.0552456 0.0571408 0.0221904
5 0.693316 0.499268 0.0251543 0.0295163 0.0185956
5 0.477985 0.767918 0.0221951 0.0262758 0.0167476
5 0.638538 0.640975 0.0254731 0.0309799 0.0159522
5 0.548367 0.724121 0.0359838 0.0471027 0.0134729
0 0.638554 0.582619 0.232267 0.236605 0.0133017
5 0.66399 0.622952 0.0234871 0.029177 0.0132579
5 0.691825 0.439456 0.0278045 0.0331168 0.0127056
5 0.565683 0.511579 0.0304973 0.0326561 0.0120968
5 0.57666 0.56468 0.0292523 0.0305245 0.010486
5 0.44633 0.630077 0.0422512 0.050884 0.0104441
0 0.644363 0.499683 0.305597 0.470397 0.0100448
