5 0.365692 0.363224 0.0496821 0.0531332 0.309367
5 0.427438 0.450917 0.0471413 0.0665212 0.298387
5 0.524153 0.334323 0.037157 0.044328 0.297489
5 0.520495 0.691449 0.0378499 0.0464297 0.296562
0 0.472541 0.52183 0.347284 0.469953 0.290445
5 0.557088 0.657498 0.0377478 0.0508435 0.287584
5 0.561028 0.337442 0.0242836 0.0353422 0.268289
5 0.328424 0.551242 0.0285039 0.0400041 0.252662
5 0.583801 0.367316 0.0324585 0.041158 0.219457
5 0.485163 0.607155 0.0317569 0.0386469 0.187294
5 0.559239 0.896288 0.0739724 0.0364892 0.182081
5 0.422972 0.425351 0.0381286 0.0513871 0.180388
5 0.503664 0.30869 0.0249118 0.0308293 0.166968
5 0.471659 0.302603 0.0333989 0.0328537 0.136992
5 0.445886 0.502933 0.0251286 0.0308529 0.125588
5 0.561268 0.421319 0.018498 0.023391 0.115997
5 0.591317 0.461335 0.0197266 0.0228127 0.101489
5 0.5718 0.35572 0.0378836 0.0432253 0.0809143
5 0.481285 0.7267 0.0291459 0.0320852 0.0708498
5 0.479995 0.570925 0.0218613 0.0255941 0.0704938
5 0.562451 0.495856 0.0197926 0.0263443 0.0609115
5 0.507664 0.315566 0.0219354 0.0314319 0.058692
5 0.587362 0.481129 0.0185838 0.0202287 0.0583628
5 0.554974 0.335331 0.0398882 0.0439748 0.0568945
5 0.563267 0.45944 0.0232117 0.0280368 0.0552393
0 0.556382 0.535878 0.185339 0.473029 0.0521828
5 0.609172 0.398631 0.021783 0.0289047 0.0466419
5 0.330402 0.550618 0.0489651 0.0567633 0.0461736
5 0.613399 0.436185 0.0217269 0.0260825 0.0366521
5 0.40814 0.501553 0.0202795 0.0242531 0.0335257
5 0.515543 0.566353 0.0249851 0.0289254 0.0310713
5 0.58522 0.435104 0.0177243 0.0228216 0.0309501
5 0.587171 0.516635 0.0190329 0.0229719 0.0263919
5 0.790168 0.425809 0.030271 0.0380526 0.0257836
5 0.551552 0.520027 0.019467 0.0237371 0.0222188
5 0.531829 0.549111 0.0234309 0.0300661 0.0219293
5 0.520386 0.536088 0.0180959 0.0264379 0.020921
5 0.597355 0.499834 0.0154449 0.0207366 0.0200367
0 0.423214 0.440259 0.0696162 0.0999157 0.0193822
5 0.515901 0.326434 0.0354566 0.0566417 0.0185152
5 0.588652 0.642868 0.0168955 0.0225336 0.0181872
5 0.494034 0.559733 0.0158185 0.0216193 0.0159917
1 0.495268 0.451492 0.0814058 0.192362 0.0143909
5 0.55862 0.420655 0.0313446 0.0312443 0.013181
1 0.349962 0.527878 0.11158 0.447438 0.0128986
5 0.599296 0.625629 0.0165466 0.0212693 0.0126432
5 0.530518 0.481386 0.0196953 0.0242401 0.0116508
5 0.487336 0.606523 0.0492915 0.0511007 0.0115714
5 0.598783 0.545787 0.0177367 0.0214931 0.0105942
5 0.441695 0.707265 0.0213546 0.023541 0.010421
0 0.450934 0.515866 0.182846 0.296667 0.0104153
5 0.600372 0.433133 0.0174145 0.0259891 0.0103516
5 0.60877 0.483914 0.018963 0.0188544 0.0102553
