2 0.583479 0.211988 0.253019 0.332407 0.890531
2 0.477819 0.337177 0.140437 0.476985 0.30094
4 0.54301 0.331531 0.24537 0.640711 0.0516329
1 0.629839 0.341601 0.433086 0.679779 0.0489958
2 0.459595 0.418728 0.0903519 0.302924 0.0399085
5 0.546462 0.63349 0.0600319 0.060512 0.0392466
2 0.481338 0.323732 0.0844991 0.309685 0.0176781
2 0.530432 0.341242 0.278549 0.472569 0.0155966
2 0.558029 0.277353 0.196766 0.186939 0.0128963
2 0.652675 0.20512 0.176852 0.0536815 0.0119165
5 0.54247 0.628673 0.0840455 0.086817 0.0107583
