5 0.399839 0.456737 0.0473358 0.0635221 0.408807
3 0.536973 0.488455 0.351624 0.429754 0.383768
5 0.52568 0.574157 0.0306559 0.0355245 0.336158
5 0.629937 0.386929 0.0304154 0.0338282 0.328792
5 0.681819 0.465773 0.0313383 0.0325302 0.278908
5 0.693471 0.522952 0.0280922 0.0385594 0.27246
5 0.417261 0.628099 0.0417195 0.0500544 0.244851
5 0.485342 0.332193 0.0252638 0.032704 0.226206
5 0.458722 0.353717 0.0414616 0.0407665 0.221444
0 0.683432 0.489706 0.0591211 0.374637 0.190044
3 0.542402 0.503061 0.199068 0.273415 0.174384
5 0.396421 0.530578 0.0240286 0.0284538 0.158544
5 0.69399 0.523836 0.0423474 0.0543386 0.111626
5 0.476122 0.338262 0.0474534 0.0444044 0.0971845
5 0.56205 0.335651 0.0390023 0.0376323 0.0650947
0 0.404005 0.459227 0.0762121 0.329512 0.0612004
5 0.494299 0.335259 0.0440636 0.0326217 0.0498804
5 0.398507 0.528931 0.0394712 0.037594 0.0338039
5 0.656523 0.365867 0.0346289 0.0338698 0.0316621
5 0.56934 0.337681 0.0674056 0.0442024 0.0221608
5 0.592973 0.690585 0.0310709 0.0319913 0.0174514
5 0.681584 0.464499 0.0456758 0.0557763 0.0168321
5 0.470829 0.343201 0.0745743 0.063592 0.0152464
5 0.680994 0.403026 0.0456011 0.0670578 0.0102558
5 0.512957 0.336758 0.026595 0.02921 0.0101301
