5 0.523149 0.627563 0.035654 0.0390805 0.480803
5 0.57547 0.629226 0.0262627 0.0329162 0.452512
5 0.670462 0.462275 0.0383289 0.0454053 0.431432
0 0.536014 0.483493 0.319435 0.39536 0.348467
3 0.539716 0.482394 0.33741 0.400014 0.310598
5 0.434655 0.535236 0.0456113 0.0548728 0.266284
5 0.648853 0.503422 0.0229443 0.0247696 0.157771
5 0.52645 0.407457 0.0269263 0.0311314 0.128599
0 0.669323 0.458853 0.0729904 0.312599 0.0882379
5 0.498039 0.404785 0.0276702 0.0307409 0.0832115
0 0.466317 0.399483 0.166321 0.211311 0.0804562
5 0.443953 0.547558 0.068843 0.0825436 0.072778
5 0.455187 0.568997 0.0432507 0.0383419 0.0681319
5 0.662257 0.40001 0.0284815 0.0284715 0.0604459
3 0.50979 0.473818 0.239389 0.258623 0.046352
0 0.542493 0.610509 0.308168 0.151774 0.0452956
5 0.502169 0.659491 0.023671 0.0232713 0.0344269
5 0.507606 0.321292 0.0176887 0.0232721 0.0295315
5 0.516595 0.533298 0.0198005 0.02279 0.0209389
5 0.492644 0.637778 0.0222965 0.0231366 0.0196442
0 0.499328 0.463472 0.228096 0.222268 0.0190129
5 0.492424 0.458976 0.0224629 0.024457 0.0185187
5 0.481107 0.627349 0.0303953 0.0333934 0.0160311
0 0.46865 0.449221 0.140297 0.114927 0.0149044
5 0.497677 0.448109 0.0289195 0.0332584 0.0112048
5 0.500815 0.631357 0.0445448 0.039923 0.0111962
5 0.647372 0.505564 0.0342355 0.0359375 0.0100758
