5 0.444417 0.716679 0.0380143 0.041644 0.480582
5 0.724584 0.543426 0.0305252 0.0391535 0.362729
1 0.533363 0.515096 0.484999 0.596397 0.298631
5 0.642986 0.594468 0.032218 0.0401852 0.282457
5 0.33696 0.55474 0.0218169 0.0270193 0.229202
3 0.530345 0.511159 0.483068 0.58865 0.180221
5 0.584646 0.42951 0.0374378 0.0336849 0.0462015
1 0.496294 0.551198 0.243624 0.286436 0.0456464
5 0.544439 0.446174 0.0239111 0.0286651 0.0395108
3 0.493817 0.528456 0.2535 0.318838 0.032271
5 0.640624 0.596013 0.04983 0.0596516 0.0258189
0 0.720817 0.510545 0.0973085 0.477133 0.0199645
3 0.616794 0.569505 0.220909 0.33533 0.0168865
5 0.340661 0.557306 0.033255 0.0368002 0.0145274
5 0.426031 0.762498 0.0257985 0.0295115 0.0136137
5 0.336497 0.436758 0.0232384 0.0257442 0.0102435
