0 0.519223 0.525225 0.39756 0.485373 0.605902
5 0.552891 0.719544 0.0386487 0.0438 0.275769
5 0.409276 0.59019 0.0264569 0.0308326 0.16551
5 0.616589 0.387723 0.038205 0.0413628 0.0455813
3 0.566145 0.539576 0.245115 0.340186 0.0238122
5 0.638207 0.426608 0.0393726 0.0356871 0.0217819
5 0.411569 0.591357 0.044681 0.0483047 0.0186828
1 0.56229 0.544942 0.246345 0.307719 0.0172294
5 0.0187567 0.0671586 0.0369433 0.0656658 0.0147751
5 0.647576 0.47853 0.0363422 0.0464887 0.0146177
0 0.921654 0.465809 0.156693 0.931617 0.011935
0 0.568 0.554808 0.254987 0.362867 0.0118408
