4 0.476264 0.45698 0.583289 0.631819 0.487121
4 0.477434 0.517312 0.587804 0.808445 0.392873
4 0.481135 0.531305 0.589243 0.852295 0.328749
4 0.484713 0.513892 0.592847 0.859746 0.252884
4 0.479113 0.499735 0.593762 0.808726 0.24543
0 0.480698 0.514627 0.599982 0.893646 0.245385
4 0.485889 0.509283 0.592695 0.883192 0.22227
0 0.483257 0.52692 0.606242 0.82799 0.156971
0 0.476508 0.4918 0.614416 0.88265 0.14992
0 0.481933 0.526318 0.608845 0.833248 0.14268
2 0.513452 0.669973 0.176416 0.285769 0.0929318
4 0.477786 0.53123 0.603016 0.81649 0.091364
2 0.548358 0.669683 0.130037 0.276904 0.0744972
4 0.600764 0.367269 0.325399 0.394884 0.064248
5 0.557288 0.665433 0.12838 0.269216 0.0598918
2 0.557142 0.662331 0.143372 0.276794 0.0536902
4 0.523032 0.355649 0.484464 0.425605 0.0434204
4 0.474298 0.362617 0.586592 0.436467 0.0433876
2 0.519016 0.664532 0.239097 0.291886 0.0408777
4 0.591013 0.357629 0.350854 0.436659 0.0355975
4 0.570889 0.387814 0.355007 0.333993 0.034918
5 0.572818 0.6612 0.150546 0.260718 0.0338774
4 0.517425 0.356642 0.506833 0.477592 0.0311072
4 0.544983 0.393276 0.357031 0.323976 0.0282206
5 0.567283 0.661546 0.185702 0.27025 0.0243099
4 0.59444 0.384587 0.337817 0.339769 0.0226748
4 0.570337 0.423408 0.359372 0.260107 0.0220544
0 0.477813 0.400206 0.608439 0.637935 0.0219712
4 0.474638 0.352031 0.593565 0.440186 0.020766
4 0.542522 0.384831 0.361179 0.348976 0.0204897
4 0.603699 0.384893 0.324134 0.417399 0.0198468
2 0.490625 0.669684 0.229744 0.275298 0.0183601
2 0.49001 0.672936 0.235075 0.27492 0.0180622
4 0.526264 0.396944 0.353513 0.317112 0.0177661
4 0.54558 0.425523 0.350811 0.255379 0.0174458
5 0.570794 0.654219 0.236588 0.264807 0.0173637
4 0.569673 0.377215 0.353664 0.362172 0.0173535
4 0.523298 0.388619 0.354764 0.343248 0.0167232
0 0.625301 0.533431 0.296815 0.742498 0.015998
0 0.482017 0.545857 0.619919 0.805809 0.0145386
4 0.592361 0.418309 0.337159 0.271827 0.0130578
0 0.476924 0.478629 0.630462 0.873193 0.0109507
2 0.505114 0.670531 0.2405 0.278902 0.0106699
4 0.501737 0.397881 0.346887 0.31804 0.0100698
