3 0.495543 0.425448 0.514719 0.662698 0.353773
3 0.494419 0.427871 0.515593 0.666545 0.324801
3 0.495124 0.423932 0.515388 0.665667 0.312198
3 0.494898 0.424423 0.515666 0.669587 0.306309
3 0.492726 0.422953 0.522886 0.673827 0.289149
3 0.49263 0.432999 0.526742 0.698416 0.284347
3 0.49267 0.412603 0.51745 0.643799 0.278908
3 0.492842 0.448274 0.519146 0.729131 0.277708
3 0.492238 0.409974 0.519621 0.642762 0.268826
2 0.390386 0.63907 0.0428371 0.0393823 0.215578
5 0.53174 0.445735 0.0272735 0.035869 0.212733
3 0.492214 0.455799 0.519521 0.744339 0.211689
2 0.390383 0.639163 0.0431727 0.0426446 0.208334
2 0.390177 0.639271 0.0431566 0.038777 0.202435
2 0.390267 0.639418 0.0443014 0.0407521 0.189464
5 0.531687 0.446146 0.0289895 0.0353307 0.182236
5 0.53129 0.446431 0.0316044 0.038217 0.176102
2 0.391288 0.638647 0.0458721 0.0416619 0.173393
2 0.390591 0.638825 0.0441529 0.043142 0.165665
2 0.390285 0.639258 0.0439402 0.039762 0.16153
5 0.531285 0.446065 0.0324029 0.0384066 0.148881
2 0.39094 0.639207 0.0462484 0.0431041 0.139989
5 0.532477 0.446072 0.0337496 0.0393056 0.134231
3 0.477551 0.421371 0.328914 0.425009 0.125628
2 0.391008 0.637846 0.0461282 0.043828 0.119395
5 0.532701 0.44645 0.0340355 0.0402991 0.119058
3 0.490561 0.425365 0.348002 0.444137 0.111573
3 0.492359 0.43094 0.355158 0.441569 0.111283
3 0.498861 0.441871 0.369029 0.392192 0.0958934
3 0.495973 0.430978 0.358245 0.399531 0.0945679
3 0.526756 0.443849 0.336573 0.382484 0.0943073
5 0.531382 0.445769 0.031336 0.0438045 0.0941032
3 0.479575 0.43068 0.344331 0.433942 0.0895311
5 0.531003 0.446136 0.0355482 0.0454579 0.0888419
5 0.532885 0.446691 0.0365333 0.0472191 0.0784421
3 0.477323 0.395097 0.308132 0.369097 0.0724889
3 0.500954 0.451059 0.352173 0.385501 0.071447
3 0.528877 0.452224 0.327652 0.380067 0.0692615
3 0.523685 0.430979 0.335018 0.395434 0.0672891
3 0.46781 0.405383 0.282835 0.376188 0.0668689
3 0.486558 0.434316 0.374778 0.406543 0.0589664
5 0.532157 0.454612 0.0395394 0.0596522 0.0587602
5 0.530014 0.451721 0.0373277 0.0529388 0.053941
5 0.531269 0.453508 0.0355347 0.0573751 0.0538988
3 0.487514 0.401205 0.316854 0.392251 0.0478977
3 0.513871 0.432746 0.346758 0.448501 0.0459475
3 0.489465 0.443323 0.401797 0.407456 0.0438122
3 0.471223 0.388024 0.276231 0.342273 0.0429917
3 0.458399 0.417032 0.265294 0.380401 0.0427212
3 0.414361 0.46271 0.200972 0.360464 0.0378799
2 0.445708 0.568569 0.0285139 0.0442649 0.0378108
2 0.446037 0.568991 0.029213 0.0437503 0.0316895
3 0.543408 0.445101 0.344881 0.393047 0.0296773
3 0.430693 0.461215 0.21396 0.379311 0.0290574
3 0.543941 0.452703 0.342359 0.389096 0.0290205
3 0.412254 0.405749 0.184421 0.256312 0.0283037
3 0.454347 0.439094 0.257196 0.37355 0.0280113
3 0.419005 0.411694 0.179451 0.282075 0.0260155
5 0.30511 0.81981 0.0320664 0.0391215 0.0257645
2 0.446242 0.568743 0.0317019 0.0474376 0.0257371
3 0.505357 0.427742 0.343745 0.449945 0.0244758
5 0.305266 0.819434 0.0320782 0.0396263 0.0243725
3 0.487534 0.451373 0.390573 0.399152 0.0234926
5 0.531538 0.465856 0.0304984 0.0482716 0.0232328
3 0.4217 0.392588 0.183514 0.299424 0.0227266
2 0.446093 0.568905 0.0312289 0.0463098 0.0221323
3 0.437494 0.384414 0.212696 0.320474 0.0221231
3 0.481373 0.451697 0.335525 0.397348 0.0218348
3 0.431165 0.467706 0.269172 0.392166 0.0215145
5 0.304794 0.81947 0.0304548 0.0377894 0.0205787
2 0.391918 0.638024 0.0520215 0.046993 0.0203649
3 0.459788 0.465078 0.304251 0.391981 0.0190457
5 0.305285 0.819719 0.0309789 0.0372381 0.0179871
5 0.446418 0.569319 0.0320541 0.0462092 0.0172334
3 0.532225 0.463206 0.292342 0.361922 0.0170037
3 0.413325 0.39487 0.18603 0.278671 0.0155122
5 0.526356 0.4494 0.0477124 0.0494634 0.015484
5 0.305266 0.819933 0.0333324 0.0402961 0.0146305
5 0.0387982 0.495638 0.0747466 0.132176 0.0144781
2 0.446534 0.569189 0.0331228 0.0473269 0.014387
2 0.44466 0.568427 0.0407365 0.0503594 0.0139199
2 0.344526 0.634917 0.0270524 0.035307 0.013852
2 0.392125 0.638206 0.051499 0.0462669 0.0138134
2 0.445155 0.567528 0.0320292 0.0496854 0.0133696
5 0.305107 0.820277 0.0330451 0.040043 0.0132974
3 0.506637 0.468297 0.315192 0.355816 0.0130427
3 0.399807 0.458773 0.212921 0.361974 0.0128566
3 0.545647 0.457797 0.309705 0.375101 0.0126576
3 0.475189 0.372746 0.283974 0.321964 0.0126415
5 0.306368 0.819553 0.0390173 0.042993 0.0121132
5 0.525679 0.447582 0.0467271 0.0482644 0.0119105
2 0.344557 0.634364 0.0260814 0.0307242 0.0115421
3 0.543335 0.432918 0.323868 0.406389 0.0112073
3 0.480272 0.459114 0.349325 0.398553 0.0111735
3 0.454394 0.38322 0.241231 0.324202 0.0107224
2 0.44464 0.569516 0.0407937 0.0508963 0.0105178
5 0.306425 0.820157 0.0382636 0.0431157 0.0103435
