3 0.439926 0.475625 0.444106 0.464406 0.869941
3 0.441358 0.474371 0.442842 0.467532 0.867756
3 0.43993 0.473902 0.442936 0.464631 0.85828
3 0.439753 0.474689 0.443508 0.463269 0.858005
3 0.444701 0.47426 0.448676 0.468405 0.852777
3 0.44324 0.473176 0.446173 0.466391 0.852367
3 0.440757 0.474954 0.443276 0.465956 0.851281
3 0.443378 0.474256 0.449535 0.466576 0.84701
3 0.441738 0.473269 0.445225 0.464081 0.82612
3 0.439449 0.476146 0.445976 0.461545 0.365696
3 0.44583 0.472844 0.451716 0.467374 0.163329
5 0.503541 0.505228 0.0286731 0.0371278 0.117412
5 0.503297 0.505605 0.0305423 0.0374654 0.0893722
5 0.503805 0.505382 0.0264705 0.0340311 0.0850025
5 0.50408 0.505913 0.0285528 0.036659 0.066957
5 0.502932 0.505203 0.0284708 0.035771 0.0652708
5 0.50508 0.505576 0.0365639 0.0414434 0.0554243
5 0.503424 0.505367 0.0307389 0.0380438 0.0414652
5 0.505555 0.505831 0.0350514 0.040137 0.039821
5 0.505579 0.505084 0.0344646 0.041753 0.0374623
3 0.477076 0.481111 0.350056 0.354041 0.0124339
3 0.487979 0.467786 0.306796 0.282575 0.0103666
