0 0.335867 0.225236 0.296313 0.111753 0.239055
3 0.344425 0.381827 0.140314 0.192399 0.202652
0 0.336956 0.225147 0.310385 0.110505 0.19518
3 0.354231 0.372585 0.114742 0.17398 0.191674
3 0.318428 0.380956 0.191692 0.189836 0.188173
3 0.331916 0.407042 0.35411 0.440824 0.148746
5 0.211612 0.493596 0.0741091 0.245317 0.139208
3 0.314316 0.413536 0.199423 0.256142 0.137394
3 0.327918 0.405824 0.362037 0.44484 0.127348
5 0.210199 0.490978 0.0759255 0.249722 0.124227
3 0.327704 0.413594 0.356443 0.430007 0.123456
3 0.337305 0.375711 0.14975 0.180298 0.119398
3 0.329984 0.404669 0.356302 0.448783 0.118451
3 0.324588 0.433497 0.3283 0.38882 0.108251
3 0.329205 0.412379 0.352321 0.433225 0.107572
5 0.210266 0.504531 0.0822934 0.232096 0.106569
5 0.209602 0.502642 0.0844419 0.234937 0.103294
3 0.355321 0.371726 0.117504 0.173093 0.101875
3 0.330435 0.417284 0.344311 0.421483 0.0986946
3 0.331985 0.403109 0.356898 0.44947 0.0959601
3 0.354225 0.372968 0.118559 0.1774 0.0901672
3 0.320716 0.433947 0.326755 0.388926 0.088868
3 0.3123 0.405731 0.197341 0.241213 0.0700221
5 0.203161 0.438925 0.090202 0.344774 0.0700215
3 0.303808 0.435317 0.213133 0.300633 0.0700128
5 0.196131 0.501272 0.120763 0.221933 0.0697889
3 0.326143 0.422836 0.364669 0.411522 0.0655595
3 0.35579 0.372874 0.125325 0.175431 0.064755
3 0.307823 0.438553 0.199407 0.305315 0.0640961
5 0.197463 0.462595 0.105642 0.297682 0.0585393
3 0.327578 0.376717 0.177299 0.185027 0.0570556
5 0.214447 0.485985 0.0586639 0.251855 0.0549592
3 0.313939 0.394194 0.205866 0.218554 0.0529501
5 0.20982 0.484311 0.0656123 0.272167 0.0500421
3 0.353849 0.360469 0.10053 0.144128 0.0437364
5 0.211679 0.438208 0.0920024 0.327652 0.043047
3 0.313167 0.37653 0.202242 0.184184 0.0418862
0 0.335152 0.223894 0.297276 0.10605 0.0392391
0 0.336669 0.226219 0.316482 0.110774 0.038531
0 0.33724 0.230843 0.308889 0.113604 0.0363849
3 0.353842 0.375372 0.124895 0.184247 0.0339215
5 0.191219 0.4939 0.130582 0.234677 0.0272355
1 0.284369 0.518788 0.0868083 0.131269 0.0246343
3 0.353555 0.36888 0.101998 0.166255 0.0232741
1 0.371592 0.51645 0.135732 0.134849 0.023199
3 0.305097 0.444375 0.19008 0.313613 0.022302
1 0.38359 0.537418 0.188661 0.170117 0.0219807
5 0.332718 0.519631 0.0548259 0.125279 0.0219656
1 0.38481 0.53969 0.200609 0.179714 0.0218028
3 0.280751 0.442702 0.227191 0.320545 0.0213969
0 0.309796 0.421904 0.197515 0.275042 0.0204207
3 0.353706 0.371061 0.100925 0.162353 0.0200153
0 0.336639 0.222668 0.283115 0.103617 0.0200079
5 0.207417 0.477649 0.0598749 0.288904 0.0187798
3 0.354657 0.347618 0.100917 0.122819 0.0183893
0 0.332956 0.22579 0.29323 0.112353 0.0183755
3 0.277116 0.442852 0.209405 0.321329 0.018344
3 0.355333 0.353364 0.100519 0.119964 0.0179967
4 0.336001 0.229413 0.30194 0.113036 0.0179582
1 0.367084 0.517073 0.131102 0.134765 0.0176059
1 0.278477 0.518363 0.0736344 0.129693 0.0165483
5 0.186592 0.433303 0.117582 0.357912 0.0151548
1 0.347641 0.536936 0.326119 0.185733 0.0150616
0 0.338491 0.232559 0.306782 0.114337 0.0150451
5 0.206582 0.49424 0.122776 0.235077 0.0150343
1 0.376262 0.514399 0.128683 0.130438 0.0149523
1 0.369557 0.517137 0.136302 0.134951 0.0146383
1 0.369776 0.518106 0.131713 0.136206 0.0145359
1 0.283341 0.519034 0.0816954 0.131889 0.0145309
5 0.186717 0.44946 0.121805 0.322727 0.0140878
5 0.213693 0.479444 0.0517627 0.245342 0.0138847
3 0.354773 0.362559 0.100204 0.131346 0.0116874
1 0.301432 0.521435 0.0905141 0.127549 0.0116398
5 0.221435 0.4364 0.112477 0.328458 0.0115801
5 0.19695 0.50798 0.128512 0.212141 0.0113707
3 0.333585 0.368162 0.215364 0.185782 0.0112746
5 0.214322 0.514331 0.0782028 0.196193 0.011061
1 0.379314 0.535102 0.264782 0.188622 0.0107997
1 0.399558 0.539328 0.213458 0.182265 0.0106714
5 0.207151 0.481306 0.0696573 0.272416 0.0104469
