0 0.579178 0.445823 0.546378 0.70574 0.823347
0 0.580485 0.447673 0.54823 0.703843 0.814109
0 0.578546 0.445532 0.544954 0.702753 0.797378
0 0.579154 0.447846 0.551426 0.703659 0.78891
0 0.579307 0.446301 0.548531 0.70453 0.787235
0 0.578793 0.446081 0.547911 0.703628 0.776936
0 0.579772 0.447422 0.551217 0.703142 0.740105
0 0.58195 0.449817 0.551012 0.71898 0.726596
0 0.580681 0.450218 0.552487 0.718264 0.688698
0 0.579693 0.449211 0.551165 0.703636 0.667535
2 0.478612 0.350999 0.0295828 0.100372 0.0397279
2 0.479174 0.350954 0.0306816 0.10989 0.0307172
2 0.478167 0.353004 0.0294928 0.094777 0.0271729
2 0.481163 0.346146 0.0425192 0.133801 0.0247167
2 0.480954 0.344519 0.0374754 0.123197 0.0198541
2 0.480277 0.347863 0.0331541 0.125455 0.0176481
5 0.0279353 0.969185 0.0557666 0.0616307 0.013102
5 0.0290537 0.968218 0.0577143 0.0625568 0.0118995
0 0.577463 0.452103 0.548267 0.69754 0.0118512
3 0.534826 0.398461 0.323928 0.27345 0.0108632
