3 0.466874 0.411177 0.527467 0.543014 0.892018
3 0.465924 0.41294 0.525954 0.542753 0.880044
3 0.466525 0.410937 0.525553 0.544773 0.874337
3 0.466453 0.413033 0.5243 0.542122 0.871259
3 0.466698 0.409395 0.527714 0.547548 0.863479
3 0.467557 0.410433 0.523494 0.54606 0.859915
3 0.468686 0.409062 0.526415 0.547355 0.853574
3 0.466326 0.412614 0.524574 0.542055 0.820143
3 0.465844 0.412466 0.527335 0.541422 0.809068
3 0.466114 0.409706 0.523362 0.543916 0.781073
3 0.466164 0.409968 0.52234 0.549866 0.21742
0 0.505609 0.425817 0.235807 0.319077 0.0374993
5 0.41433 0.327 0.0228255 0.0324027 0.0282065
3 0.295315 0.407141 0.188902 0.403376 0.0231168
0 0.507925 0.430814 0.230262 0.314762 0.020155
3 0.304035 0.403981 0.208139 0.399022 0.0194991
5 0.414515 0.327586 0.0229564 0.0328488 0.0175175
2 0.296727 0.252923 0.0732277 0.117341 0.0167461
3 0.290146 0.407227 0.175488 0.403692 0.0158495
3 0.303967 0.401113 0.205091 0.388133 0.0152685
0 0.507258 0.459037 0.234537 0.358822 0.0143896
3 0.509924 0.45796 0.231463 0.365623 0.013583
2 0.296225 0.256322 0.0719784 0.106946 0.0125039
0 0.498071 0.410326 0.252132 0.328566 0.0122798
2 0.29555 0.261062 0.0652916 0.0939263 0.0119742
2 0.294493 0.254912 0.0727476 0.113041 0.0118091
2 0.479157 0.376062 0.0245823 0.0355817 0.0116925
2 0.476995 0.375181 0.0323846 0.0382207 0.0103151
