1 0.416928 0.551438 0.298833 0.374759 0.919555
1 0.416959 0.551712 0.299232 0.374716 0.918586
1 0.416432 0.551025 0.298475 0.375759 0.916376
1 0.417271 0.551284 0.29997 0.374857 0.913417
1 0.41588 0.553795 0.298274 0.375073 0.895667
1 0.416616 0.554033 0.298859 0.375404 0.891433
1 0.41758 0.551829 0.300522 0.375027 0.8783
1 0.416683 0.551363 0.298576 0.375045 0.868113
1 0.416194 0.553152 0.299132 0.375133 0.804751
1 0.416255 0.553158 0.299799 0.3757 0.128278
1 0.417492 0.551614 0.30097 0.373858 0.0445503
1 0.415696 0.550507 0.302987 0.37439 0.026063
