1 0.409328 0.553315 0.536143 0.571622 0.927911
1 0.408754 0.553647 0.533913 0.571206 0.921614
1 0.408338 0.553598 0.530912 0.570658 0.913131
1 0.40806 0.553504 0.534466 0.570386 0.912691
1 0.408189 0.554165 0.530187 0.570656 0.91154
1 0.407889 0.55343 0.53186 0.570999 0.906801
1 0.408745 0.553389 0.532579 0.571524 0.895935
1 0.407912 0.554418 0.532182 0.567432 0.801035
1 0.407272 0.553412 0.531475 0.570148 0.639869
1 0.408358 0.553072 0.534126 0.570423 0.543693
1 0.409938 0.553346 0.53684 0.572297 0.0540906
1 0.409163 0.553259 0.536269 0.57214 0.0419041
5 0.225887 0.730225 0.023942 0.0237154 0.0109326
