1 0.42088 0.441162 0.347756 0.390587 0.913398
1 0.420739 0.442804 0.346096 0.392598 0.913229
1 0.420641 0.441578 0.346475 0.390816 0.910403
1 0.421291 0.442648 0.347857 0.392274 0.910254
1 0.421018 0.442706 0.346346 0.390006 0.898708
1 0.421034 0.44197 0.346266 0.388301 0.896978
1 0.42136 0.441706 0.346362 0.390426 0.88536
1 0.419868 0.444127 0.349849 0.392705 0.875642
1 0.420345 0.444038 0.347574 0.392028 0.828015
1 0.421186 0.444077 0.34776 0.390599 0.475742
1 0.419703 0.441931 0.346237 0.388989 0.307064
5 0.309427 0.385582 0.0326884 0.0488922 0.016232
5 0.310267 0.385394 0.0368268 0.0545772 0.0120062
5 0.309465 0.386107 0.0277392 0.0448763 0.0110542
5 0.308073 0.384756 0.0344586 0.0504825 0.0101474
5 0.309237 0.386654 0.0283352 0.0455325 0.0100914
