0 0.477709 0.41004 0.435715 0.527704 0.793763
0 0.477777 0.411133 0.433074 0.529076 0.776919
0 0.478225 0.411082 0.435228 0.530384 0.766662
0 0.478472 0.411296 0.435237 0.527427 0.740192
0 0.478588 0.412191 0.431808 0.527158 0.738259
0 0.479138 0.411813 0.436358 0.528961 0.728929
0 0.479326 0.412048 0.43406 0.524123 0.700333
0 0.479407 0.411695 0.434069 0.530587 0.639436
0 0.479926 0.410948 0.438254 0.532046 0.588592
0 0.48018 0.411954 0.436364 0.528626 0.568201
5 0.372224 0.387826 0.035563 0.0436662 0.27849
5 0.372657 0.387606 0.0376936 0.0452489 0.265535
5 0.372291 0.38839 0.0364585 0.0453034 0.245617
5 0.372385 0.387971 0.0336812 0.0403573 0.234251
5 0.372517 0.387744 0.0352776 0.0427123 0.217549
5 0.372637 0.388055 0.0377092 0.0427629 0.214434
5 0.373918 0.387722 0.0409493 0.0489681 0.213865
5 0.373588 0.388373 0.0400993 0.0467418 0.194284
5 0.373846 0.387478 0.0403449 0.0478375 0.155423
5 0.404772 0.359709 0.0240633 0.0294665 0.105333
5 0.404846 0.359914 0.0265167 0.0320631 0.0800483
0 0.53924 0.272696 0.266861 0.258331 0.0749798
5 0.792706 0.377989 0.0356937 0.042304 0.0690104
5 0.40609 0.360646 0.0308667 0.0365745 0.0683054
5 0.405944 0.360332 0.0291306 0.0354036 0.0670656
5 0.405624 0.359974 0.0282521 0.0324556 0.0659708
5 0.372684 0.388842 0.0501778 0.0641168 0.0653946
5 0.792421 0.377749 0.0389458 0.0452661 0.0639761
5 0.368499 0.387594 0.0493439 0.0592663 0.0635692
5 0.368942 0.389357 0.048705 0.0585915 0.0585315
5 0.405414 0.361425 0.028962 0.0345773 0.0564217
5 0.792273 0.377946 0.0338372 0.0408498 0.0552705
5 0.79242 0.377653 0.0382107 0.0459709 0.0534814
0 0.543222 0.299588 0.271148 0.31341 0.0513424
0 0.549171 0.357393 0.293332 0.432872 0.0505001
5 0.457341 0.203681 0.0550782 0.0499568 0.0463183
5 0.337376 0.231892 0.0307943 0.0389077 0.0429851
0 0.545245 0.323821 0.290754 0.352595 0.0424652
5 0.455434 0.20418 0.0485794 0.0473084 0.0414256
0 0.540265 0.284693 0.288604 0.277698 0.0413547
5 0.456802 0.20416 0.0492469 0.0455397 0.040305
5 0.792586 0.378457 0.0446894 0.0554556 0.0401089
5 0.311221 0.387206 0.0216258 0.0316043 0.0398858
5 0.792162 0.378071 0.0341755 0.040604 0.0394998
5 0.313315 0.387121 0.0287715 0.0392743 0.0386308
5 0.791917 0.378323 0.0327838 0.0401266 0.0383994
5 0.337144 0.228791 0.0374222 0.0481123 0.0374179
5 0.456255 0.202878 0.0526811 0.0523159 0.03602
5 0.79366 0.378435 0.0420552 0.0484342 0.0348975
5 0.311868 0.386795 0.0266346 0.0352426 0.0344654
5 0.789649 0.377683 0.0486779 0.0507384 0.0340854
5 0.337283 0.231214 0.0327402 0.0411767 0.0339875
5 0.313251 0.387762 0.0300836 0.0376985 0.0334153
5 0.312958 0.387497 0.0274152 0.036633 0.0333027
5 0.453742 0.204312 0.0446317 0.0445413 0.0315417
5 0.789258 0.376548 0.0485296 0.0515484 0.0303616
5 0.311865 0.388323 0.0266319 0.0349077 0.0302533
5 0.337206 0.228628 0.0396134 0.0500172 0.0283038
5 0.793454 0.378365 0.0422803 0.0480577 0.0277207
5 0.369841 0.389583 0.0525443 0.0609226 0.0274849
0 0.543318 0.351958 0.279649 0.426693 0.0270808
5 0.787848 0.493119 0.0344325 0.0403701 0.0247271
5 0.793359 0.378097 0.0455216 0.0518832 0.0244344
5 0.338905 0.227303 0.0444297 0.0547806 0.0243034
1 0.539473 0.479219 0.288779 0.291877 0.0238826
0 0.537775 0.261904 0.265755 0.237222 0.0238214
5 0.372045 0.389271 0.0465605 0.0608327 0.0234933
0 0.553396 0.380369 0.2914 0.447896 0.0234203
5 0.454628 0.203745 0.0462855 0.0465718 0.0223393
5 0.786784 0.493219 0.0443087 0.0465008 0.0215359
5 0.377266 0.38601 0.061242 0.0610465 0.0214181
5 0.792865 0.378852 0.0431197 0.0544965 0.0202764
1 0.542769 0.46958 0.241898 0.285213 0.020121
5 0.788332 0.492847 0.0363679 0.0418433 0.0199541
5 0.789957 0.378051 0.0525115 0.0551093 0.0189274
0 0.354571 0.401786 0.184129 0.406246 0.0164849
1 0.531519 0.478515 0.273704 0.280516 0.0162773
5 0.37473 0.387481 0.0545053 0.0646704 0.0158739
5 0.378406 0.384616 0.0617792 0.070983 0.0158073
5 0.786253 0.493278 0.0410564 0.0429019 0.0156273
5 0.787625 0.493667 0.0285436 0.0355492 0.0155673
0 0.557212 0.393267 0.300312 0.451416 0.0152237
5 0.795703 0.378849 0.0489661 0.0587537 0.0151864
5 0.375171 0.388607 0.0506869 0.0650776 0.0145654
5 0.4545 0.201434 0.0503083 0.0542074 0.0137559
1 0.532598 0.470951 0.237062 0.277444 0.0137476
1 0.543085 0.456549 0.278093 0.340348 0.0136743
5 0.453438 0.203528 0.0465502 0.0465585 0.0136061
5 0.337036 0.227935 0.0393927 0.0511157 0.0135237
5 0.787038 0.494136 0.0310581 0.0372 0.0134186
0 0.553037 0.364226 0.298004 0.405304 0.0132907
0 0.563059 0.418005 0.296523 0.486715 0.0128738
5 0.380368 0.381602 0.0675057 0.0753587 0.0124764
5 0.456535 0.200205 0.059789 0.0605582 0.0122133
1 0.535186 0.484045 0.297369 0.344123 0.0112693
5 0.709716 0.108688 0.025546 0.0290238 0.0112395
5 0.710844 0.107698 0.0296107 0.0329864 0.0105129
5 0.788506 0.493773 0.031495 0.0374695 0.0103063
5 0.710391 0.108602 0.0270205 0.0295249 0.0102699
5 0.786073 0.493351 0.041515 0.0453015 0.0102553
5 0.71023 0.107897 0.0283897 0.0314966 0.0100643
1 0.551304 0.457057 0.254669 0.304352 0.0100016
