1 0.415329 0.551159 0.468114 0.690483 0.878381
1 0.413209 0.551138 0.46738 0.692592 0.864361
1 0.413339 0.551637 0.468715 0.688218 0.861197
1 0.415431 0.552262 0.468751 0.693178 0.85972
1 0.414292 0.552171 0.469796 0.693882 0.853174
1 0.415839 0.551286 0.470649 0.692156 0.851903
1 0.416329 0.554086 0.468332 0.703301 0.828575
1 0.415457 0.551629 0.471442 0.693397 0.826509
1 0.412312 0.550999 0.466711 0.693168 0.788105
1 0.415971 0.553145 0.476844 0.702475 0.458039
5 0.430968 0.361235 0.0254131 0.0298027 0.292746
5 0.431882 0.36112 0.0281048 0.0319029 0.233902
5 0.431956 0.360659 0.0307571 0.0350334 0.207084
5 0.430798 0.360907 0.0293025 0.0339823 0.200966
5 0.430479 0.361571 0.0308551 0.0334187 0.17047
5 0.431169 0.360998 0.0330549 0.0347559 0.164663
5 0.429146 0.361962 0.0360817 0.0392941 0.109936
5 0.428934 0.361186 0.0346037 0.0365512 0.1078
1 0.414162 0.5514 0.470696 0.691682 0.103646
5 0.271866 0.411019 0.0196035 0.0258249 0.0974946
5 0.429034 0.361762 0.0371046 0.0389531 0.0895761
5 0.272126 0.411071 0.0224162 0.0299279 0.0799287
5 0.273368 0.411457 0.0258427 0.0311855 0.0478852
5 0.273686 0.411954 0.0268019 0.0356383 0.0427546
5 0.494457 0.846005 0.0204759 0.0278754 0.0202264
5 0.347677 0.865482 0.0360793 0.0413634 0.0179618
5 0.347359 0.86643 0.0395088 0.0450018 0.0177585
5 0.347662 0.865314 0.0376977 0.0459292 0.0170827
5 0.275909 0.414404 0.0349203 0.039889 0.0159845
5 0.272902 0.414033 0.0286279 0.036864 0.0153123
5 0.348413 0.86648 0.0422642 0.0452439 0.0150478
5 0.494033 0.845055 0.0239069 0.0310645 0.0143735
1 0.45258 0.579713 0.32545 0.360317 0.0142158
1 0.450342 0.56417 0.329809 0.350905 0.0138343
5 0.43571 0.36098 0.0426988 0.0401807 0.0137233
5 0.429026 0.397464 0.0357962 0.0348235 0.0133722
5 0.348007 0.86616 0.0391486 0.0424158 0.0132928
5 0.428734 0.377619 0.0354265 0.0559945 0.012693
3 0.438788 0.557971 0.28984 0.325143 0.0126727
5 0.430316 0.373015 0.0411417 0.0647277 0.0121333
5 0.428775 0.397648 0.0299471 0.0268461 0.0120885
1 0.440653 0.570433 0.28979 0.329665 0.0109272
1 0.409046 0.731146 0.472491 0.340175 0.0106071
