3 0.609745 0.381259 0.48822 0.675942 0.732935
3 0.611554 0.381762 0.49233 0.680283 0.704493
3 0.606915 0.379103 0.485597 0.681421 0.681908
3 0.609336 0.381947 0.493625 0.676113 0.670609
3 0.609143 0.379481 0.490988 0.687763 0.632579
3 0.612844 0.381837 0.496099 0.681818 0.618452
3 0.611419 0.382274 0.499494 0.681641 0.605658
3 0.613431 0.383042 0.501324 0.694852 0.533854
3 0.610951 0.382229 0.503595 0.681307 0.49883
3 0.610282 0.384915 0.501788 0.695555 0.390887
3 0.610059 0.381297 0.495447 0.697911 0.0696878
3 0.564063 0.433538 0.267931 0.515287 0.0490495
3 0.601341 0.379408 0.47529 0.678033 0.0480659
1 0.650417 0.129851 0.321799 0.199549 0.0418126
3 0.563198 0.436607 0.265167 0.522376 0.0395816
1 0.648385 0.145785 0.340456 0.233217 0.0324197
1 0.639068 0.127668 0.349621 0.195252 0.030563
1 0.639176 0.145877 0.367214 0.232763 0.0287452
3 0.564439 0.42793 0.266929 0.501816 0.0281796
1 0.642115 0.112594 0.322372 0.158889 0.0233257
3 0.573897 0.454582 0.282367 0.553685 0.0216287
1 0.65947 0.131792 0.360165 0.202039 0.0204394
3 0.573966 0.463083 0.280159 0.571911 0.0200127
1 0.778233 0.345585 0.181378 0.595477 0.0182783
1 0.63395 0.109547 0.352348 0.153276 0.0163189
3 0.560923 0.431906 0.260548 0.473002 0.0153172
1 0.777668 0.360962 0.184092 0.574454 0.0147417
3 0.573751 0.44208 0.284309 0.518996 0.0143866
1 0.65461 0.146725 0.364127 0.234746 0.0140956
1 0.654071 0.11391 0.356321 0.162034 0.0124276
5 0.835131 0.257887 0.0377127 0.0383831 0.0121007
3 0.572834 0.452636 0.278826 0.504358 0.011024
1 0.776188 0.376994 0.186521 0.535363 0.0106111
1 0.778244 0.343583 0.178952 0.648126 0.0105496
5 0.835092 0.258698 0.0424006 0.0427567 0.0104457
1 0.792639 0.355188 0.16945 0.586982 0.0103568
5 0.83283 0.2583 0.0366347 0.0397798 0.0101585
