2 0.462853 0.591333 0.074984 0.0571471 0.752882
2 0.46222 0.591473 0.0744637 0.0579795 0.730651
2 0.462987 0.591808 0.0757452 0.0554241 0.723754
2 0.755663 0.26125 0.0330579 0.0551842 0.696499
2 0.462541 0.59186 0.0748329 0.0552268 0.676416
2 0.462743 0.591528 0.0770103 0.0560755 0.674259
2 0.462195 0.591893 0.0736662 0.0579774 0.672316
2 0.462779 0.591957 0.0751394 0.0542419 0.664744
2 0.755754 0.261137 0.0315638 0.0557783 0.651676
2 0.844039 0.347553 0.0393309 0.0544634 0.64533
2 0.843296 0.347466 0.0391279 0.0541411 0.641478
2 0.843917 0.347716 0.0402129 0.0535455 0.640659
2 0.843699 0.348095 0.0402342 0.0542052 0.619308
2 0.844013 0.346878 0.0403587 0.0553887 0.612787
2 0.84399 0.347534 0.0391597 0.0542636 0.603608
2 0.755307 0.260694 0.0342457 0.0560641 0.599484
2 0.755689 0.262232 0.0319816 0.0566723 0.597743
2 0.755877 0.261385 0.0349919 0.0561075 0.518837
2 0.756894 0.261611 0.0355777 0.0577606 0.469916
2 0.757156 0.262082 0.0351631 0.0592561 0.434066
2 0.757515 0.261753 0.0342389 0.058659 0.393729
2 0.754876 0.261078 0.0325113 0.0560795 0.33941
2 0.72873 0.383951 0.024063 0.038387 0.336456
2 0.728743 0.383731 0.0237682 0.0388103 0.330042
2 0.461698 0.590814 0.0738154 0.0587475 0.322307
2 0.84527 0.346921 0.042256 0.0566449 0.286551
2 0.462024 0.591304 0.0782883 0.0599205 0.264333
