3 0.579071 0.592481 0.502255 0.770381 0.493058
3 0.585214 0.589838 0.489299 0.766887 0.480904
3 0.586912 0.563238 0.482339 0.716627 0.427417
3 0.564168 0.540102 0.437597 0.673365 0.421508
3 0.590057 0.581055 0.487504 0.756343 0.409608
3 0.569643 0.507901 0.194457 0.247704 0.389216
3 0.569497 0.508355 0.19251 0.242773 0.382175
3 0.585351 0.574067 0.480138 0.736318 0.379036
3 0.577407 0.597507 0.506126 0.757333 0.378985
3 0.558327 0.536477 0.429405 0.662234 0.363384
3 0.582677 0.585934 0.487466 0.75041 0.353056
3 0.573015 0.505504 0.200263 0.246065 0.352386
3 0.574534 0.504888 0.203941 0.251617 0.29825
3 0.571099 0.504628 0.201791 0.245938 0.27947
