3 0.663159 0.599398 0.405881 0.60165 0.862635
3 0.663603 0.59764 0.402972 0.599426 0.859385
3 0.662017 0.599678 0.405989 0.604424 0.841122
3 0.66454 0.591557 0.404037 0.599226 0.830783
3 0.664239 0.592337 0.400219 0.594477 0.827292
3 0.662809 0.600558 0.409301 0.606139 0.802609
3 0.664015 0.601313 0.406984 0.598252 0.77895
3 0.664771 0.595264 0.406115 0.592487 0.77471
3 0.665135 0.600309 0.407864 0.597274 0.75949
3 0.664566 0.598521 0.4034 0.585954 0.411141
3 0.663319 0.597895 0.415053 0.602687 0.261693
