5 0.471319 0.663406 0.0270408 0.0336407 0.335026
5 0.536353 0.285945 0.0310289 0.0541884 0.329384
5 0.536756 0.285521 0.0315301 0.0542543 0.322917
5 0.471898 0.663424 0.0298996 0.0361395 0.321756
5 0.4716 0.663454 0.0310838 0.0386824 0.296655
5 0.536707 0.286654 0.0328594 0.057741 0.287287
5 0.55031 0.371869 0.0265088 0.0314262 0.28551
5 0.471975 0.66343 0.0293386 0.0370146 0.274646
5 0.536388 0.286043 0.0346973 0.0592498 0.27188
5 0.472221 0.664097 0.0333248 0.0401578 0.26411
5 0.457386 0.248371 0.0263939 0.0281534 0.256875
5 0.536155 0.285983 0.0311742 0.0551679 0.254953
5 0.550658 0.371807 0.0275405 0.0333193 0.254684
