2 0.419285 0.113089 0.174972 0.115172 0.699065
2 0.421014 0.114436 0.174757 0.113469 0.572841
2 0.419482 0.110962 0.173052 0.112028 0.55043
2 0.256709 0.744312 0.104539 0.154524 0.50313
2 0.233801 0.394057 0.115788 0.125701 0.487648
4 0.514002 0.488522 0.923354 0.96294 0.475537
2 0.419922 0.114965 0.177823 0.119642 0.468476
2 0.253816 0.748888 0.100365 0.121635 0.446668
2 0.421131 0.115797 0.173111 0.113524 0.43636
2 0.486867 0.256114 0.0961737 0.159035 0.432945
2 0.215395 0.585754 0.0731187 0.100062 0.42582
2 0.253486 0.757323 0.0984139 0.105899 0.423941
2 0.21554 0.585315 0.0724205 0.0990089 0.420861
2 0.698335 0.299388 0.114236 0.133642 0.412656
2 0.235699 0.397135 0.11509 0.124042 0.408477
2 0.214806 0.586303 0.072091 0.0996789 0.406759
4 0.511884 0.471915 0.929882 0.943829 0.40302
4 0.515568 0.484102 0.927915 0.968205 0.399727
2 0.484289 0.256696 0.089993 0.160274 0.38885
2 0.215281 0.585468 0.0733728 0.101167 0.386975
2 0.234861 0.398271 0.117727 0.124458 0.383202
2 0.704885 0.484201 0.156632 0.229397 0.368367
2 0.360639 0.398597 0.120586 0.203389 0.359469
2 0.32942 0.779882 0.0553723 0.0486199 0.35793
2 0.499155 0.699935 0.119702 0.185948 0.352698
2 0.488157 0.253547 0.098229 0.15644 0.350265
2 0.691149 0.485531 0.0954886 0.226547 0.346408
2 0.486045 0.252417 0.0905291 0.154293 0.334526
2 0.498561 0.698318 0.127364 0.183756 0.334034
2 0.256636 0.743729 0.105291 0.166601 0.333244
2 0.366775 0.398518 0.134811 0.202877 0.330729
2 0.215088 0.586562 0.0718026 0.099876 0.328016
2 0.363784 0.388539 0.129221 0.216177 0.327945
2 0.704911 0.483574 0.146021 0.226429 0.326032
2 0.286209 0.648517 0.0324814 0.058279 0.32471
2 0.2043 0.669693 0.0445853 0.0530244 0.321231
2 0.253283 0.745085 0.110541 0.161252 0.319783
2 0.16701 0.502357 0.0947995 0.0791445 0.319135
2 0.28575 0.647702 0.0314668 0.0572703 0.318282
2 0.329715 0.779972 0.0550443 0.0496609 0.314758
4 0.506378 0.495286 0.921775 0.96623 0.313433
2 0.234111 0.396436 0.117326 0.13104 0.313046
4 0.503471 0.488955 0.922999 0.960685 0.308131
2 0.206511 0.669953 0.0415548 0.0495149 0.307003
2 0.285959 0.647934 0.0318351 0.0555609 0.305644
2 0.215727 0.584149 0.0727782 0.0988057 0.305308
2 0.367207 0.39411 0.13569 0.21075 0.304592
2 0.204578 0.670452 0.0447636 0.0533118 0.302908
2 0.330393 0.779985 0.05626 0.048289 0.3024
2 0.286128 0.647916 0.0341209 0.0572227 0.301165
2 0.690423 0.483403 0.0985075 0.223707 0.295862
2 0.700405 0.299325 0.112312 0.133526 0.291598
2 0.167362 0.503182 0.0927813 0.0821003 0.291379
2 0.166874 0.502686 0.0953607 0.0799149 0.285317
2 0.252908 0.755144 0.107146 0.119974 0.284393
2 0.286376 0.648127 0.0335297 0.0583085 0.282715
2 0.286113 0.648714 0.0333624 0.0591633 0.28263
2 0.748674 0.655465 0.172202 0.206454 0.278851
4 0.506665 0.468112 0.937002 0.934309 0.274583
2 0.167783 0.502431 0.0958555 0.0770676 0.272747
4 0.501451 0.483001 0.929036 0.966003 0.270704
2 0.496524 0.692663 0.119246 0.172043 0.268634
2 0.168704 0.504523 0.0945948 0.0841309 0.267022
2 0.32998 0.779606 0.0546354 0.0508768 0.266911
2 0.354121 0.222795 0.138874 0.0833176 0.264544
2 0.206746 0.670011 0.0413818 0.0500518 0.264239
2 0.215206 0.585485 0.0725606 0.100568 0.263691
2 0.495318 0.48024 0.184201 0.211548 0.261428
2 0.698264 0.482994 0.18283 0.226694 0.258168
2 0.329947 0.779993 0.0576508 0.0473949 0.254519
2 0.695871 0.296566 0.120987 0.145159 0.254193
2 0.49522 0.698004 0.127715 0.187999 0.253707
2 0.518482 0.763593 0.0765008 0.0647131 0.253571
2 0.695399 0.296992 0.120447 0.144747 0.253479
2 0.35538 0.223356 0.134457 0.0801787 0.251894
2 0.330433 0.779861 0.0574664 0.0471228 0.250469
