5 0.40861 0.606404 0.0500549 0.066289 0.529364
5 0.40694 0.605401 0.0539173 0.0686776 0.526999
5 0.408214 0.606331 0.0515163 0.0660201 0.503751
5 0.436665 0.486857 0.0400469 0.0558955 0.497475
5 0.407908 0.606123 0.0518742 0.0679151 0.495734
5 0.407765 0.605869 0.0521649 0.0662936 0.487913
5 0.407882 0.606741 0.0523053 0.0680604 0.480061
5 0.436516 0.487849 0.0387285 0.0530097 0.440342
5 0.407894 0.606081 0.0474397 0.0657217 0.438094
5 0.43618 0.48779 0.03996 0.0530352 0.424477
5 0.435602 0.487601 0.0387361 0.0547509 0.413021
5 0.436161 0.487166 0.0392999 0.0539586 0.400682
5 0.407974 0.60587 0.0542563 0.0685244 0.391912
5 0.436639 0.487201 0.0427557 0.0550772 0.387364
5 0.407307 0.605455 0.0559783 0.0691081 0.374088
2 0.35427 0.537784 0.0468693 0.0587771 0.370897
5 0.375665 0.373409 0.021349 0.0244789 0.368896
5 0.436264 0.487468 0.0404841 0.0533275 0.361821
2 0.354291 0.53807 0.0437397 0.0589691 0.338889
5 0.407532 0.606429 0.056428 0.069828 0.327562
2 0.353116 0.537057 0.048375 0.0602138 0.324157
5 0.355356 0.5375 0.047015 0.0607061 0.305261
5 0.65179 0.512007 0.0237466 0.0271247 0.300182
5 0.43795 0.487757 0.0433604 0.0576022 0.299994
2 0.354648 0.537087 0.047567 0.0604282 0.287848
5 0.361828 0.45676 0.0302431 0.0351431 0.282583
5 0.35513 0.536805 0.0526689 0.0625687 0.278245
5 0.355045 0.537757 0.0489077 0.0611624 0.276517
5 0.408302 0.605801 0.0563732 0.0721253 0.275022
5 0.652125 0.512338 0.024281 0.0272509 0.264414
5 0.438074 0.487655 0.0428272 0.0572239 0.263268
5 0.436636 0.486682 0.0484661 0.0651721 0.261161
5 0.361586 0.455938 0.0282847 0.0315781 0.255041
