3 0.545378 0.44994 0.311871 0.400914 0.718262
3 0.546172 0.446582 0.316907 0.409926 0.682904
3 0.545378 0.452422 0.314756 0.395449 0.647445
3 0.547175 0.452979 0.318853 0.395734 0.639544
3 0.545255 0.450452 0.314047 0.39981 0.637156
3 0.544736 0.45087 0.311172 0.400251 0.635329
3 0.546859 0.454014 0.317762 0.390969 0.621183
3 0.544842 0.451369 0.314966 0.398488 0.592303
3 0.548662 0.44567 0.315569 0.406351 0.386762
5 0.546267 0.350081 0.0558711 0.0482594 0.349847
5 0.546655 0.349568 0.0547523 0.0474101 0.340761
5 0.546193 0.351076 0.056036 0.0464375 0.338688
3 0.54496 0.446169 0.313209 0.408576 0.337384
5 0.546244 0.349635 0.0583199 0.0493983 0.333339
5 0.547292 0.350766 0.0532555 0.0466932 0.328228
5 0.546248 0.351191 0.0567304 0.0477358 0.292861
