0 0.486507 0.493856 0.50616 0.598519 0.584573
2 0.253675 0.454902 0.0308319 0.0497482 0.194108
2 0.316089 0.349125 0.134812 0.177625 0.110727
5 0.447074 0.600216 0.0775297 0.0650287 0.0557722
2 0.570861 0.596544 0.0316713 0.0500646 0.0501855
0 0.490481 0.597479 0.378059 0.370941 0.0370971
2 0.416262 0.281996 0.0523879 0.0640303 0.0157556
5 0.255295 0.456095 0.0376709 0.0560799 0.0119508
5 0.570135 0.596463 0.0332254 0.0503428 0.0106728
5 0.685341 0.469925 0.0266992 0.0355867 0.0105976
0 0.310933 0.500884 0.1528 0.562604 0.0104183
