0 0.561491 0.518162 0.873566 0.936806 0.703014
5 0.205957 0.958714 0.0750556 0.082572 0.0410041
2 0.589364 0.331351 0.0288249 0.134009 0.0325094
2 0.586069 0.355043 0.0259162 0.0923218 0.0165399
2 0.0433118 0.808715 0.0817693 0.0995839 0.0153829
2 0.461126 0.31336 0.034133 0.0923503 0.0145072
2 0.0292762 0.971563 0.0585523 0.0568735 0.0125768
2 0.591184 0.651791 0.0399917 0.259932 0.0125735
0 0.124626 0.392462 0.245522 0.781588 0.0122654
2 0.45047 0.523484 0.0416159 0.11362 0.0108579
5 0.0361096 0.977914 0.0433616 0.0441714 0.0107275
5 0.0292244 0.968134 0.0567177 0.0637311 0.0100478
