2 0.956155 0.0612829 0.0876891 0.122566 0.344947
2 0.81212 0.135763 0.0937079 0.271526 0.196061
0 0.32928 0.69847 0.270183 0.468944 0.164801
2 0.0733321 0.483852 0.0512279 0.177668 0.0451149
0 0.241338 0.711712 0.473459 0.503328 0.0437063
2 0.0514639 0.49117 0.100451 0.193655 0.0370984
2 0.840507 0.133428 0.0465659 0.266856 0.0340729
2 0.0723595 0.508273 0.0829551 0.239398 0.0269931
2 0.743254 0.220539 0.0847965 0.30152 0.0220009
2 0.768747 0.235571 0.0313249 0.215525 0.0139979
2 0.636725 0.419259 0.246057 0.7051 0.0119182
2 0.0872516 0.499654 0.0459463 0.191939 0.0115817
5 0.292255 0.613652 0.0326841 0.095061 0.011075
