0 0.465845 0.815269 0.874907 0.369463 0.128864
0 0.541516 0.266684 0.916968 0.533367 0.126485
2 0.134522 0.891987 0.26075 0.216026 0.0529661
2 0.23322 0.890694 0.46644 0.218612 0.0441681
5 0.259276 0.883324 0.513786 0.233351 0.0411172
2 0.10121 0.495282 0.20242 0.49469 0.0225304
5 0.762238 0.406779 0.159911 0.105462 0.0200991
2 0.15641 0.91484 0.178221 0.169857 0.0168916
3 0.462733 0.833949 0.526788 0.332103 0.0147788
0 0.364077 0.294115 0.384166 0.315217 0.0136822
0 0.451893 0.837499 0.50348 0.325002 0.0103104
