5 0.546229 0.569399 0.040293 0.0852927 0.162961
5 0.473334 0.459337 0.0280101 0.0610033 0.144236
5 0.502295 0.518472 0.0284804 0.0462127 0.116414
5 0.467022 0.51115 0.0215961 0.0390455 0.0952196
0 0.739273 0.523295 0.520641 0.95341 0.0895872
0 0.131517 0.504206 0.263033 0.991587 0.0895409
5 0.44923 0.489413 0.0206883 0.0346006 0.0821093
5 0.509489 0.575247 0.0351703 0.0664704 0.0730219
0 0.053935 0.50356 0.107408 0.992879 0.0410979
5 0.373357 0.500329 0.033206 0.04803 0.0388951
5 0.535783 0.493637 0.0317973 0.0627683 0.0351007
5 0.543326 0.668789 0.0627762 0.111294 0.0332487
5 0.377277 0.358832 0.0211027 0.0382662 0.0277093
0 0.040644 0.414456 0.0812879 0.828912 0.0231962
5 0.482385 0.365089 0.0479579 0.0724786 0.0230309
5 0.493149 0.430879 0.0234371 0.0443021 0.0160481
5 0.508153 0.510084 0.0333471 0.056911 0.0125948
0 0.0781731 0.479459 0.154152 0.958918 0.0112254
5 0.434716 0.522833 0.0259187 0.0395478 0.0111318
2 0.816115 0.64954 0.0435344 0.213109 0.0108272
