0 0.312109 0.925611 0.481275 0.148778 0.18159
2 0.834676 0.195309 0.330648 0.247928 0.138068
2 0.324963 0.969548 0.0523783 0.0579956 0.12705
0 0.790364 0.300459 0.419272 0.578878 0.0640388
3 0.271343 0.924996 0.365423 0.150007 0.0501941
3 0.215705 0.933112 0.194981 0.133776 0.048924
2 0.737842 0.89865 0.0921021 0.0398381 0.0291501
2 0.988671 0.0689639 0.0226581 0.13535 0.0238189
2 0.308921 0.232632 0.444586 0.251449 0.021231
5 0.318796 0.966501 0.0604101 0.0669975 0.0207536
5 0.964203 0.172693 0.0715944 0.0796514 0.0185516
5 0.14804 0.421576 0.0975903 0.0465299 0.0182055
2 0.245929 0.616382 0.114135 0.130848 0.0169943
2 0.410014 0.928611 0.142987 0.103768 0.0150413
2 0.717696 0.901691 0.0479701 0.0306505 0.0149294
2 0.276667 0.528086 0.113188 0.098792 0.0147135
1 0.86068 0.0625579 0.278639 0.125116 0.0142168
2 0.738913 0.834589 0.113111 0.0456008 0.0131189
3 0.213951 0.95773 0.254639 0.082326 0.0112895
0 0.420418 0.933274 0.190581 0.132919 0.0109847
2 0.733877 0.636316 0.0809033 0.0844877 0.01079
0 0.738041 0.533268 0.523918 0.92361 0.0102786
