0 0.527912 0.668018 0.942794 0.663964 0.400238
2 0.744272 0.435368 0.0356346 0.0887055 0.343185
4 0.54621 0.729062 0.907579 0.541875 0.311292
2 0.663612 0.377556 0.0508019 0.194964 0.293727
2 0.747339 0.449912 0.0276254 0.0613035 0.0717293
2 0.745866 0.330034 0.124102 0.134492 0.0707607
0 0.716605 0.785506 0.56679 0.428987 0.0707205
2 0.201189 0.844711 0.183994 0.310579 0.0693231
2 0.691346 0.757853 0.171228 0.344431 0.0539884
2 0.214424 0.438139 0.0226697 0.0869689 0.045719
2 0.894159 0.910153 0.0473934 0.175147 0.0379896
2 0.807953 0.783516 0.157264 0.3286 0.036418
2 0.858852 0.874741 0.0450025 0.223817 0.0351861
2 0.0438491 0.619411 0.0876981 0.249621 0.0258713
2 0.734218 0.498509 0.0264541 0.0447208 0.024558
2 0.891905 0.902151 0.081555 0.195699 0.0243058
2 0.677617 0.801703 0.551817 0.396593 0.0222511
2 0.062901 0.40642 0.123726 0.460257 0.0218601
2 0.767 0.861459 0.221932 0.277083 0.021422
2 0.209532 0.437037 0.0356513 0.102176 0.0201145
2 0.515696 0.685204 0.0742966 0.135282 0.0195302
2 0.76255 0.697499 0.129198 0.133286 0.018917
2 0.0824843 0.847367 0.164969 0.305265 0.0181355
0 0.211913 0.755652 0.423826 0.488696 0.0174701
2 0.17528 0.496261 0.0463916 0.0784813 0.0170702
2 0.854018 0.85017 0.0330223 0.164403 0.0162719
2 0.202532 0.327236 0.132257 0.115622 0.0152532
2 0.710569 0.750189 0.0637149 0.267089 0.0131207
2 0.83886 0.792603 0.0852695 0.294455 0.0125989
2 0.806425 0.846335 0.060885 0.164231 0.012405
2 0.603816 0.434612 0.065347 0.112177 0.010688
2 0.420158 0.732321 0.208004 0.368925 0.0104726
