2 0.128151 0.735809 0.119413 0.198835 0.62291
2 0.380022 0.923708 0.0521127 0.152585 0.47738
2 0.930198 0.915501 0.131497 0.168998 0.471022
2 0.253091 0.917998 0.130825 0.164005 0.451615
2 0.20493 0.919683 0.0661327 0.160633 0.35837
2 0.052301 0.912989 0.104602 0.174021 0.254208
2 0.95496 0.662211 0.0900801 0.193682 0.205738
2 0.319181 0.785113 0.0379422 0.108625 0.198916
2 0.103374 0.912451 0.0880882 0.175097 0.191074
2 0.470693 0.922228 0.0435851 0.155543 0.182132
2 0.831174 0.921306 0.0771089 0.157388 0.179375
2 0.281187 0.921767 0.0790743 0.156466 0.173354
2 0.17649 0.91729 0.134451 0.165421 0.155277
2 0.739013 0.921012 0.0764116 0.157976 0.146266
2 0.623934 0.921313 0.120089 0.157374 0.127632
2 0.658393 0.64149 0.119532 0.231653 0.110188
2 0.38962 0.920484 0.0867773 0.159032 0.102139
2 0.155613 0.924219 0.0636108 0.151562 0.0876284
2 0.0919195 0.784683 0.183706 0.430634 0.0763291
2 0.151137 0.946842 0.048753 0.106315 0.0702056
2 0.440768 0.915222 0.140828 0.169555 0.0563393
2 0.649649 0.922701 0.0558613 0.154598 0.0445299
2 0.55944 0.926479 0.0418057 0.147043 0.040155
2 0.492766 0.918219 0.130023 0.163562 0.0399026
2 0.359498 0.919842 0.116452 0.160317 0.0388024
2 0.0691594 0.714588 0.138319 0.252233 0.0381366
2 0.404439 0.763552 0.0713084 0.182986 0.0379535
2 0.91993 0.738631 0.160141 0.231283 0.035548
2 0.309927 0.921271 0.142513 0.157459 0.0348073
2 0.40078 0.761575 0.0425634 0.162484 0.034621
4 0.327619 0.73179 0.655239 0.53642 0.0296075
2 0.71358 0.788041 0.0546341 0.110076 0.0253242
2 0.0152373 0.552536 0.0304746 0.0828293 0.0230421
2 0.888574 0.918967 0.136394 0.162067 0.0229255
2 0.711775 0.920159 0.120356 0.159681 0.0228587
2 0.560966 0.90689 0.0740781 0.186221 0.0210293
2 0.796411 0.919612 0.152612 0.160776 0.0181074
4 0.304155 0.923167 0.60831 0.153665 0.0180069
2 0.935565 0.761975 0.122862 0.161029 0.017674
2 0.533379 0.881151 0.131925 0.237697 0.0168024
2 0.134068 0.791692 0.120042 0.181539 0.0165756
2 0.0260174 0.91622 0.0520348 0.147548 0.0153944
2 0.139961 0.830009 0.157215 0.290683 0.0122209
2 0.8922 0.773371 0.0986023 0.145969 0.011802
2 0.946696 0.731293 0.10226 0.292184 0.0114021
2 0.208218 0.917188 0.416436 0.165623 0.0111052
0 0.799707 0.768065 0.395404 0.463871 0.0101128
