2 0.60431 0.493297 0.0544587 0.0789938 0.502802
2 0.520296 0.440988 0.0548198 0.199804 0.267929
2 0.603668 0.426952 0.0381256 0.0665289 0.208289
2 0.545804 0.443634 0.0241167 0.139255 0.204515
2 0.576546 0.376073 0.0267557 0.0462184 0.121946
2 0.779465 0.514271 0.0244799 0.0511601 0.0782721
5 0.63008 0.162843 0.0255601 0.0469923 0.0782273
2 0.549074 0.55535 0.027933 0.104775 0.072908
1 0.700227 0.0975649 0.506216 0.19513 0.0492084
5 0.986116 0.817137 0.0254248 0.0572622 0.0452688
2 0.0606374 0.574278 0.110486 0.282199 0.0367412
2 0.775297 0.27773 0.0277153 0.0554656 0.0334705
0 0.732877 0.0976845 0.534246 0.195369 0.0320492
2 0.534482 0.437847 0.0429005 0.175945 0.0317922
2 0.0574195 0.54082 0.0716971 0.224689 0.0300293
2 0.549401 0.454543 0.0356979 0.174845 0.0266833
2 0.547569 0.405771 0.0200786 0.0621861 0.0246467
2 0.548339 0.506797 0.0186873 0.0366064 0.0170344
2 0.547824 0.494323 0.0200591 0.0535575 0.0136927
2 0.731255 0.518547 0.0259739 0.0371068 0.0131108
2 0.781751 0.514576 0.0355084 0.0654968 0.0122266
