2 0.0867233 0.0627756 0.173447 0.125551 0.0808757
2 0.0371905 0.0581377 0.0743811 0.116275 0.0541377
2 0.0974453 0.763119 0.0327925 0.0287251 0.0320722
4 0.683573 0.80474 0.632855 0.386937 0.0279335
0 0.111358 0.787129 0.222715 0.216955 0.0256136
0 0.68175 0.788136 0.6365 0.423727 0.0233151
0 0.349304 0.127071 0.698608 0.254141 0.023234
2 0.316223 0.839305 0.12032 0.150802 0.0185842
5 0.139716 0.0599845 0.279433 0.119969 0.0172137
2 0.0166921 0.0552967 0.0333842 0.110364 0.0156105
5 0.918442 0.930215 0.15254 0.137076 0.0148437
0 0.114792 0.0591286 0.229584 0.117339 0.0137937
