2 0.354025 0.313044 0.0385988 0.124599 0.152221
2 0.413089 0.330669 0.0490702 0.0968161 0.122239
2 0.476216 0.244512 0.0635866 0.222726 0.110757
2 0.412491 0.310809 0.0650358 0.149302 0.0926237
2 0.351257 0.679586 0.0734818 0.256971 0.0867598
2 0.673486 0.373711 0.0706651 0.0737403 0.0712469
2 0.517747 0.725295 0.179882 0.280739 0.0701958
2 0.536233 0.725891 0.108509 0.250592 0.0656052
2 0.530147 0.265118 0.0262174 0.0770375 0.0644898
2 0.42532 0.613783 0.0318253 0.0679927 0.0533823
2 0.3493 0.457908 0.0210622 0.0513538 0.0516424
2 0.437646 0.282347 0.125051 0.211853 0.048917
2 0.550274 0.697546 0.0645091 0.172481 0.0427147
2 0.4599 0.428506 0.05265 0.0920252 0.0397968
2 0.589096 0.370866 0.0817339 0.28195 0.0314605
2 0.355399 0.281923 0.0432546 0.203036 0.0278151
2 0.671534 0.168791 0.114461 0.3227 0.0275938
2 0.813713 0.706476 0.103487 0.19571 0.0252378
4 0.0513787 0.477843 0.102757 0.955685 0.0230663
2 0.495318 0.238521 0.0947766 0.259551 0.0205561
2 0.454627 0.709182 0.026629 0.0831194 0.018995
2 0.351734 0.462036 0.0302773 0.0700162 0.0176156
2 0.522606 0.738176 0.0367688 0.176649 0.0175894
2 0.408806 0.269448 0.067569 0.167709 0.0172952
2 0.377663 0.676164 0.13489 0.279983 0.016489
2 0.266998 0.568504 0.0772007 0.124767 0.0151504
2 0.350412 0.513068 0.0266896 0.0457776 0.0147965
2 0.559845 0.701536 0.0394522 0.144105 0.014696
2 0.560568 0.241888 0.0254982 0.0723699 0.0146212
2 0.252107 0.68382 0.0326044 0.0775518 0.0122485
2 0.56974 0.327997 0.0454969 0.241116 0.0122156
2 0.503592 0.86526 0.0764025 0.0897428 0.0120625
2 0.341829 0.638184 0.050832 0.155321 0.0116801
2 0.462532 0.29371 0.0608165 0.135145 0.0104159
