0 0.0545213 0.164725 0.109043 0.329451 0.141527
2 0.531136 0.392068 0.0527181 0.0778164 0.0805996
5 0.564613 0.275374 0.0786711 0.107579 0.061823
5 0.530145 0.3923 0.0511902 0.0760763 0.0570864
0 0.816815 0.455793 0.363609 0.632716 0.0420501
2 0.0605773 0.243075 0.101448 0.126743 0.028821
2 0.0141711 0.0927609 0.0283422 0.13194 0.0286106
2 0.0155097 0.114251 0.0283091 0.0760151 0.0261942
2 0.312825 0.757003 0.117133 0.257399 0.0191543
2 0.329757 0.866773 0.0312543 0.0832714 0.018569
2 0.606879 0.351918 0.0569217 0.067616 0.0181643
2 0.771262 0.247049 0.020348 0.0370847 0.0148036
2 0.259334 0.320145 0.0693197 0.121619 0.0146581
0 0.203509 0.575947 0.407018 0.744277 0.0133032
2 0.784851 0.178526 0.0241249 0.0338483 0.0126678
