2 0.123681 0.221412 0.153598 0.146478 0.0513046
2 0.272477 0.483031 0.123376 0.112557 0.0386449
0 0.197727 0.668195 0.395454 0.230902 0.0356314
0 0.5 0.662654 1 0.657449 0.0294697
2 0.655424 0.140966 0.241127 0.153511 0.0262648
0 0.702476 0.38094 0.530524 0.104946 0.0231344
3 0.287251 0.0603086 0.574502 0.120617 0.0185787
4 0.644293 0.149925 0.279676 0.174199 0.013955
5 0.27096 0.486637 0.125953 0.11647 0.0121852
0 0.219686 0.442028 0.439373 0.23947 0.0120917
0 0.643338 0.136258 0.287135 0.196343 0.0115083
