1 0.461431 0.449206 0.545628 0.520751 0.722313
1 0.461934 0.454549 0.550688 0.536148 0.717518
1 0.458474 0.444358 0.539249 0.507625 0.689399
1 0.463416 0.448998 0.549834 0.512003 0.685417
1 0.459529 0.456172 0.551157 0.530017 0.67884
1 0.462273 0.451893 0.553225 0.519485 0.671757
1 0.466159 0.453321 0.551641 0.553187 0.64557
1 0.459188 0.45872 0.552967 0.535118 0.629987
1 0.466897 0.461547 0.548144 0.543028 0.629726
1 0.466691 0.462455 0.549816 0.54341 0.573251
5 0.386824 0.655564 0.0304353 0.0314385 0.170222
5 0.38558 0.656547 0.0251127 0.0298193 0.164422
5 0.65511 0.540129 0.0213301 0.024818 0.122473
5 0.388825 0.654621 0.0398615 0.0364144 0.116482
5 0.590734 0.580672 0.0278359 0.0312149 0.110354
5 0.591679 0.579779 0.0307887 0.035459 0.10703
5 0.590924 0.581997 0.031549 0.0374239 0.105341
5 0.655802 0.539434 0.0235227 0.0248528 0.10489
5 0.591278 0.582048 0.0320904 0.0374322 0.103259
3 0.597459 0.542808 0.168629 0.155076 0.0993969
5 0.393505 0.653061 0.049031 0.0399657 0.0991057
5 0.38486 0.654975 0.0299368 0.0344842 0.0985509
5 0.392937 0.653172 0.05438 0.0405747 0.0891534
3 0.595575 0.548552 0.171787 0.148008 0.0881979
5 0.65641 0.539419 0.0261935 0.028301 0.0786457
0 0.597635 0.537899 0.16936 0.165888 0.0718192
5 0.655866 0.539388 0.0273618 0.0282757 0.0643
5 0.394479 0.654474 0.0503861 0.0388427 0.0630621
3 0.596648 0.54451 0.178033 0.166407 0.0597094
5 0.58944 0.581486 0.0394833 0.0452778 0.046788
5 0.392435 0.653498 0.0538356 0.0422508 0.0458546
3 0.58983 0.498639 0.152404 0.248265 0.0456357
3 0.599769 0.493222 0.171522 0.264171 0.0450473
5 0.39044 0.371091 0.0324428 0.0265007 0.0439208
3 0.598615 0.525486 0.17447 0.202366 0.0419236
3 0.597474 0.549431 0.190643 0.161665 0.0369095
5 0.394091 0.651926 0.0554041 0.042255 0.0367273
5 0.391806 0.371304 0.0381238 0.0307961 0.0352285
3 0.592497 0.531935 0.15927 0.190646 0.0286095
5 0.590467 0.582322 0.0418893 0.0479003 0.0264877
1 0.636983 0.508741 0.215427 0.458508 0.0253583
1 0.698252 0.490932 0.0937036 0.402585 0.0246754
5 0.3914 0.370782 0.0389618 0.0311085 0.0245316
5 0.390716 0.370817 0.0388763 0.030442 0.0233013
1 0.635602 0.499551 0.217926 0.472518 0.023017
1 0.700129 0.496378 0.0965312 0.405045 0.0229176
2 0.587289 0.268347 0.256996 0.16559 0.0227037
5 0.588687 0.281271 0.264419 0.188575 0.0209946
5 0.589259 0.581197 0.0453207 0.0478215 0.0194834
3 0.587192 0.469975 0.152383 0.331555 0.0192219
3 0.602504 0.551947 0.208083 0.181304 0.0185144
5 0.654402 0.541902 0.0349433 0.0417221 0.0183179
1 0.48616 0.654764 0.502371 0.178609 0.0181864
3 0.603801 0.508872 0.187365 0.230647 0.0165946
5 0.591208 0.287324 0.284895 0.218303 0.0164813
5 0.534569 0.46989 0.0203723 0.0234969 0.0161215
2 0.567538 0.267914 0.214159 0.149381 0.0150934
5 0.392825 0.370309 0.0436927 0.0384096 0.0145285
0 0.597796 0.567803 0.1825 0.211864 0.0142653
5 0.390802 0.370032 0.0416923 0.0357613 0.014236
1 0.632509 0.483119 0.229363 0.513293 0.014156
1 0.598078 0.505634 0.288736 0.466711 0.0139638
5 0.65287 0.541287 0.0346939 0.0361478 0.0136796
1 0.697484 0.503537 0.0934221 0.395763 0.0134954
5 0.656409 0.541009 0.037913 0.0446677 0.0131742
5 0.581666 0.328502 0.285233 0.283721 0.0123116
5 0.398189 0.65167 0.0666833 0.0452879 0.0120983
5 0.594847 0.265797 0.292927 0.234537 0.0117606
2 0.57006 0.281522 0.267513 0.188499 0.0116068
1 0.422523 0.26039 0.375279 0.136044 0.0106757
1 0.607092 0.514558 0.272105 0.449799 0.0106579
5 0.589618 0.579799 0.0505246 0.0539499 0.0102419
1 0.521259 0.657535 0.440535 0.171743 0.0101264
