1 0.537311 0.47667 0.598777 0.743093 0.754467
1 0.537277 0.474712 0.598716 0.738109 0.734734
1 0.541711 0.47333 0.592147 0.741881 0.719864
1 0.535264 0.478177 0.604681 0.744206 0.695618
1 0.529112 0.474177 0.622559 0.741419 0.683329
1 0.531836 0.475636 0.613831 0.738171 0.682577
1 0.537864 0.475216 0.597535 0.739406 0.664061
1 0.515218 0.477985 0.644248 0.742769 0.648305
1 0.325484 0.628056 0.223577 0.463675 0.42485
1 0.327783 0.624255 0.21618 0.466999 0.419989
1 0.327271 0.625829 0.220639 0.463207 0.411715
5 0.803128 0.473642 0.0377755 0.0662643 0.39114
5 0.80398 0.473465 0.0394584 0.066761 0.382911
5 0.803965 0.473446 0.037801 0.0659126 0.376405
1 0.325975 0.626917 0.219406 0.462708 0.371873
1 0.321132 0.626487 0.22757 0.456655 0.358741
1 0.326838 0.625333 0.216943 0.466677 0.353387
5 0.803624 0.474263 0.0388946 0.065031 0.348961
1 0.327368 0.625332 0.219649 0.463716 0.347312
1 0.326948 0.626306 0.219391 0.456074 0.339019
1 0.325676 0.627767 0.221283 0.461299 0.324224
5 0.802444 0.474456 0.0400282 0.0680821 0.309152
5 0.802974 0.473964 0.0393807 0.0671551 0.274767
1 0.318975 0.632193 0.235082 0.475349 0.256516
5 0.801409 0.474208 0.0430977 0.0700982 0.151644
5 0.801579 0.473639 0.0425976 0.0701362 0.146755
5 0.805084 0.474456 0.0460243 0.0728944 0.142634
5 0.799789 0.472546 0.0500798 0.0711846 0.127832
1 0.549531 0.473915 0.577033 0.742117 0.126791
5 0.807097 0.475866 0.0460141 0.0717908 0.092803
5 0.798862 0.473733 0.0505429 0.0777946 0.0841049
1 0.476096 0.476917 0.728921 0.748898 0.0840576
5 0.806221 0.47671 0.047711 0.0746486 0.0752037
5 0.804084 0.475092 0.0494343 0.0795635 0.059653
1 0.293094 0.619653 0.152516 0.198368 0.0527392
1 0.294114 0.621037 0.151579 0.19833 0.0525438
5 0.799129 0.473118 0.0535091 0.073515 0.0492175
5 0.80264 0.47636 0.0548626 0.0773089 0.0353485
1 0.294987 0.618664 0.157127 0.203242 0.0321463
1 0.295984 0.619536 0.157222 0.208128 0.0298744
1 0.529022 0.4782 0.612706 0.74471 0.0260197
5 0.7972 0.474052 0.0520728 0.0837073 0.0229104
1 0.293578 0.620221 0.152355 0.195834 0.0194402
1 0.29261 0.620665 0.154501 0.196677 0.0194284
1 0.294504 0.612615 0.155691 0.216025 0.0187016
5 0.813168 0.481092 0.0536302 0.0857404 0.0111137
1 0.29714 0.591603 0.164781 0.262496 0.0101279
