3 0.567834 0.407378 0.540636 0.635715 0.788999
3 0.568017 0.411376 0.539803 0.641476 0.757641
3 0.567932 0.407409 0.544233 0.640835 0.756376
3 0.570988 0.405688 0.548339 0.632542 0.753927
3 0.566648 0.406361 0.546747 0.638107 0.740952
3 0.570651 0.410211 0.550413 0.639779 0.72854
3 0.566797 0.411118 0.547141 0.64111 0.727478
3 0.571082 0.40519 0.54575 0.64142 0.689934
3 0.566866 0.409198 0.538671 0.638932 0.645853
3 0.568088 0.41169 0.537665 0.627086 0.0823428
3 0.61036 0.142498 0.383745 0.0886352 0.027698
5 0.54856 0.205425 0.0218183 0.0329927 0.0263227
5 0.549092 0.205943 0.022022 0.0336632 0.023193
5 0.68197 0.49473 0.0183142 0.0196696 0.0191019
0 0.607407 0.143139 0.397793 0.0925259 0.018925
5 0.549573 0.204559 0.0247975 0.0374843 0.0160596
4 0.609494 0.143395 0.364614 0.090244 0.0156374
0 0.620815 0.152288 0.445714 0.106668 0.0135992
0 0.621346 0.156235 0.453387 0.114707 0.012914
0 0.61871 0.153394 0.387416 0.112365 0.0106402
5 0.549574 0.205138 0.0270709 0.0376581 0.0104626
5 0.491806 0.25032 0.0218085 0.0228434 0.0102269
