4 0.503892 0.556937 0.369449 0.490549 0.82944
4 0.50365 0.555268 0.369175 0.488486 0.828137
4 0.504599 0.556455 0.37375 0.488953 0.826466
4 0.503894 0.556437 0.36953 0.489872 0.80774
4 0.504393 0.556259 0.373022 0.489084 0.796041
4 0.504078 0.556324 0.371808 0.48839 0.776094
4 0.504442 0.555009 0.373089 0.488177 0.775365
4 0.503433 0.555847 0.368895 0.48983 0.772721
4 0.50366 0.556127 0.370934 0.489396 0.768208
4 0.503158 0.557255 0.370196 0.490254 0.727155
5 0.420933 0.9216 0.0746652 0.0422849 0.421762
5 0.420919 0.921367 0.0737147 0.0418966 0.317585
5 0.420835 0.92158 0.0739826 0.0413136 0.303678
5 0.420789 0.921745 0.0735704 0.0423516 0.261878
5 0.421509 0.921674 0.0767169 0.0411108 0.250545
5 0.420632 0.921928 0.0770478 0.0431458 0.182092
5 0.420894 0.922821 0.0774717 0.0443593 0.116304
5 0.420214 0.922198 0.0778311 0.0440252 0.115275
4 0.658389 0.564019 0.066237 0.422004 0.105372
4 0.654463 0.567525 0.0732304 0.436233 0.096089
5 0.421178 0.921137 0.0744615 0.0378894 0.0919706
5 0.422111 0.922723 0.0778178 0.0448307 0.0818141
3 0.504852 0.55976 0.278741 0.253387 0.0674111
4 0.509728 0.351637 0.218592 0.0694464 0.0645144
4 0.658989 0.546476 0.067243 0.409702 0.0596863
4 0.518572 0.352609 0.246048 0.069307 0.0565048
4 0.513794 0.353129 0.243864 0.0699159 0.0527849
3 0.509826 0.562542 0.250423 0.250121 0.050479
4 0.645802 0.563475 0.0908079 0.439151 0.0482788
4 0.64794 0.559753 0.0865599 0.428291 0.0409116
3 0.504621 0.554423 0.245214 0.246376 0.0400004
4 0.508105 0.353268 0.214954 0.0698764 0.0380176
4 0.654208 0.557331 0.074065 0.413578 0.0339198
3 0.505049 0.561876 0.294397 0.266779 0.0321368
4 0.507155 0.373548 0.285931 0.118356 0.031279
4 0.411021 0.413229 0.191534 0.200628 0.030874
3 0.502541 0.556251 0.226391 0.242443 0.0290285
4 0.638854 0.55303 0.106043 0.449591 0.0285796
5 0.42171 0.922546 0.0831965 0.0461693 0.0265483
3 0.510618 0.564961 0.274336 0.262077 0.0249211
3 0.493846 0.567317 0.270419 0.259884 0.0244064
4 0.509362 0.359639 0.28051 0.0912969 0.0242423
5 0.420534 0.922216 0.076018 0.0486506 0.0231817
4 0.40895 0.426967 0.186176 0.223029 0.0230038
4 0.503837 0.381157 0.320844 0.138048 0.0227046
4 0.50456 0.358966 0.227254 0.0815791 0.021195
4 0.441319 0.405153 0.245796 0.185189 0.0208704
4 0.508188 0.372171 0.277722 0.115613 0.0205028
4 0.395105 0.426702 0.176737 0.227719 0.0200776
4 0.495647 0.377033 0.301041 0.125702 0.0198791
4 0.395658 0.466734 0.155252 0.302924 0.0198737
4 0.489513 0.351578 0.199376 0.0702424 0.0191952
5 0.421035 0.921981 0.0778349 0.048389 0.0182267
3 0.48664 0.560663 0.258112 0.254243 0.017724
4 0.517164 0.36437 0.23133 0.0859622 0.0176437
4 0.508353 0.359133 0.264851 0.0896596 0.0175859
4 0.491033 0.387513 0.31755 0.149103 0.017227
4 0.654554 0.550979 0.0755909 0.40703 0.0169049
4 0.50747 0.378082 0.303894 0.13091 0.0162034
4 0.442442 0.399541 0.239331 0.170615 0.0152698
4 0.415025 0.407403 0.203718 0.187561 0.0148497
4 0.488763 0.357199 0.224729 0.0828275 0.0146791
4 0.514932 0.363224 0.239827 0.0833329 0.0145869
4 0.482597 0.397609 0.314091 0.171346 0.014518
4 0.447379 0.416833 0.263142 0.204341 0.0143189
4 0.656749 0.542439 0.0740724 0.380668 0.0138075
4 0.639927 0.555527 0.103617 0.4249 0.0133478
4 0.389377 0.519336 0.14056 0.418083 0.0122818
4 0.495313 0.349781 0.168318 0.0626774 0.0120853
3 0.521202 0.560029 0.244833 0.236532 0.0117236
4 0.500907 0.424753 0.366136 0.222619 0.0115818
4 0.375946 0.550079 0.110934 0.399064 0.0115092
4 0.374555 0.549352 0.111234 0.402556 0.0115011
4 0.504317 0.484995 0.371952 0.344692 0.0110216
3 0.531986 0.523505 0.162278 0.187879 0.0106579
3 0.530853 0.504678 0.158115 0.181691 0.010637
4 0.381899 0.541253 0.126656 0.403018 0.0106147
4 0.502924 0.435304 0.36812 0.246578 0.0105165
3 0.537282 0.5045 0.157612 0.177609 0.0101369
4 0.406221 0.495484 0.177427 0.358325 0.0101227
4 0.632375 0.548196 0.120455 0.44129 0.0101049
