0 0.458511 0.460341 0.502726 0.49924 0.497301
0 0.456941 0.462792 0.500216 0.501711 0.464984
0 0.46001 0.459776 0.505589 0.5091 0.43152
5 0.451704 0.263738 0.0565045 0.0551467 0.396879
0 0.45451 0.465114 0.499081 0.500571 0.367413
5 0.451492 0.263602 0.0551459 0.0550252 0.35948
5 0.452214 0.264343 0.0551196 0.0542095 0.346838
0 0.455401 0.464665 0.502749 0.496368 0.341971
5 0.450268 0.263424 0.0584803 0.0571185 0.311729
5 0.452216 0.264265 0.0518813 0.0528417 0.303336
5 0.452335 0.262965 0.0613405 0.0572928 0.296659
0 0.456167 0.462701 0.501125 0.505483 0.281466
5 0.452018 0.263119 0.0654484 0.0568929 0.279569
5 0.450462 0.264237 0.0570386 0.0551334 0.271735
5 0.551699 0.298526 0.0427794 0.0786618 0.23816
0 0.472019 0.456985 0.4765 0.502573 0.2367
5 0.551193 0.298116 0.0444169 0.0800115 0.206757
5 0.553787 0.27784 0.0327584 0.0339659 0.20418
5 0.549474 0.309529 0.0384729 0.0553633 0.198399
5 0.40937 0.347249 0.0247786 0.0299374 0.196633
5 0.641097 0.519966 0.0555376 0.0543922 0.196084
5 0.554743 0.277734 0.0316329 0.0334413 0.193499
0 0.453769 0.468657 0.489519 0.49518 0.190024
5 0.408804 0.346984 0.026112 0.0308877 0.18991
5 0.451802 0.264643 0.0509653 0.0527119 0.170493
5 0.590861 0.452089 0.0407972 0.0455744 0.161333
5 0.549001 0.302926 0.0415988 0.0701648 0.160425
0 0.453117 0.469151 0.485698 0.504646 0.159219
5 0.641802 0.519255 0.0570462 0.0524421 0.156858
5 0.453799 0.26285 0.0700025 0.0604395 0.152883
5 0.348396 0.50822 0.0222451 0.0235596 0.141666
5 0.451727 0.264735 0.0556317 0.0545413 0.140371
5 0.590522 0.453354 0.0367666 0.0426605 0.13093
5 0.408429 0.347254 0.0285378 0.035401 0.130132
5 0.408766 0.347302 0.0289283 0.0335538 0.12994
5 0.40906 0.347148 0.029 0.0357415 0.129936
0 0.452739 0.4652 0.489856 0.504379 0.129643
5 0.590252 0.451952 0.0383948 0.0437412 0.128844
5 0.409511 0.347083 0.0307699 0.0343317 0.127966
5 0.451993 0.264714 0.0519223 0.054148 0.12705
5 0.554564 0.277626 0.0354417 0.0368799 0.12382
5 0.548293 0.313899 0.0343557 0.0450997 0.111246
5 0.554006 0.278165 0.0341813 0.0361794 0.107485
5 0.548952 0.308273 0.0398833 0.0589452 0.104689
5 0.642411 0.520617 0.0515801 0.0531468 0.103008
5 0.643334 0.518608 0.0567457 0.0541904 0.0967303
5 0.642744 0.519529 0.0535047 0.0531539 0.0916677
5 0.589855 0.453035 0.0398633 0.0445566 0.0904111
5 0.34069 0.472224 0.0281149 0.0337195 0.0901203
5 0.59041 0.451701 0.045881 0.0498603 0.0874879
5 0.646573 0.436417 0.0484304 0.0443268 0.0813974
5 0.548706 0.308227 0.0415744 0.0624961 0.0811784
5 0.645985 0.434975 0.0513102 0.0478031 0.0761212
5 0.381874 0.341755 0.0231406 0.0300675 0.0751766
5 0.64145 0.518075 0.0567746 0.0592511 0.075164
5 0.347716 0.508054 0.0278691 0.0309201 0.0729772
5 0.642292 0.518617 0.0567421 0.0568386 0.0725302
5 0.45199 0.26346 0.0656199 0.0593309 0.0706209
5 0.342046 0.471391 0.0293421 0.0337722 0.0693523
0 0.616027 0.450733 0.192323 0.49738 0.0674481
5 0.591189 0.451519 0.0489132 0.051432 0.0667979
5 0.641771 0.521082 0.0532363 0.0550045 0.0667102
3 0.45095 0.469064 0.48459 0.497016 0.066555
5 0.3468 0.507593 0.0299696 0.0295729 0.0664508
5 0.382331 0.342058 0.0256729 0.0335688 0.0664451
5 0.34649 0.506308 0.0324339 0.0335326 0.0662841
5 0.45074 0.264238 0.0604446 0.0585962 0.0657983
5 0.340841 0.472283 0.0310102 0.0336441 0.0640991
5 0.590861 0.452264 0.0357022 0.0440198 0.0635376
5 0.646464 0.435689 0.0491496 0.0440937 0.0610156
0 0.53921 0.455654 0.338501 0.500846 0.0582549
0 0.62106 0.449038 0.183914 0.508198 0.05792
5 0.590129 0.453316 0.0447129 0.0491652 0.0570462
0 0.620486 0.449722 0.184367 0.532751 0.0569217
5 0.550349 0.299417 0.0477474 0.0797288 0.0557683
5 0.646046 0.437816 0.0484477 0.0447091 0.0553697
5 0.646457 0.434318 0.0524549 0.0471275 0.0547505
5 0.64259 0.517529 0.0674737 0.0610759 0.0534125
0 0.471676 0.456661 0.477746 0.513045 0.0510001
5 0.380536 0.341716 0.0212715 0.027857 0.0496996
5 0.548867 0.31414 0.0389615 0.0527617 0.0496203
5 0.548136 0.311727 0.0396124 0.0546722 0.0494789
5 0.646238 0.43324 0.0561406 0.0502737 0.0490253
5 0.591149 0.453136 0.0357464 0.0433064 0.0488104
5 0.270175 0.312878 0.0214087 0.0274597 0.0482103
5 0.37413 0.41197 0.0195747 0.0250453 0.0452576
5 0.396731 0.493382 0.0245851 0.0312169 0.0450098
5 0.279702 0.517932 0.0200401 0.0249162 0.044937
0 0.565479 0.454663 0.285152 0.517665 0.0443401
5 0.381373 0.341217 0.0231894 0.0286498 0.0436199
3 0.443644 0.384325 0.0790664 0.101115 0.0432752
5 0.340728 0.4726 0.0301067 0.0328094 0.0428103
5 0.646543 0.436851 0.0505546 0.0464279 0.0423758
0 0.549511 0.455676 0.319012 0.509705 0.0417894
5 0.644839 0.436801 0.0510852 0.0465999 0.0413943
3 0.442848 0.383498 0.0852511 0.106263 0.0409569
5 0.396233 0.493156 0.0261484 0.0315927 0.0405901
5 0.397116 0.61515 0.027987 0.0336272 0.0398648
5 0.34523 0.492847 0.0365006 0.0646175 0.0398143
5 0.394352 0.613561 0.0335478 0.0386923 0.0383828
5 0.644819 0.520118 0.0785546 0.0769352 0.0368698
5 0.416214 0.550277 0.0208632 0.0259877 0.0367734
5 0.392946 0.612902 0.0326695 0.0371325 0.0367511
5 0.646573 0.435499 0.055978 0.0531416 0.0357567
5 0.645997 0.430779 0.0580687 0.0538385 0.035573
5 0.64249 0.518919 0.0601997 0.0541703 0.0355524
5 0.395505 0.614542 0.0284988 0.0340177 0.0350108
5 0.637821 0.509982 0.0695733 0.0803795 0.0345267
5 0.347017 0.507398 0.0329363 0.035365 0.0334392
5 0.549267 0.312909 0.0429165 0.0570473 0.0320474
5 0.374156 0.412971 0.0240321 0.0316999 0.0308966
5 0.642745 0.521233 0.0604981 0.0691005 0.0303731
5 0.270076 0.313203 0.0195491 0.0244751 0.0296814
0 0.569547 0.463643 0.281704 0.48551 0.0295062
5 0.415875 0.550523 0.0224085 0.0283067 0.0294329
0 0.650681 0.345641 0.121356 0.327284 0.0290601
5 0.278643 0.517955 0.0235976 0.0271489 0.0290204
0 0.482683 0.545212 0.217496 0.251992 0.0274276
5 0.397429 0.493043 0.0298381 0.0364888 0.0274215
5 0.279231 0.517939 0.028736 0.0359326 0.027348
0 0.623581 0.442965 0.179038 0.519198 0.0266944
5 0.509415 0.29167 0.0172846 0.0206068 0.0266428
5 0.551424 0.296794 0.0493753 0.0822494 0.0256449
3 0.443589 0.383962 0.0841575 0.101583 0.0255367
5 0.392494 0.612848 0.0373839 0.0414768 0.0253762
3 0.478009 0.54166 0.220168 0.244636 0.024508
5 0.349264 0.506562 0.0330713 0.0325942 0.024276
5 0.279397 0.517568 0.0255629 0.0322649 0.0240512
0 0.485529 0.537313 0.228613 0.260158 0.0240485
0 0.475408 0.459604 0.470725 0.506616 0.0234879
5 0.457244 0.531434 0.0168949 0.0195039 0.0229631
5 0.398241 0.493056 0.0344081 0.0369876 0.0224791
5 0.450761 0.262299 0.0735275 0.0588725 0.0220404
0 0.649239 0.373529 0.123872 0.37117 0.0213808
5 0.642129 0.522483 0.0519849 0.0590889 0.0208503
0 0.626373 0.457863 0.183661 0.489725 0.0206968
3 0.445225 0.381778 0.0788832 0.106357 0.0205548
5 0.391883 0.61184 0.0416466 0.0446031 0.0205163
5 0.647129 0.436001 0.064356 0.0571012 0.0204665
3 0.443886 0.38376 0.0862392 0.108899 0.0199555
5 0.590853 0.451313 0.0515716 0.0576312 0.0197848
5 0.461885 0.702359 0.0280529 0.028496 0.0197062
5 0.278998 0.517948 0.0273756 0.0335902 0.017977
5 0.461251 0.702763 0.0269239 0.027615 0.0174818
5 0.300776 0.622777 0.181312 0.226491 0.0174511
3 0.441486 0.381632 0.0898172 0.113161 0.0174483
5 0.554218 0.291747 0.0501755 0.0749606 0.0173379
3 0.484244 0.554471 0.267775 0.401297 0.017317
5 0.396036 0.49343 0.0288953 0.0367096 0.0171876
3 0.437057 0.376268 0.0988961 0.11759 0.0170491
5 0.392779 0.612356 0.0430325 0.0442507 0.0162801
5 0.272905 0.31115 0.0286361 0.0327676 0.0159135
5 0.985879 0.0254077 0.0282416 0.0494862 0.0154501
5 0.457375 0.26221 0.0747763 0.0624078 0.015444
5 0.554715 0.278454 0.0465624 0.0453864 0.0153191
0 0.647813 0.369864 0.111154 0.246646 0.0152111
5 0.397638 0.492986 0.0315822 0.0378067 0.0149727
5 0.278384 0.517907 0.0283823 0.0367081 0.0146918
5 0.667448 0.330115 0.0217912 0.025223 0.0144081
5 0.508684 0.290661 0.0201862 0.0228132 0.0143149
5 0.645395 0.432289 0.0569634 0.0532582 0.0141524
0 0.476609 0.53743 0.264131 0.37112 0.0140278
5 0.462402 0.701806 0.0367652 0.0387357 0.0136649
3 0.480979 0.527619 0.227326 0.234507 0.0136614
5 0.645167 0.43198 0.0572091 0.0581121 0.0136338
5 0.386406 0.426595 0.0160723 0.0161014 0.0136261
0 0.581955 0.442338 0.252812 0.491214 0.0128967
5 0.298487 0.505141 0.0141221 0.0180126 0.0121546
5 0.667297 0.330413 0.0187113 0.023851 0.0119425
5 0.462297 0.702164 0.0361307 0.0331132 0.0116664
0 0.619272 0.343054 0.187884 0.304755 0.0114761
0 0.647947 0.393819 0.114169 0.271123 0.0114494
3 0.444212 0.388229 0.0780436 0.0995666 0.0113419
5 0.978739 0.0289019 0.0421375 0.0572607 0.011333
5 0.39298 0.612712 0.0453803 0.0477754 0.0112375
5 0.359462 0.450278 0.0166705 0.0172095 0.0110317
5 0.592422 0.450821 0.0593177 0.0592828 0.010969
5 0.29522 0.337486 0.0203984 0.0214346 0.0108835
5 0.349802 0.505075 0.0351887 0.0417259 0.0104704
5 0.548796 0.313895 0.0439062 0.0581266 0.0102838
5 0.341636 0.471588 0.0402148 0.0462508 0.0102488
5 0.378236 0.415396 0.0238478 0.0340019 0.01016
0 0.652338 0.335494 0.118706 0.296177 0.0101012
5 0.275227 0.313479 0.0317677 0.0381 0.0100905
