3 0.397226 0.512692 0.470903 0.509929 0.920924
3 0.396628 0.514212 0.469757 0.504518 0.919088
3 0.395826 0.513237 0.468281 0.507759 0.916615
3 0.395399 0.515306 0.467711 0.504625 0.915423
3 0.395846 0.513508 0.469892 0.506159 0.910971
3 0.39644 0.514482 0.470007 0.501107 0.909698
3 0.395654 0.512775 0.46923 0.511183 0.90672
3 0.395379 0.514453 0.470809 0.505483 0.903434
3 0.397787 0.514355 0.471499 0.502692 0.89545
3 0.390835 0.515223 0.45636 0.503076 0.859717
2 0.399593 0.414345 0.0189922 0.0258894 0.03533
1 0.579917 0.515994 0.0898154 0.41823 0.0111609
