1 0.456329 0.589538 0.450606 0.592648 0.612202
3 0.454278 0.587929 0.463151 0.598295 0.596097
1 0.456786 0.588727 0.459564 0.592239 0.573324
1 0.45583 0.587729 0.464912 0.594535 0.541079
1 0.458349 0.584149 0.457087 0.597196 0.521662
1 0.456634 0.588744 0.451395 0.592172 0.509919
3 0.456122 0.586941 0.459343 0.599738 0.452314
1 0.456829 0.585983 0.451409 0.596821 0.431137
1 0.456421 0.590737 0.460954 0.590926 0.423242
3 0.45394 0.590154 0.462761 0.589119 0.40688
3 0.559713 0.443739 0.210999 0.29522 0.0357903
3 0.564234 0.434698 0.216693 0.279685 0.0309845
3 0.541907 0.432804 0.195264 0.276743 0.0237812
1 0.40016 0.507696 0.184448 0.240886 0.0236402
1 0.378103 0.50871 0.193404 0.236979 0.0225476
1 0.400107 0.520489 0.185666 0.220991 0.0200267
1 0.378704 0.522891 0.193213 0.223565 0.0199275
3 0.543517 0.44099 0.191596 0.301168 0.0194181
1 0.399147 0.496552 0.180463 0.262271 0.0188424
1 0.533092 0.686763 0.19132 0.294987 0.0167677
1 0.375967 0.494474 0.191539 0.250371 0.0144655
3 0.5808 0.588016 0.214101 0.585279 0.0144011
1 0.535495 0.660501 0.182854 0.275346 0.013294
3 0.542279 0.437236 0.214226 0.281212 0.0132859
1 0.56465 0.686481 0.186848 0.269564 0.013211
1 0.534083 0.70386 0.192735 0.307584 0.0131351
3 0.562893 0.459485 0.211052 0.304394 0.0120727
3 0.57892 0.589508 0.217689 0.594422 0.0118555
1 0.399258 0.545595 0.190746 0.218626 0.0116143
1 0.505653 0.685618 0.199708 0.301019 0.0110961
3 0.570601 0.449848 0.209451 0.29589 0.0109419
1 0.354039 0.531333 0.199109 0.242986 0.0107694
1 0.377781 0.551178 0.199509 0.235199 0.0106879
2 0.635723 0.558908 0.0230635 0.0276322 0.0105003
