3 0.616856 0.477475 0.482016 0.606937 0.825168
3 0.61795 0.478181 0.484045 0.608361 0.817241
3 0.619019 0.477601 0.483317 0.605799 0.810988
3 0.618795 0.47743 0.48313 0.605911 0.807319
3 0.615962 0.47517 0.477824 0.608222 0.80423
3 0.61676 0.476675 0.485373 0.608126 0.80095
3 0.619294 0.467384 0.4831 0.584545 0.794198
3 0.617932 0.47572 0.479822 0.606891 0.78257
3 0.619882 0.477086 0.483011 0.606336 0.778514
3 0.617848 0.477508 0.485274 0.608324 0.768179
1 0.494436 0.645347 0.230628 0.240907 0.0669757
1 0.47727 0.647953 0.20116 0.244187 0.0467979
3 0.620344 0.350552 0.467597 0.347466 0.0460816
1 0.521488 0.643476 0.291256 0.235837 0.0452704
3 0.655179 0.719664 0.240227 0.124599 0.0432454
3 0.631997 0.71971 0.311961 0.125633 0.0388788
1 0.481576 0.64308 0.213286 0.242492 0.03566
1 0.474988 0.645736 0.205822 0.242437 0.0312086
1 0.522897 0.649273 0.296805 0.24723 0.0279163
1 0.502038 0.63633 0.226667 0.219508 0.0237776
1 0.549684 0.597405 0.332271 0.144548 0.0233105
1 0.516165 0.612933 0.258598 0.173029 0.0217264
3 0.671628 0.717123 0.239442 0.128992 0.0160337
3 0.621693 0.717139 0.321584 0.132411 0.0141906
1 0.42335 0.481488 0.0807421 0.389017 0.0140165
1 0.818282 0.474023 0.0941275 0.489733 0.01367
1 0.478049 0.643821 0.195185 0.253065 0.01353
1 0.473456 0.642405 0.203794 0.254401 0.012613
1 0.423944 0.487722 0.0776135 0.404192 0.0114909
1 0.818051 0.48781 0.0951197 0.444576 0.0112717
1 0.560671 0.648247 0.360935 0.24555 0.0109294
1 0.423796 0.470415 0.0845857 0.383119 0.0106144
3 0.616253 0.33574 0.473752 0.319564 0.0105193
3 0.615537 0.354834 0.456234 0.356164 0.0102406
