3 0.462737 0.332674 0.398302 0.532047 0.493606
3 0.461172 0.332116 0.403115 0.533269 0.489682
3 0.459616 0.332533 0.398459 0.533964 0.420802
3 0.464467 0.333362 0.399773 0.529691 0.403444
3 0.460403 0.332076 0.403094 0.535701 0.400108
3 0.46112 0.331656 0.401444 0.530945 0.354767
3 0.465328 0.332131 0.404478 0.540353 0.290401
3 0.466613 0.331827 0.401534 0.541034 0.288005
3 0.462151 0.329598 0.400565 0.532002 0.18453
2 0.306672 0.208047 0.0232283 0.029699 0.155719
2 0.306273 0.208251 0.0217479 0.025538 0.140505
2 0.537232 0.203528 0.0209086 0.0221817 0.13052
2 0.346643 0.0983357 0.0354466 0.0322836 0.120982
5 0.511899 0.258709 0.0244275 0.0273204 0.119074
2 0.477151 0.510867 0.0250284 0.0321587 0.106816
2 0.348764 0.0993362 0.04347 0.0371099 0.105255
2 0.446803 0.492344 0.0278377 0.0250798 0.104191
2 0.531848 0.227798 0.0220925 0.0223415 0.0971889
2 0.34679 0.0959413 0.0413199 0.0382838 0.0963585
2 0.340688 0.0973799 0.0234544 0.0281922 0.0961485
2 0.538876 0.205286 0.0240982 0.0235117 0.0944671
2 0.476887 0.510173 0.0225284 0.0292522 0.092962
5 0.51223 0.258434 0.0275669 0.0322068 0.0922489
2 0.446328 0.493536 0.0258729 0.0231863 0.0901709
2 0.350779 0.102764 0.0226493 0.0278737 0.0881867
2 0.388932 0.107066 0.0218669 0.0301536 0.0864817
2 0.38975 0.106362 0.0228868 0.0300326 0.0819554
5 0.512737 0.258923 0.0247355 0.0279574 0.0775474
2 0.305618 0.206664 0.0258009 0.0351288 0.0773591
2 0.337432 0.49981 0.0321455 0.0324155 0.0746825
5 0.51338 0.258476 0.0278014 0.0334638 0.0743077
5 0.343579 0.0961477 0.0340977 0.0338789 0.0738461
3 0.461121 0.329781 0.396712 0.53595 0.0736528
2 0.305362 0.204289 0.0266295 0.0378186 0.0618689
2 0.477052 0.510212 0.0271412 0.033591 0.0605819
2 0.533946 0.22007 0.0256522 0.0380913 0.057616
2 0.445205 0.529497 0.0306764 0.040417 0.0574581
2 0.346646 0.0927954 0.0485994 0.0499314 0.0566924
2 0.353544 0.102724 0.0309184 0.0320823 0.0566841
2 0.476923 0.151434 0.0196246 0.0299094 0.0560463
2 0.337208 0.500491 0.0312881 0.033747 0.0540903
2 0.445429 0.53122 0.0299379 0.0360312 0.0502439
2 0.44593 0.530014 0.0344955 0.0410747 0.0460773
2 0.477174 0.510357 0.0268099 0.0340601 0.0439996
2 0.343131 0.0972588 0.0317149 0.0370578 0.0429541
2 0.485515 0.558439 0.0214225 0.0225814 0.0418573
2 0.302902 0.201535 0.0282258 0.0447166 0.0395504
2 0.559039 0.424074 0.0198208 0.0236628 0.0390485
2 0.611353 0.326136 0.0298837 0.0325115 0.0372572
2 0.445692 0.530571 0.0338661 0.0405203 0.036679
5 0.283129 0.259998 0.0162572 0.0214156 0.0359267
2 0.537195 0.211496 0.0298382 0.0412449 0.0352765
2 0.477934 0.15143 0.0228126 0.0337824 0.0349677
2 0.42896 0.120171 0.0185159 0.0208426 0.0337743
2 0.570032 0.352977 0.0259203 0.0358688 0.0335872
2 0.337839 0.499748 0.0328453 0.0360672 0.0324818
2 0.570713 0.305624 0.0199448 0.0244912 0.0320006
2 0.299077 0.188897 0.0182338 0.0237465 0.0319942
2 0.476249 0.151387 0.0234955 0.0321224 0.0306091
2 0.378148 0.151783 0.0183858 0.0192053 0.0300096
2 0.614823 0.328601 0.0311813 0.032774 0.0292668
2 0.45641 0.466511 0.0155061 0.0233309 0.0280017
2 0.445529 0.493382 0.0318664 0.0315028 0.0273637
2 0.45593 0.184906 0.0222949 0.0229528 0.0273074
2 0.338058 0.499856 0.0320566 0.0338197 0.0272968
3 0.463945 0.331554 0.405973 0.540972 0.0266086
2 0.44692 0.483701 0.0327305 0.044292 0.02617
2 0.444718 0.532069 0.0289941 0.0383728 0.0257271
2 0.326413 0.386739 0.0183315 0.0197812 0.0250863
2 0.431226 0.119254 0.0251755 0.0222109 0.0243871
2 0.476991 0.151353 0.0231043 0.033682 0.0241197
2 0.486693 0.55811 0.0247524 0.0253013 0.0241186
2 0.345309 0.0878382 0.0473642 0.0527932 0.0235404
2 0.606413 0.323839 0.0221384 0.0291182 0.0234904
2 0.571994 0.350842 0.025082 0.041413 0.0232384
2 0.618171 0.330792 0.0315781 0.0293004 0.0231769
2 0.568869 0.355009 0.0278713 0.0323503 0.0230491
2 0.445082 0.529848 0.031815 0.0440935 0.0229133
2 0.446667 0.489172 0.0331066 0.034319 0.0226328
2 0.335757 0.500047 0.0386878 0.0395827 0.0223399
2 0.390361 0.107511 0.0289931 0.0349275 0.021669
3 0.464155 0.332415 0.403097 0.540661 0.0212638
5 0.513042 0.257916 0.0330121 0.0349781 0.0209121
2 0.485988 0.557914 0.030289 0.0300187 0.0196659
2 0.559279 0.423374 0.0220427 0.0254783 0.0191155
2 0.45591 0.185566 0.019356 0.0221333 0.0190876
5 0.34403 0.0882269 0.0475426 0.0552856 0.0181801
2 0.389669 0.109454 0.0267249 0.0371403 0.0177534
2 0.580191 0.493113 0.0220701 0.0234835 0.0172156
5 0.28241 0.263048 0.0167356 0.0234589 0.0169489
2 0.33732 0.502119 0.0337017 0.0429302 0.0168935
2 0.590869 0.297798 0.0146067 0.0241756 0.01657
2 0.57003 0.306038 0.0242002 0.0283843 0.0164193
2 0.533093 0.218881 0.035646 0.0477406 0.0161746
3 0.479114 0.282852 0.382746 0.437719 0.0159691
2 0.349872 0.144988 0.0227128 0.0215105 0.0158332
2 0.615085 0.327467 0.0402001 0.0362996 0.0158237
2 0.531615 0.221091 0.0295635 0.0436895 0.015354
2 0.391074 0.107439 0.0284101 0.0352492 0.0152806
2 0.348714 0.145946 0.0210596 0.0209014 0.015133
2 0.336189 0.499726 0.0369091 0.0386739 0.0151122
2 0.530611 0.228567 0.0273874 0.0265152 0.0149632
2 0.594366 0.296177 0.0185665 0.0254986 0.0149102
2 0.578299 0.493231 0.0201881 0.0236305 0.0148831
2 0.476276 0.151261 0.023925 0.0358463 0.0146209
2 0.309131 0.201252 0.0368853 0.0468876 0.0145228
3 0.472367 0.263206 0.355826 0.402666 0.0139889
2 0.311978 0.454002 0.0193507 0.0254565 0.0134064
3 0.477303 0.261687 0.357534 0.410546 0.0129334
2 0.485622 0.557998 0.0327855 0.0323546 0.0127988
2 0.477429 0.150984 0.0279378 0.036629 0.0127919
2 0.533798 0.210029 0.0333131 0.0386499 0.0127644
3 0.461825 0.331958 0.407222 0.534788 0.0126145
2 0.58174 0.265431 0.0225712 0.0274281 0.0125878
2 0.310063 0.20293 0.035597 0.0460507 0.0122896
2 0.328521 0.388813 0.0255913 0.0242705 0.0121103
2 0.609658 0.325021 0.0304146 0.0372717 0.0119129
2 0.579102 0.266354 0.0232191 0.0270043 0.0118198
2 0.445758 0.468458 0.0336881 0.0304922 0.0116258
2 0.345909 0.0780745 0.0467712 0.0370453 0.0116249
3 0.461646 0.248404 0.325007 0.346462 0.0111192
2 0.446463 0.493822 0.0330697 0.0340761 0.0106887
3 0.478686 0.298601 0.400176 0.46414 0.0105781
2 0.380351 0.151884 0.0226236 0.0229617 0.0105466
5 0.516335 0.257178 0.0387236 0.038925 0.0104287
2 0.30142 0.194848 0.034035 0.0502321 0.0103806
3 0.477845 0.279013 0.374248 0.433728 0.0102671
