1 0.589418 0.58111 0.536102 0.6306 0.768853
1 0.594451 0.582821 0.542465 0.622746 0.758997
1 0.598276 0.584685 0.540676 0.613164 0.71279
1 0.59541 0.584809 0.539585 0.62237 0.701384
1 0.589515 0.583521 0.533065 0.630574 0.697255
1 0.600839 0.586534 0.536609 0.608829 0.682638
1 0.590098 0.586762 0.527372 0.621185 0.658884
1 0.59478 0.586206 0.53592 0.614492 0.656368
1 0.59242 0.583413 0.533015 0.631218 0.654467
1 0.600526 0.585362 0.533175 0.608579 0.620505
5 0.629762 0.727051 0.0418087 0.0399909 0.504463
5 0.629842 0.727786 0.0447769 0.044077 0.469014
5 0.62958 0.727079 0.0409407 0.0399349 0.449578
5 0.62968 0.727612 0.0446774 0.0421251 0.438568
5 0.630192 0.727328 0.0441165 0.0429139 0.436101
5 0.629673 0.728107 0.043143 0.0428059 0.41769
5 0.629272 0.726651 0.0464385 0.0469467 0.351654
5 0.641375 0.494928 0.0254715 0.0292469 0.335317
5 0.640577 0.495171 0.029319 0.0344333 0.303238
5 0.630115 0.725969 0.0500226 0.049161 0.263446
5 0.628985 0.728201 0.0476782 0.0475233 0.255197
