2 0.365202 0.489894 0.0744679 0.102676 0.611457
2 0.364585 0.490893 0.074515 0.100359 0.583717
2 0.363892 0.491073 0.0766404 0.100834 0.544093
2 0.36478 0.490381 0.0737192 0.100694 0.524101
2 0.364024 0.490914 0.0764988 0.101879 0.511086
2 0.364786 0.489824 0.0744558 0.10037 0.43398
2 0.549194 0.525893 0.0831292 0.123466 0.416717
2 0.365332 0.489585 0.0749686 0.102531 0.411336
2 0.364956 0.489686 0.0740879 0.101201 0.395361
2 0.617026 0.396271 0.0653393 0.0809665 0.377818
2 0.550894 0.526548 0.0825434 0.122434 0.37653
2 0.616484 0.396648 0.0637565 0.0805278 0.37613
5 0.399527 0.191141 0.0733685 0.112259 0.350163
2 0.549039 0.52667 0.0834164 0.123068 0.340214
2 0.364493 0.490265 0.0747916 0.0992408 0.326304
2 0.549695 0.525971 0.0826175 0.123971 0.322062
2 0.55081 0.526138 0.0826458 0.121771 0.308046
2 0.550002 0.526828 0.0834719 0.12532 0.279213
5 0.399053 0.194679 0.0728785 0.102727 0.269339
5 0.399485 0.201701 0.0727727 0.0910793 0.244671
2 0.61809 0.395726 0.0638185 0.0800806 0.220711
2 0.548481 0.526898 0.0837307 0.124157 0.215928
2 0.617833 0.396482 0.0638596 0.0797061 0.209206
5 0.399546 0.19707 0.070833 0.0994963 0.18937
5 0.399131 0.208318 0.0725295 0.0750238 0.188811
2 0.548424 0.528442 0.082018 0.122017 0.187275
0 0.43785 0.511649 0.606633 0.8581 0.181457
2 0.61755 0.395633 0.0651653 0.080454 0.177997
2 0.618237 0.396326 0.0643417 0.0797386 0.174899
2 0.618716 0.395307 0.0634572 0.0803385 0.163982
5 0.398511 0.208609 0.0725859 0.0721066 0.160674
2 0.318361 0.848445 0.0954209 0.101339 0.154862
2 0.191588 0.698663 0.0429796 0.0670309 0.15063
5 0.399256 0.206568 0.0714154 0.0774545 0.14147
0 0.4378 0.517289 0.606153 0.870901 0.135548
0 0.436023 0.513426 0.606729 0.857867 0.132782
2 0.318352 0.849291 0.0940458 0.101026 0.129782
5 0.399652 0.191274 0.0730204 0.112924 0.129728
5 0.61787 0.394948 0.0690155 0.0840912 0.122185
2 0.190643 0.698551 0.0422655 0.0622825 0.118982
2 0.616927 0.397119 0.0719207 0.0845201 0.115723
0 0.437856 0.510411 0.604517 0.85633 0.113597
5 0.618922 0.395342 0.0651388 0.0810143 0.110456
2 0.191674 0.698439 0.0424302 0.0639265 0.102875
5 0.399135 0.208575 0.0714129 0.071192 0.101678
3 0.414971 0.676398 0.394704 0.284027 0.0973438
2 0.192773 0.698363 0.0423837 0.0667163 0.0966913
5 0.618559 0.393796 0.0674745 0.0852943 0.091587
0 0.439288 0.510741 0.605765 0.862778 0.0910748
2 0.552319 0.525554 0.0835095 0.125016 0.0863607
5 0.605772 0.341952 0.050424 0.0493434 0.0856782
2 0.318755 0.850056 0.0930023 0.0981172 0.0853255
5 0.315398 0.84956 0.104922 0.103706 0.0834524
5 0.318302 0.850055 0.09563 0.102005 0.0794777
0 0.437426 0.513061 0.603803 0.862239 0.0752949
5 0.606414 0.340799 0.0506112 0.0501366 0.0747896
5 0.398881 0.204305 0.0730281 0.0818631 0.0738703
3 0.404034 0.676826 0.359353 0.26894 0.0735298
2 0.549046 0.527483 0.0856019 0.12402 0.0701998
5 0.312895 0.851375 0.110821 0.107501 0.0690796
2 0.365216 0.489877 0.0735991 0.10002 0.0665657
2 0.190809 0.698002 0.0455457 0.0639359 0.0650954
5 0.318686 0.849857 0.0935635 0.10032 0.0646504
3 0.430777 0.698848 0.419461 0.332752 0.0642522
5 0.606556 0.342338 0.0548011 0.0549215 0.063733
2 0.190275 0.698924 0.0429719 0.0621737 0.0589962
2 0.363768 0.491433 0.0782778 0.104199 0.0585554
5 0.607153 0.341698 0.0518375 0.0504492 0.0581539
2 0.549127 0.527827 0.0883177 0.126419 0.0578166
2 0.616055 0.396197 0.0748274 0.0865568 0.0571046
2 0.19126 0.698529 0.0445625 0.0644841 0.0562435
0 0.439565 0.508535 0.602813 0.863407 0.0557621
3 0.385114 0.675755 0.328372 0.267909 0.0555389
3 0.396104 0.673122 0.357758 0.276042 0.0538573
5 0.318383 0.848956 0.0967088 0.101311 0.0512641
5 0.318474 0.849092 0.0948371 0.100268 0.051206
3 0.428664 0.714338 0.404589 0.363239 0.0483908
2 0.18993 0.699035 0.0461724 0.0644987 0.046981
2 0.190774 0.698329 0.0523488 0.0699666 0.0468253
5 0.401004 0.191558 0.0700973 0.111885 0.0457898
3 0.412775 0.681624 0.396473 0.296563 0.0455453
5 0.317023 0.850369 0.100045 0.102163 0.0431675
5 0.606302 0.342114 0.0581736 0.0564682 0.0425276
2 0.317864 0.850272 0.0955352 0.0984453 0.0386302
2 0.555294 0.52816 0.0746824 0.119378 0.0372816
2 0.189095 0.698744 0.0478448 0.064896 0.0355304
3 0.448726 0.716756 0.423332 0.367005 0.0288861
5 0.6067 0.340814 0.05052 0.0501484 0.0268614
3 0.42435 0.688604 0.387603 0.292944 0.0267585
3 0.439004 0.712362 0.462993 0.355694 0.0253146
2 0.190555 0.697641 0.0470832 0.0700619 0.0248006
5 0.607887 0.34184 0.0533762 0.0506196 0.0247216
5 0.606485 0.341517 0.0514868 0.049936 0.0224326
0 0.43748 0.503542 0.5938 0.853943 0.0222812
0 0.436067 0.505634 0.594617 0.845403 0.0221944
2 0.195415 0.700753 0.055346 0.0756761 0.021589
5 0.607627 0.343226 0.0668628 0.0595452 0.0212442
2 0.188339 0.698308 0.048404 0.0677428 0.0208821
3 0.375075 0.677223 0.299921 0.272832 0.0192331
5 0.607708 0.345263 0.069419 0.0657529 0.0166584
3 0.395729 0.672181 0.367624 0.277549 0.0158924
5 0.551033 0.525698 0.0858676 0.126862 0.015524
3 0.368989 0.675812 0.282591 0.2689 0.0152658
3 0.379171 0.675911 0.307469 0.270008 0.0145292
3 0.375052 0.671305 0.29819 0.274135 0.0138565
3 0.463363 0.714789 0.431803 0.362803 0.0136884
3 0.446564 0.715679 0.476011 0.352865 0.0119244
3 0.383554 0.36359 0.365308 0.243376 0.0113354
5 0.39893 0.203441 0.0725011 0.0816612 0.0112743
3 0.386471 0.464805 0.364633 0.430867 0.011083
5 0.365515 0.488099 0.0781071 0.105134 0.0105115
3 0.384766 0.350575 0.34936 0.216652 0.0100497
