3 0.557482 0.501943 0.474149 0.473813 0.510364
4 0.555998 0.501202 0.473434 0.474379 0.50139
4 0.556488 0.500385 0.475274 0.475378 0.501154
3 0.5574 0.501357 0.472795 0.475741 0.492392
3 0.556969 0.500298 0.472175 0.477614 0.405295
4 0.556232 0.50156 0.474596 0.473668 0.394715
3 0.558828 0.501728 0.473357 0.472981 0.355537
4 0.555294 0.501428 0.474597 0.472941 0.348518
4 0.559072 0.499993 0.473675 0.476351 0.313446
3 0.55863 0.501278 0.473188 0.474053 0.304926
3 0.541486 0.49584 0.14716 0.166801 0.0330308
3 0.542866 0.496276 0.141843 0.171575 0.0285774
3 0.541314 0.497029 0.144791 0.164221 0.0170996
3 0.566064 0.536161 0.227199 0.237742 0.0143761
3 0.539969 0.499095 0.135944 0.164999 0.0124896
3 0.561716 0.539572 0.252001 0.245328 0.0109697
3 0.543134 0.487578 0.142588 0.160693 0.0103963
3 0.573503 0.52429 0.226815 0.211378 0.0103704
