0 0.468607 0.501908 0.580071 0.649888 0.512873
0 0.471253 0.508923 0.589099 0.644773 0.441568
0 0.478318 0.498305 0.578264 0.641374 0.432576
5 0.385191 0.228189 0.038388 0.0351211 0.376474
5 0.619733 0.759333 0.0341941 0.0414878 0.371417
0 0.479547 0.504825 0.584093 0.642458 0.371274
5 0.38437 0.228751 0.0409827 0.0391067 0.36387
0 0.465488 0.510512 0.576883 0.649463 0.356006
5 0.385894 0.228172 0.0373384 0.0333722 0.346277
5 0.618427 0.759667 0.0344351 0.0410097 0.344794
5 0.474042 0.604347 0.0328586 0.0400701 0.341162
0 0.4742 0.502907 0.592482 0.639556 0.337996
0 0.478574 0.499456 0.587916 0.639007 0.337879
5 0.385856 0.228454 0.0413581 0.0391993 0.33496
0 0.51905 0.502556 0.50004 0.632446 0.33461
5 0.385336 0.228453 0.0424855 0.0374316 0.330963
0 0.533375 0.495768 0.467743 0.633605 0.322551
5 0.472337 0.605521 0.0335111 0.0395606 0.31539
5 0.386299 0.228 0.0433504 0.0371371 0.307607
5 0.472471 0.604368 0.0346963 0.0423933 0.294455
5 0.472075 0.604761 0.0331824 0.0399911 0.293078
5 0.385542 0.226752 0.0456735 0.0397121 0.27126
5 0.619291 0.758891 0.0330371 0.0401563 0.257335
5 0.618564 0.758566 0.0351504 0.0417356 0.255192
5 0.385065 0.227301 0.0481247 0.040813 0.246962
5 0.619238 0.759686 0.039853 0.0461507 0.239599
5 0.56972 0.427715 0.0566071 0.0760514 0.224368
5 0.57052 0.427239 0.0577816 0.0759926 0.219295
5 0.600624 0.574855 0.0301359 0.0351414 0.210967
5 0.61881 0.75961 0.0394715 0.0456456 0.210212
5 0.569363 0.429108 0.064389 0.0785984 0.21001
5 0.600972 0.57406 0.0303365 0.033736 0.209848
5 0.484638 0.519728 0.0361848 0.0294597 0.20811
5 0.571131 0.428158 0.056468 0.0742446 0.198535
5 0.471775 0.603673 0.0405661 0.0475875 0.198162
5 0.518655 0.443093 0.0331274 0.0358757 0.194772
5 0.569976 0.42879 0.0578158 0.0765257 0.190836
5 0.569358 0.428826 0.0652725 0.0799583 0.186093
5 0.518697 0.442681 0.030878 0.0325894 0.184852
5 0.471791 0.606276 0.0408498 0.0472378 0.184816
5 0.431075 0.53549 0.0284227 0.0339329 0.18123
5 0.485396 0.519654 0.0360073 0.0296649 0.179233
5 0.569255 0.428868 0.0583538 0.0815999 0.179059
5 0.431729 0.535562 0.0257269 0.029129 0.178932
5 0.493043 0.574053 0.0207572 0.0224194 0.169806
5 0.619893 0.764095 0.0471699 0.051451 0.169735
5 0.385024 0.227362 0.0495759 0.0452452 0.168849
5 0.51818 0.442872 0.0365181 0.0390946 0.168013
5 0.472586 0.606381 0.0431292 0.0473472 0.167368
5 0.601676 0.574238 0.035415 0.0395432 0.165232
5 0.518592 0.442511 0.0354677 0.0375551 0.15862
5 0.601387 0.573737 0.0340155 0.0375914 0.158051
5 0.570783 0.428635 0.0618019 0.0814211 0.157441
5 0.63393 0.508743 0.0284851 0.0344853 0.156395
0 0.518076 0.496359 0.502983 0.630723 0.154288
5 0.485215 0.520606 0.0370408 0.0333529 0.154124
5 0.633691 0.508436 0.0246923 0.0312685 0.153892
0 0.469706 0.507758 0.584373 0.645358 0.153355
5 0.632846 0.50859 0.0292654 0.0353583 0.153042
5 0.633041 0.50819 0.0281335 0.0343622 0.148636
5 0.471294 0.604488 0.0441091 0.0502811 0.148571
5 0.476996 0.600977 0.0470047 0.0530579 0.148479
5 0.619557 0.763412 0.046285 0.0507294 0.146882
0 0.467369 0.512657 0.576411 0.64799 0.143966
5 0.432445 0.534811 0.0299712 0.0366778 0.143216
5 0.492091 0.574261 0.0269683 0.0311115 0.140109
5 0.471821 0.603282 0.045314 0.0530681 0.134735
5 0.571994 0.430437 0.0545366 0.0789894 0.133268
5 0.432285 0.535456 0.0271804 0.0316174 0.129753
5 0.570954 0.429804 0.0629781 0.0804871 0.129592
5 0.487111 0.518803 0.0423062 0.0347597 0.127175
5 0.452738 0.437078 0.0211629 0.0260329 0.126188
5 0.402697 0.62735 0.0276742 0.0348595 0.123545
5 0.617552 0.761027 0.0458074 0.0510041 0.12339
5 0.402596 0.500561 0.0251287 0.0319672 0.122275
5 0.474527 0.369295 0.0310049 0.0319409 0.121939
5 0.620725 0.761345 0.0529525 0.0547447 0.121881
5 0.485832 0.519962 0.0400608 0.035663 0.11776
5 0.47411 0.369618 0.0253466 0.0288528 0.117671
5 0.474361 0.369327 0.0290625 0.0314765 0.117432
5 0.620563 0.760414 0.0504405 0.0559011 0.117366
5 0.403952 0.627294 0.0287 0.0316216 0.116596
5 0.474841 0.368852 0.0271936 0.0301541 0.113357
5 0.486768 0.518366 0.04516 0.0357927 0.111769
5 0.602538 0.574124 0.0341423 0.0373264 0.109494
5 0.519193 0.442248 0.0391672 0.0389717 0.108687
5 0.521277 0.233019 0.0219056 0.0267547 0.105182
5 0.617809 0.759722 0.0468324 0.0525999 0.103972
5 0.40369 0.500181 0.0287166 0.0330676 0.103904
5 0.383325 0.228462 0.0499298 0.0462084 0.0989843
5 0.572717 0.43097 0.0540007 0.0782993 0.0959317
5 0.601037 0.573766 0.0379518 0.0408408 0.0951321
5 0.409327 0.437945 0.0226696 0.0303754 0.0929027
5 0.519083 0.441955 0.0385614 0.040033 0.0899076
5 0.407173 0.624062 0.0315306 0.0350686 0.0894934
5 0.508428 0.517824 0.0226938 0.0283656 0.0879038
5 0.519644 0.441892 0.03998 0.0403215 0.0876279
5 0.407495 0.438202 0.0207258 0.0279767 0.0835947
5 0.632818 0.508062 0.0329822 0.0380488 0.0811657
5 0.633296 0.508076 0.0326405 0.038418 0.080206
5 0.409966 0.438634 0.0235745 0.0342755 0.0785096
5 0.5196 0.442676 0.0390213 0.0421676 0.071797
3 0.514864 0.512976 0.302946 0.322627 0.0704195
5 0.408536 0.43681 0.026858 0.0360474 0.0699562
5 0.405706 0.62601 0.0379362 0.0429991 0.0695396
5 0.536983 0.544603 0.0196116 0.0258917 0.0693406
5 0.475153 0.603202 0.055537 0.0506942 0.0691559
5 0.60027 0.573997 0.0355325 0.0391498 0.0689743
0 0.499105 0.238922 0.417472 0.114874 0.0658134
5 0.454462 0.466821 0.0189161 0.0200625 0.0620578
3 0.512282 0.511332 0.302881 0.319836 0.061208
5 0.621462 0.759967 0.0518716 0.0537577 0.0599426
5 0.431725 0.535012 0.0319616 0.0377309 0.0598979
5 0.403245 0.500358 0.0335411 0.0368573 0.0583403
5 0.619519 0.758363 0.0540163 0.0540189 0.0558435
5 0.471467 0.606947 0.0485535 0.0549883 0.0549586
5 0.292307 0.470849 0.0258961 0.0301985 0.0549171
5 0.491169 0.572805 0.0276398 0.0274927 0.0548407
5 0.568698 0.429024 0.0653632 0.0853681 0.0548164
5 0.406219 0.625611 0.0399455 0.0410225 0.0542051
5 0.292651 0.471157 0.0213634 0.0240475 0.0539429
5 0.45405 0.437347 0.0276001 0.0326484 0.0538459
5 0.401672 0.499507 0.03613 0.0423573 0.0536106
5 0.383398 0.229664 0.0514148 0.0500479 0.0530437
5 0.408138 0.625568 0.0354313 0.0414178 0.052097
5 0.430299 0.535131 0.0393406 0.0414342 0.0512245
5 0.520802 0.232852 0.0244189 0.0306642 0.0494163
5 0.474532 0.599699 0.0577134 0.0608731 0.0493969
5 0.49664 0.239104 0.0175616 0.0218904 0.049255
5 0.402286 0.500548 0.0380367 0.0470106 0.0486799
5 0.474718 0.600934 0.0545868 0.0568289 0.04849
5 0.430579 0.535537 0.0380928 0.0379428 0.0480462
5 0.599958 0.574351 0.0351828 0.0413343 0.0473433
5 0.387627 0.223166 0.0593153 0.0569947 0.0454618
0 0.511848 0.259157 0.470913 0.12795 0.045341
5 0.522574 0.231412 0.031113 0.0357773 0.0450874
5 0.537354 0.542695 0.0225149 0.0299243 0.0445211
5 0.387339 0.223521 0.063587 0.0554665 0.0442671
5 0.455486 0.514281 0.0183332 0.0239803 0.044226
5 0.449294 0.400763 0.0204185 0.0209202 0.0440009
5 0.404425 0.499518 0.0313743 0.0372076 0.043553
3 0.511097 0.519019 0.302952 0.34521 0.0432726
5 0.484298 0.517527 0.0418596 0.0349641 0.0430131
5 0.493435 0.572254 0.0307488 0.0330875 0.0423925
5 0.427223 0.44382 0.0173077 0.025166 0.0422453
0 0.490355 0.241633 0.43989 0.119798 0.0419122
5 0.507522 0.517177 0.0319158 0.0349595 0.0409761
5 0.518881 0.441478 0.0433326 0.0431385 0.0391629
5 0.495683 0.238349 0.0199976 0.0225802 0.0387706
5 0.455275 0.514007 0.0198093 0.027625 0.0386196
5 0.539286 0.545868 0.0225898 0.0301106 0.03792
5 0.404017 0.625302 0.0393794 0.0429025 0.037055
3 0.501382 0.511582 0.278182 0.293151 0.0369937
5 0.391005 0.435903 0.0306247 0.0347764 0.0366421
5 0.291456 0.470508 0.0268473 0.0330008 0.0357467
0 0.491609 0.49188 0.251979 0.257202 0.0355933
5 0.555865 0.595004 0.0183816 0.0252758 0.0351459
5 0.385735 0.226491 0.056557 0.0488381 0.0350191
5 0.398027 0.435554 0.0494672 0.042739 0.0347429
5 0.454523 0.46086 0.0277047 0.0340517 0.0344681
5 0.433431 0.533808 0.0349537 0.0428866 0.0342399
5 0.476249 0.217129 0.0184485 0.0223113 0.0341509
5 0.447776 0.400238 0.0198465 0.0214443 0.0337036
5 0.427887 0.446151 0.0182743 0.0253535 0.0334926
5 0.571243 0.59607 0.0214938 0.0250923 0.0329333
3 0.511205 0.51768 0.296136 0.339634 0.032526
5 0.450207 0.730712 0.0205046 0.0230317 0.0324736
5 0.402313 0.626745 0.0352225 0.0397176 0.0322433
5 0.522989 0.231611 0.0277585 0.0319793 0.031767
1 0.725332 0.561904 0.103956 0.399597 0.0302663
0 0.503833 0.489703 0.273939 0.279937 0.0297377
5 0.292039 0.471059 0.0264484 0.0298945 0.029223
5 0.402525 0.498943 0.0395513 0.0449126 0.0287604
5 0.560034 0.593745 0.0292306 0.0275401 0.028262
1 0.726217 0.544043 0.105451 0.421565 0.0275256
5 0.37013 0.658663 0.0240145 0.0287512 0.0272772
0 0.507757 0.510109 0.283036 0.316063 0.0272616
3 0.519579 0.51234 0.291776 0.310455 0.0270243
5 0.578115 0.431792 0.0452776 0.0763482 0.0269256
3 0.511479 0.513245 0.289488 0.305875 0.0267077
5 0.622524 0.765418 0.070964 0.063231 0.0260772
5 0.599768 0.572442 0.0375569 0.0419372 0.0256274
1 0.699984 0.548014 0.142031 0.451753 0.0248519
5 0.474162 0.216155 0.0210543 0.0226098 0.0246988
5 0.483292 0.516716 0.0488679 0.0407018 0.0242227
3 0.508754 0.511957 0.306618 0.297153 0.024041
0 0.514647 0.274059 0.450256 0.170865 0.0234522
5 0.449467 0.730078 0.0238599 0.0254583 0.0226797
5 0.577778 0.433815 0.0398548 0.071788 0.0221137
5 0.482413 0.256245 0.016249 0.0174864 0.0216777
5 0.495716 0.573981 0.0294592 0.0311111 0.0214602
0 0.493437 0.259209 0.485635 0.123486 0.0206379
1 0.700572 0.524971 0.139524 0.479711 0.0202746
3 0.507199 0.516148 0.306037 0.323878 0.0196159
5 0.311312 0.44818 0.0185207 0.0210367 0.0193697
5 0.514546 0.517512 0.0206476 0.0285731 0.0188241
5 0.451899 0.437218 0.0297846 0.0352617 0.0187688
5 0.541948 0.551548 0.0215675 0.0278272 0.0186242
0 0.472041 0.24329 0.455002 0.12358 0.0185345
5 0.403361 0.501737 0.0367345 0.0454007 0.0182816
5 0.450142 0.730295 0.027746 0.0326957 0.0180253
0 0.501038 0.452407 0.2662 0.246083 0.017761
5 0.635758 0.506494 0.042243 0.0424643 0.0177505
5 0.416874 0.417962 0.0203003 0.0221687 0.0173565
5 0.492796 0.571121 0.0350475 0.0364217 0.0171414
3 0.502415 0.51786 0.264194 0.283526 0.017113
5 0.485216 0.51817 0.0463768 0.0443732 0.0166993
0 0.502072 0.23756 0.39903 0.114732 0.016653
5 0.428818 0.521042 0.0448083 0.0640076 0.0166505
5 0.522742 0.230759 0.0344349 0.0397792 0.0166286
5 0.537276 0.548429 0.022533 0.0336117 0.0165326
5 0.370502 0.658668 0.0233746 0.0277628 0.0165313
5 0.449726 0.729536 0.0289857 0.0326781 0.0157963
0 0.489517 0.452985 0.244681 0.190409 0.0154927
5 0.411954 0.43769 0.0360517 0.0422715 0.0154841
5 0.457643 0.437579 0.0381057 0.0378801 0.0153902
5 0.537976 0.54428 0.0257233 0.0347166 0.0153502
5 0.448941 0.399403 0.0284755 0.0305876 0.0151808
0 0.463826 0.504615 0.57447 0.652015 0.0145158
1 0.726189 0.581455 0.104907 0.385221 0.0140154
1 0.701537 0.572144 0.143626 0.420113 0.0140026
5 0.403551 0.497672 0.047229 0.0514537 0.0136735
5 0.573427 0.427255 0.0795035 0.0883369 0.0133823
5 0.552981 0.594863 0.0200239 0.0246008 0.0133038
5 0.452841 0.437479 0.0452901 0.0464628 0.0131968
5 0.549841 0.631739 0.0224941 0.0271502 0.0129808
0 0.457253 0.2428 0.426888 0.120828 0.0127917
5 0.525487 0.23492 0.0278194 0.0391011 0.0127079
5 0.629921 0.508026 0.0435624 0.0438789 0.0123598
5 0.600126 0.57889 0.0412604 0.0498268 0.0122992
5 0.518542 0.447564 0.0415626 0.0490174 0.0114593
1 0.727996 0.542564 0.107303 0.44781 0.0110415
3 0.521672 0.51162 0.281319 0.304375 0.0109973
5 0.310856 0.446629 0.0221299 0.0249477 0.0109966
5 0.636301 0.507368 0.0443996 0.0437648 0.0108107
5 0.474527 0.371971 0.0364302 0.0418885 0.0106826
0 0.495093 0.506966 0.225012 0.266631 0.0106487
5 0.482479 0.592689 0.0837776 0.0762015 0.0105546
5 0.601452 0.578207 0.0479788 0.054923 0.0105543
1 0.461119 0.77655 0.589397 0.129439 0.0104328
5 0.449246 0.730004 0.0278027 0.0342126 0.010227
5 0.566948 0.593485 0.0316174 0.0319252 0.0102231
5 0.574297 0.430211 0.0775654 0.0885843 0.0101994
5 0.521671 0.395155 0.0210497 0.0254227 0.0101965
5 0.496673 0.573021 0.0330581 0.0414737 0.0101576
