0 0.499814 0.522014 0.556121 0.650049 0.802462
0 0.499716 0.526052 0.549829 0.652381 0.785265
0 0.505473 0.511839 0.550686 0.630001 0.784471
0 0.508021 0.523623 0.548125 0.646444 0.770705
0 0.516657 0.524902 0.54283 0.646919 0.753073
0 0.515516 0.515464 0.541727 0.635738 0.738603
0 0.504085 0.532812 0.553132 0.671805 0.67913
0 0.513572 0.532123 0.541464 0.670275 0.430359
0 0.501318 0.532584 0.559248 0.67358 0.39608
0 0.506839 0.533632 0.544828 0.661505 0.177163
5 0.659636 0.394002 0.0554446 0.0692855 0.112396
2 0.291264 0.588561 0.144925 0.283451 0.110192
2 0.282053 0.557334 0.115121 0.320466 0.107695
5 0.661243 0.390104 0.0547001 0.0643368 0.10442
5 0.660786 0.393942 0.0538979 0.0706517 0.0993495
2 0.297879 0.637966 0.139785 0.269831 0.0920085
5 0.660274 0.387889 0.0543968 0.0570212 0.0888707
2 0.276328 0.53115 0.114986 0.411076 0.0850958
5 0.348934 0.233971 0.0509129 0.0475422 0.084527
5 0.349761 0.234254 0.0475506 0.0437311 0.0841995
5 0.659592 0.390962 0.0568746 0.063549 0.0804069
2 0.618312 0.460809 0.132665 0.18355 0.0777428
5 0.659325 0.396116 0.0590839 0.0753583 0.0776773
2 0.617144 0.459139 0.133788 0.177702 0.0703029
5 0.638347 0.341933 0.0359035 0.0426615 0.0656788
0 0.51716 0.536082 0.543447 0.661508 0.0656405
5 0.660505 0.386525 0.0545725 0.0582015 0.0547492
5 0.348652 0.234497 0.0469589 0.0437828 0.0547275
5 0.350719 0.234293 0.0449975 0.044697 0.0535343
5 0.638003 0.341271 0.0354558 0.0405141 0.0531366
2 0.284995 0.630959 0.115657 0.295158 0.0523164
5 0.66115 0.38898 0.0559955 0.0697271 0.0522377
5 0.346267 0.234291 0.0566336 0.047498 0.051197
5 0.613757 0.471733 0.142075 0.159282 0.0499713
5 0.638249 0.341945 0.0311323 0.0362512 0.0494618
5 0.523633 0.507044 0.0249504 0.0302976 0.0467615
2 0.288759 0.541252 0.14201 0.385832 0.0466035
0 0.559158 0.52116 0.44305 0.696292 0.0453096
2 0.614438 0.477146 0.137678 0.235439 0.0451951
2 0.620751 0.457308 0.135802 0.18333 0.0442948
5 0.74035 0.628078 0.03151 0.0372248 0.0436286
2 0.443341 0.465464 0.0410769 0.0642764 0.0432911
2 0.350687 0.235134 0.0419304 0.0405155 0.0430264
5 0.638651 0.341246 0.0339974 0.0382113 0.0428076
0 0.491585 0.531515 0.535356 0.663043 0.0418423
5 0.663871 0.39588 0.0417719 0.0745117 0.0410786
0 0.485779 0.531461 0.549821 0.680127 0.0409686
5 0.523176 0.507681 0.0269256 0.0335129 0.0405892
5 0.659499 0.390261 0.0565107 0.063499 0.0401208
2 0.318972 0.638806 0.189163 0.251348 0.0390049
2 0.61694 0.495456 0.134426 0.234473 0.038819
5 0.431213 0.531362 0.0477621 0.0793432 0.0381622
2 0.599607 0.567439 0.038992 0.0775705 0.0374038
5 0.349743 0.234576 0.0446506 0.0413558 0.0369264
5 0.524105 0.506592 0.0275052 0.0323156 0.0369218
5 0.524446 0.506591 0.0284194 0.0366068 0.0365853
5 0.431233 0.530728 0.0486552 0.081342 0.0350823
2 0.604427 0.566233 0.0465313 0.0785231 0.0341786
2 0.253285 0.530761 0.0793402 0.373906 0.0337424
2 0.620991 0.468438 0.136293 0.174215 0.0337076
2 0.555983 0.569 0.0523456 0.0879603 0.0331927
2 0.44477 0.464923 0.0455038 0.0668291 0.0329788
5 0.740355 0.628022 0.0336517 0.0382777 0.0327893
2 0.612435 0.436844 0.14117 0.242608 0.0320033
5 0.523349 0.507254 0.0325613 0.0371371 0.0318854
5 0.445319 0.464533 0.0480911 0.073279 0.031749
2 0.443473 0.464651 0.0461377 0.0686698 0.030917
5 0.488679 0.4805 0.0322392 0.0380038 0.0304651
5 0.615288 0.468433 0.137966 0.147775 0.0302659
2 0.609542 0.492243 0.14855 0.249719 0.030142
5 0.489801 0.479804 0.0258349 0.0340901 0.0292587
2 0.554452 0.573043 0.0526109 0.080905 0.0287785
2 0.602348 0.565432 0.0431647 0.0769466 0.0283239
5 0.522892 0.439016 0.0300558 0.0395749 0.0280989
2 0.613382 0.453227 0.138564 0.182851 0.0279693
2 0.622077 0.448214 0.132857 0.223899 0.0277623
2 0.598889 0.568956 0.0366968 0.0820265 0.0274268
5 0.614398 0.468303 0.141038 0.152672 0.0268753
0 0.565285 0.528745 0.432984 0.650919 0.0264985
5 0.524136 0.50718 0.032173 0.0355924 0.0260756
2 0.604005 0.563402 0.0497614 0.0803389 0.0259906
2 0.300877 0.681801 0.136408 0.337024 0.0253746
5 0.444446 0.464613 0.0476241 0.0712787 0.0250126
5 0.343684 0.233005 0.0659478 0.0554174 0.0250049
2 0.249685 0.519035 0.077618 0.464109 0.0248887
5 0.63918 0.341693 0.0405527 0.0448992 0.0239161
2 0.442856 0.465837 0.0454458 0.0660949 0.0238037
5 0.444063 0.465554 0.0474395 0.0680578 0.0237075
2 0.556092 0.568557 0.0549836 0.0872465 0.0236784
5 0.6398 0.341103 0.0409175 0.0448084 0.0235371
2 0.264178 0.576998 0.097112 0.29658 0.022953
0 0.583037 0.463878 0.410256 0.832774 0.0224319
5 0.614169 0.46374 0.142664 0.157274 0.0223211
5 0.52312 0.438493 0.0289095 0.0361529 0.022007
2 0.605615 0.565708 0.0524553 0.080954 0.0215572
2 0.268333 0.546914 0.107091 0.538873 0.0213346
2 0.5585 0.567944 0.0484358 0.0866398 0.0208966
5 0.740104 0.627672 0.0300633 0.0349397 0.020854
5 0.639014 0.340854 0.0360024 0.0405603 0.0208494
0 0.580735 0.532643 0.403593 0.649689 0.0207294
5 0.591194 0.484978 0.0789165 0.0966066 0.0206513
2 0.607544 0.559965 0.0597767 0.0975107 0.020116
0 0.555206 0.453116 0.44477 0.710055 0.0201022
2 0.602086 0.567545 0.0467559 0.0826637 0.0200307
5 0.592282 0.490631 0.0788885 0.0833706 0.0198181
5 0.663134 0.402929 0.0544004 0.0946117 0.0197458
2 0.307981 0.607176 0.161141 0.271223 0.0191742
5 0.638544 0.341976 0.0366972 0.0410324 0.0187609
2 0.599133 0.566254 0.0394114 0.0805883 0.018749
2 0.558112 0.567248 0.0455655 0.0909352 0.0186175
5 0.523871 0.438459 0.0308827 0.0420614 0.0180783
2 0.443921 0.466185 0.0461127 0.066071 0.0175854
5 0.489469 0.479706 0.0286928 0.0361522 0.0174572
5 0.557272 0.533402 0.0474147 0.167524 0.0172938
5 0.443899 0.464582 0.0534118 0.078457 0.0172342
5 0.598716 0.472998 0.0999874 0.128702 0.0171945
5 0.740484 0.627681 0.0332273 0.0377025 0.0171808
5 0.48922 0.480642 0.0323462 0.0401599 0.0170134
5 0.596813 0.483218 0.0930642 0.1049 0.0167038
2 0.430429 0.530914 0.0429605 0.0737825 0.0165647
5 0.588468 0.465814 0.0795296 0.140256 0.0165552
2 0.33287 0.670714 0.201884 0.293868 0.0165529
5 0.499099 0.412381 0.0276654 0.0376499 0.016409
5 0.741557 0.626901 0.0432306 0.0488009 0.0163831
0 0.579167 0.446942 0.419749 0.858539 0.0163304
5 0.653301 0.369792 0.065259 0.101118 0.016167
5 0.499574 0.412943 0.0311111 0.0384795 0.0159809
5 0.618544 0.476591 0.134552 0.167544 0.0158297
5 0.490235 0.48009 0.02826 0.0356335 0.0152505
5 0.659802 0.38976 0.0643104 0.0704891 0.0147958
5 0.558033 0.537101 0.0465718 0.159798 0.0147606
5 0.63929 0.343492 0.0385286 0.0453118 0.0146682
5 0.660253 0.39543 0.0526354 0.0741075 0.0146621
5 0.247061 0.510733 0.0187731 0.0231257 0.014564
5 0.345013 0.233869 0.0597932 0.048974 0.0141758
2 0.552343 0.586033 0.044187 0.0518521 0.0141275
2 0.43097 0.531364 0.0428134 0.0748235 0.0140274
2 0.535898 0.650958 0.0419673 0.0666697 0.0139051
2 0.536927 0.650289 0.0398905 0.0608654 0.0136219
5 0.498627 0.41275 0.0268142 0.0386299 0.0136158
2 0.556824 0.483361 0.27104 0.280641 0.0130272
5 0.445318 0.466184 0.051575 0.0828185 0.0129026
2 0.62251 0.503401 0.140128 0.231033 0.0124662
2 0.572487 0.488248 0.234688 0.263548 0.0116894
5 0.741211 0.627324 0.0411901 0.0440578 0.0115546
5 0.481994 0.538 0.0208057 0.0254478 0.0115426
2 0.551057 0.583216 0.0450363 0.0587975 0.0115222
2 0.43094 0.529177 0.0432541 0.0705771 0.0114662
0 0.247522 0.519356 0.0768943 0.618752 0.01143
5 0.523986 0.438282 0.0303151 0.038045 0.0114135
5 0.505827 0.583277 0.02625 0.0301541 0.0113971
5 0.558149 0.438187 0.0238342 0.0287036 0.0113818
2 0.561764 0.560721 0.0617534 0.112137 0.0111633
2 0.298337 0.670445 0.0846794 0.0780419 0.0110651
5 0.348676 0.237277 0.0479803 0.0461525 0.0110373
0 0.569055 0.524327 0.428835 0.645429 0.0108548
5 0.558485 0.566677 0.0487737 0.0984804 0.0107561
0 0.651377 0.530243 0.266772 0.636416 0.0106694
2 0.587762 0.434264 0.190887 0.232631 0.010587
5 0.658925 0.393984 0.0592406 0.0706951 0.0105686
2 0.287008 0.672035 0.114272 0.339314 0.0105544
5 0.596169 0.46178 0.102231 0.1559 0.0104884
2 0.431434 0.529388 0.0408021 0.0687075 0.0104195
5 0.224592 0.626488 0.0210497 0.0249839 0.0102116
5 0.293538 0.665031 0.100226 0.0883797 0.0101521
5 0.345518 0.23795 0.057838 0.0512782 0.0100739
