3 0.506944 0.552459 0.528038 0.639676 0.884759
3 0.505585 0.552125 0.530153 0.642122 0.88003
3 0.501022 0.549283 0.53098 0.642036 0.867703
3 0.508378 0.546564 0.526944 0.64036 0.86447
3 0.501302 0.550147 0.529108 0.643399 0.851266
3 0.499663 0.546298 0.519021 0.64079 0.83787
3 0.502854 0.546963 0.530093 0.63721 0.829036
3 0.500213 0.546631 0.517807 0.645895 0.792217
3 0.501478 0.545942 0.521212 0.636023 0.748073
3 0.500873 0.544661 0.518104 0.641579 0.652356
3 0.329072 0.515188 0.141302 0.194303 0.0276335
5 0.707781 0.60508 0.0297552 0.0262577 0.0229231
2 0.492729 0.259344 0.0186541 0.0200418 0.0228824
4 0.455592 0.27622 0.398292 0.0866433 0.0223108
5 0.705775 0.60567 0.0244241 0.0261942 0.0216393
3 0.32463 0.523334 0.144785 0.16907 0.0202161
4 0.43842 0.277079 0.36459 0.0870803 0.0200076
2 0.472927 0.242655 0.0162728 0.0208502 0.0169797
4 0.44194 0.290325 0.382703 0.113201 0.0157005
5 0.334527 0.248554 0.0236349 0.0236185 0.0156736
4 0.465518 0.290487 0.418811 0.115855 0.0156103
1 0.248007 0.47727 0.0869009 0.471701 0.0146491
2 0.387083 0.269318 0.0190064 0.0189681 0.0127709
2 0.474514 0.242972 0.0174104 0.0213637 0.0125925
2 0.492492 0.259439 0.022427 0.0277994 0.0124333
4 0.457479 0.27612 0.450675 0.0884684 0.0124018
3 0.324411 0.516199 0.135361 0.196112 0.0118845
1 0.271753 0.47905 0.0862251 0.478172 0.0114779
5 0.346544 0.0842912 0.0591738 0.0488121 0.0112496
2 0.405604 0.253255 0.0144584 0.0179415 0.0105099
