5 0.472113 0.506933 0.102864 0.145463 0.805181
5 0.472066 0.507536 0.104969 0.144214 0.7931
5 0.472128 0.508061 0.106432 0.142156 0.754163
5 0.472331 0.508463 0.107941 0.138729 0.748226
5 0.47274 0.50668 0.10217 0.146676 0.742515
5 0.472056 0.50762 0.105808 0.142631 0.725851
5 0.472038 0.507345 0.104858 0.144813 0.716009
5 0.565203 0.26992 0.0685182 0.0792008 0.700466
5 0.56527 0.267404 0.0685677 0.080603 0.692131
2 0.538022 0.761037 0.091758 0.0668463 0.691598
2 0.538125 0.761868 0.0916001 0.0675988 0.665914
5 0.471782 0.506626 0.106894 0.141289 0.650757
5 0.565741 0.266884 0.0681574 0.0805111 0.644593
5 0.56529 0.268718 0.0676794 0.0794415 0.629868
5 0.472303 0.509309 0.107891 0.13824 0.61493
5 0.471879 0.507557 0.10448 0.143673 0.613516
5 0.565313 0.269579 0.068374 0.079462 0.59547
2 0.677779 0.671014 0.0618518 0.0845229 0.579782
5 0.565602 0.268003 0.0678936 0.0795978 0.577673
2 0.538263 0.760818 0.09 0.0683544 0.568
2 0.677979 0.671958 0.0599228 0.0825845 0.537219
2 0.678425 0.6707 0.061406 0.0836623 0.53125
2 0.538142 0.761401 0.090331 0.0677467 0.523089
5 0.564839 0.269311 0.0754451 0.082516 0.505922
2 0.677998 0.671681 0.0597826 0.0813565 0.484767
2 0.538042 0.761773 0.0913265 0.0708129 0.482124
2 0.537739 0.760637 0.0895984 0.0675053 0.473242
2 0.677844 0.671916 0.0586819 0.0822147 0.466515
2 0.678754 0.670931 0.0628684 0.0839256 0.451173
2 0.538749 0.761593 0.0879298 0.0693154 0.44709
2 0.538468 0.760633 0.0907482 0.070894 0.410513
2 0.67831 0.671309 0.059593 0.0808039 0.406247
2 0.679029 0.670835 0.0610018 0.0826099 0.402674
5 0.565509 0.26799 0.0695664 0.0812477 0.401467
5 0.566156 0.267624 0.0685509 0.0812003 0.390881
2 0.538023 0.759874 0.0884851 0.0674207 0.380697
2 0.538572 0.760955 0.0906392 0.0695209 0.330962
5 0.566083 0.266978 0.0693301 0.0822229 0.303376
5 0.565758 0.26728 0.0696343 0.0832399 0.189601
1 0.51408 0.163702 0.428208 0.145347 0.188136
2 0.537772 0.762419 0.0939075 0.0674776 0.176612
2 0.677248 0.67086 0.0646013 0.0852354 0.16828
5 0.564244 0.268011 0.0773666 0.0840883 0.165954
3 0.550324 0.527794 0.452585 0.573594 0.153624
3 0.630983 0.469918 0.225849 0.354648 0.147984
3 0.494134 0.650784 0.30236 0.251473 0.130372
2 0.538146 0.762639 0.0949558 0.0689906 0.12936
1 0.503039 0.15739 0.45512 0.128534 0.119445
3 0.497865 0.664269 0.306954 0.243617 0.110151
5 0.678116 0.671535 0.0594593 0.0827028 0.109707
1 0.521021 0.172849 0.443558 0.163614 0.106644
3 0.633203 0.484199 0.226117 0.395076 0.102125
3 0.546775 0.481394 0.442104 0.446124 0.0956327
3 0.624725 0.46264 0.237665 0.342822 0.0846048
3 0.543993 0.473737 0.453006 0.44797 0.0827981
3 0.490905 0.65871 0.295796 0.234734 0.0792242
3 0.622232 0.497832 0.234817 0.412974 0.0788882
3 0.494709 0.620636 0.311426 0.326444 0.0784592
1 0.503886 0.161373 0.447337 0.140759 0.0779352
3 0.554169 0.521188 0.456027 0.580959 0.0770699
3 0.63451 0.503416 0.222948 0.411122 0.0704818
3 0.624837 0.462679 0.23773 0.352715 0.0686779
3 0.489767 0.640657 0.305443 0.241378 0.066848
3 0.491035 0.630377 0.298863 0.307453 0.0664641
3 0.492711 0.664877 0.300524 0.228461 0.0639651
5 0.679346 0.670598 0.0653399 0.0858651 0.0600581
3 0.626343 0.461773 0.222563 0.338678 0.0584164
3 0.490938 0.660637 0.312202 0.27114 0.0514927
2 0.678026 0.671902 0.0596309 0.0840637 0.051126
1 0.495223 0.161688 0.464933 0.137141 0.0478774
3 0.628883 0.526178 0.221367 0.478206 0.0473569
3 0.652982 0.460744 0.263814 0.504318 0.0463955
1 0.518825 0.163722 0.450742 0.145468 0.0429127
3 0.599524 0.473612 0.266983 0.366396 0.0416231
3 0.628306 0.507083 0.21148 0.436912 0.0399772
3 0.490975 0.612378 0.305493 0.264039 0.0379178
3 0.54997 0.512848 0.445487 0.525531 0.036009
3 0.656485 0.441655 0.259114 0.472272 0.034883
0 0.521778 0.396134 0.346041 0.263299 0.034201
1 0.525414 0.15738 0.44613 0.123551 0.0313671
1 0.504093 0.179648 0.431337 0.171173 0.0310449
1 0.258183 0.559125 0.11841 0.56393 0.0301425
2 0.787513 0.460808 0.0315689 0.0403549 0.0300114
5 0.473394 0.507586 0.107556 0.13765 0.0299951
5 0.388182 0.518644 0.134875 0.5075 0.0292264
3 0.559579 0.516506 0.459772 0.574776 0.0291144
3 0.545901 0.499681 0.456467 0.524569 0.0283256
1 0.266784 0.557497 0.13106 0.566509 0.0282571
0 0.522843 0.458684 0.366832 0.402995 0.0259864
3 0.630216 0.476586 0.227393 0.330706 0.0257702
1 0.533247 0.0578342 0.552195 0.115668 0.0247968
3 0.602991 0.459091 0.340356 0.421224 0.0231338
5 0.539543 0.760785 0.0880615 0.0697207 0.0222767
3 0.486391 0.597927 0.29583 0.3752 0.0215717
5 0.386463 0.540609 0.131078 0.515795 0.0207383
2 0.787103 0.458956 0.0367903 0.0482384 0.0206313
1 0.267444 0.561049 0.129539 0.581376 0.0205347
2 0.786958 0.460949 0.0309446 0.0395921 0.0201207
0 0.517472 0.370444 0.323965 0.208963 0.0200919
0 0.533316 0.381766 0.35968 0.233768 0.0198883
3 0.557641 0.536312 0.448773 0.607136 0.0190619
3 0.626531 0.456458 0.230188 0.333369 0.0185041
5 0.47363 0.507272 0.10024 0.147222 0.0183608
3 0.632644 0.513928 0.226748 0.420369 0.0177042
1 0.257268 0.517468 0.117845 0.605159 0.0174112
1 0.520758 0.0559089 0.586798 0.111818 0.0172661
1 0.516357 0.171359 0.418743 0.156325 0.0167517
3 0.497957 0.601508 0.327221 0.364079 0.0164609
1 0.266733 0.523188 0.133024 0.592613 0.0164454
0 0.533061 0.464319 0.385181 0.412858 0.0163295
3 0.47535 0.617051 0.264595 0.319668 0.0159081
3 0.626861 0.511302 0.215029 0.441124 0.0158764
1 0.259262 0.555232 0.119041 0.591487 0.0156008
5 0.390866 0.488987 0.138578 0.488834 0.015221
3 0.388407 0.518607 0.126247 0.482515 0.0151883
1 0.545794 0.0602287 0.522238 0.120457 0.0149396
1 0.268745 0.575505 0.12929 0.564836 0.0148469
3 0.474561 0.657554 0.262556 0.232638 0.0147819
1 0.245254 0.562837 0.112552 0.551425 0.0146486
1 0.49602 0.0550246 0.58952 0.110049 0.0144169
5 0.565396 0.26913 0.0706242 0.081905 0.0143913
5 0.538217 0.760223 0.0930634 0.0730676 0.0143814
3 0.559364 0.590168 0.480299 0.752655 0.0143693
3 0.462976 0.66146 0.216342 0.181058 0.0139416
1 0.471441 0.0547192 0.587389 0.109438 0.0138729
1 0.515499 0.162178 0.447032 0.134864 0.0136205
0 0.502626 0.419156 0.311225 0.306182 0.0134658
3 0.556427 0.516583 0.454754 0.560797 0.0131903
1 0.494872 0.157005 0.48325 0.133222 0.0130623
1 0.519728 0.183465 0.436689 0.182427 0.0129992
5 0.47322 0.501947 0.0989719 0.136499 0.0126549
3 0.473793 0.661187 0.22463 0.180221 0.0125793
3 0.452027 0.653541 0.22355 0.175535 0.0125692
3 0.550252 0.497213 0.399181 0.427226 0.0119597
1 0.502805 0.167628 0.440097 0.14954 0.0118689
0 0.501994 0.460944 0.327346 0.411357 0.0118007
1 0.540336 0.0561694 0.518635 0.112339 0.0117435
1 0.451556 0.0550954 0.575169 0.110191 0.0115804
0 0.386505 0.529973 0.128068 0.496945 0.0115707
3 0.460853 0.653674 0.243151 0.169866 0.0113292
3 0.646339 0.566292 0.294964 0.737543 0.0113207
1 0.469854 0.185928 0.396038 0.177619 0.0111385
3 0.468163 0.590206 0.252522 0.390305 0.0104989
1 0.245155 0.520748 0.109253 0.598524 0.0104047
3 0.47422 0.663431 0.262665 0.222749 0.0104036
1 0.553576 0.0590669 0.495359 0.118134 0.0102303
3 0.548778 0.506428 0.475244 0.579877 0.0100169
