0 0.633181 0.390012 0.620209 0.772356 0.802126
0 0.628768 0.38658 0.634541 0.772671 0.798768
0 0.631419 0.388434 0.620916 0.758494 0.765
0 0.628597 0.386844 0.631628 0.758359 0.760059
0 0.630531 0.392319 0.622671 0.759031 0.727594
0 0.627249 0.385742 0.63268 0.760317 0.721515
0 0.627734 0.392875 0.625748 0.761952 0.718891
0 0.63352 0.389384 0.622085 0.755585 0.71855
0 0.635426 0.389404 0.623498 0.767892 0.714602
0 0.631848 0.392352 0.621784 0.756865 0.287052
5 0.792156 0.501936 0.0330564 0.0394096 0.177212
5 0.790357 0.501627 0.0340285 0.039516 0.167471
5 0.791635 0.502158 0.0364071 0.0423617 0.160394
5 0.791259 0.501091 0.0393321 0.04423 0.157662
5 0.790272 0.50325 0.0412724 0.0457641 0.146232
5 0.791681 0.503689 0.0409931 0.0467234 0.142965
5 0.522671 0.270482 0.0352285 0.0380523 0.112052
5 0.522957 0.269857 0.0307577 0.0328641 0.0982525
5 0.791295 0.502032 0.0514663 0.0508447 0.0915854
5 0.523494 0.269605 0.0385027 0.042265 0.0882175
5 0.523642 0.268855 0.034063 0.0367441 0.087245
5 0.791489 0.501629 0.0512008 0.0513461 0.0806704
5 0.788181 0.501696 0.0465548 0.0489345 0.0714964
5 0.523475 0.269344 0.0372543 0.0391039 0.0702705
5 0.791354 0.499631 0.048307 0.0495676 0.0698016
5 0.791109 0.500175 0.0495061 0.0498181 0.0644863
0 0.627966 0.386375 0.635673 0.770604 0.0621017
5 0.52226 0.270071 0.0425233 0.0444994 0.060483
5 0.523084 0.26878 0.0385484 0.0413558 0.0548696
5 0.522682 0.269217 0.0411657 0.0426497 0.0525758
5 0.654578 0.128069 0.0511837 0.058073 0.0525589
5 0.789647 0.500311 0.0505279 0.0520504 0.0523857
5 0.79056 0.505186 0.0566036 0.0575632 0.0481098
5 0.654614 0.127333 0.0499294 0.060827 0.0465266
5 0.65442 0.127704 0.0478438 0.0574868 0.0402765
5 0.657532 0.126104 0.0622339 0.0638265 0.0398192
5 0.655008 0.125264 0.0540619 0.065318 0.0375716
5 0.78833 0.504557 0.0489239 0.052438 0.036725
5 0.653311 0.127823 0.0467226 0.0583989 0.035317
5 0.653576 0.126235 0.0550726 0.0627102 0.0328769
5 0.524282 0.266244 0.0476438 0.0493298 0.0316146
5 0.654075 0.127465 0.0481648 0.0579415 0.0288196
5 0.654709 0.126148 0.0512292 0.0631135 0.0226714
0 0.735301 0.380377 0.416232 0.737517 0.0213095
0 0.607302 0.496758 0.576986 0.548881 0.0174118
0 0.633439 0.366174 0.619444 0.728661 0.0170459
5 0.216338 0.164468 0.0289648 0.0338393 0.0164121
5 0.79101 0.501702 0.0643445 0.0596153 0.0135024
5 0.441101 0.211919 0.0383327 0.048429 0.0133937
0 0.623828 0.485855 0.613782 0.570649 0.0126573
0 0.730744 0.389173 0.436407 0.762122 0.0124757
0 0.627164 0.485496 0.615313 0.571756 0.0124157
0 0.630939 0.212386 0.622092 0.421075 0.0121227
5 0.440833 0.21106 0.0407286 0.0488392 0.011978
5 0.441158 0.211469 0.0352172 0.044729 0.0118941
5 0.440792 0.210148 0.0416666 0.0512493 0.0107958
0 0.752895 0.380009 0.376636 0.732863 0.0107901
0 0.468991 0.385012 0.306039 0.759832 0.0107198
