4 0.493433 0.47741 0.784551 0.937755 0.766793
4 0.495624 0.476911 0.790728 0.935086 0.750043
4 0.492833 0.483504 0.787035 0.95442 0.737057
4 0.492977 0.482628 0.780829 0.95194 0.730748
4 0.493475 0.479102 0.785746 0.927617 0.719884
4 0.49478 0.478368 0.787441 0.93601 0.714716
4 0.492309 0.458304 0.777953 0.905057 0.683661
4 0.491052 0.461094 0.784481 0.9136 0.656143
4 0.493503 0.458502 0.788256 0.908756 0.564593
4 0.50661 0.466734 0.808866 0.907692 0.132573
1 0.488836 0.0542981 0.433188 0.108596 0.0755953
1 0.482337 0.0530131 0.441416 0.104552 0.0659695
1 0.473252 0.0528974 0.420499 0.105795 0.0593386
1 0.501332 0.0562264 0.438631 0.112453 0.0505769
2 0.569791 0.427383 0.0267171 0.0299332 0.0478847
1 0.479561 0.0535539 0.46951 0.1061 0.0471243
2 0.570048 0.426719 0.0314537 0.035116 0.0465057
1 0.471613 0.0529148 0.424806 0.103257 0.0408307
1 0.4598 0.0529007 0.363746 0.105801 0.0337809
2 0.569613 0.426988 0.0329397 0.0373544 0.0329316
2 0.56956 0.427187 0.0302228 0.0331256 0.0278278
2 0.569811 0.42701 0.0323119 0.0351456 0.026471
2 0.571676 0.426599 0.0369648 0.0397758 0.0171714
1 0.456372 0.0536025 0.371066 0.103839 0.0169578
1 0.506821 0.0592275 0.457694 0.118455 0.016357
2 0.571593 0.426814 0.034885 0.037478 0.015007
2 0.569322 0.426717 0.0337004 0.036928 0.0144264
1 0.481447 0.0454848 0.414117 0.0906115 0.0142156
2 0.570036 0.426266 0.0392993 0.0395129 0.0141365
1 0.48197 0.0550323 0.483671 0.109217 0.0130163
1 0.478073 0.0445042 0.440762 0.0888325 0.0112526
4 0.48727 0.268792 0.782427 0.450878 0.0111461
4 0.266104 0.602548 0.32327 0.664431 0.0107814
4 0.488548 0.252705 0.770375 0.457662 0.0107387
