2 0.540527 0.405123 0.0973563 0.100519 0.846431
2 0.537946 0.405239 0.0998905 0.104187 0.796132
2 0.708283 0.545139 0.0688483 0.0797287 0.791403
2 0.537214 0.405864 0.0997175 0.0999704 0.784141
2 0.707535 0.54458 0.0710317 0.0812662 0.75988
2 0.53963 0.405378 0.0978237 0.0992246 0.757664
2 0.707342 0.545319 0.0707331 0.0798078 0.749889
2 0.70852 0.545586 0.0680765 0.0794511 0.73974
2 0.539501 0.406449 0.099139 0.103614 0.723051
2 0.708006 0.545956 0.0728069 0.0864404 0.606484
2 0.538699 0.405535 0.100232 0.103303 0.589309
2 0.708103 0.545378 0.0745216 0.0860186 0.58089
2 0.709014 0.544494 0.0659559 0.0818862 0.53527
2 0.538985 0.405556 0.110281 0.103544 0.526596
2 0.540018 0.405595 0.105252 0.106268 0.475926
2 0.708267 0.544712 0.0722568 0.0824417 0.441265
2 0.709212 0.545147 0.0730947 0.0827326 0.408769
2 0.710292 0.545284 0.0649575 0.080458 0.396283
2 0.222675 0.682839 0.132649 0.0633105 0.30459
2 0.538538 0.40519 0.0982897 0.100579 0.302782
2 0.225237 0.683813 0.132577 0.062356 0.253397
2 0.541411 0.405172 0.0998792 0.103504 0.238123
2 0.224163 0.684302 0.132891 0.0642496 0.21838
2 0.244534 0.682846 0.173681 0.137471 0.208231
2 0.537961 0.404574 0.100299 0.102793 0.206673
2 0.537885 0.405899 0.0964303 0.0991708 0.204696
2 0.537454 0.406752 0.0979731 0.103029 0.203171
2 0.536671 0.405625 0.0911442 0.0982642 0.196948
2 0.243632 0.747517 0.174251 0.275643 0.18789
2 0.240163 0.691001 0.16319 0.124369 0.186499
2 0.708219 0.543735 0.073461 0.0848943 0.185114
2 0.223892 0.683317 0.127895 0.0592625 0.174613
2 0.245096 0.742433 0.183957 0.278805 0.169647
2 0.238469 0.68134 0.163393 0.134253 0.160496
2 0.22536 0.681548 0.132701 0.0661631 0.160486
2 0.709096 0.544402 0.0775992 0.080503 0.157586
2 0.237491 0.688802 0.159045 0.12837 0.136536
2 0.225125 0.68405 0.131995 0.0650799 0.129561
1 0.578403 0.550794 0.476636 0.54107 0.124781
2 0.225173 0.674182 0.13394 0.0874031 0.123649
2 0.708534 0.546059 0.0794973 0.0838525 0.121579
2 0.230904 0.681014 0.12616 0.0570068 0.12114
2 0.539998 0.406597 0.100677 0.103284 0.111172
2 0.710546 0.546101 0.0744238 0.0891141 0.11004
2 0.22559 0.683479 0.128369 0.0615329 0.108643
2 0.709469 0.544599 0.0756264 0.0800175 0.0941241
2 0.224083 0.680462 0.124025 0.0631407 0.0915688
2 0.246763 0.682599 0.0817479 0.0525291 0.0843759
2 0.539463 0.40458 0.111209 0.10901 0.0623557
2 0.2407 0.685794 0.167096 0.147242 0.0597909
2 0.244139 0.772921 0.175154 0.265864 0.058985
2 0.239972 0.76666 0.191674 0.31574 0.0525353
2 0.23606 0.680256 0.161069 0.14703 0.0508416
2 0.540416 0.403955 0.0963096 0.0990781 0.0507011
1 0.576869 0.557436 0.46336 0.529889 0.0505078
2 0.236636 0.710314 0.183269 0.144516 0.0494097
2 0.219226 0.674873 0.116528 0.0711574 0.0475516
1 0.576409 0.550725 0.477513 0.540056 0.0461767
2 0.551378 0.38425 0.0812524 0.061041 0.0459137
2 0.543926 0.405673 0.102844 0.106166 0.0411993
2 0.544268 0.403894 0.113478 0.106179 0.0411272
2 0.536735 0.406974 0.096079 0.100176 0.0399609
2 0.212983 0.657678 0.108056 0.0939947 0.0381521
2 0.236827 0.737209 0.158525 0.265435 0.0367392
2 0.211243 0.653543 0.107223 0.0919996 0.036435
2 0.234849 0.696877 0.199272 0.143042 0.0361128
2 0.556678 0.38217 0.0659929 0.0566717 0.034635
2 0.228967 0.681587 0.14518 0.145454 0.0332351
2 0.531535 0.412353 0.0811254 0.085771 0.0311712
2 0.259223 0.683851 0.0469307 0.0527452 0.0309607
2 0.22374 0.681171 0.127711 0.0645025 0.0289887
2 0.249953 0.783814 0.173071 0.303764 0.028756
2 0.2245 0.757241 0.226532 0.316622 0.0274472
2 0.710298 0.550344 0.0591946 0.0688295 0.0261093
2 0.206034 0.652262 0.098158 0.09084 0.0242109
2 0.564199 0.379939 0.0533291 0.0518453 0.0240944
5 0.234626 0.833475 0.0320061 0.036504 0.0238262
5 0.235608 0.833955 0.0361754 0.0394317 0.0236829
1 0.579709 0.556569 0.479322 0.527909 0.0208293
2 0.223893 0.682398 0.131718 0.0672019 0.0208084
2 0.709518 0.545815 0.0707056 0.0791874 0.0202704
5 0.234717 0.833714 0.0359306 0.0412187 0.0202161
2 0.233678 0.684316 0.10084 0.0620085 0.0201137
2 0.218701 0.665945 0.118641 0.0987764 0.0200807
2 0.263701 0.683155 0.0880224 0.058026 0.0191251
2 0.258988 0.714148 0.126253 0.120143 0.0189119
2 0.208862 0.74959 0.23922 0.300629 0.0186315
2 0.233039 0.675225 0.130565 0.0831297 0.0174168
2 0.2654 0.700373 0.100424 0.0889993 0.0173128
5 0.192679 0.818681 0.0350403 0.0402681 0.0166176
5 0.235437 0.833451 0.0375034 0.0428644 0.0161884
2 0.293134 0.737926 0.0644874 0.170258 0.0158675
5 0.193853 0.81852 0.0330377 0.0373537 0.0156575
5 0.236375 0.833286 0.0318379 0.0371917 0.0154742
2 0.709521 0.547084 0.0672153 0.0774229 0.0152284
5 0.193381 0.817705 0.0344886 0.0393476 0.0138834
5 0.23448 0.833839 0.0367777 0.0395424 0.0137442
2 0.205811 0.653625 0.0960624 0.0881269 0.0134956
2 0.564608 0.381354 0.0541801 0.054868 0.0122916
1 0.574684 0.689872 0.507584 0.266375 0.0121397
2 0.540443 0.410617 0.111026 0.119919 0.0118982
2 0.279634 0.727479 0.0872384 0.148557 0.0117833
2 0.560358 0.382211 0.0597216 0.0559001 0.01163
1 0.580903 0.666572 0.48848 0.311627 0.0113369
5 0.233656 0.832217 0.0416681 0.0475364 0.0111847
2 0.271795 0.720414 0.107029 0.137245 0.0110449
1 0.574755 0.554696 0.472932 0.529053 0.0104448
2 0.255655 0.697752 0.128277 0.0882705 0.0103511
