5 0.37376 0.532905 0.0569318 0.0607976 0.528723
5 0.386836 0.451592 0.0487179 0.0586381 0.512086
5 0.38654 0.451225 0.0494586 0.0585652 0.51146
5 0.372596 0.53361 0.0588018 0.0594073 0.51014
0 0.528315 0.522662 0.439788 0.582735 0.491155
5 0.372562 0.532363 0.0625145 0.0647564 0.488745
5 0.388154 0.451387 0.0453253 0.057411 0.487199
5 0.373442 0.533102 0.0587137 0.0604455 0.485444
5 0.373824 0.534042 0.055895 0.0571251 0.476197
5 0.651759 0.441759 0.0610354 0.0697493 0.472913
5 0.387374 0.451891 0.0445734 0.0568492 0.471193
5 0.387804 0.451088 0.0462101 0.058456 0.469118
5 0.388178 0.45197 0.04426 0.056056 0.467153
0 0.527119 0.523566 0.440384 0.583004 0.463737
5 0.374375 0.534115 0.0542229 0.056913 0.458792
0 0.530094 0.520324 0.431005 0.580751 0.443136
0 0.532216 0.519369 0.441831 0.574991 0.439832
5 0.650611 0.442631 0.0634017 0.0701082 0.434847
5 0.65129 0.442827 0.0579535 0.0685579 0.420572
0 0.526591 0.520006 0.440275 0.581045 0.420333
5 0.651857 0.442708 0.0594496 0.0692799 0.418669
5 0.650642 0.442118 0.0644848 0.0715028 0.40939
5 0.651281 0.442201 0.0615427 0.0690344 0.400296
0 0.525061 0.521177 0.438657 0.577626 0.381006
0 0.527698 0.51938 0.432001 0.578729 0.377036
5 0.387073 0.452462 0.0498842 0.0587018 0.363212
0 0.532211 0.516687 0.431146 0.571471 0.353709
5 0.387665 0.452283 0.0419759 0.0550053 0.350845
5 0.373365 0.534038 0.0504938 0.0560997 0.336914
5 0.373043 0.533226 0.0577579 0.0599887 0.3345
5 0.650929 0.442928 0.0622681 0.0702443 0.313815
5 0.387497 0.451815 0.0496595 0.0618644 0.308853
5 0.652146 0.443271 0.0567436 0.0685336 0.296287
5 0.439159 0.331393 0.0409275 0.0455456 0.282764
5 0.439041 0.329942 0.0435718 0.0451087 0.276442
5 0.37381 0.535127 0.0532601 0.0559939 0.275099
0 0.534824 0.51658 0.451933 0.584339 0.268808
5 0.38661 0.452565 0.0430755 0.0559658 0.260419
