5 0.517394 0.695384 0.0462932 0.0556209 0.307419
5 0.517441 0.695072 0.0475642 0.0568542 0.278972
5 0.517961 0.696078 0.0418632 0.0540141 0.27235
5 0.517303 0.69604 0.0417474 0.0563849 0.2643
5 0.516442 0.695171 0.0512023 0.0599 0.263834
5 0.518074 0.6964 0.0401228 0.0534491 0.261055
5 0.51625 0.695258 0.0523813 0.0611083 0.25164
5 0.517118 0.696779 0.0410957 0.0547784 0.24353
5 0.630913 0.360937 0.0258694 0.0283558 0.177856
5 0.516401 0.694218 0.0553285 0.0609847 0.153558
5 0.632253 0.360976 0.0258379 0.029044 0.145638
5 0.517619 0.697235 0.0417727 0.0552126 0.139157
5 0.0993744 0.566124 0.0726314 0.137425 0.133006
5 0.0985749 0.565748 0.0822401 0.142042 0.13279
5 0.63209 0.361856 0.0332429 0.0349373 0.131471
5 0.0996929 0.564729 0.0754697 0.136226 0.112832
5 0.631285 0.361301 0.0346307 0.0355936 0.108196
5 0.516225 0.696716 0.0580523 0.0634637 0.107791
5 0.0984943 0.565389 0.0712329 0.138115 0.102238
5 0.636135 0.365583 0.0358966 0.0419311 0.0976595
5 0.0964976 0.56569 0.0746199 0.13566 0.0962867
5 0.0988048 0.563833 0.0733139 0.136413 0.0957953
5 0.516984 0.697586 0.0432006 0.0556719 0.0937777
5 0.0182717 0.068471 0.0359217 0.0569427 0.0918436
5 0.630618 0.361332 0.0353153 0.0365846 0.0895652
5 0.0202712 0.0668175 0.0398818 0.0740586 0.0863571
5 0.0203855 0.0687602 0.040771 0.0653105 0.0858021
5 0.101007 0.565147 0.0878723 0.138686 0.0836988
1 0.508834 0.343198 0.469851 0.315801 0.0833158
5 0.645543 0.391564 0.027284 0.0310902 0.0829877
5 0.0183397 0.0680127 0.0361477 0.0599458 0.0810672
5 0.0176384 0.0689143 0.034263 0.0550032 0.0765384
5 0.0173759 0.070115 0.0330561 0.056007 0.0741649
5 0.0980347 0.565478 0.0691701 0.131269 0.0684547
5 0.646722 0.392 0.0247092 0.0285283 0.0676478
1 0.503262 0.350495 0.479195 0.324217 0.0668696
5 0.0176212 0.0696365 0.0352424 0.0568603 0.0610892
5 0.365914 0.395343 0.0291842 0.0352603 0.0581538
5 0.36638 0.395557 0.0346206 0.0406719 0.0553029
5 0.0213393 0.0664308 0.0426786 0.0666259 0.0550575
5 0.0209282 0.0676913 0.0418563 0.0672145 0.0537428
1 0.502994 0.341204 0.478434 0.327108 0.0509192
5 0.0985561 0.565928 0.0726119 0.134856 0.0490441
5 0.0169493 0.0699714 0.0332786 0.0578484 0.0478596
5 0.646002 0.39129 0.0288278 0.0343256 0.0462947
5 0.645109 0.392316 0.0270803 0.0322685 0.0455607
1 0.496779 0.328945 0.476046 0.316316 0.0445872
5 0.365431 0.395969 0.0358126 0.0411631 0.0441299
1 0.497681 0.346148 0.480875 0.345211 0.0439824
5 0.366954 0.395089 0.0334159 0.0392804 0.0432074
5 0.939634 0.453984 0.0453788 0.0611536 0.0422721
5 0.639325 0.377302 0.0499502 0.0640099 0.0414068
5 0.097952 0.566096 0.0691168 0.135585 0.0409376
5 0.940367 0.454537 0.0440244 0.0584687 0.0408483
5 0.939568 0.455361 0.0496613 0.0627481 0.0407476
5 0.535651 0.236112 0.0282667 0.0337573 0.0398861
1 0.50495 0.347147 0.480295 0.304536 0.0386319
2 0.419774 0.721578 0.20951 0.210081 0.0385682
5 0.637614 0.377796 0.0513789 0.0625011 0.0385517
5 0.939661 0.455549 0.042616 0.0598341 0.0378427
1 0.515473 0.342029 0.462269 0.319538 0.037797
5 0.940371 0.456053 0.0411911 0.0564854 0.037546
5 0.536816 0.235055 0.0329995 0.0401541 0.0371695
5 0.140456 0.767148 0.0209435 0.0259438 0.0364285
1 0.506041 0.338495 0.476458 0.327079 0.0357686
5 0.629699 0.365794 0.0439299 0.0508046 0.0353272
5 0.939378 0.45384 0.0518855 0.0626392 0.0351614
2 0.399714 0.702992 0.198884 0.251363 0.0350076
5 0.517968 0.69438 0.0616115 0.0655421 0.0347807
5 0.0214769 0.0690501 0.0429539 0.0677282 0.0344515
5 0.939833 0.455807 0.0497772 0.0645266 0.0333982
2 0.4392 0.727406 0.259537 0.211735 0.0324297
1 0.501315 0.370194 0.477049 0.367194 0.0320046
5 0.515843 0.697261 0.0557185 0.0637348 0.0319193
5 0.0976285 0.567443 0.0662603 0.128633 0.031541
1 0.553871 0.632339 0.184473 0.237502 0.0314881
5 0.939815 0.456839 0.0382088 0.056107 0.0313516
2 0.460915 0.735841 0.296639 0.199954 0.0286464
5 0.939522 0.457107 0.0418781 0.0577648 0.0283627
5 0.0229838 0.0630113 0.0459677 0.085562 0.0257981
5 0.534494 0.235783 0.0383217 0.0461964 0.0256055
5 0.0961203 0.573095 0.0722433 0.122787 0.0253404
1 0.536824 0.629844 0.186916 0.225743 0.0253253
5 0.100943 0.564628 0.0830118 0.136295 0.0242016
5 0.141316 0.767375 0.0289916 0.0316834 0.0240469
1 0.508806 0.363864 0.202842 0.255008 0.0230837
2 0.441999 0.727385 0.259752 0.223501 0.0229558
5 0.536474 0.235673 0.0290321 0.0327794 0.0228767
1 0.502977 0.465649 0.472529 0.493184 0.022842
5 0.535782 0.235977 0.0331333 0.0381328 0.0228235
2 0.387614 0.687916 0.202774 0.290035 0.0226676
5 0.534736 0.237805 0.0383517 0.0475447 0.0220127
1 0.507474 0.367594 0.216823 0.248566 0.020817
1 0.486135 0.362498 0.208047 0.256819 0.0201535
5 0.114436 0.563944 0.126761 0.155594 0.0199273
1 0.552413 0.632118 0.186606 0.257461 0.0198157
1 0.526299 0.370152 0.21257 0.249955 0.0194837
5 0.640478 0.689033 0.0205456 0.0241846 0.0191385
2 0.470145 0.760566 0.323901 0.2354 0.0189019
5 0.140477 0.768618 0.0315184 0.0365659 0.0188629
1 0.535489 0.633632 0.184922 0.248206 0.0188421
1 0.528012 0.367518 0.196789 0.256512 0.0182211
5 0.635022 0.364368 0.04986 0.0490874 0.0175168
1 0.498469 0.556869 0.475901 0.423582 0.0172294
2 0.398028 0.732763 0.266195 0.260144 0.0168284
2 0.413325 0.699434 0.210978 0.257518 0.0160278
5 0.631052 0.370456 0.0490205 0.0610839 0.0159755
1 0.454703 0.633221 0.221794 0.247574 0.0159029
5 0.138549 0.766424 0.0334333 0.0344646 0.015665
5 0.534725 0.236173 0.0388873 0.0476681 0.015262
5 0.94022 0.457851 0.0408251 0.0603749 0.015206
1 0.489583 0.358057 0.204011 0.244735 0.0150363
5 0.365581 0.395425 0.0447923 0.0488643 0.015021
5 0.366207 0.394655 0.0456002 0.0485001 0.0149185
1 0.513097 0.360016 0.199525 0.239766 0.0148501
1 0.485607 0.365396 0.222959 0.250049 0.0148366
5 0.536719 0.237354 0.0423518 0.0500762 0.0146136
1 0.503523 0.431891 0.47946 0.472286 0.0145363
5 0.940696 0.453988 0.0521614 0.0658721 0.014336
1 0.432432 0.62172 0.194934 0.230956 0.0142916
1 0.541924 0.615116 0.212802 0.221739 0.0141941
1 0.57782 0.629389 0.185937 0.253279 0.0133285
5 0.0977623 0.573702 0.0645504 0.11818 0.0132282
1 0.42953 0.628661 0.199854 0.24138 0.0131951
5 0.717046 0.509465 0.0652008 0.0750072 0.0131682
5 0.363368 0.397055 0.0593509 0.0478912 0.0129788
1 0.495759 0.390763 0.473131 0.448002 0.0129143
5 0.328108 0.494236 0.066818 0.0814126 0.0128586
1 0.461888 0.623027 0.220315 0.233039 0.0127384
5 0.142049 0.767729 0.0280467 0.0326373 0.0126223
1 0.460001 0.360946 0.208011 0.254682 0.0125857
5 0.0971647 0.554802 0.0689049 0.110392 0.0124879
1 0.480179 0.637027 0.238873 0.255419 0.0121204
1 0.532678 0.37202 0.242896 0.234477 0.0121001
5 0.631895 0.362675 0.0511139 0.0488412 0.0120037
5 0.940734 0.456497 0.0537603 0.0694052 0.0119804
1 0.511002 0.636576 0.204799 0.252134 0.0118627
2 0.486505 0.746988 0.327002 0.191359 0.0118112
1 0.461573 0.357288 0.205826 0.244649 0.0118066
2 0.49985 0.754236 0.333532 0.185482 0.0117502
1 0.533315 0.364764 0.198426 0.240081 0.0117123
5 0.0962314 0.553449 0.0631536 0.106147 0.011686
5 0.326284 0.49417 0.0679555 0.0774546 0.0116686
1 0.516261 0.62827 0.201077 0.226323 0.0114298
2 0.439256 0.792857 0.318219 0.338804 0.0113984
5 0.535897 0.233587 0.0370871 0.0438854 0.0113936
1 0.502338 0.535156 0.472183 0.447854 0.01139
5 0.138948 0.767215 0.0356809 0.0398813 0.0113241
5 0.698054 0.508719 0.105394 0.0761586 0.0113024
5 0.45935 0.446457 0.363997 0.158412 0.0112581
5 0.941274 0.455722 0.0540161 0.0711554 0.0111154
5 0.694843 0.557729 0.0165439 0.0216378 0.0109207
5 0.0197505 0.0687182 0.0390575 0.0818515 0.010848
5 0.0962619 0.590448 0.0716816 0.0924273 0.0107503
5 0.364427 0.395666 0.044741 0.0469335 0.0104742
5 0.431355 0.692161 0.238572 0.273957 0.0103723
1 0.563888 0.372231 0.267693 0.237298 0.0100983
