0 0.502392 0.514718 0.415726 0.492401 0.33387
0 0.504034 0.513842 0.414701 0.491291 0.313014
0 0.506886 0.515101 0.421789 0.491688 0.307177
0 0.495143 0.513915 0.395075 0.501 0.291771
0 0.504154 0.515393 0.425562 0.491292 0.27626
0 0.507374 0.516072 0.42397 0.490131 0.258519
0 0.497579 0.515862 0.403485 0.500811 0.255525
0 0.50136 0.515498 0.420867 0.489392 0.244539
0 0.498465 0.515626 0.407627 0.503894 0.235248
0 0.494225 0.51041 0.396825 0.492625 0.179206
5 0.660478 0.577915 0.0721249 0.103888 0.131936
5 0.661135 0.589599 0.0738999 0.132325 0.114472
5 0.659718 0.584218 0.0829231 0.137768 0.102078
5 0.660774 0.576904 0.0700806 0.0993927 0.101465
2 0.518153 0.664425 0.13942 0.155836 0.101402
5 0.661236 0.58825 0.0708523 0.12475 0.0839911
5 0.660494 0.576789 0.0721522 0.102953 0.0833186
2 0.547748 0.663403 0.199146 0.169314 0.0775061
5 0.133504 0.0186164 0.0276966 0.0326337 0.0765115
5 0.133389 0.0192741 0.0328232 0.0370581 0.075942
2 0.54093 0.663115 0.184213 0.172388 0.0743429
5 0.661809 0.582697 0.0905567 0.161045 0.070361
5 0.134581 0.0186891 0.0252718 0.0295745 0.0696168
2 0.556152 0.668182 0.210031 0.177022 0.0670588
5 0.13464 0.0191741 0.0307503 0.0361171 0.066832
5 0.940161 0.459578 0.052115 0.0617595 0.055155
2 0.513111 0.664313 0.131527 0.157627 0.0546456
5 0.660766 0.570158 0.0812936 0.13559 0.054577
5 0.940254 0.460562 0.0501958 0.0604777 0.0524417
5 0.93997 0.459799 0.0488574 0.0595318 0.0512083
5 0.66055 0.575736 0.0718771 0.0985459 0.051064
5 0.940945 0.460096 0.0454844 0.0582522 0.0453711
5 0.133535 0.0193342 0.0320733 0.0354607 0.045343
5 0.939233 0.45965 0.0504662 0.0625238 0.0432739
5 0.939704 0.459743 0.0457414 0.0595747 0.0431521
5 0.133752 0.0186483 0.0314371 0.0339176 0.0388466
5 0.940956 0.46106 0.0423476 0.0554876 0.0374896
2 0.546142 0.614275 0.197983 0.27038 0.0370838
2 0.513122 0.599113 0.13574 0.290979 0.034403
5 0.939895 0.46142 0.0442846 0.0570406 0.0342883
2 0.663643 0.358808 0.121812 0.168142 0.0339995
2 0.665262 0.413336 0.143578 0.282507 0.0339587
5 0.941308 0.462117 0.0498364 0.061619 0.0322536
5 0.535659 0.603819 0.181905 0.279491 0.0307531
5 0.939592 0.459923 0.0573273 0.0656236 0.0302073
2 0.506871 0.667341 0.116322 0.15271 0.0301716
5 0.66065 0.573163 0.0738204 0.104264 0.0296143
5 0.940666 0.462354 0.0402194 0.0554544 0.0259465
2 0.507197 0.609441 0.140316 0.28679 0.0252562
5 0.661157 0.5861 0.0761518 0.141171 0.0232229
2 0.512795 0.6709 0.140912 0.181809 0.0220211
5 0.56418 0.649177 0.243807 0.218988 0.0207002
5 0.417344 0.326596 0.0857854 0.0971083 0.0182779
2 0.662614 0.341444 0.122368 0.140898 0.0180179
5 0.557443 0.676774 0.224225 0.166996 0.0175348
5 0.407974 0.353278 0.111838 0.162934 0.0165114
5 0.939426 0.462782 0.0417679 0.0565401 0.0152224
2 0.486311 0.606838 0.17914 0.318371 0.0145878
0 0.50801 0.66583 0.128266 0.146909 0.0145404
2 0.50237 0.667738 0.11377 0.1457 0.0142604
5 0.568295 0.617219 0.259085 0.281395 0.0139138
2 0.658912 0.379748 0.129134 0.213808 0.0137358
5 0.411041 0.345684 0.113975 0.168602 0.0135358
2 0.471008 0.591335 0.212512 0.275545 0.013171
2 0.545051 0.694705 0.14372 0.0895195 0.0128922
2 0.671856 0.423255 0.151371 0.294089 0.0127941
3 0.511067 0.664395 0.135213 0.149969 0.0127236
0 0.52341 0.627457 0.382813 0.281479 0.0127104
5 0.136161 0.0187089 0.0402136 0.0366141 0.0126902
2 0.411191 0.347521 0.106187 0.134006 0.0125608
5 0.515412 0.597777 0.145329 0.246425 0.0125283
5 0.129587 0.0192811 0.046301 0.0373433 0.0120483
5 0.660757 0.573378 0.0740706 0.100946 0.0118082
0 0.506464 0.623938 0.41831 0.293222 0.0117376
2 0.482894 0.601865 0.188165 0.267884 0.0115218
2 0.541471 0.697266 0.15493 0.0901222 0.0112368
5 0.421079 0.312799 0.0848684 0.0747245 0.0112165
5 0.605484 0.535622 0.0213394 0.0223155 0.0109748
5 0.637816 0.511133 0.0936717 0.0375605 0.0108153
5 0.662608 0.552004 0.0816047 0.159983 0.0105828
2 0.501124 0.605792 0.131368 0.271613 0.01034
5 0.483651 0.353635 0.312335 0.222367 0.0101517
2 0.476354 0.346029 0.310805 0.180445 0.0101135
