3 0.518685 0.515274 0.499968 0.572384 0.483818
3 0.518865 0.518771 0.498851 0.575586 0.459128
5 0.737413 0.561704 0.0672465 0.0858922 0.455306
5 0.73821 0.561463 0.0675192 0.0878695 0.45387
3 0.520501 0.516249 0.501685 0.578761 0.435946
3 0.517664 0.51384 0.495672 0.574024 0.410918
3 0.516304 0.515789 0.494356 0.579165 0.393176
5 0.738166 0.56083 0.0646702 0.0819252 0.387423
3 0.517055 0.514774 0.494683 0.58158 0.341589
0 0.512815 0.511622 0.479229 0.58474 0.332901
3 0.513308 0.51215 0.48039 0.574677 0.316132
3 0.513771 0.51363 0.481562 0.579046 0.314043
5 0.7366 0.560286 0.0657915 0.0806011 0.293158
5 0.737897 0.559898 0.071888 0.0907885 0.290827
5 0.737933 0.561521 0.0719504 0.0887704 0.276622
5 0.737163 0.560777 0.0652078 0.0836055 0.258085
