3 0.114413 0.59618 0.228302 0.787648 0.689057
3 0.11364 0.595476 0.22728 0.782145 0.673382
3 0.113856 0.600219 0.226413 0.789557 0.666444
3 0.112581 0.597457 0.225163 0.788778 0.66476
3 0.113043 0.59873 0.226085 0.78407 0.657446
3 0.112934 0.599145 0.225288 0.786534 0.64627
3 0.114338 0.59045 0.228675 0.777913 0.635647
3 0.112219 0.597512 0.224437 0.784872 0.613667
3 0.113591 0.595282 0.227183 0.781013 0.608947
3 0.113069 0.599755 0.226137 0.77575 0.548476
1 0.579261 0.5 0.835793 1 0.0984144
1 0.578407 0.498389 0.834575 0.996778 0.0939403
1 0.602493 0.497212 0.795013 0.994424 0.0589846
3 0.552676 0.499201 0.875284 0.998402 0.0278322
1 0.578727 0.497465 0.835253 0.99493 0.027318
1 0.602932 0.497892 0.792364 0.995783 0.0223394
3 0.550811 0.497436 0.875972 0.994872 0.0184234
5 0.666017 0.821935 0.0349012 0.049541 0.0166584
5 0.666175 0.820877 0.0385377 0.0582361 0.0145921
1 0.602254 0.5 0.795493 1 0.012479
5 0.666481 0.823642 0.0281185 0.0405295 0.0109205
5 0.665945 0.822318 0.0360972 0.0535067 0.0106541
