3 0.522422 0.496047 0.685323 0.974649 0.703281
3 0.524516 0.49604 0.685713 0.968304 0.680561
3 0.525293 0.496775 0.691118 0.971583 0.647812
3 0.526786 0.505496 0.693863 0.952181 0.635018
3 0.529656 0.499775 0.701903 0.965744 0.616314
3 0.527561 0.493264 0.692597 0.986527 0.509297
3 0.528761 0.522482 0.676756 0.91717 0.450424
3 0.530042 0.518613 0.682096 0.929589 0.448161
3 0.530766 0.493878 0.70164 0.987368 0.308328
2 0.738254 0.568521 0.070895 0.148395 0.189423
2 0.739307 0.568594 0.0713618 0.148643 0.188826
3 0.521333 0.493716 0.680869 0.972801 0.164821
2 0.736561 0.569785 0.0680825 0.144228 0.114219
2 0.738416 0.568639 0.0728135 0.14813 0.109801
2 0.732187 0.567893 0.0570931 0.138019 0.0930018
2 0.725136 0.538575 0.042202 0.0758039 0.0778645
2 0.437822 0.187495 0.0409211 0.103369 0.0705369
3 0.528699 0.52519 0.684331 0.928405 0.0622134
2 0.796963 0.41683 0.0620626 0.0877987 0.0611524
2 0.438212 0.187309 0.0354505 0.0985358 0.0577548
2 0.73125 0.562534 0.0587449 0.125367 0.0561276
2 0.735573 0.469844 0.212701 0.344345 0.0556924
3 0.530193 0.437129 0.504073 0.647036 0.0523198
2 0.739184 0.569185 0.0755774 0.14815 0.0507637
3 0.539493 0.456386 0.471342 0.675598 0.0452455
2 0.436917 0.187107 0.0414835 0.0983618 0.0424997
2 0.7977 0.418324 0.0622356 0.0859804 0.042398
2 0.740128 0.569992 0.0641622 0.146866 0.0423547
2 0.742212 0.573027 0.0637148 0.139861 0.042269
2 0.797045 0.418403 0.0619968 0.0840244 0.04045
2 0.797664 0.41727 0.060103 0.0828235 0.040196
2 0.724603 0.534263 0.0402524 0.0672648 0.0395624
3 0.530987 0.462839 0.522556 0.690114 0.0384317
2 0.437617 0.188054 0.0385754 0.0980895 0.0380813
2 0.436816 0.187969 0.0423169 0.101386 0.036593
2 0.796179 0.414151 0.0613237 0.0874469 0.0365827
2 0.797117 0.415913 0.060168 0.0849217 0.0360428
3 0.518342 0.439725 0.524028 0.65818 0.0342888
3 0.534786 0.430527 0.454584 0.62797 0.0330991
2 0.436948 0.18658 0.0460617 0.0992237 0.0330052
2 0.71469 0.374365 0.0222649 0.033957 0.0322568
2 0.435771 0.186043 0.0447804 0.101457 0.0299563
2 0.797339 0.414318 0.0616192 0.0768338 0.0296849
2 0.796929 0.413318 0.0612193 0.079934 0.0295726
2 0.715105 0.374224 0.02393 0.0334943 0.028832
2 0.795995 0.415227 0.0668471 0.0951117 0.028739
2 0.726439 0.544825 0.0439085 0.0916384 0.0286762
2 0.747533 0.489351 0.200731 0.297185 0.028524
2 0.737443 0.421759 0.250647 0.445915 0.0268325
2 0.500681 0.478019 0.0191666 0.033862 0.0262249
2 0.437732 0.187675 0.044151 0.0997029 0.0258756
2 0.437415 0.188931 0.0365 0.100187 0.0257097
3 0.51488 0.466302 0.541476 0.694953 0.0253491
3 0.525474 0.409276 0.4422 0.576484 0.0250713
2 0.437531 0.186826 0.0445168 0.112381 0.0237115
2 0.742839 0.567509 0.0858375 0.157531 0.0221374
2 0.434706 0.18359 0.0488468 0.106907 0.0217942
3 0.505661 0.458116 0.507324 0.695987 0.0213997
2 0.737582 0.567025 0.0838013 0.15744 0.0208975
2 0.711805 0.44415 0.285556 0.404285 0.0200233
2 0.501098 0.480156 0.0206944 0.0333004 0.0184694
2 0.795878 0.412219 0.0660471 0.0890609 0.0178857
2 0.530532 0.81495 0.0240496 0.0682542 0.0178562
2 0.720545 0.537514 0.0453756 0.0772421 0.0176896
2 0.43692 0.186452 0.0491702 0.102081 0.0175318
2 0.676795 0.519404 0.0706405 0.068134 0.0173239
2 0.438577 0.187662 0.0420448 0.102119 0.0169894
2 0.529811 0.813632 0.0232833 0.0722437 0.0164886
3 0.510505 0.432429 0.490118 0.659987 0.0158398
2 0.500238 0.478409 0.0199039 0.0328922 0.0157186
2 0.740089 0.56791 0.0739873 0.151836 0.0151842
2 0.672594 0.513605 0.0571102 0.0601532 0.0150047
5 0.353333 0.548383 0.123063 0.083287 0.0149033
2 0.798466 0.419167 0.0621225 0.0834431 0.014826
2 0.726111 0.540103 0.042406 0.0850287 0.0145123
3 0.564964 0.455748 0.459116 0.664044 0.0144066
2 0.760058 0.528345 0.115435 0.228799 0.0143915
2 0.53014 0.812184 0.0275994 0.0765448 0.0143619
2 0.749634 0.421403 0.242337 0.442749 0.0141987
2 0.773325 0.53078 0.0820551 0.2138 0.0139046
3 0.492602 0.453276 0.481336 0.697104 0.0138674
2 0.529644 0.815355 0.0295502 0.0768655 0.0138152
2 0.540178 0.228543 0.0677519 0.181516 0.0138097
2 0.499629 0.481237 0.021023 0.0324399 0.0135972
2 0.693904 0.522695 0.110651 0.115583 0.0133762
2 0.716203 0.535921 0.0667873 0.0805084 0.0131861
2 0.529764 0.813286 0.0287133 0.0775984 0.0129423
2 0.702797 0.687261 0.0636282 0.1741 0.0128868
2 0.713959 0.374954 0.0293952 0.0381478 0.0126588
3 0.518989 0.413611 0.471171 0.590853 0.0125866
2 0.761939 0.522243 0.111084 0.217411 0.0125368
2 0.773337 0.524418 0.0802966 0.207539 0.0122213
5 0.350716 0.547438 0.123267 0.102291 0.012215
2 0.703762 0.682727 0.0646694 0.168259 0.0120305
2 0.7588 0.537382 0.118802 0.230316 0.0119672
2 0.75611 0.5614 0.116214 0.171782 0.0118916
0 0.211587 0.497976 0.421563 0.991223 0.0116723
5 0.354287 0.5459 0.112473 0.0618613 0.0116637
5 0.352034 0.546441 0.119809 0.0876733 0.0114576
2 0.77425 0.525613 0.0777678 0.19419 0.0111436
0 0.224501 0.5 0.44864 1 0.0111177
2 0.982134 0.846743 0.0227118 0.0271748 0.0110966
2 0.771639 0.534691 0.0867367 0.224339 0.0110794
2 0.542729 0.236984 0.0758136 0.224129 0.0110241
0 0.20071 0.5 0.399824 1 0.0109286
2 0.444876 0.145426 0.0420508 0.111489 0.0105845
3 0.61681 0.512738 0.446928 0.649101 0.0105721
2 0.720017 0.540909 0.0488155 0.0914002 0.0105606
5 0.353832 0.546061 0.113867 0.062057 0.0104837
3 0.571544 0.495788 0.478952 0.671771 0.0104324
4 0.385186 0.278474 0.102047 0.15865 0.010429
2 0.675801 0.510547 0.0604612 0.0484511 0.0103337
2 0.443215 0.161426 0.0617992 0.156988 0.010223
4 0.392783 0.280627 0.122759 0.163127 0.0101323
2 0.979066 0.58412 0.0209487 0.0247555 0.0101103
3 0.542458 0.492224 0.483113 0.68893 0.0100843
