0 0.522987 0.497436 0.736417 0.94025 0.447132
0 0.523402 0.496996 0.740565 0.939496 0.435316
0 0.524675 0.499357 0.745852 0.935986 0.39545
0 0.524218 0.500316 0.736366 0.933948 0.395413
0 0.523589 0.499636 0.737218 0.931884 0.339831
0 0.52178 0.498508 0.733652 0.940793 0.335352
0 0.524522 0.497304 0.748937 0.932472 0.314799
0 0.524993 0.49717 0.738607 0.932393 0.282875
5 0.499674 0.699983 0.027658 0.0365692 0.224631
0 0.522926 0.498675 0.74263 0.93347 0.216053
5 0.499671 0.699906 0.0280573 0.0365533 0.211631
5 0.499634 0.69844 0.0315572 0.041872 0.163893
5 0.49981 0.698638 0.0314582 0.042171 0.158266
0 0.520702 0.497772 0.73189 0.931759 0.147528
5 0.546169 0.768154 0.0288692 0.0383233 0.116322
5 0.546117 0.767093 0.0295073 0.0408735 0.101713
5 0.499749 0.701685 0.0335197 0.0427281 0.0997238
5 0.499574 0.700675 0.0333381 0.0443944 0.0995161
5 0.545214 0.768848 0.0333796 0.0453684 0.0760148
5 0.545408 0.768402 0.0338492 0.0471553 0.0708044
5 0.546578 0.768069 0.0335928 0.0425845 0.0611701
5 0.546461 0.767173 0.0336681 0.0449908 0.0592627
5 0.501873 0.699604 0.0409817 0.0430251 0.0415597
5 0.547229 0.76921 0.0354798 0.0487941 0.0387997
0 0.751819 0.506165 0.286399 0.917679 0.0309941
5 0.545801 0.768884 0.0361475 0.0526759 0.0285965
5 0.54738 0.770258 0.037933 0.0478893 0.0285689
0 0.715134 0.503675 0.355824 0.918079 0.0260025
5 0.502014 0.699214 0.0420018 0.0500923 0.0254902
0 0.753577 0.503724 0.278879 0.916059 0.0252957
5 0.496881 0.699798 0.0396571 0.0472801 0.0232627
0 0.724668 0.501711 0.332599 0.922317 0.023223
5 0.501517 0.701773 0.0433269 0.0504177 0.018766
0 0.523114 0.495655 0.735231 0.936705 0.0178155
3 0.78984 0.506012 0.210704 0.922265 0.0177568
0 0.752352 0.506881 0.290162 0.928144 0.0173526
3 0.785931 0.505967 0.222334 0.9223 0.0158386
3 0.81778 0.476575 0.145781 0.756467 0.0156063
3 0.754033 0.503538 0.277289 0.929812 0.0151197
5 0.496694 0.697339 0.0402419 0.049824 0.0144349
3 0.819681 0.489935 0.143276 0.782219 0.0140059
0 0.598182 0.496457 0.593959 0.934847 0.0127883
0 0.578335 0.49952 0.638892 0.93093 0.0115716
0 0.727412 0.501424 0.325811 0.926479 0.0109894
5 0.496608 0.701966 0.0415109 0.0534869 0.0102804
0 0.709011 0.505359 0.37235 0.925352 0.0101022
