5 0.551618 0.900404 0.065427 0.0742852 0.748075
5 0.55222 0.900309 0.0644552 0.0737765 0.697508
5 0.733253 0.368357 0.0811551 0.0825591 0.667716
5 0.732599 0.367727 0.0818124 0.0831512 0.667671
5 0.733023 0.367668 0.0804467 0.0836359 0.637811
5 0.732449 0.368376 0.0828998 0.0836113 0.637138
5 0.551753 0.900666 0.0638983 0.073357 0.636417
5 0.552474 0.900582 0.0619231 0.0730163 0.605088
5 0.732297 0.367538 0.0815392 0.0857195 0.578981
5 0.552454 0.901576 0.0591835 0.0691619 0.574573
5 0.732931 0.367811 0.0801954 0.0841165 0.533996
1 0.5427 0.574665 0.530066 0.762087 0.529113
1 0.547462 0.577256 0.52894 0.76783 0.526289
1 0.543064 0.578169 0.535279 0.770146 0.523187
1 0.546902 0.574507 0.529758 0.771306 0.5119
1 0.545856 0.579706 0.535932 0.761875 0.510087
1 0.545705 0.579673 0.53293 0.765117 0.506645
5 0.55159 0.901705 0.0622274 0.0697131 0.506298
5 0.551671 0.901216 0.0626632 0.0712226 0.501512
1 0.547443 0.574516 0.526349 0.764277 0.497479
5 0.733602 0.369019 0.0799456 0.0823704 0.488326
1 0.541554 0.579872 0.537805 0.765939 0.486569
5 0.551793 0.901576 0.061989 0.0696865 0.482161
1 0.547097 0.569222 0.528285 0.771567 0.459234
5 0.732947 0.368735 0.079278 0.0819419 0.419525
5 0.552786 0.901306 0.0657914 0.0738294 0.407031
1 0.543888 0.577915 0.534106 0.76783 0.365991
5 0.730786 0.369018 0.0803403 0.0836912 0.34111
5 0.733639 0.36664 0.0848158 0.0945577 0.26716
5 0.732796 0.367612 0.0825574 0.0868618 0.263613
5 0.551433 0.903243 0.060733 0.0685788 0.237394
5 0.552238 0.901703 0.0662743 0.0726062 0.229632
5 0.551537 0.90005 0.0667289 0.0740874 0.208569
5 0.733789 0.368007 0.080866 0.0849266 0.113666
5 0.732453 0.36566 0.0864577 0.0946824 0.101887
5 0.791956 0.335417 0.0242769 0.0330965 0.0958838
5 0.791993 0.33522 0.0184706 0.0294267 0.0853995
5 0.55197 0.903122 0.0608581 0.069075 0.0785442
5 0.792873 0.335694 0.0283044 0.0385924 0.0764547
5 0.733037 0.371259 0.0838717 0.0849384 0.0631982
5 0.123948 0.564252 0.0297348 0.0375981 0.0549182
5 0.403179 0.152407 0.0174779 0.026793 0.0544363
5 0.115555 0.566295 0.0353998 0.039583 0.0499053
5 0.210689 0.427383 0.0205301 0.0307571 0.0468284
5 0.79271 0.33634 0.0240343 0.0345646 0.0447704
5 0.118125 0.564326 0.0442871 0.0464299 0.0432281
5 0.21113 0.427349 0.0188471 0.0301768 0.0427916
5 0.117168 0.564683 0.042714 0.0449982 0.0422815
5 0.210795 0.429341 0.0226267 0.033363 0.0412655
5 0.211378 0.428464 0.0199655 0.0310106 0.0381947
5 0.732135 0.368528 0.0860967 0.088134 0.0367655
5 0.121135 0.563036 0.0429217 0.0462746 0.0351468
5 0.117986 0.562032 0.0486496 0.0565768 0.0343009
5 0.365406 0.133549 0.0590461 0.0740812 0.0308066
5 0.552766 0.901246 0.0674836 0.0750367 0.0291808
5 0.118777 0.561844 0.047333 0.0529506 0.0276903
5 0.621434 0.906628 0.0170946 0.0261149 0.0276342
5 0.667589 0.316816 0.0341136 0.0492339 0.027615
5 0.119123 0.563897 0.0508083 0.0555167 0.0250294
5 0.666656 0.315582 0.0321788 0.0458893 0.0239812
2 0.705691 0.841263 0.0184083 0.0284376 0.0230906
5 0.62136 0.904487 0.0177385 0.0275899 0.0227225
5 0.667519 0.316684 0.0332869 0.0492715 0.0219454
5 0.405242 0.152334 0.0224765 0.0332057 0.0215651
5 0.730921 0.371693 0.0834774 0.0846163 0.0215432
5 0.402916 0.150417 0.0189756 0.0342596 0.0210089
2 0.231965 0.486387 0.0195787 0.0282778 0.0203116
5 0.730068 0.367519 0.0911211 0.101284 0.0201074
5 0.115267 0.565866 0.0421614 0.0468239 0.0196443
1 0.641416 0.489506 0.363016 0.92327 0.0191578
1 0.6561 0.494263 0.317573 0.891551 0.0182885
5 0.102517 0.681536 0.0172903 0.0260779 0.0181998
5 0.369337 0.12996 0.0522796 0.0696264 0.0181962
5 0.667192 0.316261 0.030748 0.0445774 0.0180402
1 0.430113 0.564556 0.299654 0.745335 0.0170038
5 0.620788 0.906235 0.0229071 0.0333303 0.0167229
5 0.0809874 0.687424 0.0174699 0.0251293 0.0163881
1 0.680782 0.482291 0.273622 0.914821 0.0161722
5 0.115172 0.564282 0.0450954 0.0513968 0.0141782
1 0.680361 0.487407 0.27047 0.90727 0.0132466
5 0.365164 0.134366 0.0600661 0.0810839 0.0131101
5 0.121054 0.56172 0.0477251 0.0542392 0.013105
5 0.9847 0.699562 0.0210973 0.0264363 0.0125388
5 0.370086 0.129321 0.0508352 0.0721046 0.0115434
4 0.0657461 0.0801439 0.13031 0.160288 0.0108035
5 0.991056 0.702019 0.0150187 0.0253787 0.0101956
4 0.048935 0.0883747 0.097098 0.176749 0.0101196
1 0.437687 0.569141 0.31648 0.752488 0.0100106
