2 0.615171 0.108219 0.0191423 0.0259044 0.192006
2 0.635956 0.718156 0.0236073 0.0299342 0.186123
2 0.465907 0.176841 0.0205905 0.0262294 0.163729
2 0.240142 0.627572 0.0153317 0.0238845 0.142642
2 0.481766 0.13019 0.0191926 0.0288474 0.14029
2 0.515912 0.169033 0.0212475 0.0282184 0.129468
2 0.482155 0.131063 0.0195033 0.0290798 0.125305
2 0.706831 0.720416 0.0308554 0.0326297 0.124516
2 0.708092 0.214404 0.0236739 0.0320227 0.120265
2 0.708048 0.720383 0.0342239 0.0340378 0.108489
2 0.61609 0.378974 0.021237 0.0321139 0.102487
2 0.639238 0.650658 0.0234435 0.0322078 0.0993981
2 0.554744 0.887778 0.0244382 0.032044 0.0982619
2 0.61771 0.149005 0.0207254 0.0288205 0.0982514
2 0.554366 0.887327 0.0250123 0.033839 0.0942762
5 0.3263 0.335439 0.0193989 0.0285166 0.0877867
2 0.585108 0.878139 0.0244154 0.0350403 0.0874688
2 0.608031 0.825919 0.0232831 0.0311253 0.0848155
2 0.616019 0.377726 0.0211294 0.0330373 0.0845908
2 0.51636 0.167336 0.020964 0.0288637 0.0843306
2 0.222104 0.487254 0.0189453 0.0282213 0.080565
2 0.615164 0.110996 0.0238386 0.0288356 0.0792672
2 0.786681 0.51804 0.0273656 0.0355497 0.0771219
2 0.515801 0.828521 0.0304487 0.0360715 0.076682
2 0.74428 0.707579 0.0234935 0.0328857 0.0756565
2 0.708256 0.212882 0.0247142 0.033686 0.0747844
2 0.441264 0.122751 0.0244255 0.030867 0.0733296
2 0.535978 0.149781 0.016813 0.0254458 0.0727047
5 0.300684 0.732178 0.0196499 0.0290584 0.0724381
2 0.720308 0.652948 0.0243966 0.029303 0.0717694
5 0.197793 0.581993 0.021868 0.0355586 0.0709416
2 0.612846 0.568902 0.0207363 0.0269128 0.0699855
2 0.707596 0.216517 0.0248216 0.0334933 0.0688874
2 0.745281 0.708061 0.0246139 0.0352162 0.0685934
2 0.618444 0.150639 0.0194644 0.0278398 0.0684985
2 0.436245 0.884969 0.0293584 0.0414527 0.06842
2 0.618407 0.148451 0.019565 0.0277984 0.0678461
2 0.535894 0.148423 0.0168304 0.0263878 0.0672882
2 0.436444 0.885127 0.0313952 0.0452093 0.0665078
2 0.640177 0.368226 0.0251491 0.0329357 0.065539
2 0.515567 0.828163 0.0316026 0.0366152 0.0649933
2 0.635534 0.717858 0.0281368 0.0340505 0.0648907
2 0.617581 0.151422 0.0201971 0.0284078 0.0647269
2 0.619914 0.220028 0.0183296 0.0278856 0.0615306
2 0.564887 0.525821 0.0183406 0.0327323 0.0599747
5 0.198122 0.581895 0.0199918 0.0345681 0.0586775
2 0.657064 0.690369 0.0213617 0.0315057 0.0585709
2 0.515611 0.169841 0.0241417 0.032644 0.0585326
2 0.616046 0.108604 0.022114 0.0283951 0.0577381
2 0.613446 0.570246 0.0218372 0.02832 0.0567595
3 0.505221 0.498911 0.794917 0.893411 0.0561998
2 0.599842 0.49249 0.0193791 0.0280043 0.0535302
5 0.327008 0.334982 0.0209821 0.0306723 0.0525863
2 0.446357 0.124868 0.0305195 0.0299659 0.0522205
3 0.505488 0.513457 0.793208 0.872866 0.049618
2 0.423948 0.719061 0.0258843 0.0343068 0.0491733
2 0.656937 0.692507 0.0219811 0.0324656 0.0480928
5 0.301684 0.731971 0.0200219 0.0294358 0.0480623
2 0.279675 0.508738 0.017624 0.0295935 0.0477754
5 0.300824 0.731054 0.0212943 0.0322051 0.0476355
2 0.423932 0.719245 0.0278503 0.037016 0.0471185
2 0.786253 0.517184 0.028013 0.0389133 0.0449742
5 0.222436 0.485802 0.0210335 0.0322256 0.0444983
5 0.223207 0.486659 0.0196438 0.0294906 0.0437691
2 0.446483 0.126521 0.0333559 0.0338497 0.0428994
2 0.626556 0.8505 0.0232036 0.0312016 0.0417605
2 0.641372 0.473694 0.022267 0.0337702 0.0416367
2 0.436927 0.886344 0.0296884 0.0409655 0.041405
2 0.658049 0.691691 0.0209264 0.0331247 0.0408284
2 0.619723 0.218837 0.018413 0.0297555 0.0407492
5 0.182927 0.487975 0.0207381 0.0289708 0.0407043
2 0.608476 0.8252 0.0283139 0.0352924 0.0396307
5 0.347604 0.362868 0.0307538 0.0311933 0.0395893
2 0.616739 0.377219 0.0235525 0.036835 0.0394506
5 0.473131 0.264714 0.019463 0.0263895 0.0393624
2 0.378448 0.333098 0.0224683 0.0280499 0.0390944
5 0.472359 0.265285 0.0195263 0.0265552 0.038968
2 0.198096 0.58286 0.0220309 0.0373758 0.0387097
2 0.736301 0.649879 0.0254784 0.0320721 0.0385711
2 0.59393 0.253782 0.0204569 0.0275558 0.0385166
2 0.151962 0.329429 0.0178418 0.0287292 0.0380702
2 0.625025 0.849481 0.0220494 0.0315418 0.0377076
5 0.348105 0.362581 0.0268998 0.0303776 0.0376303
2 0.517168 0.830306 0.0339044 0.037964 0.0375113
2 0.43669 0.885817 0.0323084 0.0443743 0.0374232
2 0.618847 0.220008 0.0203103 0.0292098 0.03699
3 0.50554 0.502479 0.791237 0.848701 0.0368178
5 0.301029 0.731217 0.0215347 0.0329436 0.0365752
2 0.639771 0.651735 0.0276268 0.0379119 0.0360305
2 0.594122 0.255124 0.0205127 0.0272849 0.0360126
2 0.483795 0.130474 0.0229827 0.0343305 0.0356244
5 0.197854 0.583773 0.0236935 0.038733 0.0355954
2 0.40879 0.170437 0.0188693 0.0267724 0.0354026
5 0.182463 0.488476 0.0207252 0.0278942 0.0353374
2 0.521402 0.362835 0.0204514 0.0300418 0.0351659
2 0.617116 0.37781 0.0212936 0.0341031 0.0348269
2 0.318092 0.849146 0.020765 0.0341768 0.0345663
5 0.347981 0.361059 0.0268732 0.0323948 0.0344266
2 0.516303 0.829341 0.0358053 0.039359 0.033855
2 0.565438 0.525037 0.0186121 0.0315496 0.0337927
2 0.657539 0.691783 0.0214325 0.0332426 0.0330443
2 0.554413 0.888242 0.0258916 0.0340399 0.033026
2 0.790867 0.555226 0.0242914 0.0297527 0.0326904
2 0.716294 0.615639 0.0224087 0.0336363 0.0326019
5 0.491359 0.280771 0.019776 0.028405 0.0323915
2 0.708185 0.721048 0.0357747 0.038825 0.0323102
5 0.222916 0.485503 0.0212728 0.0333613 0.0322392
2 0.707905 0.214498 0.0263449 0.0366464 0.0318636
5 0.737747 0.649237 0.0223099 0.0317063 0.0312852
2 0.637281 0.823615 0.0243418 0.0309738 0.0311286
2 0.586122 0.87912 0.0273066 0.0394662 0.030998
2 0.6159 0.111072 0.0236595 0.0294738 0.0303033
2 0.790588 0.555762 0.0251507 0.0301257 0.0296565
2 0.554341 0.887077 0.0258532 0.0340755 0.0294797
2 0.787337 0.516875 0.0300478 0.038195 0.0294061
2 0.670874 0.218138 0.0189033 0.0312634 0.0284073
3 0.505821 0.510259 0.786254 0.902938 0.0282204
3 0.506444 0.503132 0.790446 0.839971 0.0279251
2 0.584905 0.879504 0.0301524 0.040305 0.0275923
2 0.707648 0.7215 0.0342863 0.0383994 0.0275874
2 0.690249 0.562959 0.0215705 0.0302842 0.0270807
2 0.416197 0.117217 0.0167426 0.024814 0.0270802
2 0.637248 0.718958 0.0316245 0.0330543 0.0269246
5 0.182647 0.486034 0.0223456 0.0332253 0.0263678
2 0.58537 0.876356 0.0278802 0.0421314 0.0262586
5 0.345112 0.353516 0.0308013 0.0391438 0.0261549
2 0.558567 0.487257 0.0187454 0.0293904 0.0260246
2 0.515149 0.168014 0.0237376 0.0329976 0.0259281
3 0.504452 0.492335 0.786779 0.915688 0.0257799
2 0.643088 0.879515 0.0213938 0.029575 0.0254844
2 0.239974 0.625922 0.0169898 0.0288527 0.0253252
2 0.440947 0.121424 0.024757 0.0370186 0.0249043
5 0.326773 0.336747 0.0249761 0.0342915 0.0245587
2 0.354416 0.148115 0.0205227 0.0320257 0.0244835
2 0.483714 0.130801 0.0219759 0.0336035 0.0244433
2 0.72154 0.716264 0.0545465 0.0383664 0.0243416
2 0.444791 0.123994 0.0316124 0.0377624 0.0242573
2 0.706722 0.718396 0.0350494 0.0412959 0.0242502
2 0.317219 0.849478 0.022688 0.0352 0.0239624
5 0.334161 0.488144 0.018459 0.0291407 0.0238758
5 0.182354 0.485916 0.0232278 0.0322145 0.0237097
2 0.70576 0.720402 0.0356038 0.0375677 0.023445
2 0.268543 0.24267 0.019558 0.0332051 0.023099
2 0.67058 0.218239 0.01876 0.0321867 0.0230784
5 0.35428 0.149618 0.0212908 0.0321679 0.022745
2 0.438033 0.889662 0.0405967 0.058079 0.022699
2 0.733066 0.651786 0.0354983 0.0369435 0.0226804
2 0.604205 0.615419 0.0202619 0.0311664 0.022595
2 0.537808 0.14965 0.0198088 0.0295615 0.0225875
2 0.379062 0.332237 0.0239691 0.0300256 0.0222344
2 0.63643 0.715153 0.0259237 0.035803 0.0222251
2 0.725285 0.65446 0.0330016 0.0327539 0.0215197
2 0.639115 0.650347 0.0283698 0.0357171 0.0203648
2 0.415268 0.115465 0.0171659 0.0275667 0.0198786
5 0.268634 0.241528 0.0211493 0.0387984 0.0198067
2 0.731311 0.351537 0.0203931 0.028299 0.0192832
2 0.637277 0.572532 0.0199755 0.0285404 0.0190037
5 0.198158 0.582292 0.0276724 0.0470839 0.0188354
2 0.636307 0.720533 0.0292667 0.0388545 0.0188277
2 0.669915 0.21961 0.0191584 0.0321683 0.0188191
2 0.506606 0.883991 0.0243231 0.0335372 0.0185191
5 0.639203 0.292046 0.0214396 0.0309087 0.0184838
2 0.614684 0.568706 0.0258779 0.0328326 0.018441
2 0.464971 0.177432 0.0272371 0.0330285 0.0184402
5 0.370814 0.712862 0.0193964 0.0311246 0.0184355
2 0.640149 0.366842 0.0279065 0.0339227 0.0183575
2 0.620291 0.828703 0.0517951 0.0411682 0.0181929
5 0.370676 0.712066 0.0206118 0.0340697 0.018061
2 0.517244 0.830378 0.0381261 0.0416675 0.0180461
2 0.790655 0.552806 0.0265212 0.0312984 0.0178876
2 0.707252 0.718786 0.0342859 0.0403212 0.0178425
5 0.320992 0.680614 0.0198761 0.0310157 0.0177987
2 0.670258 0.217814 0.0183493 0.0298762 0.017545
2 0.614386 0.828393 0.0320033 0.0365424 0.0174399
2 0.717331 0.617345 0.0258351 0.0347764 0.0172183
2 0.585959 0.878491 0.0297233 0.0398752 0.0170927
2 0.437728 0.888533 0.0387146 0.0555972 0.017089
5 0.197923 0.581877 0.0241705 0.0453146 0.0169785
5 0.328476 0.399307 0.0201128 0.0321117 0.0169127
2 0.638472 0.688892 0.0249077 0.0304209 0.01661
2 0.743255 0.55293 0.019523 0.0311832 0.0164848
2 0.604342 0.615 0.0213606 0.032982 0.016165
5 0.739709 0.408952 0.0208973 0.031522 0.0161629
2 0.636672 0.571009 0.0187459 0.0294325 0.0161559
2 0.608308 0.827533 0.031309 0.0398348 0.0160164
5 0.754591 0.379338 0.0154186 0.0251133 0.0159031
2 0.63543 0.715696 0.0290567 0.03885 0.0158559
2 0.786766 0.517005 0.029637 0.0413692 0.0157654
2 0.615881 0.570866 0.0261847 0.0317651 0.015715
2 0.718257 0.380581 0.0195525 0.0328494 0.0157036
2 0.619043 0.218688 0.0205422 0.0303084 0.0155208
2 0.593757 0.255452 0.0232337 0.0291343 0.0155186
2 0.480304 0.0197796 0.0170358 0.0237695 0.015446
5 0.363627 0.533591 0.022942 0.0288351 0.0153955
2 0.474922 0.881233 0.02903 0.0411109 0.0151544
2 0.408223 0.168533 0.0227198 0.0329016 0.0150802
2 0.717956 0.380575 0.0200609 0.0356747 0.0149985
2 0.563841 0.52538 0.0230249 0.0404319 0.0149551
5 0.737107 0.647941 0.0263126 0.040811 0.014845
5 0.425163 0.594368 0.0202703 0.0298544 0.0148297
5 0.330074 0.396896 0.019455 0.0329243 0.0147804
5 0.328294 0.397128 0.0220131 0.034387 0.0145978
2 0.355166 0.149015 0.020646 0.0315593 0.0144217
3 0.505195 0.489081 0.797974 0.914246 0.0143549
2 0.789574 0.553297 0.0287107 0.0335728 0.014317
2 0.705898 0.130843 0.0196772 0.0307296 0.0142662
5 0.328927 0.399501 0.0194857 0.0302129 0.0139528
2 0.537442 0.149256 0.0204807 0.030221 0.0137786
2 0.354813 0.148586 0.0203926 0.0314745 0.0137183
2 0.506796 0.884914 0.0242296 0.0341283 0.013667
2 0.566302 0.529243 0.0234221 0.0413184 0.0136389
2 0.571221 0.551738 0.0195042 0.0278995 0.0134821
5 0.639183 0.291304 0.0217106 0.0332169 0.0131616
3 0.595465 0.526562 0.347747 0.614609 0.0131295
5 0.521475 0.362131 0.0238212 0.0336625 0.0131253
5 0.740254 0.410606 0.0222979 0.0340274 0.0130399
3 0.596467 0.503653 0.339156 0.559118 0.012626
5 0.334325 0.486522 0.0202941 0.0341579 0.0126143
2 0.634641 0.521372 0.0221395 0.0298255 0.0125927
2 0.467322 0.176837 0.0283223 0.0318606 0.0125671
2 0.478873 0.889809 0.0239766 0.0310321 0.012431
3 0.504894 0.501277 0.794575 0.816505 0.0123637
2 0.317768 0.850892 0.0256697 0.0385262 0.0121033
2 0.745065 0.707336 0.0276023 0.0379033 0.0120688
5 0.370411 0.712905 0.0237267 0.0348201 0.0117585
2 0.593923 0.254343 0.0231644 0.0303416 0.0117506
2 0.574299 0.555916 0.0205223 0.0264041 0.0115918
2 0.743967 0.553286 0.0196782 0.0309507 0.0115364
5 0.352016 0.532172 0.0257326 0.0285828 0.011517
2 0.437354 0.892 0.0322769 0.0528707 0.0115091
2 0.441953 0.12078 0.0366681 0.0330364 0.0113006
2 0.423548 0.719736 0.0321238 0.0416554 0.0112415
2 0.736038 0.651141 0.0304407 0.0387301 0.0112253
5 0.482002 0.270459 0.0338804 0.033462 0.0111927
2 0.423838 0.718069 0.028508 0.0416283 0.0111738
2 0.406982 0.168383 0.0210241 0.0323169 0.0111627
5 0.268071 0.243717 0.028762 0.0413274 0.0111244
5 0.754862 0.377348 0.0171714 0.0287675 0.0110786
2 0.455209 0.126502 0.0465968 0.0342682 0.0110641
2 0.745625 0.708333 0.027569 0.0388598 0.0108114
5 0.366243 0.534664 0.0233893 0.029641 0.0107803
2 0.635589 0.401721 0.0217211 0.028523 0.0105772
2 0.419373 0.757527 0.0274574 0.0278502 0.0105465
5 0.640579 0.291351 0.0254796 0.0360692 0.0105054
5 0.370146 0.711659 0.0231102 0.0350427 0.0104536
5 0.365208 0.535195 0.022901 0.0301962 0.0104215
2 0.607329 0.823797 0.0257151 0.0405224 0.0104135
2 0.634373 0.519257 0.0219336 0.031503 0.0103839
5 0.472823 0.267407 0.0237921 0.0326504 0.0102145
2 0.633588 0.822779 0.0348149 0.0432861 0.0100627
