1 0.465807 0.497254 0.931613 0.994508 0.496617
1 0.468645 0.498339 0.93729 0.996678 0.463207
1 0.473071 0.5 0.946141 1 0.443766
1 0.492 0.496555 0.979003 0.99311 0.440783
1 0.436824 0.499087 0.870438 0.998174 0.421667
1 0.492533 0.5 0.985067 1 0.414783
1 0.443935 0.5 0.883026 1 0.365076
1 0.494001 0.495884 0.970396 0.991768 0.194596
1 0.413338 0.499561 0.826001 0.999123 0.174132
1 0.495757 0.549893 0.979781 0.897987 0.0684702
1 0.47208 0.550318 0.94416 0.899364 0.034753
1 0.433269 0.497357 0.861754 0.994714 0.0152175
