1 0.468894 0.5 0.937788 1 0.486931
1 0.492915 0.5 0.965752 1 0.482368
1 0.469926 0.5 0.939852 1 0.481019
1 0.492503 0.5 0.967968 1 0.472734
1 0.473963 0.5 0.947925 1 0.38616
1 0.440584 0.5 0.876086 1 0.36167
1 0.494361 0.5 0.971924 1 0.325813
1 0.440808 0.5 0.872268 1 0.072353
1 0.447085 0.5 0.887397 1 0.0660062
5 0.409654 0.171491 0.0409536 0.0650283 0.0618258
1 0.416614 0.5 0.833228 1 0.060713
5 0.410864 0.171847 0.0345704 0.0551629 0.0424102
5 0.41075 0.171422 0.040459 0.0617721 0.0411948
5 0.411107 0.173042 0.0389187 0.0586768 0.0396357
5 0.412336 0.171048 0.0469971 0.0678451 0.0333364
5 0.412564 0.173823 0.053499 0.0762091 0.0330254
5 0.411535 0.171019 0.0389004 0.0576695 0.032017
5 0.646435 0.325104 0.0414446 0.0675141 0.0282309
5 0.411345 0.172874 0.0289365 0.0455678 0.0250384
5 0.647621 0.325971 0.0315489 0.0501504 0.0247097
5 0.407332 0.173574 0.0543053 0.0842543 0.0207698
5 0.412789 0.169944 0.0506132 0.0701837 0.0204307
5 0.406003 0.175095 0.0587231 0.0941504 0.0203315
5 0.407028 0.174373 0.0559827 0.0879963 0.0179688
5 0.647057 0.32652 0.0326275 0.0518006 0.0169436
5 0.408172 0.175029 0.0587878 0.0900479 0.0156269
5 0.64796 0.325767 0.026262 0.0408367 0.0153103
5 0.648248 0.32657 0.0406129 0.0612808 0.0148821
1 0.49781 0.413597 0.934857 0.827195 0.0145647
5 0.647482 0.325499 0.0285853 0.0456762 0.0137505
1 0.462501 0.430504 0.916362 0.861009 0.0130858
5 0.649076 0.325657 0.0419362 0.0601658 0.0124893
