2 0.22705 0.605113 0.0649368 0.0949354 0.385668
2 0.227975 0.604103 0.0686668 0.0969851 0.370209
2 0.227307 0.604233 0.0704814 0.0960255 0.3374
0 0.534608 0.491339 0.656769 0.95856 0.284362
2 0.227451 0.60415 0.067451 0.0952705 0.25784
2 0.228201 0.604454 0.0698944 0.0973735 0.252828
0 0.583214 0.489663 0.555355 0.946988 0.233025
0 0.571102 0.487568 0.57632 0.950187 0.212272
2 0.227865 0.602682 0.0685764 0.0919171 0.199335
0 0.58303 0.483415 0.553248 0.934788 0.190452
2 0.227408 0.602554 0.0728416 0.0937965 0.18592
0 0.5769 0.485507 0.566436 0.945394 0.185328
0 0.576443 0.487892 0.568319 0.948086 0.18055
0 0.448747 0.494318 0.821015 0.965659 0.178805
0 0.466331 0.487884 0.781654 0.961971 0.176692
0 0.578459 0.485422 0.563222 0.941407 0.175901
0 0.556338 0.486443 0.604013 0.955217 0.170252
2 0.227261 0.605125 0.0711307 0.0966363 0.168117
0 0.441462 0.495304 0.837432 0.969916 0.113689
2 0.227888 0.60409 0.0707858 0.0980961 0.11274
2 0.22756 0.603525 0.069376 0.0940762 0.10311
3 0.585843 0.355363 0.546659 0.684359 0.0800814
3 0.580771 0.477088 0.557595 0.914159 0.0777405
5 0.230927 0.938671 0.0468314 0.0576948 0.0722958
5 0.230151 0.938951 0.0444076 0.0552982 0.0715027
0 0.446119 0.486254 0.8278 0.972509 0.0666976
0 0.446904 0.49052 0.798096 0.966685 0.0620945
5 0.230493 0.939067 0.045243 0.0557251 0.0589475
5 0.130574 0.896116 0.03416 0.0480124 0.0542662
5 0.239775 0.255492 0.0503069 0.0628357 0.0530753
5 0.155687 0.717304 0.0584372 0.0717086 0.0527927
5 0.737014 0.640837 0.194968 0.203114 0.0510275
5 0.230496 0.938232 0.0448759 0.0554687 0.0509646
5 0.155168 0.717077 0.0587221 0.072226 0.0484842
5 0.229254 0.938612 0.0455695 0.062406 0.0479042
0 0.447078 0.489778 0.870027 0.979556 0.0419915
5 0.22881 0.938929 0.0468664 0.057247 0.0414179
5 0.129771 0.895864 0.0344625 0.0500159 0.0405964
5 0.239955 0.254844 0.0482317 0.0623844 0.0400284
2 0.830151 0.878961 0.030902 0.0398444 0.0391957
2 0.82931 0.878857 0.0299739 0.0391134 0.0382461
2 0.18703 0.645023 0.0408115 0.0527699 0.0360496
2 0.130891 0.895304 0.0321539 0.0465333 0.0355261
5 0.738682 0.663935 0.213131 0.25509 0.0353593
2 0.187701 0.646115 0.0429772 0.0555803 0.0353423
2 0.829845 0.878939 0.0327404 0.0421399 0.0351011
5 0.227151 0.938394 0.0514078 0.0648978 0.0341706
3 0.59005 0.456794 0.537951 0.871887 0.0331551
0 0.56489 0.482177 0.588015 0.951959 0.0329893
2 0.838609 0.962068 0.0507184 0.0588427 0.0325028
3 0.584557 0.422537 0.394089 0.578489 0.0316863
2 0.829474 0.879087 0.0328158 0.0429628 0.0304646
3 0.59898 0.406586 0.379256 0.544039 0.0301914
5 0.156013 0.718009 0.060853 0.0758413 0.0295249
2 0.186407 0.644473 0.0394678 0.0537457 0.0289746
0 0.575367 0.482004 0.576554 0.947851 0.0289246
5 0.238997 0.256611 0.0480555 0.0596791 0.0287563
2 0.124718 0.530607 0.0281985 0.0498355 0.0286342
2 0.130859 0.895663 0.0333806 0.0475867 0.0281724
5 0.240686 0.254866 0.0584215 0.0696806 0.0273744
0 0.44851 0.497477 0.839808 0.973668 0.0265218
5 0.155569 0.716367 0.053937 0.0661264 0.0264723
2 0.22675 0.602216 0.0762233 0.0935934 0.0259663
2 0.124888 0.530814 0.0293478 0.0513664 0.0256909
2 0.228391 0.604734 0.0745497 0.0999502 0.0254622
3 0.579413 0.353351 0.544724 0.681909 0.023086
5 0.155139 0.716916 0.053604 0.0677273 0.0229655
5 0.123616 0.530724 0.0337541 0.0578843 0.0226282
2 0.839151 0.961665 0.0497581 0.0598763 0.021872
2 0.130093 0.89485 0.0340545 0.0495253 0.021286
5 0.24078 0.254239 0.0653481 0.0738714 0.0212763
2 0.839075 0.963676 0.0476705 0.0541344 0.0212418
5 0.155195 0.716655 0.0549903 0.0667885 0.0211319
4 0.276624 0.910033 0.328941 0.179934 0.0206117
5 0.734151 0.696381 0.214128 0.320844 0.0204136
5 0.239102 0.255442 0.0469491 0.0573805 0.0200542
2 0.839488 0.961123 0.0528513 0.0633309 0.0188425
4 0.310659 0.911757 0.392915 0.176485 0.0185121
5 0.871015 0.90563 0.0343754 0.0499647 0.0182734
2 0.187523 0.646018 0.0440489 0.0538702 0.0182586
2 0.838514 0.962168 0.0520032 0.0588125 0.0182159
3 0.584377 0.439428 0.394803 0.591763 0.0181643
2 0.839177 0.961481 0.0569484 0.0625125 0.0180234
5 0.123773 0.530637 0.0336162 0.0575258 0.0174518
5 0.870797 0.905605 0.0346797 0.0511584 0.0174223
5 0.229506 0.941037 0.048637 0.0574874 0.0172079
4 0.26996 0.912426 0.303712 0.175147 0.0155675
2 0.838908 0.964426 0.0476674 0.0532775 0.0153974
3 0.598298 0.413454 0.34111 0.51613 0.0147146
2 0.124799 0.52934 0.0338343 0.0572081 0.0145336
2 0.232874 0.533604 0.0219836 0.0331183 0.0145074
0 0.263472 0.894152 0.334667 0.211696 0.0142588
5 0.123879 0.530148 0.036441 0.061556 0.0135643
2 0.130762 0.894892 0.034943 0.0511395 0.0132237
2 0.838865 0.962357 0.0490252 0.0567084 0.0128851
5 0.204384 0.937159 0.105575 0.0818314 0.0128381
2 0.232262 0.532359 0.0204928 0.032449 0.012703
3 0.582865 0.413936 0.358956 0.545357 0.012681
2 0.312351 0.24272 0.050307 0.079375 0.0126604
3 0.569676 0.357503 0.533194 0.68872 0.0124615
0 0.201411 0.504162 0.38605 0.96939 0.0123128
3 0.56031 0.422164 0.356101 0.571358 0.012188
5 0.128585 0.896472 0.0417755 0.0577168 0.0118925
2 0.838952 0.961883 0.0517214 0.0610108 0.0118827
2 0.251544 0.605894 0.122865 0.122151 0.0118147
2 0.186849 0.644955 0.0409261 0.0500934 0.0118
3 0.604652 0.360516 0.507984 0.689218 0.0115253
2 0.313155 0.242953 0.0500334 0.0791716 0.0114974
2 0.155505 0.725458 0.0586023 0.0818525 0.011143
5 0.149393 0.943324 0.0232888 0.0309138 0.0110874
5 0.372585 0.949575 0.0423276 0.0619815 0.0109946
5 0.128683 0.896618 0.0423062 0.060193 0.0108573
5 0.176288 0.919011 0.0526681 0.0495511 0.0108218
2 0.831052 0.875891 0.0374399 0.0464389 0.0107078
2 0.262215 0.603982 0.0964613 0.117413 0.0105435
2 0.869931 0.905756 0.0393861 0.0562818 0.0105317
5 0.740536 0.721929 0.240302 0.374782 0.010509
3 0.616222 0.405044 0.337631 0.506794 0.0104758
3 0.579833 0.419214 0.378866 0.573417 0.0104698
3 0.583573 0.44609 0.403389 0.600763 0.0104083
0 0.28081 0.891373 0.354213 0.217255 0.0103219
5 0.241662 0.254831 0.0535297 0.0646329 0.0103119
2 0.125563 0.529653 0.0346506 0.0571858 0.010296
5 0.871721 0.905042 0.0315911 0.0479041 0.0102775
2 0.125519 0.529967 0.0341769 0.054925 0.0102498
5 0.871614 0.904735 0.0326743 0.0482013 0.0101357
2 0.817875 0.759687 0.0274264 0.0427344 0.0100989
