0 0.46383 0.503255 0.83186 0.99349 0.579637
0 0.469495 0.502938 0.835301 0.994123 0.565858
0 0.455535 0.504029 0.828929 0.991942 0.535245
0 0.469076 0.5 0.841066 1 0.522062
0 0.457052 0.499974 0.838754 0.999947 0.496707
0 0.464877 0.501397 0.836934 0.992266 0.4961
0 0.452986 0.505674 0.825032 0.988652 0.493755
0 0.461903 0.5 0.835101 1 0.48999
0 0.469331 0.501297 0.841769 0.996899 0.487827
0 0.458376 0.502022 0.831273 0.990501 0.397007
0 0.772139 0.501476 0.440498 0.997047 0.0872446
0 0.756629 0.499892 0.486743 0.999784 0.0601948
0 0.811405 0.499162 0.377189 0.998325 0.0565381
0 0.809776 0.5 0.380448 1 0.0380488
0 0.779965 0.500928 0.435516 0.997338 0.0350408
3 0.488248 0.3731 0.783084 0.742873 0.0345088
3 0.432177 0.29653 0.713262 0.59306 0.0233786
3 0.453194 0.387941 0.786789 0.770765 0.022717
0 0.811632 0.5 0.376736 1 0.0190207
3 0.485665 0.294082 0.698773 0.588164 0.016584
3 0.943614 0.515058 0.112772 0.756815 0.0144196
3 0.944655 0.48444 0.11069 0.752508 0.0143233
3 0.942341 0.543656 0.115317 0.753148 0.0129403
3 0.945247 0.45218 0.109506 0.749962 0.0119665
3 0.94097 0.574208 0.118061 0.754807 0.01135
3 0.154108 0.196164 0.308216 0.392329 0.010838
3 0.150716 0.183031 0.301052 0.366062 0.010713
3 0.941734 0.492267 0.116533 0.739911 0.0100731
