0 0.485327 0.471907 0.970654 0.934744 0.228468
2 0.220739 0.383687 0.0418273 0.0803752 0.20869
0 0.485442 0.472045 0.970884 0.923533 0.205088
4 0.409592 0.500897 0.819184 0.947497 0.201237
2 0.221323 0.382404 0.043228 0.0797011 0.188548
2 0.221168 0.381998 0.0414675 0.0783604 0.188131
4 0.474304 0.474747 0.948607 0.92799 0.184037
2 0.221517 0.382599 0.0427861 0.0805492 0.178355
0 0.476295 0.489777 0.95259 0.947595 0.178337
2 0.22123 0.381294 0.0421691 0.0786004 0.175803
4 0.428702 0.496372 0.857404 0.947116 0.171559
4 0.425098 0.498977 0.850026 0.948636 0.168954
4 0.476239 0.491816 0.952477 0.946681 0.162333
4 0.422944 0.492537 0.840627 0.94445 0.157479
2 0.221247 0.379433 0.0440988 0.0812575 0.157248
2 0.323151 0.654833 0.0908093 0.0978189 0.145221
0 0.547821 0.456022 0.892508 0.909537 0.142824
2 0.296296 0.337749 0.0873474 0.0653503 0.121044
2 0.323462 0.656968 0.0905164 0.102748 0.120535
2 0.221347 0.381843 0.0482571 0.0864726 0.120027
2 0.322349 0.650752 0.0881603 0.0963898 0.118099
2 0.0547821 0.662914 0.0388421 0.049023 0.116628
2 0.220808 0.383345 0.0416087 0.0758278 0.111579
2 0.222154 0.381182 0.0484725 0.0914756 0.107882
2 0.221758 0.382485 0.0460667 0.0862693 0.105241
2 0.240465 0.606178 0.0499882 0.0668196 0.0973275
2 0.0549367 0.662639 0.0369552 0.0465283 0.0967983
2 0.32111 0.653621 0.0917334 0.0922108 0.0840745
0 0.551832 0.456628 0.877234 0.906947 0.083015
2 0.296605 0.334461 0.0858288 0.078011 0.0766296
2 0.335576 0.860707 0.0573682 0.0591908 0.0749408
2 0.296563 0.337516 0.0902431 0.0694906 0.071587
0 0.554168 0.452334 0.873946 0.901157 0.0701056
2 0.190186 0.741592 0.0365601 0.0626347 0.0690759
4 0.107895 0.457711 0.215789 0.272361 0.0662391
2 0.242049 0.606331 0.0519018 0.0666828 0.065801
4 0.260403 0.254371 0.342202 0.429177 0.0656388
2 0.241019 0.606767 0.0524577 0.0656984 0.0655976
2 0.221118 0.378837 0.0440559 0.0808368 0.0608191
2 0.240018 0.607928 0.0508888 0.068951 0.0599561
2 0.0544419 0.662097 0.0401575 0.0516305 0.0585833
2 0.0546647 0.66223 0.0411206 0.0559998 0.0579294
2 0.241285 0.607269 0.0511416 0.0683502 0.0568452
2 0.544695 0.781175 0.135453 0.0991944 0.0567025
2 0.190995 0.741705 0.0344153 0.0594573 0.0534469
2 0.336228 0.861405 0.0529156 0.0570356 0.0524528
2 0.0546897 0.662407 0.0389337 0.0499434 0.0518707
0 0.229696 0.822548 0.32981 0.267654 0.0516308
2 0.544753 0.754329 0.133611 0.159437 0.0482173
2 0.546495 0.757207 0.131952 0.1517 0.0480219
2 0.0549663 0.662912 0.0393442 0.0529681 0.0471025
4 0.245694 0.24982 0.328066 0.436076 0.0457157
2 0.323175 0.651025 0.0868345 0.101105 0.0450523
2 0.322963 0.651811 0.0901112 0.0981546 0.0435991
2 0.29593 0.334831 0.0885242 0.0781415 0.0431446
0 0.212805 0.824356 0.291617 0.253608 0.0424637
2 0.33553 0.859545 0.0572351 0.062326 0.0423005
2 0.323752 0.652256 0.0900481 0.102491 0.0411387
2 0.296582 0.3422 0.0907693 0.066104 0.040875
2 0.242231 0.606437 0.0530781 0.066928 0.0403604
2 0.335535 0.859772 0.0553784 0.0602101 0.0401923
2 0.242089 0.607046 0.0544497 0.0692026 0.0386664
2 0.219901 0.387756 0.0389378 0.0788452 0.0374677
2 0.189433 0.74204 0.0367737 0.0659065 0.037194
2 0.334269 0.860345 0.0636506 0.0635607 0.0364127
2 0.182831 0.371139 0.049273 0.0932087 0.0362194
2 0.251004 0.439716 0.0480228 0.0538325 0.0348834
2 0.296416 0.338799 0.0880487 0.0673132 0.0345922
2 0.545707 0.755923 0.133669 0.157097 0.0334932
4 0.109335 0.507271 0.218669 0.409931 0.033267
2 0.447654 0.285169 0.100746 0.128653 0.0330223
2 0.241604 0.606291 0.0542707 0.0694929 0.0327115
2 0.290889 0.397532 0.0619005 0.0509642 0.032071
2 0.180661 0.372055 0.0457252 0.0887419 0.0320423
2 0.295399 0.344332 0.0899521 0.0690151 0.0291563
2 0.290541 0.397023 0.0479763 0.0492357 0.0290649
2 0.335222 0.85912 0.0591306 0.064786 0.028926
2 0.206956 0.379693 0.0860874 0.0937382 0.0288064
2 0.56715 0.535417 0.0628413 0.0717042 0.0286804
2 0.449732 0.287368 0.0953831 0.127792 0.0285284
4 0.233666 0.289461 0.297905 0.333891 0.0284494
2 0.221325 0.382752 0.0529489 0.0860018 0.028229
2 0.24077 0.609018 0.0593751 0.0722153 0.0279313
4 0.485317 0.452747 0.970633 0.905495 0.0275914
4 0.0832652 0.458538 0.165987 0.275021 0.0273537
2 0.445601 0.284841 0.0981184 0.132853 0.0269749
2 0.251078 0.439728 0.0475486 0.0521712 0.0267471
2 0.194659 0.540619 0.032101 0.0476873 0.0261981
2 0.251461 0.439985 0.0472779 0.055409 0.0252255
2 0.0552263 0.662131 0.0439043 0.0517555 0.0250856
2 0.180293 0.372441 0.0467862 0.08728 0.0250265
2 0.544927 0.753938 0.134505 0.169274 0.0248961
2 0.241755 0.604686 0.0545614 0.069644 0.0248246
2 0.191261 0.743884 0.0405254 0.0659672 0.0247674
2 0.240545 0.608182 0.0575828 0.0740975 0.0244043
2 0.18989 0.739416 0.0363702 0.0633625 0.0239216
2 0.241837 0.604305 0.0547345 0.0716363 0.023886
2 0.190545 0.741442 0.0343388 0.0603415 0.0236442
4 0.140526 0.45658 0.281052 0.267613 0.0231096
2 0.191261 0.741236 0.0361052 0.0591987 0.0225242
2 0.334793 0.858636 0.0604699 0.0666884 0.0221377
2 0.300195 0.331231 0.0763661 0.0825319 0.0220733
2 0.296921 0.335576 0.0883507 0.0734554 0.0219487
2 0.320228 0.652913 0.0874047 0.102303 0.0218531
2 0.251614 0.439835 0.0516877 0.0525266 0.0217483
2 0.250821 0.439441 0.0483899 0.0537211 0.0215204
2 0.446902 0.28658 0.101648 0.125569 0.0212457
2 0.301151 0.339108 0.0766234 0.065372 0.0209768
4 0.114655 0.382592 0.22931 0.376867 0.0209331
4 0.302104 0.288458 0.405497 0.343007 0.0208315
5 0.0538183 0.661346 0.049938 0.0613237 0.0203952
2 0.591047 0.629503 0.047506 0.0580444 0.0194578
2 0.0552452 0.662129 0.0446842 0.0535664 0.0191487
2 0.298425 0.342992 0.0849093 0.0612251 0.0188992
2 0.251364 0.439351 0.048562 0.0540389 0.0187965
2 0.195985 0.53855 0.0348476 0.0582831 0.0187376
2 0.33563 0.85901 0.0582334 0.0646992 0.0186265
2 0.590071 0.629082 0.0489731 0.0587589 0.0179083
2 0.287212 0.396071 0.0489691 0.0457002 0.0175632
2 0.569621 0.534913 0.0612606 0.0697054 0.0173401
4 0.0859924 0.398031 0.170676 0.338804 0.01723
2 0.302828 0.344781 0.0718607 0.0467179 0.0171808
2 0.668534 0.619245 0.11065 0.113393 0.0167626
2 0.190986 0.741493 0.0366921 0.0627003 0.0167608
2 0.180916 0.368354 0.044826 0.0854664 0.0166934
2 0.567802 0.534445 0.0619314 0.0728881 0.0166867
2 0.195996 0.534204 0.0360309 0.0627538 0.016551
2 0.188769 0.739572 0.0396596 0.0678428 0.0161666
2 0.195885 0.536643 0.0364464 0.0551187 0.0161125
2 0.331845 0.857405 0.0673552 0.069275 0.0159374
2 0.251631 0.439169 0.0507566 0.0572909 0.0158388
2 0.449505 0.288588 0.0951149 0.123783 0.0157881
2 0.19851 0.510666 0.0477605 0.0955984 0.0156348
4 0.277104 0.237794 0.37387 0.421167 0.0155991
2 0.54633 0.778062 0.12959 0.105325 0.015409
2 0.0322834 0.382985 0.0399472 0.0431733 0.0153931
4 0.228153 0.822977 0.321804 0.255612 0.0151081
5 0.0531577 0.661666 0.0494356 0.0632522 0.0149172
2 0.589429 0.629004 0.0503325 0.0602404 0.0147014
4 0.2673 0.308098 0.323354 0.286594 0.0146924
2 0.590201 0.630222 0.0493032 0.0595279 0.0146263
4 0.14072 0.512443 0.281441 0.407226 0.0145888
2 0.544372 0.770185 0.135554 0.128348 0.014516
2 0.544794 0.762568 0.1311 0.132161 0.0144391
2 0.44794 0.287194 0.0973867 0.118667 0.0143302
2 0.447958 0.286433 0.0973621 0.12411 0.0142327
2 0.251714 0.439904 0.0533519 0.0560775 0.0140589
2 0.668268 0.597524 0.0920678 0.0568459 0.014007
2 0.241886 0.607209 0.0572568 0.0757416 0.0139159
2 0.590636 0.629139 0.0471493 0.0585038 0.0138052
2 0.572505 0.538313 0.0663221 0.0764609 0.0135691
2 0.180004 0.369304 0.0460226 0.0949785 0.013538
2 0.57173 0.53795 0.0623107 0.0754322 0.0134968
2 0.545572 0.619598 0.0360341 0.0705098 0.013402
2 0.190729 0.74204 0.0386607 0.0691583 0.0133942
2 0.590458 0.628564 0.0477713 0.0568495 0.0133753
2 0.19808 0.509949 0.0474343 0.10029 0.0133024
2 0.445237 0.286569 0.0943739 0.131059 0.0132513
2 0.143152 0.838792 0.144342 0.114042 0.013241
2 0.251144 0.439874 0.0525419 0.0627581 0.0130607
2 0.251284 0.439832 0.0475847 0.0534107 0.0128935
2 0.667667 0.622105 0.107151 0.116371 0.0126708
2 0.0287166 0.384537 0.0497472 0.0682351 0.0126521
2 0.326681 0.725295 0.0624277 0.0330966 0.0125586
2 0.198347 0.514105 0.046599 0.105548 0.0121511
2 0.667567 0.622119 0.104095 0.114201 0.012126
2 0.544645 0.616382 0.0402232 0.0708613 0.0119661
0 0.219113 0.81777 0.309588 0.253437 0.0118638
2 0.180618 0.369 0.0448772 0.0852604 0.0116143
2 0.446029 0.285893 0.100447 0.128503 0.0116094
2 0.567737 0.534871 0.0595464 0.0699791 0.0114853
2 0.292586 0.390906 0.0839127 0.0615249 0.0114242
2 0.424398 0.385663 0.0441494 0.0466995 0.0113948
2 0.146902 0.843331 0.154765 0.15214 0.011367
2 0.180265 0.369958 0.0452924 0.0806347 0.0113613
4 0.0851118 0.517412 0.169591 0.442298 0.0113206
2 0.136716 0.832119 0.133279 0.10413 0.0112921
2 0.516437 0.459909 0.065607 0.0686181 0.0112477
2 0.544853 0.619338 0.0328872 0.0681186 0.0112433
2 0.196937 0.535141 0.037875 0.0655684 0.0111881
2 0.197374 0.520038 0.0410319 0.0913755 0.0111337
4 0.231333 0.27501 0.325769 0.386716 0.0110075
2 0.372857 0.298699 0.0543775 0.0533198 0.0110002
2 0.251191 0.439502 0.0530648 0.0571521 0.0109222
2 0.828277 0.60076 0.151107 0.182415 0.0109175
2 0.0322689 0.382837 0.0405302 0.0471787 0.0108746
2 0.0554602 0.661944 0.0457886 0.0576578 0.01084
2 0.693265 0.411119 0.120574 0.0848568 0.0106665
2 0.16825 0.849578 0.0406283 0.0416857 0.0106474
2 0.570068 0.53486 0.060468 0.0700429 0.0106043
5 0.0537218 0.660945 0.0530083 0.0694054 0.0105421
2 0.29266 0.341737 0.0811681 0.0586971 0.010148
