2 0.669144 0.675543 0.0217671 0.0317746 0.238417
3 0.507552 0.447741 0.643796 0.836316 0.209514
2 0.668943 0.673832 0.0211927 0.0314698 0.200151
3 0.507636 0.435891 0.641977 0.827508 0.198967
3 0.508804 0.438907 0.641262 0.813319 0.184795
3 0.509909 0.433357 0.643473 0.820345 0.182662
3 0.507169 0.428849 0.650373 0.769955 0.172178
3 0.507814 0.43072 0.648479 0.803701 0.164953
5 0.659143 0.578694 0.0284339 0.0389308 0.149018
2 0.732542 0.554164 0.0182112 0.027061 0.148565
5 0.602477 0.504637 0.0185746 0.0271548 0.140416
5 0.56069 0.363736 0.0168364 0.0242313 0.129953
2 0.669593 0.674866 0.0212187 0.0320815 0.128891
2 0.669502 0.674067 0.0209339 0.0323002 0.125461
3 0.505717 0.421853 0.640995 0.722543 0.111824
5 0.658898 0.578622 0.0283967 0.0395583 0.110305
5 0.395122 0.532265 0.0183373 0.0277362 0.110086
5 0.394553 0.53196 0.0188631 0.0292569 0.104397
2 0.731945 0.553192 0.0182649 0.0288275 0.103793
5 0.374099 0.499065 0.0164764 0.0268463 0.102872
5 0.678032 0.526691 0.0157976 0.020199 0.102636
5 0.603864 0.505066 0.0199986 0.0294931 0.0982967
3 0.519688 0.499586 0.367218 0.502698 0.0976683
5 0.375342 0.499476 0.0179535 0.025705 0.09364
5 0.658774 0.577832 0.030305 0.0424294 0.0894002
2 0.588823 0.702639 0.0216126 0.0276904 0.088319
5 0.675764 0.540906 0.0172965 0.0224508 0.087736
2 0.559774 0.717761 0.0257581 0.0297691 0.086903
5 0.355788 0.381409 0.0281215 0.0366259 0.0864056
5 0.42752 0.49539 0.0144276 0.0228416 0.0852635
5 0.387102 0.258144 0.0151981 0.0260473 0.0819829
5 0.660763 0.446111 0.0161137 0.025631 0.0810349
3 0.552759 0.49897 0.308773 0.494364 0.0776148
2 0.293024 0.476394 0.0173117 0.0268449 0.077201
5 0.602549 0.504192 0.0208309 0.032178 0.0730412
5 0.395111 0.53282 0.0192292 0.0294156 0.0720751
5 0.449417 0.50349 0.0164828 0.02421 0.071426
2 0.688633 0.335484 0.0207857 0.0310231 0.0711381
5 0.503955 0.313322 0.0194699 0.0320223 0.0711205
5 0.357048 0.410636 0.0332823 0.0302824 0.070305
5 0.353781 0.375935 0.0221085 0.0283951 0.0701322
5 0.394065 0.533762 0.0200913 0.0297513 0.0686308
5 0.561276 0.361899 0.0182411 0.0272876 0.0670061
2 0.642517 0.648326 0.0167383 0.0249079 0.0654275
2 0.704169 0.699185 0.017492 0.0258385 0.0637791
5 0.361066 0.405893 0.0338649 0.0366522 0.0635752
5 0.386324 0.257667 0.0162617 0.0302843 0.0627063
3 0.524951 0.446121 0.633194 0.71379 0.060131
5 0.172973 0.204144 0.0319982 0.0700272 0.0591075
5 0.658632 0.577685 0.0292238 0.0416787 0.0588084
5 0.365973 0.409849 0.0257123 0.0290514 0.0577571
5 0.665668 0.520865 0.012642 0.0191781 0.0570956
3 0.508113 0.49635 0.377538 0.50666 0.0556122
5 0.503471 0.31149 0.0212761 0.0358801 0.0536528
5 0.357095 0.479588 0.0151196 0.0243414 0.0534307
3 0.5055 0.429729 0.652566 0.660565 0.0530369
5 0.17338 0.203162 0.0293634 0.0680916 0.0525089
5 0.357758 0.481455 0.0154171 0.0261732 0.0512083
5 0.597381 0.532664 0.0177963 0.0208309 0.0495262
5 0.357774 0.393732 0.0323223 0.0585372 0.0489918
5 0.447997 0.503767 0.019884 0.0279184 0.0477672
2 0.699929 0.662363 0.0254302 0.0371873 0.04732
2 0.697464 0.66747 0.0232889 0.0356557 0.0472862
2 0.55988 0.719097 0.0285295 0.0307282 0.0466835
5 0.660236 0.447906 0.0164255 0.0260288 0.0465747
3 0.504839 0.433908 0.634798 0.813505 0.0463713
3 0.504292 0.515639 0.375825 0.521282 0.0457276
5 0.659761 0.579767 0.0306236 0.0436235 0.0440667
5 0.353347 0.412966 0.0248344 0.0266564 0.0440321
3 0.573421 0.502146 0.262516 0.489572 0.0439612
3 0.528479 0.502363 0.342261 0.497194 0.0433065
3 0.51798 0.521562 0.34359 0.528297 0.042645
3 0.50387 0.474772 0.366031 0.495936 0.0412695
2 0.659632 0.57945 0.0298962 0.0425576 0.0402897
3 0.500026 0.441741 0.378631 0.56242 0.0402397
5 0.519672 0.223809 0.0137783 0.0199586 0.0399255
5 0.398838 0.384187 0.0145133 0.0208684 0.0395217
5 0.370214 0.411674 0.0188213 0.026443 0.038228
5 0.453171 0.542237 0.0161418 0.0290348 0.0371629
5 0.405912 0.263712 0.0184615 0.0266853 0.0370599
2 0.691936 0.676496 0.0148849 0.0234238 0.0366541
3 0.506127 0.433658 0.644783 0.772837 0.0363907
5 0.602918 0.504822 0.0220226 0.0338932 0.0355464
3 0.508582 0.434874 0.650325 0.798445 0.0350719
2 0.531765 0.701853 0.0176446 0.024202 0.0341144
5 0.407314 0.292763 0.0189436 0.0293922 0.0337262
5 0.173499 0.201417 0.0323935 0.0738471 0.0335899
5 0.353825 0.385291 0.0244153 0.0466592 0.033218
5 0.546796 0.480006 0.0172545 0.0246425 0.0327874
5 0.503564 0.312701 0.0252095 0.0365528 0.0327773
5 0.547172 0.380917 0.0169317 0.0242986 0.0322925
5 0.538615 0.449611 0.0184401 0.0268217 0.032253
2 0.33315 0.278526 0.0161814 0.020794 0.0320306
5 0.40668 0.293856 0.019354 0.0292899 0.0318625
5 0.53978 0.44926 0.0182516 0.0227592 0.0317705
5 0.174677 0.203458 0.0429292 0.075626 0.0309047
5 0.405139 0.343707 0.0172356 0.024392 0.0307219
5 0.40674 0.270448 0.0208153 0.0368806 0.0299901
5 0.407801 0.290035 0.0192321 0.0322969 0.0294938
2 0.635717 0.700956 0.0162197 0.0263659 0.0292971
5 0.661177 0.58004 0.0370877 0.0430431 0.0287776
5 0.450393 0.467263 0.0151576 0.0210966 0.0282375
2 0.617251 0.784302 0.020495 0.0302965 0.0274681
5 0.40367 0.518243 0.0160617 0.0264385 0.0274647
5 0.449995 0.501894 0.016315 0.0276471 0.0270914
2 0.743724 0.756338 0.0273696 0.0385925 0.026922
3 0.522663 0.434141 0.634982 0.766132 0.0264064
5 0.50374 0.311557 0.0259195 0.0376421 0.0257769
2 0.664968 0.651102 0.0168765 0.0186302 0.025739
5 0.406844 0.29137 0.0203087 0.0357127 0.0255369
5 0.499017 0.252685 0.0168937 0.0229003 0.0250308
5 0.562599 0.364488 0.0219543 0.0314157 0.0249845
5 0.597013 0.567852 0.0147493 0.0231634 0.024914
5 0.599146 0.336523 0.0142077 0.0229305 0.0247443
2 0.700112 0.663417 0.0296085 0.0416468 0.0241671
2 0.700165 0.660845 0.0253069 0.0379173 0.0240192
5 0.656325 0.444665 0.0216914 0.0257546 0.0223834
2 0.643777 0.648698 0.0196098 0.0263982 0.0223446
5 0.517407 0.259969 0.0153174 0.0220829 0.0221112
3 0.562353 0.517254 0.248123 0.513646 0.0219489
2 0.689681 0.337382 0.0243303 0.035802 0.021863
3 0.578996 0.49631 0.239061 0.477584 0.0214335
3 0.503901 0.478275 0.378618 0.538185 0.0213994
5 0.419469 0.232203 0.0148269 0.0212809 0.021341
5 0.453121 0.540185 0.0197907 0.0363282 0.0212295
3 0.493514 0.428064 0.348957 0.559128 0.0209329
5 0.661096 0.577203 0.0412509 0.0575628 0.0208238
5 0.572829 0.46711 0.0198806 0.0268253 0.020772
5 0.499114 0.645157 0.0179667 0.0291154 0.0206986
5 0.568919 0.672652 0.0164186 0.0268764 0.020673
2 0.733869 0.554296 0.0211981 0.03239 0.0204785
5 0.360926 0.407856 0.0380544 0.0372777 0.0199804
5 0.547578 0.482077 0.0197654 0.0245822 0.0199431
2 0.558251 0.716367 0.0295557 0.031511 0.0189666
5 0.500307 0.252634 0.0178363 0.0217463 0.0188467
5 0.427031 0.523846 0.0129623 0.0193966 0.0185939
2 0.569221 0.673326 0.0182258 0.0284185 0.0185795
5 0.49929 0.643341 0.018692 0.0316257 0.0183949
5 0.423925 0.328565 0.0144441 0.0215169 0.0182965
2 0.559701 0.71503 0.026223 0.0348869 0.0181943
5 0.174103 0.200831 0.040735 0.077386 0.0180504
5 0.642239 0.440198 0.0138781 0.0221033 0.0179393
2 0.333114 0.563435 0.0152459 0.0234225 0.0177706
5 0.498972 0.254976 0.0174916 0.023632 0.0175899
2 0.293754 0.478075 0.0204418 0.032366 0.0171906
5 0.598843 0.537263 0.0161603 0.0205153 0.0169699
5 0.406671 0.344224 0.0199055 0.0244951 0.0169365
5 0.40255 0.590499 0.0176301 0.0264352 0.0167559
5 0.405013 0.342074 0.0183612 0.0260302 0.0164846
5 0.35559 0.482468 0.0192174 0.0303062 0.0164674
5 0.538842 0.448957 0.0199502 0.0291878 0.0164027
2 0.616738 0.784552 0.0196064 0.02748 0.0163996
5 0.488911 0.458504 0.0158539 0.0239841 0.0163469
5 0.50239 0.25536 0.0203982 0.0237292 0.0160906
3 0.541432 0.491463 0.27142 0.458584 0.0160066
2 0.589446 0.702008 0.0235685 0.0287698 0.0158675
5 0.659073 0.447206 0.0202915 0.0269548 0.015715
5 0.539459 0.44879 0.0193787 0.026909 0.0157053
5 0.391904 0.489553 0.0185077 0.0315253 0.015674
2 0.651382 0.801396 0.0346889 0.050967 0.0154771
2 0.360176 0.596784 0.0155592 0.0220542 0.0153078
5 0.562904 0.363232 0.0216077 0.033632 0.0150797
5 0.627858 0.575352 0.0174991 0.0260106 0.0150079
5 0.477422 0.652882 0.016152 0.0255721 0.0146886
5 0.606497 0.539815 0.0156378 0.0226874 0.014665
5 0.173671 0.200938 0.0347062 0.0758375 0.0146546
2 0.555401 0.599988 0.0155413 0.0196168 0.0146466
5 0.396173 0.484311 0.0154301 0.0227691 0.0146125
5 0.504813 0.315174 0.0255707 0.041429 0.0144177
2 0.724212 0.353876 0.0185405 0.0275583 0.0144061
2 0.651976 0.800918 0.0291149 0.0476877 0.014255
5 0.431457 0.473285 0.0146892 0.0182639 0.0140262
3 0.508264 0.468511 0.384609 0.519931 0.0140249
2 0.744518 0.756533 0.0302769 0.0437922 0.0137416
5 0.173414 0.200673 0.0305629 0.0727205 0.0137309
5 0.170658 0.204298 0.0463177 0.0775414 0.0134547
2 0.500123 0.644262 0.0179698 0.0283008 0.0134322
3 0.598204 0.501314 0.201016 0.474629 0.0133916
5 0.416379 0.241588 0.0176741 0.0192386 0.0132573
2 0.560065 0.740033 0.0257516 0.0204639 0.0131696
5 0.662992 0.517672 0.0147424 0.0222672 0.0128357
3 0.507881 0.495314 0.360525 0.499428 0.0128262
5 0.356088 0.479612 0.0189349 0.02729 0.0121402
2 0.589177 0.705687 0.0250772 0.0334489 0.0121001
5 0.542856 0.69096 0.0154427 0.0249655 0.0120661
5 0.552417 0.377076 0.0208737 0.0283258 0.0118835
5 0.602185 0.521768 0.0246249 0.0452134 0.011466
2 0.723249 0.353583 0.019446 0.0279779 0.0113476
5 0.60171 0.569887 0.0160784 0.0234438 0.011275
5 0.401957 0.588887 0.0185492 0.0276363 0.0111956
5 0.445407 0.468809 0.0185037 0.0229524 0.0111064
5 0.571423 0.464057 0.0169598 0.0243628 0.0110394
2 0.767812 0.61995 0.0204462 0.0289992 0.0109762
5 0.661381 0.581895 0.0377602 0.0449188 0.0108528
2 0.508773 0.795361 0.0201526 0.0257772 0.0108411
5 0.399871 0.425153 0.012837 0.02166 0.0107735
2 0.623895 0.631997 0.0174429 0.019298 0.0106433
3 0.465129 0.420618 0.291952 0.544255 0.0105814
5 0.68839 0.335962 0.0261662 0.0359362 0.0104376
2 0.6523 0.801326 0.0290389 0.045803 0.0103398
