2 0.462667 0.271198 0.067328 0.0864181 0.795101
2 0.463146 0.27067 0.0655818 0.0837375 0.788185
2 0.448634 0.749528 0.0892002 0.0701578 0.760149
2 0.449993 0.749523 0.0939517 0.070044 0.756175
2 0.462835 0.271795 0.0676392 0.0861033 0.744084
2 0.448801 0.749041 0.090661 0.0696443 0.741008
2 0.543119 0.243868 0.0767634 0.150162 0.73937
2 0.449281 0.749756 0.0911158 0.0726573 0.739072
2 0.449383 0.750262 0.0891023 0.0705089 0.739006
2 0.355986 0.681916 0.0811855 0.0661884 0.728391
2 0.542175 0.241784 0.0777853 0.146235 0.715594
2 0.449413 0.749323 0.0920187 0.0692026 0.704224
2 0.462506 0.270599 0.0664389 0.0870751 0.694677
2 0.44944 0.749451 0.0908981 0.0707371 0.688729
2 0.462373 0.272023 0.0660864 0.0824303 0.686848
2 0.541982 0.241274 0.0778592 0.144343 0.68175
2 0.581841 0.573475 0.1101 0.0843123 0.679181
2 0.463065 0.270714 0.0691322 0.0835402 0.676709
2 0.357612 0.681824 0.0810465 0.0641986 0.673937
2 0.35715 0.683345 0.0780952 0.0638533 0.673639
2 0.541558 0.241887 0.0827932 0.147783 0.671608
2 0.462352 0.270146 0.0687782 0.0867532 0.666835
2 0.582534 0.57157 0.110174 0.0851363 0.666367
2 0.581662 0.572913 0.110192 0.0829768 0.663183
2 0.462806 0.270302 0.0673877 0.0857589 0.662738
2 0.35698 0.682041 0.0802437 0.0646708 0.660732
2 0.548355 0.342519 0.099136 0.0674839 0.658136
2 0.541452 0.242126 0.0822569 0.147518 0.657605
2 0.356977 0.68198 0.0814157 0.063596 0.650222
2 0.46228 0.271017 0.0670698 0.0862132 0.650135
2 0.401087 0.561799 0.0300918 0.0549281 0.646254
2 0.542047 0.242793 0.077082 0.147552 0.644514
2 0.357454 0.682749 0.0788347 0.0646891 0.642284
2 0.580925 0.569073 0.106858 0.0855627 0.638417
2 0.541696 0.242354 0.0784097 0.146668 0.637501
2 0.582163 0.57029 0.10892 0.0841211 0.636155
2 0.528117 0.674458 0.0656249 0.0622155 0.627722
2 0.463025 0.273094 0.0684104 0.0836969 0.622065
2 0.40115 0.562991 0.0302213 0.0556526 0.619266
2 0.542415 0.244944 0.0826849 0.153265 0.614123
2 0.449857 0.750715 0.0885214 0.0706423 0.611273
2 0.400967 0.562328 0.0294815 0.0556061 0.604724
2 0.614911 0.175529 0.0427487 0.0999252 0.602623
2 0.581146 0.575066 0.113669 0.0832276 0.601935
2 0.67782 0.58289 0.0368695 0.0774317 0.591832
2 0.405465 0.353848 0.0389113 0.0673531 0.59106
2 0.527803 0.674378 0.0654989 0.0629698 0.587052
2 0.614835 0.1753 0.0421795 0.101007 0.586187
2 0.405389 0.353903 0.0396088 0.0684919 0.585023
2 0.547012 0.33981 0.103018 0.0657606 0.576659
2 0.52707 0.674213 0.0666803 0.0625933 0.569749
2 0.527695 0.67474 0.0660259 0.0623233 0.569611
2 0.675772 0.52355 0.0288357 0.0493134 0.56819
2 0.527917 0.675757 0.0662434 0.0608494 0.5675
2 0.547777 0.344232 0.0982026 0.0662592 0.567116
2 0.551772 0.463898 0.0529794 0.144693 0.561021
2 0.543075 0.243516 0.0786011 0.15022 0.55959
2 0.527333 0.675465 0.0683733 0.0609517 0.556297
2 0.675847 0.523584 0.0282404 0.0465143 0.554715
2 0.404865 0.354657 0.040153 0.0694755 0.55458
2 0.704705 0.218394 0.0453102 0.0476997 0.546364
2 0.582896 0.572293 0.110703 0.0876121 0.544244
2 0.404433 0.355227 0.0403887 0.0698341 0.542874
2 0.614525 0.175623 0.0464566 0.104109 0.540037
2 0.356894 0.682982 0.081003 0.0622986 0.538252
2 0.356277 0.681738 0.0831738 0.065682 0.538167
2 0.404828 0.354098 0.0396145 0.0686909 0.536074
2 0.614863 0.17703 0.0453698 0.0970223 0.532486
2 0.404892 0.354897 0.0400064 0.0686114 0.531321
2 0.677755 0.583006 0.0357172 0.0777178 0.531319
2 0.569211 0.854175 0.0760073 0.0571415 0.530628
2 0.551416 0.463829 0.0520988 0.140594 0.528066
2 0.251124 0.727685 0.0315864 0.0515949 0.527867
2 0.702056 0.218057 0.041378 0.0467601 0.526986
2 0.357159 0.683616 0.0791477 0.0622414 0.525945
2 0.246824 0.281347 0.0857578 0.128272 0.525151
2 0.552999 0.464927 0.0531561 0.144992 0.524305
2 0.246427 0.282343 0.0839011 0.130108 0.523758
2 0.569895 0.852446 0.07684 0.0568181 0.521144
2 0.251764 0.727562 0.0315638 0.050853 0.517003
2 0.212974 0.506842 0.0707073 0.146873 0.515777
2 0.547204 0.342294 0.100651 0.0667995 0.515712
2 0.823309 0.248172 0.0722356 0.137716 0.510661
2 0.251633 0.727069 0.0336657 0.0517845 0.508103
2 0.581922 0.572413 0.110854 0.0859667 0.505965
2 0.400147 0.563561 0.0319141 0.0576483 0.504385
2 0.590797 0.407127 0.0473127 0.0773435 0.504127
2 0.243623 0.28366 0.0752572 0.127943 0.501452
2 0.242381 0.282453 0.0714648 0.126632 0.501341
2 0.675159 0.523163 0.0304078 0.0495771 0.498899
2 0.569232 0.853658 0.0772145 0.0578508 0.498651
2 0.250852 0.727305 0.0330038 0.0519656 0.497332
2 0.765897 0.48688 0.0744098 0.0832425 0.495743
2 0.703012 0.218569 0.0429577 0.0478061 0.487495
2 0.528429 0.673356 0.0667401 0.064814 0.486471
2 0.402119 0.562306 0.0320912 0.0557735 0.484909
2 0.54611 0.345653 0.0955726 0.0646531 0.483715
2 0.614775 0.174663 0.0442262 0.103399 0.482312
2 0.213969 0.506727 0.0716904 0.144474 0.481945
2 0.678221 0.58194 0.0364497 0.0784024 0.480294
2 0.343865 0.874694 0.129584 0.0949605 0.473787
2 0.341598 0.871743 0.134801 0.0987252 0.472316
2 0.291494 0.815875 0.0589551 0.0561623 0.468584
2 0.56884 0.851538 0.0761779 0.0570131 0.467268
2 0.552177 0.464368 0.0525457 0.140737 0.466434
2 0.545699 0.346179 0.0945525 0.0616214 0.460272
2 0.344646 0.877708 0.123672 0.0897158 0.456119
2 0.67655 0.523816 0.0310641 0.0486949 0.452976
2 0.400335 0.562716 0.0319859 0.057891 0.451839
2 0.765553 0.49415 0.0724431 0.0667134 0.449749
2 0.241561 0.281245 0.0685463 0.126051 0.449042
2 0.677099 0.581646 0.0377858 0.0803214 0.447965
2 0.614391 0.172727 0.0437673 0.10738 0.447621
2 0.701885 0.218213 0.0404069 0.0465973 0.445428
2 0.30044 0.763882 0.0550628 0.0703925 0.444118
2 0.21492 0.506705 0.0658667 0.144424 0.442296
2 0.402046 0.562804 0.0318496 0.056889 0.44161
2 0.448346 0.749357 0.0893471 0.0693215 0.441348
2 0.615319 0.169634 0.0492009 0.120417 0.44111
2 0.65297 0.659145 0.0964745 0.105662 0.439295
2 0.402305 0.56306 0.0323733 0.0552925 0.439174
2 0.528469 0.673059 0.0669217 0.0651204 0.438996
2 0.776709 0.566706 0.0432851 0.0754877 0.438255
2 0.551214 0.462287 0.0506512 0.144036 0.434946
2 0.67533 0.523833 0.0308583 0.047987 0.431227
2 0.823849 0.24807 0.0718085 0.135757 0.430404
2 0.677329 0.582605 0.0371836 0.0798431 0.42688
2 0.678307 0.582385 0.0374887 0.079059 0.425456
2 0.774136 0.569147 0.0465975 0.0796686 0.421047
2 0.24307 0.283377 0.0762172 0.129377 0.418944
2 0.248134 0.2803 0.0880993 0.129881 0.418093
2 0.568869 0.851335 0.0761071 0.0568227 0.416906
2 0.263121 0.653211 0.0376277 0.077821 0.41563
2 0.300748 0.76546 0.056177 0.0734597 0.41434
2 0.344563 0.874369 0.126884 0.0974131 0.412313
2 0.400598 0.561889 0.0323524 0.0589619 0.408822
2 0.774219 0.568684 0.0478636 0.0817887 0.406111
2 0.212461 0.506692 0.0702607 0.148462 0.402749
2 0.626188 0.287341 0.0277596 0.0550807 0.401498
2 0.242155 0.282738 0.0723298 0.126397 0.400368
2 0.70536 0.219534 0.0473975 0.0521419 0.39946
2 0.625916 0.28879 0.0293501 0.0557285 0.397455
2 0.569289 0.852979 0.0763909 0.0573781 0.396671
2 0.543018 0.24292 0.0775369 0.142424 0.395099
2 0.298151 0.780085 0.0580402 0.102822 0.393559
2 0.588808 0.406859 0.0514971 0.0784563 0.392687
2 0.290242 0.814999 0.0571052 0.0539899 0.392317
2 0.765947 0.47073 0.070911 0.110844 0.391016
2 0.345742 0.878559 0.121205 0.0920589 0.390807
2 0.290918 0.814713 0.0587197 0.0596383 0.387769
2 0.58843 0.4069 0.0525677 0.0788414 0.387465
2 0.76661 0.470634 0.0721003 0.112708 0.385366
2 0.403622 0.355718 0.0412656 0.0719184 0.383127
2 0.77309 0.570051 0.0464425 0.0777952 0.379248
2 0.345213 0.873504 0.125212 0.0904153 0.378467
2 0.527691 0.674299 0.0676433 0.0619635 0.378358
2 0.678198 0.582909 0.0389588 0.0807589 0.373352
2 0.299045 0.769348 0.0624644 0.0847565 0.371613
2 0.293666 0.802821 0.063867 0.0836626 0.368793
2 0.773091 0.56997 0.0462012 0.0776115 0.36822
2 0.289856 0.814898 0.0554679 0.0566389 0.366268
2 0.556827 0.461719 0.0627585 0.147923 0.363757
2 0.262357 0.654733 0.0385983 0.0757289 0.362997
2 0.772352 0.576616 0.0447402 0.0661303 0.36261
2 0.706385 0.218744 0.0494848 0.0516067 0.359935
2 0.259384 0.654018 0.0454761 0.0775714 0.359591
2 0.586572 0.449421 0.0569279 0.166361 0.358872
2 0.587357 0.448117 0.058085 0.167933 0.357542
2 0.765561 0.49924 0.073256 0.0544605 0.352696
2 0.449734 0.749281 0.0927327 0.0703219 0.351855
2 0.765437 0.498933 0.074858 0.0559442 0.348631
2 0.678708 0.58181 0.03784 0.0798164 0.348514
2 0.626344 0.286366 0.0284113 0.0580082 0.343502
2 0.262955 0.654159 0.0371049 0.0770245 0.33979
2 0.299027 0.77248 0.0588739 0.0900547 0.338807
2 0.354996 0.198623 0.0564288 0.0443379 0.336876
2 0.547163 0.34251 0.106059 0.0653617 0.33517
2 0.823692 0.247275 0.0737658 0.134741 0.333172
2 0.545549 0.347432 0.0946041 0.0571924 0.331346
2 0.772178 0.57269 0.0440071 0.0726293 0.330206
2 0.652366 0.659545 0.0967702 0.106496 0.328343
2 0.292259 0.812652 0.0605738 0.0580396 0.327114
2 0.614621 0.162456 0.0510915 0.125 0.325461
2 0.537209 0.350771 0.0793632 0.0537711 0.323124
2 0.766306 0.469626 0.0684429 0.109455 0.322035
2 0.652345 0.658683 0.0958866 0.106288 0.321755
2 0.35665 0.682983 0.0781223 0.0624552 0.320368
2 0.341701 0.870839 0.131658 0.0992991 0.318489
2 0.589925 0.407138 0.0486268 0.0787311 0.316259
2 0.653137 0.269255 0.0272771 0.0461625 0.314373
2 0.614376 0.177957 0.0435132 0.0966597 0.312561
2 0.403174 0.356794 0.0407604 0.0724711 0.311916
2 0.256748 0.654003 0.0502806 0.0779561 0.3117
2 0.825007 0.247961 0.072646 0.138885 0.310451
2 0.652259 0.657855 0.0974522 0.106803 0.310183
2 0.582238 0.576404 0.111329 0.0809134 0.309777
2 0.35605 0.198234 0.0557425 0.0460478 0.308663
2 0.76789 0.496274 0.0726795 0.0643092 0.307197
2 0.614731 0.168428 0.0544187 0.120867 0.303818
2 0.213207 0.506494 0.0695608 0.146673 0.299513
2 0.212923 0.507547 0.0696971 0.144522 0.298936
2 0.548945 0.340926 0.0967077 0.0717167 0.295308
2 0.404971 0.358853 0.0473892 0.0774718 0.293984
2 0.676725 0.576875 0.0387427 0.0923407 0.293606
2 0.764215 0.500306 0.070558 0.0504284 0.291424
2 0.675715 0.523085 0.0329295 0.0516705 0.291094
2 0.288862 0.814304 0.053472 0.0517319 0.291088
2 0.731461 0.604391 0.0462323 0.0987945 0.286165
2 0.527301 0.675448 0.068127 0.0627736 0.285202
2 0.473881 0.095543 0.067516 0.0734859 0.282123
2 0.766852 0.469509 0.0652509 0.109415 0.281615
2 0.569233 0.852667 0.0758625 0.0600508 0.281565
2 0.726235 0.431609 0.0541113 0.0497161 0.279584
2 0.355732 0.197881 0.0563492 0.049297 0.277486
2 0.21321 0.5063 0.0706557 0.147957 0.277371
2 0.472217 0.0930069 0.0698823 0.0815153 0.276839
2 0.213731 0.5076 0.0692744 0.147512 0.275414
2 0.589766 0.406662 0.0486982 0.0780705 0.27241
2 0.568161 0.852689 0.0745268 0.0604085 0.271543
2 0.316569 0.935089 0.113329 0.103151 0.270752
2 0.57881 0.568706 0.103345 0.0870066 0.268589
2 0.26279 0.657487 0.035189 0.0699647 0.268427
2 0.261111 0.655119 0.0421874 0.0761409 0.266778
2 0.585947 0.461094 0.0547287 0.146716 0.264779
2 0.709725 0.266353 0.0369647 0.0420975 0.263393
2 0.615185 0.176873 0.0377786 0.0969972 0.262835
2 0.355666 0.198849 0.0549724 0.0457904 0.262339
2 0.341231 0.868788 0.140703 0.0947909 0.261673
2 0.569184 0.853641 0.0787492 0.057442 0.260862
2 0.772548 0.579019 0.0463562 0.0620094 0.258472
2 0.72705 0.430959 0.0558965 0.0515172 0.253533
2 0.730592 0.603456 0.0473619 0.0952499 0.253207
2 0.653679 0.27054 0.0279897 0.0475412 0.251148
2 0.290916 0.814614 0.0564806 0.0512198 0.250633
2 0.549029 0.459577 0.0437434 0.14411 0.248131
2 0.260639 0.654221 0.0442173 0.0758145 0.245999
2 0.471687 0.0977048 0.0737711 0.0786078 0.244475
2 0.587446 0.450258 0.0554193 0.169386 0.244133
2 0.294759 0.788441 0.0652776 0.112288 0.242856
2 0.290574 0.814464 0.058009 0.0619967 0.242255
2 0.237394 0.810061 0.0323168 0.086656 0.240908
2 0.824143 0.248753 0.0736438 0.135767 0.240677
2 0.591032 0.406708 0.0474343 0.0771231 0.239441
2 0.677018 0.523004 0.0329232 0.0510507 0.239046
2 0.652773 0.657745 0.0978056 0.108508 0.237772
2 0.356111 0.199534 0.0549277 0.0410795 0.236649
2 0.829931 0.620098 0.0870608 0.162789 0.235777
2 0.677157 0.52338 0.0333005 0.0493378 0.23527
2 0.723317 0.433221 0.0505186 0.0422483 0.23515
2 0.762628 0.500912 0.0672534 0.0489356 0.234618
2 0.776364 0.567516 0.0458099 0.0772692 0.233244
2 0.237697 0.808384 0.0324962 0.0859924 0.233082
2 0.25663 0.650401 0.0528951 0.0881971 0.232453
2 0.624378 0.289877 0.0326273 0.0619061 0.231315
2 0.589214 0.408078 0.0489675 0.0811776 0.230638
2 0.299134 0.762973 0.0520484 0.072267 0.229793
2 0.296257 0.785848 0.0667854 0.118114 0.229379
2 0.355496 0.199997 0.0585188 0.0445409 0.225793
2 0.242668 0.283861 0.0752368 0.126449 0.225713
2 0.77139 0.584676 0.0444214 0.0527718 0.224641
2 0.198038 0.723019 0.0325284 0.0503855 0.224481
2 0.473987 0.0942501 0.070135 0.0832324 0.222005
2 0.195721 0.72412 0.0370033 0.0512291 0.220972
2 0.615751 0.163504 0.0512698 0.12541 0.21891
2 0.257725 0.651317 0.0502408 0.0856826 0.218725
2 0.681118 0.443719 0.0281847 0.0371504 0.217818
2 0.681255 0.445171 0.029951 0.0381407 0.213827
2 0.833819 0.617679 0.0989508 0.166416 0.21297
2 0.727261 0.428901 0.0554177 0.0527929 0.21281
2 0.250741 0.729124 0.0365481 0.0575092 0.212618
2 0.355369 0.196199 0.0605027 0.0556271 0.211601
2 0.725588 0.431405 0.0547948 0.0485727 0.207272
2 0.710373 0.267338 0.0388541 0.0456165 0.206921
2 0.406874 0.381179 0.0511841 0.126206 0.205489
2 0.710036 0.267089 0.0391783 0.0444141 0.205318
2 0.767295 0.470498 0.0727063 0.117284 0.203163
2 0.299161 0.763484 0.0552271 0.0715824 0.202363
2 0.195441 0.725019 0.0384854 0.0548039 0.202045
2 0.251041 0.725736 0.0354002 0.0573498 0.201358
2 0.346827 0.878189 0.120343 0.0912426 0.201275
2 0.212985 0.50555 0.0725718 0.148507 0.200767
2 0.766774 0.467989 0.0605031 0.108094 0.200617
2 0.355381 0.197177 0.058377 0.0517018 0.199024
2 0.768514 0.501422 0.0703243 0.0518346 0.1975
2 0.244472 0.283218 0.0795859 0.129795 0.196466
2 0.626045 0.288261 0.0319577 0.0575005 0.195685
2 0.253324 0.727157 0.0395595 0.0557638 0.190264
2 0.65388 0.270303 0.0278039 0.0481936 0.190077
2 0.730715 0.607188 0.0459328 0.0968224 0.187832
2 0.19718 0.724315 0.0347263 0.0528891 0.187684
2 0.58813 0.40985 0.0531099 0.0865493 0.187267
2 0.540402 0.347768 0.0877173 0.0599032 0.186803
2 0.732729 0.596291 0.0440426 0.083215 0.184891
2 0.475199 0.0930547 0.0638221 0.0851416 0.183932
2 0.240307 0.281791 0.0710072 0.128295 0.183019
2 0.614806 0.125339 0.0442585 0.0458342 0.182484
2 0.61455 0.126201 0.0478444 0.0491601 0.180261
2 0.770036 0.324722 0.0293707 0.0595317 0.179662
2 0.626945 0.285324 0.030783 0.0553326 0.17679
2 0.578688 0.466413 0.0657037 0.136207 0.175785
