0 0.467288 0.563087 0.934577 0.858876 0.748921
0 0.490888 0.560055 0.973027 0.86243 0.726738
0 0.488575 0.561642 0.97347 0.865936 0.723134
0 0.428288 0.565565 0.855143 0.853169 0.709477
0 0.46759 0.562915 0.93518 0.86328 0.708564
0 0.466698 0.55736 0.933395 0.866143 0.665801
0 0.42931 0.564104 0.853876 0.859749 0.660112
0 0.412546 0.566114 0.81678 0.854759 0.585303
0 0.427941 0.560309 0.854066 0.859736 0.573091
2 0.871118 0.529438 0.0231236 0.0526871 0.210679
2 0.871574 0.530558 0.0250782 0.0531565 0.209993
2 0.91731 0.512659 0.0233728 0.0430357 0.166816
2 0.870631 0.529491 0.024288 0.0553132 0.164353
0 0.49523 0.554716 0.962756 0.871187 0.163376
2 0.916475 0.51214 0.0220388 0.0407258 0.162154
2 0.773088 0.435599 0.0370444 0.0646517 0.13675
2 0.77244 0.43516 0.0357842 0.0627693 0.132372
2 0.773031 0.436031 0.0372473 0.0647037 0.124251
2 0.773009 0.438275 0.0372324 0.0669181 0.119475
2 0.87138 0.530234 0.0264338 0.0559825 0.110514
2 0.88984 0.586203 0.0247056 0.0492315 0.108089
2 0.77296 0.435652 0.0378105 0.0647903 0.10457
2 0.773011 0.437175 0.0384961 0.0642118 0.0971583
2 0.870533 0.530554 0.0254884 0.0543266 0.0804924
2 0.885816 0.59127 0.0307014 0.0573728 0.0760718
2 0.771854 0.436303 0.0384743 0.068854 0.0724182
2 0.885029 0.596844 0.0311902 0.0455299 0.0718441
2 0.912561 0.640114 0.0242422 0.048845 0.0661294
2 0.771661 0.434933 0.0386302 0.0660073 0.0633431
2 0.227877 0.379867 0.0249256 0.059881 0.062381
2 0.871312 0.530167 0.0262969 0.0566887 0.0619117
2 0.886309 0.592522 0.0334765 0.0587681 0.0596483
0 0.571203 0.555875 0.848144 0.8623 0.0577519
2 0.866254 0.67957 0.0203775 0.0394512 0.0563861
2 0.704084 0.578954 0.0382612 0.069433 0.0549366
2 0.885865 0.596046 0.0345742 0.0546532 0.0546712
2 0.865638 0.678771 0.0224236 0.0433473 0.0542766
2 0.866977 0.679021 0.0210844 0.0420441 0.0468563
2 0.771514 0.438805 0.038945 0.0717011 0.0431224
2 0.912904 0.641544 0.0235178 0.0481599 0.0426106
2 0.89149 0.580752 0.0244121 0.0467663 0.0421372
2 0.918062 0.512834 0.0241238 0.043072 0.0419151
2 0.913523 0.512413 0.0306035 0.0503599 0.041487
2 0.889806 0.584101 0.0277921 0.0466745 0.0404142
0 0.547097 0.556723 0.903269 0.863386 0.0398552
2 0.227415 0.381395 0.0319944 0.0661332 0.0386915
2 0.703035 0.578652 0.0370793 0.0698059 0.0368775
2 0.702934 0.578656 0.0395313 0.0719275 0.0367845
2 0.912173 0.641549 0.027777 0.0548695 0.0316726
2 0.172879 0.882469 0.0408961 0.0623643 0.0302536
2 0.867007 0.679154 0.0220566 0.0427535 0.0294186
2 0.917248 0.513096 0.024898 0.0418908 0.0284793
2 0.702636 0.578596 0.0386421 0.0732885 0.0278837
2 0.839947 0.354861 0.0285474 0.0543479 0.0274954
5 0.586423 0.356124 0.0526071 0.057607 0.0269521
2 0.200029 0.56698 0.0191857 0.0366005 0.0269518
2 0.734461 0.7209 0.032472 0.0583536 0.0269316
2 0.228383 0.379882 0.0249271 0.0606857 0.02679
2 0.915788 0.510149 0.0235808 0.0470389 0.0266271
2 0.839232 0.357395 0.0245183 0.0499066 0.0265674
2 0.785052 0.369316 0.0533947 0.0677847 0.0264879
2 0.172371 0.880468 0.0441489 0.0674537 0.0257559
2 0.88571 0.593094 0.0349933 0.0556587 0.0251623
2 0.894217 0.734895 0.0367697 0.0874297 0.0248694
5 0.266589 0.556052 0.0348403 0.0436072 0.0247141
2 0.895622 0.733563 0.0327003 0.0798321 0.0246235
5 0.586702 0.356399 0.0486579 0.0532624 0.0239912
2 0.912252 0.639826 0.0288551 0.0546956 0.0228464
0 0.856692 0.572265 0.285233 0.822803 0.0215914
5 0.586334 0.356797 0.0505548 0.0545774 0.0215133
2 0.886711 0.589617 0.0357947 0.06158 0.0213722
2 0.173683 0.882989 0.0367284 0.0573277 0.0213434
2 0.913634 0.511845 0.0319463 0.0558203 0.0211675
2 0.775755 0.437461 0.0489775 0.0704433 0.0209839
2 0.873629 0.530348 0.0333537 0.0606074 0.0208687
2 0.199954 0.565905 0.0187226 0.0340327 0.0206713
2 0.703283 0.579903 0.0394656 0.0717408 0.0204575
0 0.546626 0.559814 0.906748 0.865246 0.0204007
2 0.913884 0.511558 0.0317891 0.0508662 0.0203746
5 0.266502 0.553436 0.0392793 0.0491183 0.0200544
2 0.172448 0.881388 0.0420951 0.0624198 0.0198775
2 0.734899 0.721636 0.03082 0.0564758 0.0197689
2 0.704175 0.580547 0.0388267 0.0687279 0.0196755
2 0.890334 0.582692 0.0266549 0.0502581 0.0191952
5 0.585711 0.355298 0.0461378 0.0551621 0.0191736
5 0.265507 0.555179 0.0380173 0.0471684 0.0190045
2 0.956438 0.667732 0.0211064 0.0378461 0.0189306
2 0.957502 0.667754 0.0255987 0.0419015 0.0186991
2 0.771779 0.441794 0.0408133 0.0750772 0.0181388
2 0.702225 0.578743 0.0370444 0.0699294 0.018077
2 0.173185 0.884009 0.0389255 0.0608443 0.0176757
2 0.783578 0.368504 0.05509 0.0685265 0.0176665
2 0.174001 0.884656 0.0362942 0.0574172 0.0176449
2 0.773463 0.432819 0.0418216 0.0685054 0.0170718
2 0.841319 0.355077 0.0255421 0.0524929 0.0168797
2 0.73478 0.721556 0.0305226 0.0553138 0.0155429
0 0.858458 0.565324 0.281728 0.820417 0.0152893
2 0.89423 0.73655 0.0367108 0.0853453 0.0152835
2 0.873459 0.530818 0.0334858 0.0554602 0.0152686
2 0.894542 0.737203 0.0353406 0.0815253 0.0150758
5 0.586322 0.355087 0.0445768 0.0502345 0.0150552
0 0.835474 0.562361 0.325613 0.833381 0.0149474
2 0.228031 0.38228 0.0298218 0.0674643 0.014935
5 0.267398 0.553486 0.0421223 0.0548639 0.0148421
5 0.266169 0.553497 0.0411375 0.0513823 0.0147135
0 0.851851 0.576876 0.294688 0.827202 0.0144016
2 0.785611 0.372802 0.0485781 0.0635435 0.0143206
0 0.575386 0.553243 0.840402 0.87414 0.0142631
4 0.194177 0.916995 0.332131 0.161961 0.0138519
2 0.701695 0.578628 0.0389392 0.0727249 0.0138397
2 0.228031 0.3828 0.0301561 0.0688436 0.0132196
5 0.585601 0.355725 0.0473384 0.0520285 0.0131273
2 0.893876 0.737964 0.0390487 0.0830275 0.0130913
2 0.808174 0.758673 0.0359647 0.0494575 0.0128059
2 0.894098 0.73579 0.0377472 0.086586 0.0125652
2 0.912365 0.643592 0.0278582 0.0575899 0.0124549
0 0.520898 0.558101 0.94567 0.863136 0.0124504
0 0.520653 0.560736 0.949183 0.866052 0.0124247
2 0.736629 0.720483 0.0252615 0.0528074 0.0124087
2 0.585357 0.355787 0.0492414 0.0548205 0.0122975
2 0.735534 0.720912 0.0304471 0.0536138 0.0122697
2 0.227659 0.379202 0.0296599 0.0660074 0.0122631
2 0.155402 0.503556 0.0231982 0.0365645 0.0115566
2 0.807721 0.757963 0.0350412 0.0483642 0.0113535
2 0.736114 0.720356 0.0285938 0.0572315 0.0109614
0 0.831895 0.56799 0.333453 0.833905 0.0107178
4 0.208465 0.911816 0.352722 0.176367 0.0107129
2 0.840002 0.355905 0.0272424 0.0523502 0.0105706
2 0.981722 0.800593 0.019004 0.0242299 0.0105593
2 0.895203 0.727239 0.0308368 0.0722195 0.010541
5 0.39324 0.403779 0.0557662 0.071127 0.010415
2 0.840811 0.353989 0.0310006 0.0581324 0.0104108
2 0.896613 0.735468 0.0433195 0.0875046 0.0101887
5 0.265645 0.55623 0.0404172 0.0520117 0.0100779
2 0.912103 0.638526 0.0283628 0.0587599 0.0100099
