4 0.527605 0.498719 0.727418 0.965656 0.345104
5 0.164708 0.415573 0.0298127 0.0465522 0.203639
2 0.216489 0.556676 0.0243441 0.0343186 0.181104
2 0.31581 0.64452 0.0453179 0.0592545 0.0548631
2 0.425913 0.553368 0.17302 0.191573 0.0475794
2 0.305531 0.444324 0.0348562 0.0447212 0.0413268
2 0.42415 0.667896 0.152381 0.147293 0.0411131
2 0.845679 0.554309 0.0258961 0.0405835 0.0372182
2 0.230311 0.285435 0.0267876 0.0314768 0.0356576
5 0.478589 0.280779 0.0244075 0.0347544 0.0356549
2 0.262791 0.554628 0.0302796 0.0516577 0.0352873
2 0.770941 0.151511 0.0402841 0.0586661 0.0300478
2 0.421675 0.618149 0.154018 0.186088 0.0245771
2 0.416347 0.317064 0.0224065 0.0337761 0.0231126
2 0.33895 0.344412 0.0239022 0.0392885 0.0228367
0 0.42287 0.534243 0.180767 0.22288 0.0175928
2 0.268131 0.418948 0.019793 0.033698 0.0175359
2 0.255358 0.350258 0.0234332 0.0325901 0.0169693
2 0.659153 0.708859 0.0306735 0.0477376 0.0169403
2 0.340891 0.286182 0.0305235 0.0449612 0.0162087
2 0.37615 0.706812 0.0458305 0.0565496 0.0159794
5 0.161903 0.415139 0.0435175 0.0672245 0.0146044
2 0.682632 0.680748 0.0244431 0.0379042 0.0145665
2 0.27778 0.297841 0.0208835 0.0295675 0.0130999
2 0.344314 0.574292 0.0276383 0.0527309 0.0123917
2 0.47742 0.730875 0.0219199 0.0365451 0.0122657
2 0.404528 0.814094 0.0466235 0.0688348 0.012048
2 0.452348 0.734356 0.0201945 0.0334407 0.0117928
2 0.417799 0.705053 0.018015 0.027555 0.0111705
2 0.421292 0.0819811 0.0196345 0.0299051 0.0110378
2 0.607429 0.79018 0.0392602 0.0605495 0.0107721
2 0.545548 0.428723 0.0237323 0.0312817 0.0106146
5 0.624895 0.220588 0.0226148 0.0309088 0.0104796
5 0.42153 0.589596 0.148274 0.192178 0.0102642
2 0.799394 0.528579 0.0384922 0.0402033 0.010132
