3 0.346753 0.368661 0.62992 0.737322 0.18183
2 0.246435 0.22111 0.142162 0.150435 0.108713
3 0.296851 0.319313 0.322516 0.450319 0.0640374
5 0.294609 0.035575 0.0383642 0.0517021 0.0473429
2 0.296671 0.0358538 0.0344809 0.0436285 0.0233523
0 0.37134 0.437928 0.0884963 0.152132 0.0186277
2 0.373203 0.463359 0.0706625 0.0908511 0.0177535
2 0.171766 0.109127 0.112097 0.218254 0.0170074
0 0.337019 0.356539 0.615792 0.713077 0.0156504
2 0.534286 0.161043 0.027303 0.0459355 0.0133531
3 0.365043 0.424283 0.118969 0.180655 0.0117241
