4 0.508322 0.456607 0.649878 0.862147 0.377172
0 0.512366 0.445711 0.660381 0.860414 0.0800309
2 0.657463 0.577488 0.0262827 0.0407215 0.0783121
5 0.171728 0.198944 0.0361568 0.0828325 0.0662331
2 0.702514 0.700392 0.0178593 0.0249262 0.0597263
2 0.406503 0.284688 0.0228814 0.0421704 0.0565091
2 0.171668 0.198892 0.0357771 0.0831042 0.0435749
2 0.351995 0.374581 0.0211463 0.0290091 0.0381021
2 0.353639 0.381302 0.0268867 0.0505051 0.0379987
2 0.357456 0.401714 0.0341645 0.0537518 0.0361527
3 0.528805 0.509094 0.408805 0.467047 0.0358607
5 0.393629 0.532479 0.0215305 0.031648 0.0355712
2 0.634885 0.69929 0.0180068 0.026256 0.0352506
2 0.695988 0.664298 0.0188677 0.0339463 0.0346044
2 0.393338 0.531893 0.0224466 0.0334943 0.0344234
5 0.373756 0.498646 0.0177696 0.0292224 0.0325165
2 0.558474 0.719811 0.0242327 0.0294411 0.0309684
5 0.503301 0.312041 0.0234907 0.039457 0.0266919
2 0.352077 0.41646 0.0215416 0.028896 0.0263891
2 0.626937 0.574907 0.0198688 0.0304598 0.0244754
5 0.657941 0.578182 0.0319525 0.0443832 0.0227866
2 0.365891 0.404126 0.0271789 0.0395084 0.0221775
0 0.530427 0.526658 0.404321 0.471985 0.0221485
2 0.58739 0.702352 0.0177797 0.0241808 0.0210193
2 0.408062 0.274064 0.0230246 0.0456791 0.0201986
2 0.386085 0.256903 0.0170937 0.0296771 0.019632
5 0.600788 0.505505 0.0218395 0.0310609 0.018436
2 0.615749 0.786817 0.0188852 0.0293951 0.0170195
2 0.452792 0.543089 0.0201477 0.0312734 0.0170119
2 0.451744 0.709338 0.0190178 0.0232974 0.0161736
2 0.449687 0.504914 0.01826 0.0272552 0.0142371
2 0.35982 0.596896 0.0199496 0.0249489 0.0139719
2 0.666806 0.670592 0.0203353 0.0317876 0.0125865
2 0.400958 0.589096 0.0205093 0.0284368 0.0114461
5 0.356932 0.480985 0.0173618 0.0274462 0.0107528
