0 0.53847 0.541754 0.655421 0.89303 0.317223
4 0.776888 0.448487 0.18894 0.232394 0.206244
2 0.6874 0.645191 0.0302506 0.0435628 0.146831
5 0.727682 0.392823 0.0253999 0.0356942 0.128198
2 0.667007 0.740927 0.033416 0.0477517 0.0955501
5 0.727265 0.523031 0.0252893 0.0386695 0.0844612
5 0.561542 0.673553 0.0228918 0.0350936 0.084343
5 0.686223 0.643873 0.0340133 0.0480854 0.077842
5 0.700735 0.398957 0.0326721 0.0468579 0.0681729
5 0.731907 0.645114 0.0266808 0.0400209 0.0586397
5 0.719707 0.594231 0.0261481 0.036385 0.0563795
2 0.723591 0.839464 0.036297 0.0447507 0.0324694
0 0.746869 0.44686 0.255481 0.261166 0.0310411
5 0.55991 0.672906 0.0351723 0.050202 0.0240999
5 0.760957 0.487545 0.0240344 0.0348947 0.0204332
2 0.77657 0.416174 0.0649212 0.0605784 0.0171488
5 0.718934 0.59468 0.0386917 0.0482229 0.0163475
2 0.754324 0.421796 0.0252085 0.0357855 0.0158813
2 0.786207 0.412755 0.0391422 0.0521138 0.0140747
5 0.723102 0.426655 0.0285394 0.0389991 0.0137119
5 0.724869 0.439812 0.0311111 0.0534068 0.0122913
2 0.730301 0.645542 0.0360805 0.0482154 0.0115964
