4 0.491043 0.635732 0.958306 0.728535 0.403247
4 0.515604 0.631737 0.911284 0.736525 0.402341
4 0.516865 0.636261 0.904648 0.727478 0.377065
4 0.507618 0.633382 0.930097 0.733236 0.340979
3 0.510924 0.636029 0.925744 0.727941 0.331554
4 0.491163 0.636205 0.977056 0.72759 0.276428
3 0.513884 0.631589 0.917431 0.736823 0.248043
4 0.515401 0.634096 0.918137 0.731809 0.213821
3 0.509287 0.636946 0.910428 0.726107 0.153691
3 0.526602 0.632423 0.905077 0.735155 0.137588
3 0.532179 0.63228 0.899216 0.735441 0.128326
5 0.534001 0.925526 0.0552574 0.067062 0.100708
5 0.534154 0.925625 0.0570633 0.0673569 0.0960106
5 0.533498 0.925636 0.05564 0.0657592 0.0947684
5 0.534272 0.925304 0.0600785 0.0687971 0.0914994
4 0.512165 0.636595 0.894132 0.726809 0.0730442
4 0.490881 0.637018 0.957062 0.725964 0.0722066
5 0.534688 0.925236 0.0578308 0.0683401 0.0586429
3 0.489773 0.766175 0.9695 0.467651 0.0421081
3 0.49146 0.770843 0.918076 0.458315 0.0398508
5 0.534539 0.925724 0.0637195 0.0725477 0.034359
5 0.534541 0.925272 0.0574592 0.0690444 0.0323053
5 0.53543 0.923373 0.0579097 0.0734474 0.0291328
5 0.606355 0.764074 0.0546098 0.0588093 0.0271109
5 0.532711 0.924863 0.0709252 0.0732996 0.0235462
5 0.532911 0.924054 0.0639552 0.0680169 0.0230012
5 0.534729 0.924894 0.0567965 0.0689201 0.0220143
5 0.894233 0.23726 0.0453395 0.05403 0.0213367
4 0.486668 0.767253 0.973337 0.465493 0.021234
5 0.621026 0.826577 0.0304053 0.0365906 0.0189865
5 0.894484 0.236358 0.0512772 0.060188 0.0189806
5 0.604761 0.764053 0.0526498 0.0551636 0.0180809
5 0.894033 0.235476 0.0585596 0.0649154 0.0176973
5 0.605862 0.764141 0.0533393 0.0567404 0.0173576
5 0.621534 0.827172 0.027026 0.0318117 0.0169407
5 0.532698 0.922682 0.0549652 0.063632 0.0168143
5 0.894306 0.23646 0.0404366 0.0479855 0.0157763
5 0.894957 0.236725 0.0456196 0.0537114 0.0157332
5 0.604373 0.763682 0.054974 0.0557239 0.0141809
5 0.895108 0.237521 0.0383592 0.0466803 0.0127118
5 0.621671 0.827177 0.0275519 0.0313299 0.0126972
5 0.895181 0.238049 0.0401312 0.0488887 0.0124373
5 0.895326 0.23743 0.0442019 0.0520329 0.0124257
5 0.621054 0.825798 0.0277585 0.0324404 0.0111187
5 0.533452 0.919882 0.0557472 0.0713099 0.0109013
5 0.60511 0.764425 0.0576308 0.0586911 0.0105989
5 0.895072 0.237123 0.0519333 0.0606431 0.0103821
5 0.604812 0.764395 0.0599544 0.0590228 0.0102571
2 0.821168 0.75173 0.0181005 0.0254902 0.0101708
