3 0.49854 0.508305 0.701745 0.879634 0.786803
3 0.500954 0.507735 0.718074 0.885887 0.757613
3 0.50515 0.508668 0.710703 0.872819 0.739547
3 0.50525 0.505401 0.728738 0.877872 0.737924
3 0.505969 0.506411 0.717094 0.883715 0.693105
3 0.499712 0.528881 0.69603 0.87808 0.63698
3 0.506352 0.506589 0.729816 0.861347 0.619876
3 0.50888 0.503391 0.727064 0.858836 0.597947
3 0.503195 0.530516 0.699204 0.872175 0.573116
3 0.500899 0.507388 0.711199 0.869589 0.51014
3 0.51068 0.453149 0.747106 0.765647 0.0816233
