1 0.521833 0.500501 0.690013 0.911881 0.853156
1 0.521579 0.501842 0.685296 0.913247 0.84568
1 0.525213 0.493732 0.695763 0.897089 0.834094
1 0.519871 0.500974 0.682001 0.913025 0.82818
1 0.517808 0.502805 0.683752 0.910623 0.818058
1 0.522801 0.490113 0.690846 0.881176 0.783209
1 0.524938 0.499283 0.6983 0.901843 0.753386
1 0.522797 0.490644 0.679312 0.880825 0.747772
5 0.559894 0.374701 0.0327424 0.0380441 0.483685
5 0.559678 0.375085 0.0296536 0.0359513 0.457157
5 0.559542 0.375336 0.0312913 0.0380663 0.442786
1 0.525144 0.486764 0.697325 0.878152 0.438641
5 0.559066 0.375541 0.0287408 0.0343999 0.398602
5 0.5596 0.375056 0.0366837 0.0417313 0.390255
5 0.559807 0.375125 0.0377677 0.0423796 0.386684
5 0.560106 0.375249 0.0293679 0.0349626 0.375006
5 0.559773 0.375221 0.0264619 0.0325609 0.338635
5 0.559198 0.375769 0.0354258 0.0418663 0.332982
5 0.56011 0.375563 0.0268927 0.0339335 0.330497
5 0.559791 0.375231 0.0280076 0.0333793 0.299891
5 0.559381 0.375926 0.0401163 0.0462818 0.295368
5 0.560007 0.375367 0.026239 0.032051 0.265183
5 0.559565 0.376704 0.0435978 0.0470288 0.228744
5 0.560017 0.374541 0.0302321 0.0350026 0.218256
1 0.523345 0.466614 0.687505 0.839079 0.176182
5 0.557681 0.374769 0.0382966 0.043231 0.12343
5 0.558172 0.377633 0.0464694 0.0531639 0.113651
5 0.55843 0.377146 0.0489767 0.0560504 0.0985789
5 0.561573 0.375646 0.0455172 0.0500177 0.0733577
5 0.560811 0.377004 0.0489086 0.0498495 0.0632366
5 0.561276 0.373952 0.0455256 0.0505497 0.0354126
5 0.563221 0.376447 0.0511888 0.0535203 0.0352268
5 0.603415 0.42943 0.0377497 0.0458007 0.0270266
5 0.60291 0.430783 0.0420348 0.0497838 0.0220087
5 0.605864 0.429679 0.0331689 0.0387021 0.0202632
5 0.605202 0.430075 0.0348029 0.0405138 0.0181417
5 0.603828 0.430326 0.0357774 0.0407532 0.0153875
5 0.60475 0.431313 0.0408305 0.0460098 0.01516
5 0.602835 0.432324 0.0436705 0.0486195 0.0146926
5 0.603823 0.427729 0.0317851 0.0385576 0.0141027
5 0.290921 0.515941 0.0454959 0.0496649 0.0138803
5 0.604631 0.428208 0.0301142 0.0361008 0.0137455
5 0.602176 0.426349 0.0406295 0.0486181 0.0135008
5 0.604532 0.429769 0.0299544 0.0367275 0.0134749
5 0.604098 0.430294 0.0323717 0.0396213 0.0128462
5 0.603179 0.430784 0.0385052 0.0441564 0.0118072
5 0.605199 0.429975 0.0291572 0.0348969 0.0116271
5 0.291193 0.515395 0.040695 0.0452364 0.0105105
5 0.604637 0.429824 0.0313083 0.0370197 0.010257
