2 0.279347 0.349291 0.116135 0.103798 0.740753
2 0.27791 0.349563 0.121247 0.102391 0.643483
2 0.2783 0.350218 0.12255 0.107065 0.589889
3 0.502212 0.445551 0.587137 0.659208 0.554942
2 0.279371 0.350691 0.11608 0.108418 0.54518
3 0.505279 0.443612 0.596512 0.665457 0.475989
2 0.279533 0.352135 0.1075 0.0978133 0.475515
2 0.486068 0.418501 0.0504728 0.114421 0.466926
3 0.501864 0.447828 0.588811 0.655282 0.463054
2 0.688628 0.360726 0.0826496 0.0466244 0.450223
3 0.507258 0.44889 0.59271 0.652248 0.414164
2 0.483404 0.41831 0.0500854 0.11313 0.406143
2 0.688771 0.361446 0.0811808 0.045023 0.402596
2 0.687923 0.361311 0.0796388 0.0429102 0.344199
3 0.504753 0.447067 0.584572 0.650443 0.344043
2 0.688101 0.360139 0.0817279 0.0443316 0.330364
2 0.48867 0.415969 0.0547728 0.122162 0.324463
2 0.486369 0.417037 0.0516217 0.124191 0.321608
3 0.508923 0.445851 0.591844 0.644658 0.307557
2 0.489502 0.419974 0.0533271 0.115767 0.307299
2 0.48859 0.417379 0.0540428 0.120739 0.295376
2 0.281112 0.348604 0.11695 0.103942 0.292436
2 0.48289 0.421707 0.0457324 0.105028 0.252034
2 0.280163 0.353177 0.102313 0.0933048 0.221225
2 0.483405 0.416605 0.0528286 0.122496 0.220661
2 0.283864 0.352123 0.10826 0.0954783 0.214646
2 0.485691 0.420989 0.0470089 0.107877 0.213594
2 0.687085 0.359086 0.0860407 0.0486785 0.211428
3 0.502553 0.445126 0.594379 0.654706 0.199216
2 0.688778 0.361045 0.0819268 0.0468686 0.196244
2 0.486018 0.418783 0.0592679 0.120798 0.166283
2 0.279714 0.34943 0.121097 0.103132 0.15687
2 0.489682 0.417788 0.0542278 0.123858 0.154427
2 0.426374 0.488623 0.156073 0.109103 0.150942
2 0.687464 0.358897 0.0852284 0.0458669 0.141761
2 0.279109 0.350451 0.106343 0.0995852 0.140346
2 0.68954 0.362031 0.0822073 0.0461344 0.129949
2 0.689788 0.362508 0.081797 0.0438147 0.128264
2 0.275007 0.354048 0.126802 0.113213 0.121761
2 0.480762 0.419408 0.0507784 0.111213 0.113787
3 0.501795 0.445167 0.585381 0.657819 0.09694
2 0.626852 0.433736 0.061977 0.215763 0.0920132
2 0.427706 0.467979 0.163137 0.156964 0.0900952
2 0.486355 0.417233 0.0621384 0.123865 0.090069
2 0.279562 0.349296 0.116972 0.108161 0.0850531
3 0.504632 0.44222 0.590108 0.661453 0.0793759
2 0.275413 0.350157 0.129494 0.104421 0.0777877
2 0.625483 0.432802 0.061149 0.214848 0.0776736
2 0.480319 0.423054 0.0453511 0.102045 0.0731112
2 0.426578 0.490502 0.154075 0.106641 0.0716703
2 0.626944 0.438425 0.0607521 0.214252 0.0595849
2 0.691921 0.360357 0.0769545 0.0402606 0.0563635
2 0.427732 0.491694 0.16244 0.10797 0.0546954
2 0.633523 0.434284 0.0779158 0.214913 0.0542767
2 0.283423 0.350471 0.106758 0.0992816 0.0521753
2 0.331014 0.397912 0.022671 0.0277328 0.0422253
2 0.489314 0.431396 0.0582926 0.147146 0.0415869
2 0.623906 0.433018 0.0568161 0.207467 0.0412666
2 0.330986 0.397889 0.0205938 0.0262011 0.041235
2 0.27577 0.35443 0.127588 0.116817 0.0402812
2 0.689191 0.36374 0.0822802 0.0466449 0.0378814
2 0.632541 0.43773 0.0753443 0.211336 0.0351956
2 0.486776 0.438319 0.0635904 0.159387 0.0344209
2 0.425061 0.493004 0.153483 0.0994617 0.033779
2 0.277079 0.353398 0.0957344 0.0970363 0.0335608
2 0.691656 0.361924 0.0761837 0.0394502 0.0324932
2 0.6256 0.443922 0.0580972 0.212112 0.0308819
2 0.659482 0.435399 0.147366 0.21817 0.0301193
2 0.632653 0.433562 0.0767941 0.216611 0.0287487
2 0.276516 0.352163 0.0973831 0.100151 0.026155
2 0.489279 0.42194 0.0500842 0.1097 0.0254081
2 0.426801 0.486247 0.164217 0.117129 0.0253562
2 0.624095 0.44886 0.0551725 0.196076 0.0251494
2 0.330457 0.39807 0.0210489 0.0259723 0.0249867
2 0.623736 0.474283 0.0537556 0.146224 0.0228118
2 0.2777 0.350015 0.116106 0.112655 0.0227082
2 0.330991 0.398017 0.0212704 0.0252772 0.0220917
2 0.428799 0.461507 0.17631 0.178046 0.0213838
2 0.283467 0.353938 0.103979 0.0886775 0.0205003
2 0.488996 0.414018 0.0614443 0.12818 0.0198751
2 0.716801 0.528898 0.0196954 0.0226406 0.0198521
2 0.68857 0.363131 0.0792256 0.0415853 0.0197151
3 0.501578 0.448487 0.601813 0.650554 0.0192768
2 0.426931 0.478295 0.155526 0.135575 0.0191445
2 0.486806 0.411125 0.0521013 0.131203 0.0187645
2 0.331916 0.397557 0.0232325 0.0270144 0.0187641
2 0.331295 0.398012 0.0216533 0.0265029 0.0173329
2 0.60025 0.572904 0.0169394 0.025018 0.0166729
2 0.480461 0.417094 0.0535808 0.120313 0.016483
2 0.331249 0.397714 0.020664 0.0247751 0.0159169
2 0.610892 0.53454 0.0222128 0.02638 0.0150502
2 0.331571 0.397716 0.0245853 0.0291818 0.0148361
2 0.659261 0.438778 0.140865 0.207517 0.0146431
2 0.332001 0.397957 0.0234288 0.0271268 0.0145563
2 0.275091 0.353199 0.126468 0.11488 0.0144766
3 0.503931 0.446689 0.591561 0.65626 0.0142922
2 0.716966 0.529249 0.0202043 0.0237304 0.0134408
2 0.622999 0.426748 0.0533811 0.198402 0.0133135
2 0.622062 0.435714 0.0683507 0.227874 0.0131872
2 0.688189 0.358824 0.0832599 0.0480305 0.0130694
2 0.490306 0.41153 0.0537989 0.129828 0.0130176
2 0.717882 0.528559 0.0224292 0.0243685 0.0127538
3 0.507201 0.4436 0.590725 0.651047 0.0123952
3 0.501722 0.445903 0.600968 0.651286 0.011649
2 0.717157 0.528898 0.0181202 0.0208358 0.0115167
2 0.42984 0.459576 0.18374 0.200095 0.0114551
2 0.717801 0.528808 0.0240634 0.0261483 0.0113088
2 0.630386 0.443171 0.0700412 0.207506 0.0112067
2 0.621098 0.433446 0.0686543 0.232346 0.0107697
2 0.618695 0.491024 0.043714 0.115771 0.0106997
2 0.619441 0.484221 0.046562 0.132816 0.0105483
2 0.610287 0.533952 0.022946 0.0272799 0.0105151
2 0.599817 0.572891 0.0204717 0.0291248 0.0105137
2 0.665098 0.435924 0.168816 0.220388 0.0104134
2 0.658239 0.43149 0.155337 0.227413 0.010358
