3 0.562499 0.525791 0.374572 0.559865 0.681665
3 0.55243 0.524413 0.351056 0.559414 0.678998
3 0.550807 0.52525 0.352545 0.561093 0.650067
3 0.521917 0.524198 0.293453 0.555988 0.634125
3 0.524185 0.526126 0.299065 0.557279 0.60817
3 0.587547 0.525816 0.428945 0.562657 0.571354
3 0.586144 0.525782 0.42582 0.566357 0.482914
3 0.518157 0.511242 0.283145 0.537497 0.478924
3 0.531569 0.525594 0.314186 0.553872 0.456051
3 0.58534 0.525657 0.425679 0.562758 0.39628
3 0.5814 0.524467 0.433249 0.564564 0.374894
3 0.583733 0.523426 0.430011 0.561607 0.355522
3 0.517245 0.515707 0.282644 0.506545 0.31785
1 0.725001 0.502573 0.142089 0.527571 0.204438
1 0.726204 0.508305 0.140426 0.505883 0.196704
3 0.509256 0.517454 0.270547 0.513589 0.162554
1 0.727674 0.508511 0.137832 0.493418 0.150644
3 0.510841 0.515246 0.27294 0.530602 0.144499
1 0.722113 0.511958 0.14363 0.509489 0.126121
1 0.721872 0.506978 0.144997 0.515606 0.11782
1 0.720567 0.502953 0.148107 0.543686 0.111772
3 0.580037 0.522566 0.432521 0.560879 0.0888332
1 0.722208 0.513913 0.143044 0.504452 0.0814487
1 0.729101 0.510808 0.133751 0.480323 0.0493152
1 0.72405 0.492198 0.141426 0.506124 0.0323039
3 0.562961 0.519997 0.372476 0.555328 0.0300777
3 0.565925 0.529474 0.385635 0.553832 0.0252716
1 0.716259 0.508188 0.157593 0.533817 0.02308
1 0.708792 0.339296 0.168343 0.207773 0.0217686
1 0.717671 0.513859 0.153068 0.526874 0.0215477
1 0.708621 0.34638 0.174817 0.221435 0.0194381
1 0.710035 0.333298 0.157369 0.186316 0.0164359
1 0.702506 0.339057 0.179141 0.20326 0.0157099
1 0.702496 0.332526 0.166943 0.17925 0.0151905
1 0.718166 0.496613 0.153565 0.518255 0.0144958
3 0.518825 0.518158 0.284713 0.54771 0.0120195
1 0.710508 0.358789 0.176542 0.232622 0.011858
1 0.704723 0.346039 0.182841 0.218264 0.0113881
1 0.711424 0.503118 0.167634 0.560961 0.0108511
