1 0.487131 0.492418 0.508465 0.531059 0.937357
1 0.484872 0.492995 0.507647 0.531802 0.93482
1 0.483555 0.493133 0.504099 0.53127 0.934321
1 0.490935 0.491122 0.511866 0.533209 0.907753
1 0.491442 0.493436 0.513372 0.529964 0.905643
1 0.49087 0.492288 0.516111 0.530933 0.9049
1 0.485719 0.493227 0.513821 0.531817 0.859311
1 0.483491 0.493495 0.510709 0.527399 0.69945
1 0.484082 0.491396 0.511485 0.530307 0.681526
5 0.642937 0.619198 0.0262214 0.0295705 0.332884
5 0.642272 0.619024 0.0270031 0.0300926 0.319619
5 0.642915 0.618924 0.0265933 0.0293631 0.307333
5 0.642832 0.618975 0.022154 0.0245536 0.28589
5 0.642524 0.618528 0.026993 0.0300405 0.283964
5 0.64258 0.61865 0.0255755 0.0295017 0.268078
5 0.643211 0.619277 0.0224302 0.0252103 0.264712
5 0.64281 0.618827 0.0253689 0.0290541 0.260646
5 0.643203 0.619053 0.0227798 0.0248485 0.257045
5 0.643131 0.618858 0.0221336 0.0248427 0.255678
5 0.641406 0.618965 0.0325807 0.0355534 0.219481
5 0.643072 0.61904 0.0298477 0.0315584 0.184824
1 0.481433 0.491531 0.501123 0.529806 0.181906
5 0.642257 0.618618 0.0323116 0.0353231 0.175508
5 0.642773 0.618638 0.0291566 0.0321531 0.157347
1 0.485672 0.491476 0.508018 0.528736 0.080572
5 0.642711 0.619631 0.0349824 0.0365372 0.0763817
5 0.640555 0.618561 0.0387522 0.043851 0.066559
1 0.483289 0.491493 0.520341 0.528308 0.0519103
5 0.640929 0.618322 0.0394266 0.0424788 0.0515482
5 0.642817 0.620294 0.0376848 0.0399553 0.0250809
5 0.643059 0.618558 0.0352804 0.0353203 0.0227899
5 0.642148 0.620122 0.0372093 0.0409255 0.0169218
5 0.451201 0.695025 0.0313859 0.0324955 0.011953
5 0.452735 0.690189 0.03427 0.0328052 0.0112211
5 0.451651 0.691026 0.0369297 0.0351063 0.0109975
