0 0.628967 0.454985 0.570246 0.728996 0.833281
0 0.627947 0.455247 0.566483 0.727615 0.832114
0 0.627879 0.45819 0.569414 0.727941 0.803086
0 0.627081 0.457312 0.564459 0.727181 0.799598
0 0.630857 0.461827 0.568315 0.731332 0.797591
0 0.629697 0.463131 0.566133 0.731129 0.772875
0 0.629953 0.455109 0.578097 0.725684 0.755707
0 0.629031 0.458074 0.575705 0.729869 0.665282
0 0.626754 0.460751 0.560081 0.728565 0.462571
2 0.744685 0.432887 0.0420645 0.0647925 0.24004
2 0.745052 0.43239 0.0403645 0.0644719 0.201067
2 0.744375 0.432308 0.0435835 0.0637339 0.186309
5 0.757595 0.524364 0.0598286 0.0719473 0.168151
0 0.627126 0.463583 0.568371 0.723596 0.165033
2 0.827309 0.575691 0.0302737 0.0423965 0.154583
2 0.745245 0.432366 0.0412645 0.0633991 0.149231
5 0.757072 0.524503 0.0552107 0.0680317 0.148711
2 0.827317 0.576918 0.0288295 0.0409707 0.147742
2 0.827496 0.576656 0.0296433 0.0413547 0.122425
2 0.745056 0.432007 0.0406301 0.064594 0.114295
2 0.827067 0.575616 0.0307532 0.0427373 0.107284
5 0.757837 0.524793 0.0580139 0.0707399 0.105118
2 0.827362 0.576544 0.0282036 0.0398225 0.104886
5 0.757396 0.525182 0.0544514 0.0673503 0.103556
2 0.82764 0.5766 0.0265509 0.0386553 0.09849
2 0.745887 0.432423 0.0417494 0.0651307 0.0978317
2 0.827072 0.575781 0.0320295 0.0425658 0.0920648
2 0.827819 0.576022 0.0317341 0.0442176 0.0917362
2 0.82738 0.576763 0.0323994 0.044069 0.0901178
5 0.758293 0.524049 0.0588486 0.0727188 0.0793195
5 0.757929 0.523871 0.0621448 0.0748144 0.0737293
2 0.826928 0.577101 0.0316024 0.0438383 0.0726459
2 0.743501 0.432569 0.0398596 0.0647069 0.0697869
5 0.757618 0.523938 0.0661701 0.0753055 0.0663945
2 0.745144 0.432182 0.0379957 0.0626622 0.0625931
0 0.628294 0.462398 0.57811 0.731769 0.0612631
2 0.827364 0.576014 0.0349369 0.0465853 0.0594802
2 0.827039 0.576091 0.033378 0.0433653 0.050983
5 0.757475 0.524554 0.0588951 0.0722444 0.0487136
5 0.757636 0.525128 0.0580007 0.0698972 0.046257
2 0.826853 0.575695 0.0361959 0.0470463 0.0437639
2 0.828808 0.575599 0.0295695 0.0407639 0.0366346
2 0.744722 0.432734 0.041336 0.0623078 0.0340543
0 0.626708 0.461954 0.569818 0.73174 0.0339811
2 0.836918 0.616629 0.0291426 0.0349966 0.0321828
2 0.837158 0.616707 0.0299066 0.0359747 0.0227839
2 0.746403 0.432782 0.0413726 0.0649262 0.0223855
2 0.837499 0.616706 0.027105 0.0329535 0.0219582
2 0.740019 0.231777 0.0299458 0.0405994 0.0213224
2 0.836832 0.616887 0.0280841 0.0340383 0.02104
2 0.742723 0.432978 0.0442753 0.0643277 0.0189359
2 0.758688 0.525003 0.0548541 0.066344 0.0183275
2 0.744904 0.432175 0.0382593 0.0620859 0.0177807
2 0.828491 0.573916 0.0237762 0.0336189 0.0169356
5 0.740005 0.231156 0.0297987 0.0387072 0.0163058
2 0.739943 0.23183 0.0326713 0.0420416 0.0160031
5 0.756543 0.523347 0.0603051 0.0707183 0.0156575
2 0.744137 0.432668 0.0469857 0.066964 0.0156472
2 0.837352 0.616347 0.0285677 0.0339528 0.0153558
5 0.740335 0.23155 0.0298418 0.0394962 0.0145072
5 0.757916 0.524848 0.0587809 0.0700188 0.0129653
2 0.836989 0.616338 0.0285125 0.0340289 0.0127777
2 0.837234 0.616511 0.0289634 0.033695 0.0118256
5 0.739956 0.230717 0.0308238 0.0387268 0.0115616
