2 0.563775 0.0878841 0.0794633 0.101625 0.501674
2 0.565257 0.083898 0.0802102 0.106276 0.420756
2 0.564939 0.0850509 0.0793466 0.10446 0.41828
2 0.567176 0.0865375 0.0906314 0.1041 0.414728
2 0.568332 0.0858196 0.0950768 0.10579 0.396731
2 0.563766 0.0870507 0.0772689 0.100817 0.381324
2 0.565856 0.0869304 0.0913833 0.104403 0.305626
3 0.483461 0.588114 0.858158 0.789941 0.244565
2 0.561003 0.089523 0.0757854 0.0965221 0.227636
3 0.483742 0.589854 0.878114 0.793289 0.215967
3 0.486186 0.574567 0.854497 0.78879 0.186244
3 0.480967 0.604483 0.86719 0.791035 0.170878
2 0.567675 0.0869012 0.0958067 0.106596 0.157145
2 0.569728 0.0828739 0.0771965 0.104915 0.153636
3 0.489005 0.578129 0.883772 0.79517 0.150072
3 0.492822 0.586621 0.870338 0.795258 0.145059
2 0.567346 0.0870646 0.071956 0.0963592 0.136946
2 0.562295 0.0883737 0.0786761 0.100003 0.133625
3 0.49903 0.571485 0.884657 0.818623 0.11744
2 0.560134 0.0900081 0.0767827 0.0958929 0.112365
2 0.562092 0.0895057 0.0723311 0.0937456 0.0990283
2 0.691128 0.277184 0.0284244 0.0321425 0.0977399
2 0.691036 0.277502 0.0279742 0.0320228 0.0969525
2 0.69155 0.277219 0.0275164 0.0327223 0.0894573
2 0.615042 0.791174 0.0258623 0.028268 0.0836227
2 0.377932 0.654357 0.0247238 0.0336656 0.0828523
2 0.377848 0.654613 0.0239042 0.0325454 0.0824719
2 0.378094 0.654195 0.0245115 0.0332802 0.0815863
2 0.690975 0.277259 0.0290547 0.0338243 0.0790501
2 0.691365 0.277271 0.0275168 0.0309981 0.0767372
2 0.377641 0.654034 0.0257601 0.035464 0.0748622
3 0.505927 0.509115 0.422092 0.440694 0.073624
2 0.615377 0.791412 0.0247096 0.0282719 0.0734748
2 0.691322 0.277557 0.0274424 0.0338178 0.0702286
2 0.691413 0.277467 0.026123 0.0300074 0.0670814
3 0.490353 0.551701 0.865403 0.879562 0.0670762
3 0.484594 0.509568 0.414894 0.445807 0.0663531
2 0.614802 0.790639 0.0270468 0.0303311 0.0659088
2 0.378172 0.654759 0.0257764 0.0349497 0.0613847
2 0.615734 0.791042 0.0259672 0.0296683 0.0583528
2 0.378353 0.65414 0.0223681 0.0320665 0.057918
2 0.378131 0.654889 0.0241733 0.0327791 0.0570438
2 0.423754 0.688872 0.020819 0.0277471 0.056709
2 0.424076 0.689708 0.0215458 0.0276153 0.056495
2 0.377226 0.655388 0.0262198 0.0347379 0.0547356
2 0.615532 0.79137 0.0258708 0.0280989 0.053493
2 0.42491 0.688069 0.0234111 0.0304043 0.0517374
3 0.497985 0.541381 0.898417 0.908896 0.0515572
3 0.507125 0.489575 0.455804 0.418248 0.0508802
2 0.422647 0.688942 0.0230968 0.0292353 0.050359
2 0.615622 0.791484 0.0249086 0.0283426 0.0503104
2 0.422732 0.690276 0.0225861 0.0294567 0.050306
3 0.482479 0.525737 0.398179 0.45062 0.0470571
2 0.691488 0.277388 0.026954 0.0319092 0.0468159
2 0.424066 0.69012 0.0251489 0.0299287 0.0464465
2 0.378288 0.654494 0.024113 0.0330712 0.0462638
2 0.615608 0.790151 0.0272295 0.0304951 0.0461644
2 0.690461 0.276445 0.0303331 0.0329446 0.0459526
2 0.690231 0.27727 0.0336564 0.0362114 0.0441063
3 0.491821 0.489031 0.443533 0.41825 0.0396156
3 0.492608 0.602904 0.865329 0.793522 0.0394814
2 0.681226 0.561509 0.0263258 0.0287191 0.0393666
2 0.579047 0.0879549 0.0593481 0.0948515 0.0373876
2 0.69132 0.276638 0.026228 0.0302052 0.0373449
2 0.690872 0.277672 0.0341984 0.0380128 0.0371512
2 0.571045 0.0855672 0.0991924 0.108355 0.0368005
3 0.508557 0.524787 0.39461 0.445562 0.0364241
2 0.425396 0.689041 0.0237841 0.0294355 0.0361682
3 0.480449 0.550478 0.409323 0.430168 0.0358265
2 0.626268 0.449339 0.0277881 0.0372421 0.0358037
2 0.331972 0.720118 0.0426629 0.0386555 0.0357933
2 0.626398 0.448261 0.0288009 0.0381086 0.0356625
2 0.423359 0.688896 0.0247217 0.0320854 0.034235
2 0.576602 0.798759 0.0195343 0.0247138 0.0340252
2 0.331106 0.719287 0.0385593 0.037623 0.0334328
2 0.331937 0.719701 0.0423391 0.0363428 0.0329372
2 0.5807 0.0818303 0.0651803 0.107551 0.03292
2 0.615437 0.791286 0.0268644 0.0310434 0.0327593
2 0.615415 0.789871 0.0271886 0.032005 0.0326878
2 0.377566 0.655178 0.0292572 0.0375336 0.032638
3 0.512544 0.553148 0.815917 0.830669 0.0322039
2 0.377545 0.654692 0.0272076 0.0364043 0.0303967
2 0.422082 0.690138 0.0271612 0.0326938 0.0301533
2 0.626714 0.450426 0.0266371 0.0342004 0.029783
2 0.626643 0.450587 0.0271496 0.033625 0.0296221
3 0.525777 0.509222 0.426857 0.430023 0.0295216
2 0.68055 0.561086 0.0288658 0.0319148 0.029435
2 0.569852 0.0853648 0.0996519 0.104577 0.0286905
2 0.576493 0.798672 0.0191058 0.0239064 0.0282722
2 0.388744 0.46655 0.0193237 0.0239546 0.0282644
2 0.388907 0.466563 0.0180875 0.0233162 0.0280265
2 0.33125 0.719344 0.0390567 0.0350795 0.0279262
2 0.376656 0.65521 0.029252 0.0384431 0.0272894
3 0.456409 0.550049 0.402466 0.427667 0.0271888
2 0.681322 0.561235 0.0269434 0.0295838 0.0267103
2 0.680363 0.561078 0.0269182 0.0296667 0.0263257
2 0.567264 0.0849198 0.0961464 0.106326 0.0260237
2 0.576734 0.798494 0.0196085 0.0247369 0.0258505
2 0.562413 0.0877572 0.0930925 0.10675 0.0258396
3 0.479943 0.572662 0.41792 0.408896 0.0257786
2 0.626014 0.449368 0.0285129 0.0365092 0.0257154
2 0.680839 0.561214 0.0267075 0.0292547 0.0253269
2 0.331231 0.718882 0.0398534 0.0360446 0.0252919
2 0.615813 0.789561 0.0323302 0.0360297 0.024339
2 0.556947 0.0947051 0.0719044 0.086818 0.0243129
3 0.457496 0.570376 0.412869 0.395892 0.0237313
2 0.576359 0.798337 0.0207572 0.0254774 0.0235121
2 0.389015 0.467017 0.0186826 0.0241699 0.0233771
2 0.567037 0.09123 0.0645738 0.0876001 0.0228737
2 0.330744 0.718513 0.0354824 0.0358505 0.0221316
2 0.153047 0.222201 0.0412138 0.0457622 0.0220451
2 0.691399 0.27872 0.0313387 0.0383968 0.0219449
2 0.425801 0.68947 0.0251652 0.0307441 0.0215313
2 0.270867 0.718131 0.0219351 0.0255713 0.0214867
2 0.270529 0.717685 0.0219242 0.026317 0.0210585
3 0.458714 0.526103 0.380751 0.452187 0.020786
2 0.388668 0.466381 0.0181854 0.0232741 0.0206746
2 0.153227 0.222073 0.0362573 0.0429745 0.0206043
2 0.626126 0.437227 0.0316365 0.0607502 0.0205432
2 0.60801 0.0902737 0.0439674 0.100117 0.0204106
2 0.52575 0.909461 0.0546437 0.0548545 0.020293
2 0.270156 0.717715 0.024212 0.0287933 0.0200147
2 0.576498 0.798501 0.0187229 0.0237844 0.0195697
2 0.576653 0.798819 0.0206478 0.0261359 0.0195632
2 0.389072 0.466982 0.0196102 0.0260785 0.0194615
2 0.330867 0.718555 0.0371244 0.0341885 0.0192358
2 0.62637 0.450086 0.0250916 0.0332417 0.0192302
2 0.625761 0.438768 0.0299024 0.0561136 0.0191565
2 0.38761 0.46568 0.0237399 0.0285175 0.0190427
2 0.701761 0.477804 0.0292525 0.0340432 0.0189005
3 0.50815 0.549345 0.39175 0.428717 0.0188519
2 0.700412 0.482118 0.0325965 0.0453441 0.018129
3 0.431376 0.551574 0.408867 0.421266 0.0179753
2 0.680481 0.561153 0.0249656 0.0266152 0.0178018
2 0.373102 0.500036 0.0272537 0.0307948 0.0176671
2 0.626151 0.449423 0.0281816 0.0369729 0.0175228
3 0.523064 0.490482 0.456452 0.414532 0.0173533
2 0.33079 0.71895 0.0360272 0.0341554 0.0168452
2 0.373826 0.501383 0.0238327 0.0249154 0.0167993
2 0.606356 0.0897027 0.0408315 0.0999589 0.0166866
2 0.626571 0.45021 0.0265058 0.0334595 0.0166397
3 0.530437 0.524522 0.397739 0.429545 0.0164925
2 0.525106 0.90957 0.0558741 0.0554145 0.0162923
2 0.607535 0.0944581 0.0390717 0.0899354 0.0159431
2 0.701385 0.478956 0.0327546 0.0429156 0.0158977
2 0.386626 0.466503 0.0272251 0.0313525 0.0156375
2 0.271194 0.717457 0.0235209 0.0269308 0.0155273
2 0.626516 0.449814 0.0260927 0.0335178 0.0155172
2 0.577058 0.798794 0.0209168 0.0272925 0.015186
2 0.623394 0.426243 0.0290166 0.0347109 0.0151754
2 0.615882 0.78911 0.0344875 0.0374404 0.0150715
2 0.571501 0.0873212 0.10733 0.109413 0.0149151
2 0.614558 0.788976 0.0286152 0.0336017 0.0148488
2 0.373099 0.500828 0.0258348 0.0286813 0.0146137
2 0.388899 0.467274 0.020586 0.0281154 0.0145388
2 0.270746 0.718107 0.0201712 0.0237844 0.0144607
2 0.613778 0.392477 0.018706 0.024229 0.0144194
3 0.433925 0.570906 0.412447 0.385546 0.0143314
2 0.562163 0.0858888 0.0773344 0.101531 0.0142371
2 0.274934 0.666875 0.0226897 0.0284038 0.0141472
2 0.373612 0.501422 0.02595 0.027012 0.0140496
2 0.38915 0.465878 0.0223872 0.0275943 0.0139923
2 0.274791 0.666941 0.0222734 0.0278315 0.0139892
2 0.525125 0.911901 0.0556845 0.0625289 0.0138696
2 0.270777 0.718457 0.0228808 0.0272676 0.0138394
2 0.56165 0.0861356 0.0903389 0.105807 0.0137279
2 0.373406 0.501403 0.0259836 0.0267302 0.0137246
2 0.680748 0.561602 0.0247688 0.0261752 0.0135353
2 0.526536 0.908815 0.0531187 0.0497963 0.0135342
2 0.625164 0.439775 0.03286 0.0568779 0.0133726
2 0.575867 0.798567 0.0212958 0.0256251 0.0131808
2 0.331779 0.720113 0.0454738 0.0412487 0.013133
2 0.557971 0.0945458 0.0708104 0.0868326 0.0131327
2 0.389888 0.466467 0.0213262 0.0267963 0.0130727
2 0.576239 0.798266 0.0217881 0.0281659 0.0130475
2 0.270802 0.718167 0.0214667 0.0247611 0.0128727
2 0.332844 0.719341 0.047663 0.0473605 0.0127928
2 0.700861 0.481525 0.0325564 0.0428547 0.0127903
2 0.74444 0.187183 0.0273095 0.0301572 0.0126477
3 0.547143 0.510329 0.413462 0.421686 0.0126364
2 0.424423 0.688746 0.0284346 0.0359987 0.0125689
2 0.373393 0.500592 0.0257401 0.0271769 0.0124392
2 0.15344 0.222235 0.0348345 0.0418352 0.0123873
2 0.5628 0.677791 0.0293918 0.0250941 0.0123568
2 0.699657 0.48273 0.0321549 0.0447831 0.012074
2 0.594374 0.0149079 0.166324 0.0293496 0.0119917
2 0.524062 0.911561 0.054304 0.0552366 0.0119761
2 0.614832 0.788707 0.0278231 0.0339843 0.0119438
2 0.27451 0.666795 0.0232812 0.0287707 0.0118468
2 0.333791 0.722138 0.0484716 0.045106 0.0117317
2 0.271403 0.71807 0.0238141 0.0270866 0.0117051
2 0.422252 0.688656 0.029637 0.0357003 0.0114556
2 0.70202 0.47627 0.0286938 0.0295959 0.0113727
3 0.463171 0.509403 0.385663 0.449166 0.0113161
2 0.585991 0.0143893 0.153406 0.0267712 0.0112518
2 0.613217 0.392305 0.017688 0.0229131 0.0111378
2 0.606087 0.0953535 0.0379301 0.0881776 0.011079
0 0.776401 0.517919 0.297756 0.897564 0.0109965
2 0.566722 0.0804362 0.0829685 0.108061 0.0109476
2 0.624414 0.4222 0.0208231 0.0211451 0.0108736
2 0.472564 0.759084 0.0282065 0.0329056 0.0108678
2 0.681159 0.561261 0.0246263 0.026268 0.0108083
2 0.680656 0.561185 0.0245645 0.0267808 0.010757
2 0.689721 0.277903 0.0393307 0.0455733 0.0106043
2 0.376233 0.497325 0.0365 0.0381133 0.0105553
2 0.525797 0.907941 0.0540948 0.0536411 0.0105537
3 0.50754 0.572983 0.393135 0.418788 0.0105114
2 0.623801 0.428536 0.0275144 0.041993 0.0104379
2 0.613702 0.393321 0.0180959 0.0232358 0.010364
2 0.691963 0.276361 0.0274696 0.0309217 0.0101223
2 0.568195 0.0915433 0.103372 0.105894 0.0100901
