3 0.535496 0.491446 0.488542 0.559254 0.631178
3 0.533189 0.495836 0.484075 0.565384 0.620019
5 0.444332 0.716731 0.0407331 0.0416067 0.61562
3 0.534926 0.496572 0.486839 0.565523 0.611273
5 0.444131 0.716601 0.0412431 0.0430955 0.610509
5 0.44395 0.717436 0.0390116 0.0410465 0.598562
3 0.536867 0.491107 0.489635 0.560081 0.590326
3 0.533456 0.49502 0.486587 0.567852 0.588208
3 0.532646 0.494697 0.48423 0.563088 0.586187
3 0.533423 0.496923 0.484502 0.568351 0.579861
5 0.444364 0.717045 0.0404812 0.0425098 0.572089
3 0.530745 0.497439 0.480499 0.563217 0.546693
3 0.530235 0.50128 0.482105 0.559893 0.53858
5 0.443912 0.71739 0.0365906 0.0410641 0.500279
5 0.72387 0.543309 0.0223785 0.0287042 0.491408
5 0.442624 0.716732 0.0426343 0.0433874 0.490394
5 0.44409 0.717687 0.0360884 0.0388143 0.489402
5 0.723694 0.544089 0.0214378 0.0286407 0.460035
5 0.444263 0.717007 0.0467253 0.0478411 0.447104
5 0.443462 0.717923 0.0340375 0.0379418 0.407038
5 0.723715 0.543669 0.0213505 0.0277923 0.404699
5 0.443808 0.718242 0.0342295 0.0375021 0.401356
5 0.724652 0.543861 0.0247524 0.0318551 0.392074
5 0.444455 0.716818 0.0426438 0.0471758 0.391631
5 0.724143 0.543727 0.0214025 0.0282185 0.388584
5 0.72434 0.54384 0.0256354 0.0349836 0.382809
5 0.724075 0.543551 0.0210447 0.0271914 0.373875
5 0.723213 0.543928 0.0246913 0.0310365 0.372576
5 0.44349 0.717487 0.033174 0.0356507 0.359627
5 0.72395 0.543836 0.0211467 0.0275873 0.356401
3 0.532472 0.490501 0.488151 0.558262 0.353765
5 0.640796 0.595587 0.0246895 0.0280898 0.343856
5 0.724615 0.543361 0.0253718 0.0329338 0.330649
5 0.444342 0.7168 0.0407699 0.0455083 0.329673
5 0.640958 0.594764 0.0260841 0.0297753 0.315362
5 0.723782 0.543688 0.028561 0.0369355 0.306429
5 0.640978 0.595755 0.0233725 0.0262176 0.304522
5 0.722662 0.544199 0.0269983 0.0332077 0.302769
5 0.722682 0.543284 0.0271621 0.0344608 0.300771
5 0.641017 0.595323 0.0243279 0.027331 0.300253
5 0.446053 0.716557 0.04932 0.0515433 0.298056
5 0.443895 0.718282 0.0480321 0.0494716 0.278375
5 0.640885 0.595721 0.0237887 0.0275404 0.276975
5 0.44359 0.717225 0.0314722 0.0349611 0.268753
5 0.641173 0.595001 0.0240054 0.0275062 0.266076
5 0.641143 0.595049 0.0239457 0.0274722 0.260947
5 0.641202 0.594908 0.0248556 0.02933 0.245092
5 0.641068 0.595289 0.0227601 0.0256066 0.225401
5 0.442988 0.716894 0.0552605 0.0569094 0.224705
5 0.724819 0.544186 0.0251582 0.0311201 0.208345
5 0.442836 0.715826 0.0542209 0.0539641 0.198375
5 0.724473 0.544231 0.0308418 0.0394885 0.151612
5 0.444409 0.718107 0.0492222 0.0499575 0.141341
5 0.640861 0.595131 0.0308573 0.0360643 0.123976
5 0.442497 0.720017 0.0565398 0.0591531 0.112414
5 0.639421 0.595356 0.0336292 0.0371114 0.104155
5 0.425786 0.762059 0.0336155 0.0350571 0.101107
5 0.640299 0.595007 0.0330521 0.0359706 0.0961633
5 0.641272 0.595431 0.0338012 0.0382516 0.0926497
5 0.426793 0.761854 0.0337698 0.0343728 0.0841482
5 0.641757 0.594686 0.0332569 0.03612 0.0751928
5 0.722009 0.543287 0.0345057 0.0427214 0.0746962
3 0.53185 0.502031 0.483885 0.560473 0.0729545
5 0.542907 0.447308 0.0245581 0.0267121 0.0672813
5 0.442548 0.720619 0.0607595 0.0687623 0.0667442
5 0.639656 0.595086 0.0355391 0.040753 0.0649507
5 0.639185 0.595247 0.0331122 0.0381389 0.063235
3 0.965851 0.524878 0.0664151 0.656338 0.056438
5 0.425411 0.762797 0.028864 0.0312314 0.0556079
5 0.543429 0.447938 0.0224724 0.0238908 0.0544555
5 0.543516 0.447502 0.0246624 0.0276017 0.0535615
5 0.542991 0.448002 0.0236158 0.0257993 0.0533825
3 0.965785 0.548831 0.0660778 0.669847 0.050164
5 0.543268 0.447448 0.0249235 0.0259337 0.0499412
5 0.640541 0.595081 0.0280759 0.0321947 0.0496091
5 0.543225 0.447793 0.0214527 0.0228156 0.0487641
3 0.521006 0.518418 0.329422 0.411621 0.0486903
5 0.426024 0.763342 0.025989 0.0282813 0.047348
5 0.542522 0.447309 0.0267715 0.0303844 0.0422187
5 0.641421 0.59559 0.0372851 0.0389053 0.0419572
5 0.543371 0.447609 0.0235313 0.0245303 0.0418469
3 0.538639 0.369105 0.480351 0.300381 0.041652
5 0.724563 0.546216 0.0343228 0.0441284 0.0413887
5 0.543368 0.447837 0.0227597 0.0234094 0.0399274
5 0.425814 0.763542 0.0418239 0.0399503 0.0391255
5 0.639567 0.594101 0.0378257 0.041028 0.0375271
5 0.42628 0.763598 0.0259775 0.0281997 0.0365305
5 0.444197 0.716058 0.0417958 0.0445792 0.0360948
5 0.722987 0.543129 0.0293481 0.0349862 0.036056
5 0.641907 0.595234 0.0359766 0.0368835 0.0326879
3 0.965342 0.507062 0.0672077 0.655477 0.0317677
5 0.426023 0.763085 0.0304828 0.0318194 0.0302022
5 0.723629 0.542805 0.0266615 0.0321111 0.0289361
5 0.426371 0.763383 0.0262797 0.0281534 0.028645
3 0.965397 0.572058 0.0675213 0.675284 0.0286147
5 0.542801 0.448399 0.0269295 0.0286504 0.0274917
5 0.54439 0.447883 0.0317152 0.0319738 0.0263659
5 0.542791 0.448394 0.027455 0.0297675 0.025246
3 0.527747 0.365403 0.478778 0.295578 0.0247763
5 0.542433 0.448362 0.0303782 0.0326227 0.0230998
5 0.723745 0.545927 0.0375158 0.0484681 0.0230498
5 0.426569 0.763882 0.0260802 0.0280803 0.0230309
3 0.516801 0.497463 0.352842 0.413286 0.0229498
5 0.543784 0.447996 0.0326644 0.0340576 0.0229412
3 0.538025 0.522281 0.357734 0.424804 0.021556
3 0.520493 0.536845 0.314035 0.406439 0.0215079
3 0.538656 0.371413 0.448841 0.301015 0.0213447
5 0.441217 0.713701 0.0583123 0.0584546 0.0203653
3 0.520172 0.369809 0.447937 0.29466 0.0177446
5 0.400751 0.713053 0.155264 0.129007 0.0175129
3 0.544884 0.371957 0.486754 0.304108 0.0173383
5 0.426606 0.762528 0.0278969 0.0323107 0.017272
3 0.500939 0.512563 0.300356 0.386537 0.0167088
5 0.426069 0.762654 0.0292092 0.03218 0.0165461
5 0.426804 0.763009 0.0333776 0.0339693 0.0150301
3 0.494409 0.496835 0.328716 0.394918 0.014353
5 0.725672 0.542712 0.0387947 0.0448492 0.0138463
5 0.720303 0.543096 0.0361812 0.0439987 0.0130653
5 0.428279 0.761157 0.037094 0.0370684 0.0127959
5 0.42664 0.763692 0.0307005 0.0320144 0.0126746
5 0.641019 0.594572 0.029681 0.0328682 0.0122453
5 0.439099 0.760752 0.0723664 0.0437888 0.0121106
3 0.718092 0.518341 0.11308 0.445172 0.0119133
3 0.710682 0.514199 0.129152 0.451671 0.0118977
3 0.529289 0.501632 0.479815 0.561142 0.0117477
5 0.538662 0.785325 0.0349924 0.0334095 0.0104785
