3 0.497369 0.490623 0.441312 0.571541 0.450731
3 0.497935 0.489015 0.441823 0.576284 0.394609
2 0.597851 0.555317 0.185258 0.19279 0.339504
4 0.500524 0.482448 0.443822 0.572083 0.283372
4 0.503261 0.483906 0.44285 0.577341 0.281225
3 0.499395 0.487137 0.444295 0.574186 0.280934
2 0.592126 0.554397 0.202406 0.201113 0.264072
2 0.57277 0.343031 0.174195 0.16775 0.253767
3 0.500866 0.486761 0.446507 0.581004 0.241164
3 0.498137 0.493859 0.44582 0.561197 0.240664
3 0.5048 0.483422 0.444132 0.576412 0.233241
4 0.499754 0.490289 0.449785 0.559813 0.222668
4 0.500349 0.48552 0.444541 0.577706 0.221939
2 0.602808 0.557631 0.184365 0.189632 0.210524
2 0.559612 0.359111 0.217559 0.189099 0.196272
2 0.572781 0.340612 0.185182 0.158934 0.196164
2 0.584662 0.554419 0.199547 0.195607 0.162867
2 0.575989 0.552823 0.224119 0.202567 0.14143
2 0.602684 0.556562 0.171109 0.194024 0.117264
2 0.602664 0.555556 0.194907 0.200287 0.116811
2 0.551407 0.366526 0.243656 0.201344 0.110984
2 0.566898 0.344282 0.176362 0.169262 0.110275
2 0.569721 0.349249 0.201249 0.164959 0.107951
2 0.533204 0.384131 0.27632 0.23223 0.0875426
2 0.549304 0.383658 0.268904 0.232847 0.0776469
2 0.556431 0.381425 0.254669 0.227829 0.0731685
2 0.581071 0.337 0.1503 0.165151 0.0721725
2 0.60535 0.558029 0.178356 0.189141 0.0683802
2 0.548547 0.370685 0.271938 0.207789 0.066133
2 0.375539 0.380905 0.0836339 0.178496 0.0660717
2 0.379367 0.373412 0.0728644 0.161756 0.0629296
2 0.461346 0.338486 0.222111 0.227069 0.0526193
2 0.5624 0.376793 0.237176 0.221261 0.0522511
2 0.533079 0.370591 0.276928 0.20822 0.0518688
2 0.447563 0.338887 0.202841 0.210838 0.0514201
2 0.530746 0.399223 0.25949 0.268058 0.0513558
2 0.447877 0.347246 0.217592 0.199542 0.0511732
2 0.54838 0.305885 0.0397128 0.101225 0.0460148
2 0.546605 0.396461 0.2592 0.261446 0.0457216
2 0.51144 0.380725 0.281929 0.227328 0.0450694
2 0.55032 0.348059 0.194352 0.17674 0.0444941
2 0.380869 0.368849 0.0631598 0.151712 0.04299
2 0.559155 0.549795 0.255378 0.209278 0.0426262
2 0.578285 0.338097 0.169732 0.165638 0.0417904
2 0.369098 0.393435 0.109811 0.209174 0.0416015
4 0.474788 0.664893 0.418491 0.222892 0.0358388
2 0.576927 0.333821 0.122129 0.158358 0.0331911
2 0.558532 0.553682 0.243023 0.205379 0.032508
2 0.589267 0.543354 0.213951 0.216317 0.0311754
2 0.663627 0.576065 0.0614612 0.134747 0.030989
2 0.597106 0.556452 0.164892 0.199729 0.0296644
4 0.458152 0.664342 0.37835 0.220631 0.0294741
2 0.379568 0.391107 0.125324 0.205323 0.0292712
2 0.381669 0.370554 0.062888 0.136809 0.0290645
2 0.467395 0.348189 0.244021 0.216435 0.0280973
2 0.663305 0.571707 0.0565288 0.13897 0.0269472
2 0.54965 0.301998 0.0446968 0.111172 0.0268121
2 0.643007 0.431762 0.111167 0.0667311 0.0267814
2 0.556889 0.392665 0.257846 0.251543 0.0266645
2 0.458006 0.326783 0.205449 0.232842 0.0258838
2 0.637688 0.431437 0.118967 0.0649375 0.0249544
2 0.511432 0.398066 0.273004 0.264299 0.0248494
2 0.376913 0.373601 0.0761947 0.163726 0.0245011
2 0.54676 0.305689 0.0400246 0.102858 0.0242377
4 0.49459 0.577684 0.445171 0.363753 0.0233131
4 0.484303 0.578017 0.442429 0.37282 0.0227362
4 0.521553 0.574457 0.377416 0.342447 0.0217545
4 0.523529 0.559421 0.371145 0.33285 0.0213671
2 0.51147 0.367827 0.274283 0.21126 0.0208998
4 0.458882 0.659013 0.376074 0.225741 0.0208835
4 0.489147 0.364506 0.41407 0.301094 0.0202003
4 0.497463 0.372382 0.420813 0.317131 0.0191692
2 0.580986 0.341057 0.192264 0.152992 0.0189344
4 0.497313 0.563099 0.426322 0.367727 0.0187968
2 0.546935 0.301246 0.0440032 0.112975 0.0182657
2 0.517595 0.673999 0.260824 0.19871 0.0174881
4 0.497821 0.395818 0.420716 0.345267 0.0167409
4 0.480942 0.665834 0.454723 0.224303 0.0163002
4 0.565783 0.550925 0.289725 0.279126 0.0156501
2 0.50994 0.669584 0.286532 0.225046 0.0155595
4 0.477459 0.655964 0.425745 0.236641 0.0154963
2 0.436395 0.349546 0.223067 0.184941 0.0154102
4 0.472992 0.677341 0.401647 0.20207 0.0149927
2 0.575333 0.542292 0.233133 0.217706 0.0149444
2 0.448084 0.326075 0.198469 0.22866 0.0144708
2 0.648785 0.431091 0.100067 0.0646731 0.0139617
2 0.48275 0.341068 0.25012 0.239991 0.0138335
2 0.551465 0.333392 0.0713954 0.160222 0.0136655
2 0.371549 0.40455 0.147535 0.232352 0.0132572
2 0.523795 0.35388 0.241315 0.193419 0.0132259
2 0.549269 0.311942 0.0366619 0.0960337 0.0129083
4 0.495452 0.707705 0.399641 0.141249 0.0121376
4 0.483252 0.560758 0.43298 0.385738 0.0117658
4 0.498641 0.354389 0.424981 0.307054 0.0117432
2 0.511352 0.654331 0.284728 0.262717 0.0116325
3 0.957251 0.448103 0.0851292 0.623201 0.0114734
4 0.566482 0.565762 0.290524 0.296782 0.0113563
2 0.387397 0.371177 0.0557758 0.138742 0.0110621
2 0.382452 0.36666 0.0586747 0.143215 0.0110228
4 0.487035 0.389111 0.416901 0.324014 0.0106214
4 0.52561 0.440817 0.366524 0.423105 0.0103
2 0.552955 0.30746 0.0490631 0.10475 0.0102711
2 0.666861 0.575469 0.0633605 0.130745 0.0101023
2 0.609969 0.560444 0.184533 0.190358 0.010066
4 0.520217 0.403029 0.382153 0.35904 0.010037
2 0.664463 0.581331 0.0654608 0.128121 0.0100303
