3 0.503158 0.522188 0.436366 0.547318 0.800806
3 0.502983 0.525945 0.435668 0.540769 0.79606
3 0.504659 0.520891 0.436263 0.547509 0.786441
3 0.506243 0.525078 0.436062 0.544188 0.77839
3 0.506717 0.520796 0.43359 0.548074 0.772907
3 0.508177 0.521163 0.43398 0.551281 0.763763
3 0.502027 0.523655 0.430506 0.545084 0.701386
3 0.505859 0.51554 0.438769 0.539246 0.669125
3 0.510375 0.517815 0.438242 0.545091 0.578607
3 0.503287 0.52154 0.431092 0.546438 0.277203
3 0.502016 0.522724 0.33638 0.448136 0.0849774
3 0.501336 0.526391 0.430623 0.536773 0.0422475
2 0.525573 0.674643 0.0288951 0.0328038 0.0418671
2 0.525082 0.675579 0.0275626 0.0315435 0.0412912
3 0.501016 0.538748 0.337117 0.436134 0.040785
2 0.52563 0.674567 0.0303923 0.0345555 0.040172
2 0.525403 0.674894 0.0295974 0.0346415 0.0373772
2 0.525657 0.675749 0.0282755 0.0316727 0.030778
2 0.5254 0.675259 0.027297 0.0316431 0.0282869
2 0.525743 0.675136 0.0293561 0.0327215 0.0281598
2 0.527173 0.674134 0.0401665 0.0425487 0.025839
2 0.527403 0.674341 0.0367864 0.0397391 0.0257807
2 0.525383 0.674734 0.0345566 0.0381255 0.0244816
2 0.525513 0.674647 0.0376485 0.0411642 0.0231867
2 0.524827 0.675443 0.0324569 0.0367801 0.0220635
2 0.527917 0.67477 0.0373702 0.037576 0.0138652
3 0.501164 0.514441 0.345963 0.442694 0.0119902
