3 0.702975 0.616 0.542683 0.754996 0.38433
3 0.506884 0.622393 0.925103 0.750979 0.322135
3 0.732012 0.62385 0.485801 0.728004 0.318178
4 0.556878 0.617545 0.825511 0.758912 0.312801
3 0.5324 0.622078 0.921417 0.753246 0.310902
3 0.695072 0.621925 0.562864 0.745173 0.304691
3 0.506924 0.618755 0.896711 0.762489 0.302689
3 0.536711 0.619027 0.887471 0.761946 0.292859
4 0.547362 0.619363 0.852811 0.750584 0.290789
3 0.726067 0.634115 0.500111 0.718442 0.247288
3 0.469395 0.624334 0.903603 0.74933 0.242275
3 0.468018 0.615713 0.889751 0.759087 0.232724
3 0.613577 0.6171 0.713322 0.754216 0.150878
3 0.425923 0.61089 0.835056 0.758206 0.150379
3 0.305949 0.618432 0.60173 0.747911 0.147756
3 0.318433 0.607128 0.626599 0.768037 0.147175
3 0.376783 0.60856 0.725497 0.769609 0.146862
3 0.37184 0.619679 0.725214 0.746363 0.143574
3 0.426851 0.623086 0.844647 0.747677 0.134414
3 0.605413 0.620192 0.739407 0.753565 0.111853
3 0.252285 0.618966 0.499149 0.735806 0.0871521
3 0.25023 0.626506 0.48538 0.728728 0.0762016
3 0.548651 0.617815 0.835374 0.764371 0.0750237
3 0.691915 0.623612 0.571937 0.752777 0.0320746
4 0.575404 0.619597 0.780291 0.760806 0.0296157
3 0.316221 0.613477 0.622441 0.773047 0.0246178
3 0.509965 0.615896 0.852268 0.768207 0.0243789
3 0.729954 0.628179 0.500081 0.742289 0.0209913
4 0.522031 0.62459 0.934294 0.750821 0.0186444
3 0.711201 0.63205 0.517377 0.723127 0.0178839
3 0.371273 0.61293 0.717434 0.774139 0.0143891
4 0.493036 0.632668 0.934846 0.734431 0.0109692
