3 0.48255 0.523419 0.68813 0.865042 0.766121
3 0.493877 0.527094 0.666658 0.816849 0.727088
3 0.48349 0.521607 0.702073 0.89253 0.722486
3 0.483184 0.519485 0.707898 0.866142 0.708108
3 0.494557 0.525539 0.671916 0.869167 0.684028
3 0.483653 0.525057 0.72997 0.894791 0.676005
3 0.48558 0.498262 0.673418 0.83737 0.669956
3 0.482543 0.498547 0.68662 0.859874 0.60267
3 0.49499 0.491521 0.660146 0.761289 0.584739
3 0.485573 0.543699 0.719902 0.889364 0.493329
3 0.489921 0.483204 0.661956 0.791519 0.164854
3 0.483627 0.478248 0.681338 0.810264 0.0814169
3 0.495943 0.544207 0.681912 0.880058 0.0456224
3 0.48514 0.541211 0.751019 0.893206 0.0383188
3 0.520429 0.486483 0.38264 0.461468 0.0260235
3 0.483929 0.56785 0.732307 0.825744 0.0207959
3 0.517525 0.468251 0.386031 0.452772 0.0137586
3 0.496518 0.48053 0.375584 0.47884 0.0113919
