1 0.410176 0.479908 0.505772 0.601752 0.973415
1 0.407136 0.47425 0.501276 0.601409 0.959353
1 0.409218 0.480797 0.508173 0.600935 0.95882
1 0.412562 0.485768 0.510783 0.61426 0.943744
1 0.40564 0.475069 0.503766 0.599524 0.93104
1 0.413803 0.487489 0.5002 0.61354 0.926217
1 0.408844 0.479479 0.505681 0.609425 0.478388
1 0.418927 0.480803 0.485477 0.603226 0.346349
5 0.221047 0.708801 0.0336656 0.0460033 0.140012
1 0.412498 0.487187 0.50957 0.618752 0.137136
5 0.220359 0.71007 0.0331665 0.0467467 0.116604
1 0.40983 0.475183 0.502357 0.608657 0.113536
5 0.217628 0.709219 0.0371041 0.0487813 0.112934
5 0.218239 0.709112 0.0327435 0.0443565 0.102736
5 0.219363 0.709594 0.0295708 0.0437118 0.0884543
5 0.219563 0.708566 0.028139 0.0404669 0.0845027
5 0.218119 0.709254 0.0437621 0.0549517 0.0795664
5 0.218831 0.709601 0.033491 0.0479275 0.070534
5 0.219204 0.709886 0.0345027 0.049118 0.0628485
1 0.402062 0.464216 0.491841 0.623726 0.0588304
5 0.220126 0.70869 0.0279907 0.0404257 0.0578041
5 0.220957 0.709461 0.035702 0.0467166 0.0564502
1 0.423037 0.485435 0.484187 0.607827 0.0485971
5 0.219614 0.709137 0.0300409 0.0425616 0.0405303
5 0.219321 0.709356 0.0472148 0.0581125 0.0250897
5 0.220323 0.707969 0.0532432 0.0624722 0.0245301
5 0.21941 0.70763 0.0424588 0.0535511 0.023916
1 0.418324 0.478493 0.509865 0.597368 0.0230043
5 0.218147 0.708323 0.0410396 0.0532222 0.0191017
5 0.220998 0.708854 0.0466451 0.0575955 0.0178661
1 0.410335 0.480907 0.500939 0.624687 0.0156241
5 0.219414 0.709866 0.0462754 0.0573837 0.0146081
5 0.218447 0.708209 0.0480804 0.0589076 0.0130125
5 0.219812 0.705915 0.0517163 0.062106 0.0128605
