0 0.57857 0.437274 0.571072 0.706029 0.561361
0 0.578565 0.447046 0.569859 0.719813 0.530028
0 0.578664 0.450459 0.57342 0.721197 0.480046
0 0.580531 0.440642 0.565848 0.702929 0.467421
0 0.577472 0.436369 0.573297 0.706406 0.463525
0 0.575862 0.44112 0.569423 0.70101 0.435189
0 0.556327 0.43702 0.521482 0.705968 0.398901
0 0.577941 0.449227 0.566395 0.713753 0.372443
0 0.581848 0.447372 0.564175 0.710024 0.292898
5 0.0298551 0.965068 0.0597101 0.0698632 0.210815
5 0.0283892 0.965019 0.0565207 0.0699617 0.210516
0 0.580651 0.450928 0.553227 0.714988 0.165417
0 0.554798 0.444598 0.515736 0.715238 0.150427
0 0.580398 0.442575 0.553718 0.696104 0.142541
0 0.552521 0.444567 0.516898 0.702508 0.142103
5 0.0302669 0.964551 0.0605337 0.0708986 0.140686
5 0.0281805 0.966136 0.0556997 0.0677275 0.12734
5 0.0321453 0.964059 0.0642905 0.0718825 0.124603
5 0.0295183 0.965766 0.0590366 0.0684672 0.115961
2 0.484497 0.349173 0.0419424 0.109848 0.107164
5 0.0327403 0.963125 0.0654806 0.0737502 0.0951977
5 0.0282937 0.963817 0.0565875 0.0723652 0.0869888
5 0.0266287 0.963913 0.0524967 0.0721735 0.0805362
2 0.356296 0.542535 0.0217068 0.0287905 0.0660593
0 0.429033 0.42298 0.246459 0.501863 0.0659471
2 0.356364 0.542654 0.0215533 0.0285519 0.0647004
5 0.0314143 0.96516 0.0628286 0.0696796 0.062833
2 0.357219 0.542621 0.0217322 0.0286469 0.0620823
0 0.43182 0.436282 0.255497 0.536703 0.0591479
2 0.48504 0.352931 0.0387487 0.100618 0.0591443
2 0.487202 0.349351 0.0479372 0.118542 0.0566753
2 0.356659 0.542871 0.0203129 0.0272016 0.0538612
0 0.424438 0.4317 0.243012 0.588423 0.0536275
2 0.484447 0.344492 0.0421964 0.118356 0.0512264
5 0.0265489 0.966083 0.0501934 0.0678338 0.0492426
2 0.489504 0.715392 0.231426 0.15329 0.0483175
2 0.356814 0.543447 0.0188673 0.0258855 0.0449838
2 0.356947 0.542995 0.023321 0.0289351 0.038014
2 0.487105 0.353977 0.0448843 0.11086 0.0371238
2 0.356701 0.543307 0.0194419 0.0263581 0.0369596
5 0.0354943 0.962254 0.0709886 0.0754923 0.0360801
2 0.500264 0.716392 0.231913 0.157033 0.0360552
2 0.491038 0.371879 0.0543109 0.178595 0.0335997
2 0.35677 0.542936 0.0218846 0.0284675 0.0331366
2 0.47695 0.715529 0.224 0.153287 0.0307273
2 0.357256 0.54233 0.0270541 0.0325008 0.0290076
2 0.490408 0.353486 0.0538011 0.14368 0.0282844
2 0.465093 0.390264 0.188648 0.258403 0.0257844
5 0.0306142 0.961047 0.0612284 0.070431 0.0254625
0 0.587333 0.450032 0.539854 0.685647 0.0250416
0 0.444525 0.409215 0.266313 0.337634 0.0235114
5 0.508381 0.718002 0.206813 0.1575 0.0234159
2 0.357341 0.541366 0.0267699 0.0345788 0.023174
5 0.036066 0.960724 0.072132 0.0785522 0.0223731
5 0.0266819 0.962182 0.0533638 0.075637 0.0220099
2 0.487151 0.343997 0.0480062 0.127035 0.0219111
2 0.480277 0.391568 0.16063 0.260268 0.0213079
0 0.579096 0.154738 0.35469 0.122825 0.0212918
2 0.482066 0.351545 0.0415019 0.101793 0.0212782
5 0.0333591 0.959139 0.0667183 0.0750901 0.0206223
5 0.0272159 0.96831 0.0533517 0.0633796 0.0193518
2 0.491428 0.388583 0.0635119 0.231081 0.0189834
5 0.0287911 0.968057 0.0575823 0.0627482 0.0189622
0 0.508881 0.709543 0.369361 0.177054 0.0182983
2 0.356607 0.541658 0.027283 0.0356698 0.0181117
0 0.565675 0.154678 0.350322 0.122983 0.0178939
2 0.485512 0.355749 0.0358572 0.0921324 0.0176369
0 0.537094 0.709426 0.423348 0.177099 0.0174088
2 0.382963 0.397172 0.0911047 0.0711869 0.0170839
2 0.482666 0.353733 0.037564 0.0927145 0.017017
2 0.490266 0.715889 0.218472 0.161983 0.0165588
3 0.596851 0.394729 0.206362 0.242097 0.0165116
3 0.59492 0.404217 0.208422 0.247922 0.0161821
2 0.498906 0.714379 0.23191 0.169835 0.016022
2 0.495209 0.71929 0.227549 0.154131 0.0158449
0 0.423766 0.428447 0.240243 0.578637 0.0155617
5 0.0343069 0.964467 0.0686138 0.0710664 0.0152225
2 0.472508 0.397124 0.224126 0.272468 0.0145501
0 0.566247 0.166499 0.414473 0.143347 0.0136994
2 0.386287 0.397561 0.0896888 0.0726194 0.0135885
0 0.482288 0.673454 0.33866 0.25261 0.0132405
0 0.587998 0.164297 0.422819 0.138846 0.0132249
3 0.609266 0.446018 0.269065 0.356385 0.0132102
0 0.453313 0.428563 0.285624 0.382032 0.013125
0 0.594296 0.156727 0.364244 0.124441 0.0126443
2 0.357626 0.543548 0.0220615 0.0295181 0.0126262
2 0.48217 0.38646 0.0841271 0.23133 0.0124924
0 0.428024 0.384658 0.245409 0.455386 0.0124844
0 0.540277 0.723859 0.389069 0.146198 0.0123798
2 0.486018 0.373852 0.0630796 0.190869 0.012058
3 0.605442 0.403427 0.212423 0.248395 0.0120559
3 0.607471 0.458715 0.280609 0.368013 0.0120357
3 0.60777 0.393113 0.214709 0.243782 0.0118969
0 0.570376 0.708495 0.465642 0.178558 0.0116569
2 0.4845 0.353143 0.0631552 0.151477 0.0114289
2 0.505152 0.720239 0.228025 0.154518 0.011189
2 0.355591 0.542037 0.0275585 0.0329987 0.0110319
2 0.473578 0.716459 0.20054 0.160266 0.0110019
2 0.507098 0.714667 0.209331 0.170055 0.0107908
2 0.458351 0.385576 0.226103 0.254011 0.0107707
0 0.422146 0.434541 0.240324 0.590155 0.0104325
