2 0.678411 0.673649 0.067469 0.0854887 0.709961
2 0.677989 0.673386 0.0624456 0.082757 0.70294
2 0.535507 0.763825 0.0984225 0.0678757 0.632591
2 0.536904 0.762434 0.0909877 0.0665238 0.623729
2 0.534414 0.76456 0.0964176 0.0665839 0.616753
2 0.677061 0.67325 0.0627783 0.0840719 0.565149
2 0.564245 0.267124 0.0752104 0.0818486 0.554427
2 0.677444 0.673494 0.0666337 0.0858933 0.500461
2 0.564593 0.268063 0.0733805 0.0783983 0.431156
2 0.67901 0.674598 0.0659762 0.0844233 0.421031
2 0.538215 0.758872 0.100558 0.0846606 0.378843
2 0.563549 0.267316 0.0785274 0.0831084 0.375411
2 0.538216 0.76168 0.0888161 0.0613893 0.368524
2 0.540359 0.761304 0.0830682 0.06495 0.359872
2 0.535585 0.763341 0.088437 0.0652243 0.359493
2 0.532065 0.765383 0.0915859 0.0663426 0.347378
5 0.475342 0.506609 0.0947908 0.127585 0.32434
2 0.677646 0.673883 0.0579547 0.0796513 0.303467
3 0.504443 0.511853 0.54808 0.613079 0.297897
2 0.537409 0.759276 0.0990197 0.0780098 0.292623
3 0.499643 0.510913 0.557259 0.608248 0.291461
2 0.681288 0.67505 0.0772591 0.0971553 0.288257
2 0.564104 0.268007 0.0761144 0.0798354 0.285575
2 0.539688 0.759841 0.103542 0.0843341 0.274354
2 0.538635 0.76155 0.100345 0.081386 0.263861
2 0.541339 0.760817 0.0813645 0.0619342 0.260042
2 0.67781 0.674684 0.0761338 0.089084 0.260021
2 0.681455 0.674264 0.0796795 0.0967416 0.25441
3 0.534956 0.522915 0.501145 0.584832 0.25201
3 0.530297 0.520358 0.501754 0.586345 0.248566
2 0.564242 0.267309 0.0732363 0.0795756 0.242487
2 0.531806 0.764829 0.0944899 0.0679134 0.240419
2 0.536222 0.762198 0.0964711 0.0630236 0.208339
5 0.475352 0.507166 0.0949069 0.131046 0.204334
2 0.676583 0.673692 0.0581179 0.0824818 0.198652
5 0.563949 0.26701 0.0759578 0.0805395 0.19725
3 0.502324 0.536359 0.562664 0.675705 0.181636
2 0.678479 0.675904 0.0765375 0.0896538 0.18057
2 0.564173 0.267764 0.0788116 0.0899748 0.174583
3 0.537095 0.548935 0.509271 0.663498 0.162066
5 0.47721 0.506541 0.10142 0.126913 0.153814
5 0.475819 0.50699 0.101122 0.131847 0.145115
2 0.675928 0.672493 0.0608815 0.084154 0.141705
2 0.675952 0.669764 0.0593765 0.0793102 0.131169
2 0.533162 0.767594 0.0938367 0.0605834 0.124346
2 0.56596 0.267068 0.0849174 0.0942607 0.112101
2 0.563055 0.267698 0.0692663 0.0803825 0.111987
3 0.497573 0.495218 0.564801 0.682174 0.108919
2 0.676652 0.670076 0.0626646 0.0813225 0.10125
2 0.565851 0.266731 0.076297 0.0824891 0.0952006
5 0.474578 0.506402 0.0945845 0.130897 0.0909789
5 0.47633 0.506487 0.100574 0.133117 0.0875835
2 0.565098 0.26816 0.0736545 0.0782726 0.0843003
2 0.53189 0.768532 0.0908069 0.060106 0.0829879
2 0.539763 0.761635 0.0811496 0.0617867 0.0764656
2 0.67792 0.673233 0.072841 0.0862808 0.0725454
2 0.563132 0.268898 0.0677043 0.077343 0.0724951
1 0.248037 0.47858 0.108374 0.683355 0.0721571
2 0.546402 0.760068 0.0749427 0.0634059 0.0700499
2 0.681502 0.671991 0.0862322 0.0999605 0.0683412
3 0.52865 0.505591 0.508891 0.639509 0.0682236
1 0.246281 0.490936 0.103836 0.676432 0.0664058
2 0.682882 0.672467 0.087203 0.105452 0.0648235
2 0.56423 0.269951 0.0674607 0.0733025 0.0646892
1 0.514747 0.156581 0.445062 0.12197 0.0629398
2 0.545395 0.759928 0.0758406 0.0631501 0.0622456
2 0.476912 0.506916 0.107495 0.130947 0.0621832
1 0.508679 0.156632 0.443262 0.123995 0.0581677
2 0.682497 0.675405 0.082027 0.101232 0.0576374
5 0.475437 0.508088 0.0938698 0.133971 0.0569894
2 0.540832 0.76034 0.10543 0.0859921 0.0560544
5 0.566206 0.266102 0.0745779 0.0802165 0.0542964
5 0.564405 0.263982 0.0717695 0.071121 0.0536469
2 0.476356 0.504691 0.0956674 0.130067 0.0463985
3 0.493374 0.491852 0.575931 0.664535 0.0463274
1 0.250481 0.469046 0.112257 0.674878 0.0433034
2 0.564584 0.270458 0.0687906 0.0708075 0.0432813
1 0.245781 0.508965 0.101697 0.666958 0.042852
2 0.675413 0.673926 0.0501941 0.0770273 0.0397024
5 0.564165 0.263538 0.0688073 0.0697829 0.0361666
1 0.501486 0.158143 0.438975 0.126494 0.0358624
2 0.680964 0.675383 0.0844696 0.100946 0.0357947
1 0.519036 0.157799 0.45927 0.122056 0.0354138
2 0.538742 0.757615 0.117002 0.096806 0.0346225
2 0.56455 0.267263 0.0834451 0.0938896 0.0341875
5 0.475875 0.504503 0.0981384 0.159157 0.0330359
2 0.543629 0.75737 0.0817747 0.0572901 0.0320572
2 0.562603 0.26587 0.0679591 0.0778989 0.0318553
2 0.540775 0.759792 0.103349 0.0807969 0.0311629
2 0.540841 0.758599 0.0903057 0.054131 0.0303236
1 0.510714 0.158593 0.46813 0.127053 0.0301401
1 0.526242 0.157719 0.459546 0.120118 0.0295367
5 0.232503 0.384721 0.0357027 0.0498855 0.0293037
3 0.488864 0.484374 0.57773 0.660234 0.0290539
2 0.531837 0.762574 0.096963 0.0631826 0.0282081
3 0.555436 0.523941 0.457556 0.582868 0.0278327
2 0.534464 0.761774 0.114249 0.0873008 0.0275658
2 0.534696 0.766316 0.0859889 0.0586571 0.0270744
2 0.682632 0.673577 0.0765216 0.0903164 0.026595
2 0.476945 0.49944 0.0934533 0.111005 0.0255338
1 0.246572 0.534898 0.102227 0.658255 0.0249024
1 0.262847 0.479207 0.138107 0.697069 0.0248101
5 0.233 0.383547 0.0357035 0.0478318 0.024379
2 0.564624 0.265259 0.0853215 0.0958625 0.0236728
1 0.262256 0.49266 0.13533 0.694919 0.0228432
2 0.564073 0.268119 0.0871132 0.0967305 0.0225202
2 0.532091 0.760509 0.128292 0.0907147 0.0224021
2 0.480025 0.502885 0.0849963 0.121917 0.0221409
2 0.528641 0.766922 0.0817263 0.0609241 0.0220364
5 0.232181 0.385406 0.0356655 0.0485445 0.021623
2 0.675325 0.668573 0.0576564 0.0782056 0.0213301
3 0.553562 0.467884 0.335243 0.39511 0.0210116
1 0.502247 0.162566 0.473661 0.135056 0.0205551
1 0.774734 0.543695 0.0882107 0.610799 0.0198128
1 0.774717 0.564759 0.0875672 0.598639 0.0192204
2 0.536708 0.76049 0.105 0.0918513 0.0189933
5 0.232027 0.384873 0.041065 0.0521825 0.0188139
2 0.476611 0.502062 0.0912734 0.118429 0.0184622
1 0.783415 0.540978 0.0931752 0.603549 0.0180326
2 0.477052 0.495335 0.0954719 0.101988 0.0177122
1 0.248786 0.560416 0.104367 0.634824 0.016902
2 0.479974 0.501197 0.0873897 0.111921 0.0165823
2 0.476074 0.502769 0.109679 0.133296 0.0164625
2 0.537305 0.76059 0.10801 0.0959084 0.0155156
1 0.534404 0.159017 0.459784 0.118898 0.0153948
1 0.783419 0.56234 0.0927909 0.597556 0.0152719
3 0.559942 0.491378 0.326467 0.425699 0.0151233
5 0.23247 0.386103 0.0361079 0.0498589 0.0148607
2 0.565369 0.266014 0.0920609 0.0969663 0.0146057
3 0.536703 0.459898 0.377663 0.405197 0.0143799
5 0.232485 0.385416 0.0435026 0.0545348 0.0142909
1 0.263629 0.470315 0.139745 0.686512 0.0142526
1 0.252729 0.455786 0.114105 0.644889 0.0140468
3 0.533015 0.436432 0.369168 0.369888 0.0138994
1 0.25148 0.584516 0.105061 0.613855 0.0134258
5 0.232569 0.383749 0.0334844 0.0443098 0.0133691
2 0.679549 0.67565 0.0612692 0.0816095 0.0133
2 0.53509 0.757265 0.126885 0.0992498 0.0129848
4 0.527058 0.553331 0.541475 0.785754 0.0126412
5 0.23148 0.385777 0.0340067 0.0502355 0.0125832
2 0.527953 0.765961 0.0836047 0.0641375 0.0124521
2 0.683429 0.676114 0.0783954 0.0920671 0.0122955
1 0.262668 0.512166 0.134211 0.687127 0.0122194
1 0.774049 0.586058 0.0886382 0.591208 0.0119255
1 0.231292 0.496986 0.0883235 0.64798 0.0118045
3 0.497509 0.555179 0.583996 0.817402 0.0116733
1 0.783873 0.52236 0.0958282 0.610686 0.0114679
2 0.677887 0.668865 0.0671111 0.0819455 0.011348
1 0.773817 0.525215 0.0914186 0.624906 0.0111945
2 0.553924 0.759593 0.0595779 0.0599622 0.0109905
2 0.5532 0.75975 0.0641178 0.0624793 0.0105004
5 0.480149 0.497404 0.0883398 0.102808 0.0104644
2 0.547269 0.757261 0.0741868 0.0586972 0.0103491
1 0.23111 0.514878 0.0870237 0.63755 0.0102487
5 0.472442 0.505958 0.112651 0.132954 0.0101588
2 0.677421 0.674241 0.100321 0.106947 0.0101286
