3 0.534548 0.40711 0.407603 0.58764 0.410976
3 0.533943 0.39753 0.409324 0.58861 0.339041
3 0.534783 0.409081 0.401241 0.585129 0.324033
3 0.536399 0.406631 0.40977 0.593471 0.320821
3 0.534053 0.401165 0.401 0.58843 0.287834
3 0.536384 0.40746 0.399841 0.593842 0.27132
3 0.534588 0.411108 0.394009 0.579887 0.2711
4 0.533877 0.401622 0.3944 0.578237 0.176878
3 0.538134 0.414524 0.396636 0.589279 0.118016
4 0.534091 0.399903 0.398554 0.590909 0.0855571
4 0.474897 0.40903 0.261347 0.532664 0.058424
3 0.533901 0.400099 0.402724 0.587085 0.0396341
4 0.463075 0.407397 0.247835 0.535777 0.0309135
4 0.497029 0.412562 0.289442 0.518665 0.0249831
4 0.472465 0.412308 0.254899 0.479678 0.02485
3 0.462037 0.408275 0.247862 0.570423 0.0174103
3 0.475258 0.41077 0.260235 0.573174 0.0166364
3 0.536374 0.40653 0.417926 0.594996 0.0127444
4 0.489653 0.417165 0.275904 0.4706 0.0117039
4 0.461433 0.411991 0.243371 0.487508 0.0110505
