5 0.486596 0.574246 0.0380576 0.043993 0.240176
3 0.467223 0.561876 0.482625 0.537616 0.240005
3 0.466393 0.565288 0.486826 0.5397 0.234718
3 0.466556 0.562199 0.490079 0.5402 0.231537
1 0.465714 0.568378 0.482245 0.533557 0.227741
5 0.487041 0.573996 0.0329244 0.0378122 0.220728
3 0.465906 0.56413 0.483168 0.536435 0.208629
5 0.487436 0.574323 0.0301332 0.0365275 0.206364
5 0.488084 0.573415 0.0307052 0.03582 0.200893
5 0.487928 0.573682 0.0384685 0.045203 0.193736
1 0.46583 0.566749 0.479301 0.532784 0.190122
5 0.4875 0.574031 0.0319407 0.0369315 0.174152
5 0.488529 0.574011 0.0420107 0.0472731 0.17362
5 0.487617 0.573864 0.0414914 0.0500972 0.16289
5 0.48818 0.574425 0.0321131 0.0374615 0.15987
3 0.473183 0.559707 0.471246 0.535453 0.158185
5 0.556117 0.561111 0.030716 0.0347941 0.152464
5 0.488376 0.573853 0.0279467 0.0333106 0.142875
5 0.488148 0.57408 0.0261253 0.03157 0.13519
5 0.487889 0.57444 0.0410757 0.0486468 0.135162
5 0.487678 0.574117 0.0249662 0.0318069 0.134642
5 0.489263 0.573165 0.0513226 0.0540009 0.121572
3 0.471892 0.563598 0.470449 0.536798 0.118969
5 0.555871 0.561391 0.0283501 0.0354435 0.118858
5 0.55608 0.560119 0.0269085 0.0297669 0.117226
5 0.55599 0.56169 0.0271833 0.0332789 0.11661
5 0.487109 0.574388 0.039027 0.0465656 0.10492
5 0.55628 0.559564 0.0314054 0.0333023 0.0958072
3 0.470105 0.558969 0.483429 0.537821 0.0940912
5 0.557139 0.564261 0.0411194 0.0509136 0.092337
5 0.555787 0.560622 0.0240035 0.0279655 0.0851005
5 0.556006 0.560657 0.0261373 0.0307678 0.0824314
3 0.465001 0.562324 0.487616 0.546053 0.0729668
5 0.557265 0.567203 0.0471804 0.0607701 0.0662005
5 0.555174 0.56087 0.0225681 0.0289825 0.0652386
5 0.49109 0.573641 0.0548578 0.0543413 0.0612067
5 0.55757 0.563962 0.0399575 0.0518056 0.0589097
5 0.486233 0.572595 0.0485604 0.0579451 0.0563838
5 0.555891 0.561132 0.028346 0.0360274 0.0525835
5 0.555978 0.561982 0.0339825 0.0428697 0.0515374
5 0.555261 0.561241 0.0207173 0.026414 0.0511982
5 0.490743 0.573329 0.0500092 0.0506396 0.0502422
5 0.556804 0.571439 0.0395628 0.0597366 0.049037
5 0.556655 0.571479 0.0397644 0.0566495 0.046788
5 0.556775 0.588485 0.039979 0.0312817 0.0443682
3 0.537296 0.49202 0.256938 0.306206 0.0410038
5 0.487471 0.575123 0.0315341 0.0385915 0.0405032
5 0.556281 0.561986 0.0327124 0.040082 0.0390575
5 0.558768 0.589073 0.0359571 0.031766 0.0342684
3 0.528915 0.482423 0.288195 0.309115 0.0338634
3 0.561595 0.495132 0.24476 0.316711 0.0326548
3 0.52998 0.519908 0.207453 0.227556 0.0300961
5 0.487534 0.575911 0.0373653 0.0435845 0.0299651
5 0.554783 0.560608 0.03609 0.0379119 0.0279946
5 0.547127 0.588317 0.0197802 0.0248483 0.0271987
5 0.494116 0.571615 0.0651076 0.0606257 0.0268441
3 0.529006 0.50921 0.214478 0.246161 0.0266675
3 0.490781 0.479889 0.354903 0.317908 0.0258135
3 0.497316 0.493613 0.316685 0.325781 0.0257508
5 0.488458 0.576099 0.0379493 0.0423967 0.0244514
5 0.546048 0.587747 0.0184471 0.023475 0.0229491
5 0.560915 0.58943 0.0338886 0.0296192 0.0228605
5 0.558617 0.573232 0.0490751 0.0709498 0.02278
3 0.541377 0.519056 0.218165 0.237701 0.0216576
1 0.334589 0.568617 0.207555 0.528429 0.0212464
5 0.489346 0.570173 0.0507712 0.0565079 0.0211505
5 0.547626 0.587092 0.0203415 0.0280038 0.0205394
1 0.466037 0.564975 0.482531 0.547291 0.0203147
5 0.556973 0.589261 0.0356277 0.0290879 0.0198761
5 0.554725 0.560292 0.036689 0.0417812 0.0197357
3 0.541635 0.506665 0.224455 0.25308 0.0194452
5 0.492357 0.57474 0.0481198 0.0505783 0.0183509
3 0.560681 0.483255 0.254759 0.32167 0.0175207
5 0.555235 0.57408 0.041536 0.0637394 0.0168339
5 0.487505 0.569719 0.0498131 0.0595458 0.0166489
3 0.353955 0.568179 0.241638 0.550291 0.0165355
5 0.561521 0.589894 0.0271865 0.0267371 0.0164263
3 0.530891 0.52971 0.195339 0.204121 0.0160513
1 0.298589 0.570011 0.140278 0.515701 0.0150417
5 0.558279 0.58808 0.0361037 0.032959 0.0144063
3 0.563117 0.520768 0.243124 0.359821 0.0142852
5 0.358974 0.622782 0.0334395 0.0383062 0.0141343
3 0.516431 0.520861 0.213905 0.212964 0.014072
3 0.514689 0.511613 0.222392 0.236917 0.0140075
3 0.54012 0.510624 0.24499 0.322949 0.0139293
5 0.563043 0.589808 0.0256318 0.0254802 0.0133491
5 0.491671 0.568806 0.0585424 0.0614068 0.0130099
5 0.546268 0.588035 0.0156989 0.0229954 0.0124172
1 0.335241 0.566548 0.209198 0.539784 0.0122133
5 0.359985 0.622507 0.0379022 0.0416818 0.0122011
3 0.554384 0.518144 0.228599 0.250285 0.0121823
5 0.546171 0.586658 0.0200298 0.0258939 0.0121032
3 0.528161 0.497177 0.217381 0.258192 0.0118129
5 0.545616 0.587516 0.0155057 0.0215831 0.0114788
5 0.358692 0.623297 0.0343032 0.0409272 0.0114559
1 0.282928 0.574547 0.107254 0.492555 0.0111938
1 0.281056 0.578782 0.104397 0.470049 0.011071
3 0.363893 0.558534 0.253992 0.531939 0.0108791
5 0.359079 0.624088 0.0268441 0.0313526 0.010805
3 0.554449 0.505997 0.233399 0.260477 0.0106826
5 0.359763 0.622917 0.0301529 0.0364686 0.0104246
3 0.540668 0.527973 0.207981 0.21015 0.0103982
3 0.352504 0.561198 0.236023 0.56135 0.0101358
