3 0.440869 0.493528 0.545495 0.731684 0.751745
3 0.44561 0.491874 0.555637 0.730897 0.749388
3 0.440384 0.497044 0.546115 0.722578 0.723087
3 0.444212 0.491797 0.550151 0.732367 0.699826
3 0.440307 0.502375 0.537106 0.728163 0.668409
3 0.447338 0.504892 0.551949 0.731033 0.660906
3 0.444784 0.4974 0.548712 0.718133 0.5246
3 0.445745 0.506582 0.547387 0.726425 0.484893
3 0.447784 0.507533 0.543173 0.734999 0.45983
3 0.438167 0.502194 0.527087 0.728864 0.377851
3 0.445979 0.500676 0.545317 0.711596 0.226877
3 0.305136 0.482835 0.250573 0.607647 0.197298
3 0.319328 0.478908 0.276316 0.581992 0.124421
3 0.305483 0.489077 0.253473 0.606481 0.120598
3 0.450758 0.499581 0.534021 0.720207 0.0412136
2 0.250353 0.416231 0.0226836 0.0301384 0.0341457
3 0.320123 0.472223 0.276581 0.583983 0.031358
2 0.250782 0.415466 0.0278874 0.0339639 0.0308407
2 0.336254 0.737866 0.0283568 0.0307081 0.0300503
2 0.335991 0.73793 0.0232922 0.0268623 0.0289876
3 0.319062 0.491401 0.274454 0.583671 0.0279983
2 0.336635 0.737448 0.0245555 0.0268573 0.0272216
2 0.250941 0.416062 0.0251591 0.0302622 0.0219628
2 0.250725 0.416315 0.0202849 0.0280091 0.0216984
3 0.291664 0.486452 0.227747 0.603791 0.0213696
3 0.303701 0.478164 0.244861 0.608744 0.0211778
3 0.290309 0.480994 0.224357 0.607479 0.0211118
2 0.250452 0.416549 0.022108 0.0299045 0.0210583
2 0.250006 0.416675 0.0222112 0.0296996 0.0209787
2 0.336444 0.738027 0.0268337 0.0282308 0.0191255
2 0.336794 0.737847 0.0224478 0.0253024 0.0185639
2 0.250955 0.416891 0.0193979 0.0267783 0.0184297
3 0.454607 0.784059 0.457822 0.143567 0.0174834
2 0.250232 0.417088 0.0196979 0.0272936 0.0162365
2 0.336727 0.73834 0.0205127 0.0237517 0.0151408
3 0.6599 0.497539 0.109185 0.611887 0.0141369
2 0.336815 0.738235 0.0237663 0.0265222 0.0137678
2 0.336692 0.738091 0.0263035 0.0286481 0.0132261
2 0.335969 0.735884 0.0265871 0.0303134 0.0123884
2 0.335358 0.736392 0.0271092 0.0309356 0.0123155
2 0.250461 0.415108 0.0275473 0.0365638 0.0121585
3 0.463975 0.785833 0.461845 0.137715 0.0117974
3 0.657462 0.494111 0.115187 0.612185 0.0117159
3 0.45852 0.481707 0.271584 0.430129 0.010626
