3 0.519197 0.539195 0.423106 0.519169 0.568978
3 0.519658 0.543444 0.420664 0.512248 0.568847
3 0.521841 0.545069 0.414889 0.511624 0.566507
3 0.519771 0.538155 0.415413 0.516581 0.536062
3 0.514066 0.533737 0.428548 0.512001 0.443011
3 0.518433 0.530172 0.419906 0.509927 0.388899
3 0.516578 0.535026 0.424618 0.52929 0.357914
3 0.50677 0.545854 0.333865 0.463602 0.311417
3 0.506898 0.559639 0.341995 0.46302 0.308131
3 0.51833 0.54228 0.423094 0.517955 0.246411
3 0.512638 0.551056 0.319384 0.43353 0.184991
3 0.512918 0.56243 0.330167 0.441841 0.147161
3 0.503799 0.538707 0.333451 0.473942 0.142398
5 0.535894 0.411166 0.0645615 0.0607092 0.0740789
3 0.50418 0.556519 0.338696 0.464341 0.0703521
5 0.536242 0.410504 0.0702341 0.0663171 0.0672518
3 0.506923 0.523957 0.326015 0.46616 0.0669854
5 0.535779 0.410573 0.0668212 0.0657621 0.0656421
5 0.941713 0.460947 0.0553456 0.0651335 0.0580459
5 0.536258 0.411251 0.0673459 0.063458 0.0551546
5 0.941818 0.459869 0.0625616 0.0733502 0.0529515
5 0.942146 0.460684 0.0505919 0.062288 0.0503678
5 0.941739 0.46035 0.055852 0.0692645 0.0439399
3 0.512428 0.519742 0.310814 0.426034 0.0404316
5 0.535556 0.412214 0.0624321 0.0582704 0.0370485
5 0.535359 0.41171 0.0622589 0.0596899 0.0335052
5 0.941254 0.462021 0.0528346 0.0631477 0.0333801
5 0.941632 0.461062 0.0461926 0.0588153 0.031672
5 0.535001 0.412877 0.0650647 0.0643563 0.028612
5 0.538711 0.409382 0.0688328 0.0686007 0.0280747
5 0.940999 0.4601 0.0587704 0.0660123 0.0241922
5 0.538036 0.410188 0.0667462 0.0678196 0.0225847
5 0.942406 0.458405 0.0654542 0.0734395 0.0206523
3 0.508039 0.531174 0.435443 0.518915 0.0203923
5 0.537002 0.408636 0.0706695 0.0666279 0.0190604
5 0.534967 0.411775 0.0661962 0.0645975 0.0184773
5 0.940333 0.461655 0.0480507 0.0604818 0.0167859
5 0.535482 0.412361 0.0567259 0.0535475 0.0164514
3 0.503076 0.523739 0.331203 0.474524 0.0150164
3 0.505407 0.493803 0.319605 0.405811 0.0149651
3 0.510168 0.484512 0.307386 0.360536 0.0142903
5 0.535982 0.409227 0.0688151 0.064392 0.0134623
5 0.940095 0.462029 0.0541167 0.0663464 0.0132439
3 0.519952 0.551013 0.427278 0.52036 0.0126082
3 0.527539 0.527252 0.236988 0.225853 0.0120162
5 0.942093 0.461306 0.0418677 0.0548058 0.0119493
5 0.939848 0.46066 0.0568948 0.065096 0.0115098
5 0.942136 0.462283 0.0504177 0.0641626 0.011442
5 0.945247 0.458494 0.0723253 0.0797128 0.0110226
3 0.522383 0.536441 0.427003 0.517546 0.0109963
3 0.946923 0.508934 0.104748 0.58931 0.0108466
3 0.540235 0.523676 0.238124 0.244127 0.0100737
