4 0.485816 0.495063 0.971631 0.919685 0.564792
4 0.486925 0.493236 0.97385 0.927343 0.545242
4 0.469643 0.495228 0.939286 0.920523 0.49417
4 0.472321 0.492344 0.944642 0.925944 0.475394
4 0.486375 0.493073 0.972749 0.928231 0.389753
4 0.446086 0.490919 0.892171 0.921914 0.358647
4 0.469948 0.4917 0.939896 0.926033 0.34939
4 0.444161 0.494202 0.888321 0.918702 0.312364
2 0.0480952 0.548655 0.0514144 0.0668549 0.117746
2 0.048363 0.544909 0.0522597 0.0587162 0.107227
2 0.049648 0.546355 0.0505686 0.0653816 0.100925
2 0.0487054 0.546257 0.0497983 0.0581716 0.0807858
2 0.04814 0.547178 0.0515935 0.0587167 0.0780196
2 0.0490933 0.544829 0.0508225 0.0580806 0.0762922
2 0.0482187 0.549451 0.0552021 0.0619471 0.0640957
2 0.0480497 0.550782 0.0568611 0.0691818 0.055655
2 0.149491 0.724593 0.0862966 0.0733918 0.0541797
2 0.147768 0.720851 0.0926611 0.0813968 0.0446702
2 0.04692 0.553952 0.0579295 0.0787433 0.0440334
2 0.0499927 0.546633 0.0576123 0.0701211 0.0359022
4 0.508141 0.497054 0.972919 0.918397 0.0319471
2 0.151614 0.726493 0.0787403 0.0745646 0.0289645
2 0.0503539 0.544607 0.0579684 0.0701865 0.0278303
2 0.0503087 0.545285 0.0603465 0.0766868 0.0232015
4 0.530037 0.498873 0.934879 0.924846 0.0213245
2 0.149104 0.725074 0.0794847 0.0757416 0.0199231
2 0.146417 0.724025 0.0814326 0.0736862 0.0168741
2 0.146342 0.722113 0.0892652 0.0763971 0.0163471
2 0.148702 0.729816 0.100165 0.0907524 0.0160222
4 0.533734 0.497783 0.928346 0.918772 0.0150059
2 0.142987 0.722882 0.0822616 0.0787702 0.0128947
4 0.532983 0.498014 0.932252 0.928892 0.0116434
5 0.634377 0.383397 0.0773796 0.0472792 0.0108556
4 0.50368 0.496938 0.977365 0.927058 0.0104491
