3 0.511925 0.499148 0.779538 0.978126 0.622702
3 0.515441 0.498115 0.778915 0.976146 0.596772
3 0.525339 0.500026 0.773989 0.970562 0.575672
3 0.516571 0.497136 0.788154 0.974874 0.574546
3 0.512994 0.501097 0.781671 0.974807 0.521998
3 0.526188 0.496873 0.774537 0.971644 0.416716
3 0.515515 0.500405 0.779811 0.971877 0.39097
3 0.516535 0.498903 0.788123 0.968902 0.372134
3 0.514531 0.496886 0.787923 0.982139 0.198262
3 0.517816 0.496032 0.786658 0.988441 0.190258
5 0.484598 0.50707 0.038325 0.0558536 0.118444
5 0.483003 0.506891 0.045293 0.0635321 0.116396
5 0.484366 0.507434 0.0383838 0.0557562 0.102699
5 0.562448 0.624455 0.0379969 0.054725 0.0938658
5 0.562408 0.624261 0.0346087 0.0516178 0.0903525
5 0.485033 0.50792 0.0334588 0.0516213 0.0881677
5 0.562599 0.623682 0.0377416 0.0562798 0.0872073
5 0.562514 0.623629 0.0339292 0.0512955 0.0864396
5 0.482924 0.507862 0.0422929 0.0603674 0.0863482
5 0.482798 0.508271 0.0431748 0.0634529 0.084438
5 0.485054 0.507316 0.0375978 0.0566227 0.0818977
5 0.563052 0.622999 0.0419894 0.0619844 0.0707239
5 0.56294 0.623318 0.0415545 0.060851 0.0703417
5 0.484634 0.507632 0.035405 0.0535531 0.06374
5 0.483919 0.50758 0.0382568 0.0572221 0.0629045
5 0.561023 0.623983 0.0398425 0.0587169 0.0572496
5 0.561402 0.622896 0.0405667 0.0589225 0.0525942
5 0.562618 0.62286 0.0416347 0.0646384 0.0489462
5 0.563185 0.62298 0.0431286 0.0663372 0.0449401
5 0.487155 0.50234 0.0536487 0.0758686 0.0361177
5 0.561747 0.622591 0.0471326 0.0670193 0.0354134
3 0.25373 0.512135 0.258111 0.917777 0.0345473
3 0.74361 0.501228 0.324569 0.964312 0.0305445
5 0.483271 0.507821 0.0533793 0.0843651 0.0298647
5 0.513553 0.407486 0.0428595 0.0552279 0.028945
5 0.514126 0.407208 0.042941 0.0564546 0.0282541
5 0.51419 0.405753 0.0469485 0.0638319 0.02742
3 0.263461 0.498976 0.277645 0.952366 0.0268888
5 0.513996 0.406106 0.0462143 0.0637871 0.0260246
3 0.51758 0.296407 0.790755 0.579742 0.0219496
5 0.515138 0.40438 0.049095 0.0657353 0.0219408
3 0.762534 0.501924 0.284878 0.951548 0.0183374
5 0.561987 0.62355 0.0475126 0.0693373 0.0179854
5 0.480731 0.508148 0.0625438 0.091706 0.0176316
5 0.489122 0.502151 0.0513963 0.072951 0.0166197
3 0.516921 0.739603 0.785325 0.513784 0.0166023
3 0.746585 0.500365 0.31606 0.954945 0.0165379
3 0.759407 0.50311 0.291642 0.963871 0.0158784
3 0.50317 0.752221 0.759357 0.490651 0.0155476
0 0.488547 0.412292 0.213693 0.282737 0.0152866
5 0.512812 0.406285 0.0496712 0.0618572 0.0150198
5 0.564853 0.622931 0.0502151 0.0695062 0.0149616
5 0.484156 0.504108 0.0570921 0.0930375 0.0147796
3 0.293179 0.501698 0.340052 0.960679 0.0140155
0 0.491549 0.441913 0.152775 0.211522 0.0137122
0 0.487099 0.447939 0.159619 0.218108 0.0126563
5 0.514466 0.406454 0.0445722 0.0562088 0.0124643
5 0.513865 0.406299 0.0440381 0.0563608 0.0122706
5 0.500943 0.485596 0.0949398 0.12288 0.0120844
3 0.673732 0.50193 0.469808 0.971698 0.0119537
5 0.514692 0.407625 0.0562079 0.0805981 0.0118934
0 0.48754 0.244974 0.447689 0.416768 0.0114539
3 0.285667 0.506007 0.325332 0.946792 0.0114447
5 0.565659 0.624956 0.0511234 0.0689199 0.0110748
0 0.48765 0.446656 0.169933 0.221769 0.0110378
3 0.265419 0.495066 0.284458 0.951969 0.0108469
5 0.484298 0.503264 0.0512887 0.0788637 0.0104397
0 0.514048 0.287429 0.453432 0.50471 0.0101934
