3 0.498815 0.489228 0.742905 0.971569 0.858463
3 0.501847 0.48866 0.743159 0.967345 0.85017
3 0.499015 0.492357 0.745147 0.968887 0.832569
3 0.500773 0.48914 0.744396 0.962498 0.829068
3 0.499598 0.490334 0.743766 0.963861 0.826507
3 0.512249 0.492332 0.730127 0.952847 0.825012
3 0.500268 0.489973 0.74611 0.95523 0.816509
3 0.500764 0.474822 0.744835 0.939603 0.66032
3 0.512149 0.491553 0.730034 0.949815 0.636506
3 0.503298 0.476336 0.745818 0.949891 0.61692
2 0.977981 0.152179 0.0435305 0.304358 0.122769
5 0.833611 0.525427 0.017979 0.0291364 0.104093
5 0.676718 0.504392 0.0187732 0.0301232 0.0945503
2 0.978237 0.1408 0.0435261 0.2816 0.0850925
5 0.524259 0.947735 0.0273112 0.0267784 0.079022
5 0.493881 0.533022 0.0181633 0.0308794 0.0782825
2 0.981296 0.150632 0.0362565 0.301265 0.078239
5 0.493488 0.532687 0.0173121 0.0303899 0.077338
2 0.980551 0.136162 0.0380614 0.272324 0.0662768
5 0.676408 0.503183 0.0219398 0.0361307 0.0639062
5 0.524994 0.947755 0.031778 0.0287526 0.0604084
5 0.564611 0.176819 0.015258 0.0217626 0.0557843
2 0.980624 0.852791 0.0376284 0.294419 0.0537853
2 0.979877 0.873342 0.0396114 0.253315 0.0537443
2 0.980825 0.191037 0.0375059 0.382075 0.0508115
5 0.566685 0.178578 0.0169037 0.0237027 0.0474277
2 0.97884 0.838708 0.0419356 0.322585 0.0471166
2 0.97841 0.890047 0.043025 0.219907 0.0466253
2 0.979431 0.19117 0.0402482 0.382341 0.0444846
2 0.978664 0.864032 0.0426142 0.271937 0.0425582
5 0.67482 0.503637 0.0261175 0.0385003 0.0423648
2 0.983266 0.194618 0.0320353 0.362169 0.0410373
5 0.675038 0.503031 0.0278971 0.0430748 0.0405777
5 0.832707 0.523739 0.023579 0.0368055 0.0398766
2 0.982137 0.195704 0.0347828 0.387596 0.0380798
3 0.498236 0.494909 0.742156 0.989819 0.0370169
2 0.979284 0.894313 0.0408522 0.211375 0.0363095
2 0.982887 0.185704 0.0331056 0.371409 0.0361115
2 0.983566 0.207836 0.0313102 0.349488 0.0357675
2 0.979285 0.829536 0.0412558 0.340929 0.0298269
2 0.459326 0.800121 0.0171525 0.0255576 0.0294275
2 0.983517 0.225111 0.0313619 0.343559 0.027444
2 0.982612 0.842023 0.0341922 0.315954 0.0271416
2 0.978978 0.185712 0.0412461 0.371424 0.0268293
2 0.982601 0.181704 0.0340805 0.363409 0.0256459
2 0.982042 0.215638 0.0349145 0.390154 0.0255007
2 0.980732 0.117665 0.0371957 0.23533 0.0253213
5 0.523861 0.946251 0.0404137 0.0361071 0.0246312
5 0.492407 0.5321 0.0305363 0.0412884 0.0231557
5 0.524893 0.945652 0.0338348 0.0375844 0.022804
2 0.797563 0.480983 0.0170147 0.0266836 0.0221232
5 0.491874 0.532242 0.028733 0.0403729 0.0205532
2 0.979314 0.126652 0.0413722 0.253305 0.0201252
3 0.743546 0.502656 0.262166 0.876164 0.0183241
5 0.681207 0.176721 0.012628 0.0200346 0.018141
2 0.983283 0.248528 0.0320149 0.345167 0.018122
3 0.727406 0.485826 0.288772 0.889172 0.0180819
2 0.460057 0.800292 0.0205351 0.0278449 0.0179069
5 0.521145 0.539398 0.0151065 0.0279387 0.0176498
3 0.74834 0.565697 0.252296 0.703794 0.0172981
2 0.459352 0.800036 0.0193507 0.0304862 0.0170683
5 0.567331 0.180193 0.0203133 0.031099 0.0161914
5 0.675175 0.506016 0.0359532 0.0506953 0.0160135
2 0.200086 0.381019 0.0173378 0.0257495 0.0159806
5 0.524524 0.945363 0.0349044 0.0384931 0.0159743
5 0.496156 0.532296 0.0286953 0.0387305 0.0159137
2 0.981207 0.239587 0.036674 0.398083 0.0156512
5 0.678813 0.504193 0.0298466 0.0398055 0.0153884
5 0.832836 0.524189 0.0247506 0.0333572 0.015354
2 0.982001 0.161147 0.0350222 0.322293 0.01535
2 0.982696 0.0924494 0.0340576 0.184899 0.0151148
5 0.677014 0.507715 0.0280043 0.0428595 0.014829
2 0.982267 0.173627 0.0347412 0.347255 0.0147877
2 0.979047 0.905984 0.0410244 0.188032 0.0146337
2 0.459687 0.80035 0.0226515 0.0331464 0.0139826
5 0.524942 0.948684 0.0329238 0.0375859 0.0137158
2 0.978565 0.168663 0.0419708 0.337326 0.0135069
5 0.496212 0.531916 0.0278812 0.0392991 0.0134384
2 0.430731 0.525076 0.0156288 0.0271712 0.0134215
5 0.52485 0.948836 0.0347715 0.0378699 0.0133796
3 0.498812 0.48297 0.746953 0.964887 0.0132934
5 0.735274 0.254905 0.0183826 0.0266166 0.0129544
2 0.798864 0.482953 0.0182808 0.0294583 0.0127853
2 0.416033 0.857611 0.0152709 0.022354 0.012642
5 0.653328 0.748378 0.0163714 0.0237398 0.0126246
2 0.978676 0.180492 0.0417995 0.360983 0.0124593
2 0.983006 0.272633 0.0327895 0.35713 0.0123179
2 0.24865 0.6692 0.0188843 0.0301919 0.0120607
5 0.628876 0.709989 0.0251357 0.0438826 0.0113089
5 0.827586 0.580199 0.0844386 0.604598 0.0107462
3 0.700316 0.491441 0.347144 0.920962 0.0104196
5 0.688611 0.626975 0.0165765 0.0245281 0.0101864
4 0.625338 0.779595 0.402469 0.197936 0.0101027
2 0.98031 0.261696 0.0385372 0.40441 0.0100664
