0 0.514268 0.494067 0.862399 0.970102 0.889059
0 0.515829 0.495513 0.858043 0.972927 0.87769
0 0.509158 0.494388 0.876031 0.967968 0.858316
0 0.507222 0.495363 0.870054 0.9783 0.844605
0 0.514281 0.495363 0.871494 0.990727 0.815785
0 0.509817 0.49552 0.879372 0.991039 0.779051
0 0.527781 0.495364 0.913627 0.977117 0.75316
0 0.531236 0.494393 0.918301 0.982188 0.737685
0 0.500062 0.496759 0.858042 0.981047 0.556515
0 0.530826 0.496483 0.920061 0.992966 0.0667141
0 0.507743 0.486822 0.872948 0.964047 0.0316411
5 0.412236 0.476638 0.0262103 0.0444362 0.0100165
