3 0.485013 0.503933 0.968029 0.992133 0.733866
3 0.48402 0.504928 0.967832 0.990143 0.72811
3 0.468705 0.503885 0.93665 0.99223 0.718635
3 0.469329 0.504199 0.938658 0.991603 0.710628
3 0.442621 0.506433 0.885242 0.987133 0.697232
3 0.473705 0.502772 0.946503 0.994457 0.690388
3 0.440589 0.504823 0.881179 0.990354 0.680079
3 0.488182 0.503781 0.974154 0.992438 0.625289
3 0.471144 0.509127 0.942288 0.981747 0.55268
3 0.470905 0.503837 0.941811 0.992325 0.398448
3 0.488835 0.505594 0.933429 0.988811 0.336182
3 0.484913 0.509963 0.936109 0.980074 0.229149
3 0.890896 0.727447 0.218209 0.545107 0.0317006
3 0.522413 0.507539 0.879412 0.984921 0.0283599
5 0.0785577 0.184042 0.0541867 0.0380009 0.0252969
5 0.0788201 0.184685 0.0476108 0.0316409 0.0200549
3 0.520452 0.511236 0.886716 0.977527 0.0147662
5 0.0789841 0.184857 0.0464704 0.0318039 0.0142669
5 0.0786311 0.184902 0.0557663 0.0405292 0.0132694
3 0.900799 0.229639 0.198402 0.459277 0.012809
5 0.0792506 0.184666 0.0463514 0.0342115 0.0124459
3 0.898098 0.699553 0.203804 0.600894 0.0114568
5 0.162764 0.883238 0.0333854 0.0412725 0.0114316
5 0.0795028 0.185042 0.0437635 0.0343813 0.0105866
