2 0.961423 0.334862 0.0343265 0.040452 0.392998
5 0.490258 0.375011 0.0268291 0.0410093 0.386874
5 0.490496 0.374993 0.0263541 0.0405119 0.377436
0 0.525189 0.451666 0.949622 0.86072 0.367044
3 0.451326 0.445603 0.867913 0.873042 0.351781
0 0.503389 0.446921 0.959475 0.860304 0.337474
3 0.477269 0.44635 0.918824 0.873802 0.333452
0 0.522334 0.445147 0.955332 0.849975 0.333227
3 0.483538 0.444566 0.926953 0.858318 0.318287
2 0.961385 0.334755 0.0338451 0.0401548 0.316039
0 0.495849 0.446553 0.954975 0.864955 0.311316
3 0.489621 0.450977 0.934079 0.86442 0.298991
3 0.467605 0.45101 0.899233 0.86997 0.292173
5 0.490089 0.37443 0.029285 0.0435206 0.284579
5 0.490286 0.374948 0.0289099 0.0440465 0.269489
2 0.961259 0.334848 0.0347507 0.0431115 0.243579
2 0.961847 0.333065 0.0341118 0.0432449 0.232037
2 0.960952 0.334862 0.0345118 0.0425556 0.222444
5 0.406358 0.641943 0.0257081 0.0435499 0.215537
5 0.407355 0.642114 0.0259646 0.0438386 0.194164
5 0.405934 0.642128 0.0275657 0.0454109 0.187689
5 0.407016 0.641924 0.0282385 0.0469159 0.134624
2 0.962232 0.33321 0.0353819 0.0434892 0.116973
5 0.49241 0.374395 0.034263 0.0491005 0.114547
5 0.490182 0.372779 0.0326727 0.0503357 0.107889
5 0.492723 0.374697 0.0345531 0.0473447 0.107639
2 0.963931 0.333858 0.0390874 0.0447772 0.105306
5 0.490551 0.372685 0.0358588 0.0515382 0.0842052
3 0.527494 0.448021 0.945012 0.854242 0.0771901
5 0.406188 0.642278 0.0334863 0.0549919 0.0736207
5 0.406554 0.64243 0.034297 0.0555551 0.0704601
5 0.489531 0.378162 0.0378514 0.0574899 0.0576596
5 0.489384 0.378369 0.0367412 0.0562952 0.0574129
5 0.899176 0.374079 0.0183912 0.029474 0.0504998
3 0.225656 0.436475 0.274057 0.463794 0.0436517
5 0.403802 0.642449 0.0377144 0.0550493 0.0409608
2 0.965297 0.332556 0.0393701 0.0492586 0.0402846
3 0.21084 0.440411 0.260022 0.466932 0.0384213
5 0.403497 0.641888 0.037073 0.0515043 0.0365859
2 0.899285 0.374043 0.0199103 0.0324419 0.0311411
3 0.22464 0.454728 0.294758 0.462088 0.0311078
5 0.492287 0.373314 0.0398211 0.059614 0.0303276
5 0.408946 0.639594 0.0371995 0.0600255 0.0302998
3 0.212325 0.463125 0.265727 0.440679 0.0285079
3 0.659676 0.363544 0.355989 0.484233 0.0270571
5 0.407528 0.639525 0.0396338 0.0597528 0.0265787
2 0.966381 0.334698 0.0436725 0.0499226 0.0259571
5 0.302352 0.504061 0.01935 0.0299209 0.0235472
3 0.228456 0.417192 0.250015 0.452352 0.0235026
5 0.303329 0.504815 0.0198451 0.0308543 0.023274
2 0.959434 0.335438 0.0426519 0.0489056 0.0218279
3 0.642989 0.358342 0.358645 0.475279 0.0200854
3 0.210507 0.421208 0.249999 0.470247 0.0190328
5 0.959216 0.334858 0.0417339 0.046645 0.0189756
3 0.660714 0.352307 0.318428 0.458593 0.0170726
5 0.411289 0.639578 0.0413771 0.0574083 0.0169297
5 0.485938 0.37572 0.0444843 0.0564381 0.0165936
3 0.220802 0.482195 0.278931 0.425785 0.0163226
3 0.640785 0.351122 0.323735 0.461686 0.0162098
5 0.403993 0.643421 0.0429402 0.064894 0.0160697
5 0.411579 0.6399 0.0421885 0.0570936 0.0157281
3 0.657264 0.369244 0.352549 0.465021 0.0144169
3 0.67923 0.369192 0.348396 0.483914 0.0138413
3 0.261012 0.431429 0.278791 0.433846 0.012907
3 0.701838 0.445508 0.595616 0.847584 0.0127987
5 0.486199 0.374217 0.0448391 0.0537534 0.0127195
0 0.84796 0.460362 0.303526 0.775804 0.0124501
3 0.627299 0.348806 0.304735 0.455335 0.0120694
3 0.208937 0.49671 0.243345 0.377144 0.011743
3 0.253816 0.411732 0.258079 0.424556 0.0116148
3 0.675285 0.376491 0.347448 0.488107 0.0111594
2 0.682154 0.453915 0.0225399 0.0345681 0.0107171
5 0.30264 0.504 0.0210144 0.0349367 0.010003
