4 0.469292 0.496324 0.74014 0.917073 0.79332
4 0.440728 0.499631 0.668353 0.90801 0.768511
4 0.473068 0.493429 0.754913 0.924895 0.764873
4 0.472158 0.490184 0.748871 0.933121 0.742964
4 0.438376 0.493887 0.67503 0.925182 0.74247
4 0.447875 0.495165 0.691519 0.923074 0.729476
4 0.42722 0.498973 0.637654 0.916505 0.714865
4 0.419909 0.500476 0.625635 0.905263 0.707472
4 0.429008 0.498729 0.642152 0.911706 0.685801
4 0.47619 0.491906 0.749604 0.933797 0.617348
0 0.938964 0.488255 0.118611 0.963385 0.0827452
0 0.951875 0.489899 0.0962496 0.935855 0.0804029
0 0.951786 0.497134 0.0957927 0.974722 0.0781596
0 0.942746 0.482265 0.111534 0.952042 0.0781543
0 0.929887 0.496217 0.137818 0.980597 0.0593149
4 0.487374 0.497972 0.77659 0.911221 0.0517725
2 0.693797 0.188469 0.0187444 0.0428899 0.0497383
0 0.950698 0.497764 0.0979632 0.989651 0.0481944
0 0.951167 0.457744 0.0976652 0.862359 0.0453126
2 0.57997 0.131631 0.0368746 0.046215 0.044849
0 0.943385 0.450735 0.111559 0.893689 0.0417179
2 0.320193 0.234925 0.0227925 0.0408725 0.0414073
2 0.579341 0.130735 0.0372942 0.0494607 0.0388202
2 0.213389 0.752503 0.021748 0.0581912 0.0326726
2 0.320679 0.234832 0.0223977 0.0405175 0.0320596
2 0.579199 0.130343 0.0377394 0.0490874 0.0310019
2 0.694103 0.188665 0.021143 0.0451068 0.0301027
2 0.57882 0.130186 0.0381562 0.0497934 0.0258412
2 0.472255 0.445516 0.0192162 0.0376681 0.0257419
2 0.577358 0.177916 0.0194922 0.0347951 0.0240048
0 0.916943 0.498159 0.164789 0.989006 0.022734
2 0.472141 0.445072 0.0203026 0.0401184 0.0226165
5 0.990882 0.397515 0.0182352 0.190436 0.021993
2 0.178374 0.767374 0.0235761 0.0533295 0.0213334
2 0.21345 0.752926 0.0271519 0.0631643 0.0197309
2 0.213711 0.751952 0.0204192 0.0627404 0.0190052
2 0.372454 0.551212 0.0308559 0.0456043 0.0188816
5 0.991431 0.37631 0.0171378 0.112105 0.0182684
2 0.31913 0.234219 0.0255156 0.0434762 0.0179119
2 0.212297 0.751957 0.0255782 0.063006 0.0173931
2 0.174492 0.767195 0.0306002 0.0560565 0.0173117
0 0.948771 0.502218 0.102031 0.994263 0.0165832
2 0.701343 0.253976 0.0228764 0.033872 0.0163153
2 0.179807 0.766839 0.021234 0.0552315 0.0157517
2 0.372372 0.551746 0.0305038 0.0450628 0.0154752
2 0.162479 0.774336 0.0417068 0.041331 0.0154241
2 0.213358 0.754161 0.0234414 0.0638901 0.0152567
2 0.580491 0.130931 0.0428663 0.0493619 0.0147501
2 0.473085 0.445402 0.022315 0.039304 0.0143904
5 0.990388 0.516863 0.0192232 0.175074 0.0143387
5 0.814109 0.57919 0.0763514 0.127444 0.014134
0 0.94941 0.39625 0.10118 0.771089 0.0140619
2 0.701301 0.253852 0.0218635 0.0339804 0.0140336
2 0.319828 0.234746 0.0267105 0.0436628 0.0137011
2 0.69511 0.188314 0.0239669 0.0454156 0.0136728
2 0.578108 0.128228 0.0397605 0.055636 0.0133131
5 0.990463 0.529577 0.0190739 0.223618 0.0125213
2 0.372407 0.552271 0.0314671 0.0467592 0.0124791
5 0.812068 0.584917 0.0772778 0.141091 0.0123289
2 0.187749 0.840392 0.042592 0.0465479 0.01225
2 0.815604 0.572216 0.0599101 0.108152 0.0121573
5 0.991006 0.371278 0.0179873 0.110382 0.0118851
2 0.186385 0.841537 0.0458241 0.0464238 0.0118591
2 0.458155 0.651086 0.0165534 0.0327845 0.0118241
0 0.939888 0.402362 0.119565 0.801118 0.0117835
5 0.989746 0.541634 0.0205089 0.274114 0.0114808
2 0.185035 0.839744 0.0470407 0.0474271 0.0114246
2 0.577497 0.178061 0.0238499 0.0386343 0.011196
2 0.493915 0.432762 0.0137369 0.0305581 0.0107796
2 0.580379 0.131735 0.0437564 0.0499357 0.0107448
2 0.576779 0.179112 0.021592 0.0366546 0.0107319
2 0.142705 0.425683 0.0177364 0.0359539 0.0104824
2 0.579483 0.128214 0.040743 0.0562446 0.0104228
2 0.165505 0.770145 0.0481006 0.0513632 0.010318
5 0.989761 0.492527 0.0204775 0.242409 0.0103021
2 0.297857 0.27279 0.0272061 0.0371652 0.0102071
2 0.372496 0.552296 0.0317123 0.0467974 0.0101008
