0 0.502991 0.580329 0.80337 0.797293 0.400211
0 0.503093 0.576349 0.811618 0.79868 0.395189
0 0.506702 0.583715 0.813256 0.801737 0.375769
0 0.506551 0.562449 0.806953 0.816929 0.373629
5 0.280925 0.544928 0.0980738 0.168815 0.348087
5 0.279301 0.545188 0.0925741 0.169134 0.336664
0 0.498091 0.579674 0.820404 0.800518 0.31036
0 0.500368 0.58088 0.812405 0.806301 0.288738
0 0.502498 0.584472 0.816543 0.803723 0.287032
5 0.280764 0.546197 0.099811 0.175843 0.281665
5 0.280265 0.547489 0.0968451 0.175295 0.272689
0 0.503361 0.556958 0.802405 0.812014 0.234606
5 0.278609 0.544964 0.103245 0.170913 0.12311
5 0.276861 0.545611 0.0868699 0.165152 0.122764
5 0.292443 0.61835 0.164134 0.334921 0.108892
5 0.28025 0.549354 0.104095 0.183589 0.103215
5 0.264606 0.349637 0.0605147 0.223065 0.102698
5 0.277308 0.547129 0.0912279 0.164506 0.0895107
5 0.291763 0.612317 0.195415 0.316954 0.0882322
5 0.27624 0.545717 0.0908028 0.170367 0.0838271
5 0.265296 0.348445 0.0501916 0.220821 0.0732766
5 0.279323 0.545219 0.0960672 0.17335 0.0696402
5 0.279741 0.547976 0.0992147 0.17705 0.0677087
5 0.290397 0.619425 0.165429 0.331121 0.0676135
5 0.259973 0.351285 0.0675141 0.227581 0.057579
0 0.262144 0.354258 0.0831702 0.223527 0.0572714
5 0.364844 0.221512 0.0169432 0.0302924 0.0552899
5 0.264367 0.348666 0.0488482 0.222293 0.0525373
5 0.29262 0.611844 0.185112 0.312148 0.0507431
5 0.227389 0.30374 0.0202286 0.0306349 0.0456602
5 0.365719 0.221075 0.0189732 0.0344186 0.0437154
5 0.278779 0.546033 0.103528 0.176059 0.0437127
3 0.427587 0.521501 0.337333 0.447586 0.0424868
0 0.255379 0.35278 0.0848616 0.22226 0.04248
3 0.437867 0.528275 0.313704 0.448539 0.0414691
0 0.530091 0.534529 0.8459 0.865862 0.0400791
5 0.270932 0.349379 0.0680315 0.218656 0.0380607
0 0.502372 0.567491 0.797754 0.801444 0.0375507
2 0.248189 0.40036 0.119817 0.323734 0.0374479
5 0.227332 0.305006 0.0180349 0.0283872 0.0368775
0 0.50496 0.517597 0.801896 0.893527 0.0367381
3 0.426467 0.517937 0.286675 0.444863 0.0342569
5 0.264543 0.337849 0.0484141 0.194745 0.0341865
5 0.290588 0.616353 0.183751 0.335313 0.034152
5 0.269803 0.345952 0.059194 0.21778 0.0327264
0 0.508027 0.584073 0.807605 0.790016 0.0316393
5 0.385085 0.254761 0.028664 0.0331381 0.0309519
3 0.445623 0.533907 0.329689 0.433682 0.0308197
5 0.383229 0.252503 0.0379795 0.0434013 0.030625
5 0.385323 0.254576 0.0284505 0.0350666 0.0299945
0 0.276036 0.547157 0.0942647 0.16158 0.0299414
5 0.263454 0.339342 0.0437472 0.196118 0.0296523
5 0.268505 0.54351 0.0761035 0.162943 0.0289776
2 0.250081 0.342354 0.118681 0.200362 0.0279283
0 0.511303 0.491468 0.793976 0.938028 0.0273303
0 0.272148 0.352637 0.078367 0.219163 0.0264339
5 0.278312 0.554808 0.109697 0.19447 0.0256416
5 0.252731 0.344791 0.070436 0.216653 0.0255841
2 0.243836 0.350756 0.130069 0.215948 0.0248852
5 0.301955 0.595238 0.0367783 0.0517852 0.0216065
3 0.444725 0.52382 0.340313 0.435552 0.0214609
3 0.446695 0.55344 0.303692 0.409467 0.021308
0 0.24672 0.350747 0.0875848 0.217137 0.0200865
5 0.291536 0.56839 0.0635451 0.109743 0.0199879
5 0.366836 0.221615 0.0237278 0.0408625 0.0193795
5 0.367151 0.221109 0.0228213 0.0370233 0.0191305
5 0.235021 0.367748 0.0197966 0.0271317 0.0180901
2 0.286126 0.57316 0.136663 0.234597 0.0180293
5 0.292988 0.588654 0.157958 0.261934 0.0175673
0 0.23522 0.344805 0.103789 0.185653 0.0168155
3 0.428182 0.523236 0.290237 0.452856 0.0167701
2 0.242296 0.421493 0.130857 0.366923 0.0164069
3 0.294066 0.61139 0.211419 0.328138 0.0162505
0 0.245194 0.537795 0.268276 0.808457 0.016224
3 0.455477 0.54357 0.254242 0.421683 0.0156175
5 0.381343 0.248522 0.0392817 0.0533939 0.0154762
5 0.385204 0.250836 0.0418792 0.0483324 0.0153393
3 0.414868 0.503803 0.241061 0.412833 0.0147321
2 0.252891 0.430038 0.121126 0.383881 0.0144115
3 0.601601 0.579435 0.598509 0.818523 0.0143455
0 0.238147 0.343137 0.1042 0.182409 0.0137923
5 0.2263 0.304513 0.0252649 0.0328834 0.0129482
3 0.299522 0.608999 0.217716 0.33201 0.0128104
5 0.287737 0.619656 0.220098 0.339875 0.0123823
5 0.406437 0.493227 0.223878 0.400098 0.0121036
0 0.246977 0.614699 0.272811 0.687312 0.0120489
3 0.404417 0.50428 0.283265 0.434818 0.0118597
0 0.280442 0.567444 0.107558 0.196779 0.011741
5 0.384573 0.247708 0.0434248 0.054507 0.0112513
0 0.282138 0.565051 0.107417 0.133112 0.011223
2 0.263538 0.322116 0.0434487 0.163063 0.0108603
3 0.751434 0.568428 0.293276 0.782471 0.0106678
3 0.651748 0.578161 0.496467 0.814865 0.0104645
5 0.238677 0.330777 0.030995 0.135756 0.0103545
5 0.299663 0.584233 0.0464616 0.0770351 0.0103423
5 0.37565 0.234984 0.0482427 0.0691386 0.0101992
