2 0.515592 0.831185 0.200292 0.147727 0.459391
2 0.519251 0.824731 0.196481 0.170618 0.335517
2 0.720608 0.388748 0.181706 0.135688 0.287443
2 0.722092 0.390191 0.167766 0.139285 0.251615
3 0.398149 0.522626 0.276643 0.430564 0.235429
3 0.419776 0.532116 0.307268 0.42889 0.218554
3 0.40578 0.528344 0.274467 0.436842 0.190527
2 0.596766 0.490038 0.110274 0.159891 0.169747
3 0.40886 0.527606 0.294517 0.416035 0.167826
2 0.51622 0.843852 0.190949 0.111061 0.157498
2 0.717371 0.387597 0.178791 0.127682 0.156717
2 0.57846 0.48827 0.0553575 0.152248 0.148517
3 0.380653 0.517286 0.249082 0.425896 0.134804
0 0.528208 0.484314 0.700606 0.906435 0.134169
0 0.525427 0.470942 0.703784 0.888532 0.134027
0 0.528014 0.512408 0.687595 0.958981 0.130261
0 0.525194 0.464769 0.703927 0.867929 0.129154
0 0.528979 0.4643 0.698772 0.868358 0.127221
2 0.592016 0.489207 0.113621 0.157665 0.118104
0 0.520533 0.463173 0.715186 0.863597 0.117804
0 0.524285 0.493976 0.69745 0.929283 0.10943
2 0.723301 0.390172 0.169493 0.159189 0.107507
0 0.523775 0.459613 0.706224 0.864206 0.10682
2 0.521345 0.835272 0.203053 0.128872 0.10428
2 0.719417 0.388724 0.182082 0.158853 0.103423
3 0.433175 0.538398 0.324783 0.410155 0.102206
2 0.720723 0.38648 0.168301 0.129169 0.0983763
0 0.524354 0.446801 0.701624 0.834058 0.094643
2 0.631049 0.631776 0.03314 0.0544 0.0925999
2 0.576038 0.478103 0.0523592 0.131999 0.0924097
2 0.631547 0.631856 0.0331378 0.0528177 0.0910397
0 0.523751 0.458789 0.699732 0.854797 0.0905836
2 0.519467 0.847784 0.192479 0.0915577 0.0868165
2 0.631698 0.632056 0.0320478 0.0542241 0.0786437
2 0.631211 0.632087 0.0317895 0.0514086 0.0766189
3 0.384478 0.523623 0.24995 0.43311 0.0735978
2 0.467259 0.232587 0.0270902 0.11309 0.0730172
2 0.594831 0.488555 0.122043 0.156334 0.071409
3 0.368593 0.504601 0.226998 0.391711 0.0713437
5 0.480256 0.353664 0.256484 0.29134 0.0702144
2 0.483507 0.3828 0.201114 0.231575 0.0647064
3 0.381553 0.511996 0.240577 0.393025 0.0646564
2 0.592423 0.491542 0.121853 0.144797 0.0602926
5 0.472308 0.368995 0.254573 0.282836 0.0578562
2 0.469714 0.231378 0.0304421 0.117013 0.0571125
2 0.63124 0.631832 0.0320796 0.0526246 0.0565087
2 0.631478 0.631443 0.0338388 0.0537401 0.0557224
5 0.455487 0.328255 0.262503 0.28795 0.0554022
2 0.517073 0.835612 0.183167 0.140846 0.0538528
0 0.523962 0.379756 0.708723 0.704671 0.0498445
2 0.580743 0.460009 0.0345676 0.094636 0.048808
5 0.444469 0.346086 0.296321 0.303427 0.0478382
3 0.360375 0.508085 0.236874 0.41295 0.0456964
2 0.726034 0.390568 0.159347 0.131693 0.0450502
3 0.44022 0.547076 0.310694 0.402365 0.0432799
5 0.500192 0.373885 0.239003 0.277186 0.0405032
2 0.518541 0.828372 0.183937 0.150435 0.03873
2 0.708844 0.392262 0.180881 0.125231 0.0381589
3 0.421079 0.537362 0.302886 0.377054 0.0365012
3 0.354353 0.494397 0.21874 0.380266 0.0345232
3 0.421238 0.541001 0.258464 0.39499 0.0342753
2 0.581155 0.459134 0.0365923 0.0910367 0.0342623
2 0.524906 0.826004 0.197913 0.163311 0.0335607
5 0.482169 0.950243 0.0190271 0.0300842 0.0331262
2 0.588447 0.487246 0.129745 0.15712 0.0328769
5 0.415034 0.304117 0.322686 0.348257 0.0321789
0 0.318039 0.454605 0.296608 0.800974 0.0316311
2 0.589003 0.493474 0.115404 0.135669 0.0310413
0 0.319976 0.435259 0.306359 0.75692 0.0308731
2 0.361611 0.268132 0.299085 0.35013 0.0300857
2 0.589168 0.48862 0.111775 0.158249 0.0298404
5 0.421512 0.28404 0.284058 0.320292 0.0291679
2 0.588288 0.487781 0.116452 0.147818 0.029123
2 0.710768 0.390718 0.184475 0.131741 0.0290066
5 0.51963 0.835821 0.176843 0.18739 0.028106
5 0.470521 0.229802 0.039155 0.121074 0.0280857
5 0.494247 0.392909 0.232235 0.27214 0.0275547
3 0.457649 0.560203 0.328928 0.378434 0.0258379
5 0.442309 0.304449 0.269924 0.302252 0.024323
2 0.474991 0.395699 0.219509 0.163024 0.0238198
0 0.519872 0.376036 0.717921 0.695209 0.0232824
5 0.473016 0.34311 0.268169 0.286084 0.023252
2 0.47398 0.375352 0.21328 0.238346 0.0230995
2 0.492288 0.423993 0.186298 0.136712 0.0209475
0 0.367986 0.556062 0.336563 0.643409 0.0206837
0 0.341271 0.439627 0.349771 0.79263 0.0193233
0 0.352693 0.461669 0.367322 0.828397 0.0191993
3 0.402573 0.535961 0.231142 0.392664 0.0190384
3 0.40179 0.517854 0.259132 0.372047 0.0187228
3 0.45097 0.552907 0.326292 0.363451 0.0183781
2 0.571323 0.468972 0.0852127 0.115911 0.0183695
2 0.72774 0.392135 0.159391 0.140003 0.0180291
2 0.386542 0.271136 0.276842 0.321007 0.0178785
5 0.429885 0.301623 0.329513 0.399378 0.0178773
3 0.373997 0.558956 0.352967 0.641303 0.0178263
5 0.416768 0.271533 0.264757 0.318563 0.0177081
5 0.391508 0.259151 0.26454 0.328941 0.0176872
2 0.46432 0.236091 0.0319328 0.108753 0.0175909
2 0.723961 0.35542 0.174017 0.239356 0.0175428
2 0.466139 0.232832 0.0269076 0.11134 0.0173519
5 0.484053 0.952823 0.0251627 0.0343366 0.01729
5 0.493208 0.364119 0.278546 0.290157 0.0172162
2 0.582915 0.459401 0.0285489 0.090653 0.0171645
3 0.362982 0.489924 0.224113 0.359909 0.0171206
0 0.37502 0.455577 0.375335 0.804329 0.0168959
3 0.361422 0.519609 0.243553 0.438607 0.0165256
5 0.523362 0.833154 0.177203 0.182336 0.0164332
5 0.392589 0.26019 0.262087 0.308865 0.0164001
5 0.45044 0.356837 0.295537 0.318923 0.0163396
2 0.375893 0.257025 0.319944 0.38858 0.0162318
3 0.351589 0.484939 0.21595 0.367567 0.0159576
0 0.26654 0.458055 0.204816 0.793096 0.0159374
5 0.473938 0.386545 0.253114 0.271558 0.015733
0 0.778562 0.485375 0.196238 0.852865 0.015605
5 0.469344 0.23117 0.0365203 0.117672 0.015377
0 0.53734 0.548025 0.672617 0.847329 0.0150799
0 0.532522 0.494744 0.681244 0.900419 0.0144037
2 0.540752 0.855676 0.14486 0.0754651 0.0143498
2 0.499023 0.409792 0.208866 0.178266 0.0140284
3 0.334847 0.511629 0.244593 0.466764 0.0129497
2 0.587597 0.488706 0.100363 0.155183 0.0128829
3 0.480599 0.578409 0.299515 0.334537 0.0126695
0 0.810573 0.510062 0.150463 0.883068 0.012504
2 0.519029 0.821393 0.190181 0.158669 0.0124618
4 0.670899 0.198068 0.346518 0.245926 0.0124188
4 0.652548 0.182668 0.352282 0.25123 0.0124085
2 0.496566 0.387172 0.195623 0.233258 0.0123595
5 0.511482 0.836315 0.215686 0.201881 0.012129
3 0.64564 0.372307 0.322885 0.26304 0.012073
4 0.726538 0.215852 0.254315 0.107474 0.0115116
0 0.770358 0.445963 0.216593 0.765073 0.0114692
2 0.582925 0.457945 0.0323078 0.0913711 0.0113739
5 0.483387 0.951518 0.0268649 0.0373931 0.0109103
5 0.512679 0.839131 0.193211 0.195328 0.0108976
2 0.717679 0.365758 0.184409 0.213007 0.010852
5 0.483804 0.953116 0.0274144 0.0344656 0.0107983
3 0.336584 0.493648 0.230244 0.407878 0.0107912
2 0.390902 0.543092 0.0159347 0.029408 0.0104915
5 0.456502 0.922409 0.0178251 0.0254897 0.0104322
0 0.350839 0.538784 0.312962 0.644511 0.0104208
4 0.639707 0.177041 0.365244 0.249038 0.0103714
2 0.490089 0.413966 0.260585 0.275473 0.0101693
2 0.584268 0.453979 0.026367 0.0810914 0.0101647
5 0.510809 0.845674 0.197528 0.213094 0.0101428
