5 0.146685 0.690515 0.0389734 0.0564475 0.222631
5 0.146276 0.691075 0.0387666 0.0547984 0.21531
0 0.553561 0.496073 0.844546 0.918635 0.209186
0 0.547236 0.496503 0.834714 0.915077 0.20513
5 0.147221 0.690684 0.0446767 0.0596727 0.199906
0 0.545169 0.493987 0.827642 0.925018 0.198619
3 0.555045 0.495822 0.831137 0.908091 0.195388
0 0.554096 0.496748 0.832422 0.912266 0.185606
0 0.547152 0.494827 0.832094 0.922595 0.18346
5 0.147518 0.691424 0.0426511 0.0592303 0.182014
5 0.146421 0.691109 0.0396344 0.0553032 0.179919
5 0.129643 0.606338 0.0265415 0.0411685 0.17957
0 0.552558 0.496698 0.839894 0.914575 0.178397
5 0.146541 0.691016 0.0417078 0.0601982 0.174916
5 0.146296 0.690564 0.0401133 0.0575072 0.173139
5 0.130052 0.60584 0.0258242 0.0406775 0.166157
0 0.568135 0.498209 0.863729 0.917417 0.158994
5 0.146702 0.690762 0.0424385 0.0594943 0.158699
5 0.129154 0.606254 0.0241736 0.0401904 0.148484
5 0.12944 0.60588 0.0254355 0.0402484 0.130256
0 0.56782 0.498013 0.858444 0.91469 0.096939
5 0.145513 0.691771 0.0448084 0.0612763 0.0895722
0 0.556061 0.495099 0.824463 0.923458 0.0796273
5 0.720433 0.0176586 0.0287612 0.0353171 0.0703278
5 0.719354 0.0178682 0.028015 0.0357365 0.0679642
5 0.145515 0.691865 0.0441194 0.0613401 0.0672865
5 0.718292 0.0196924 0.033405 0.0393847 0.0550147
5 0.144265 0.690075 0.0470475 0.0642551 0.052976
5 0.144487 0.690338 0.0455518 0.0605343 0.0492581
5 0.106075 0.526369 0.0196039 0.0289887 0.04511
5 0.096546 0.443514 0.0210827 0.034233 0.0422229
5 0.104989 0.526789 0.020232 0.0292446 0.037788
3 0.387755 0.522247 0.331222 0.482669 0.0367697
5 0.719311 0.0195926 0.0330342 0.0391852 0.0359789
3 0.369454 0.523185 0.303434 0.459 0.0348487
3 0.366636 0.505401 0.307499 0.500435 0.034443
5 0.129297 0.607735 0.0332646 0.0524124 0.0344357
5 0.130029 0.608159 0.033902 0.0523307 0.0338822
5 0.148851 0.691214 0.0427861 0.0641 0.0314019
3 0.386535 0.506853 0.329312 0.508346 0.0299334
5 0.0961887 0.443615 0.0248536 0.0382589 0.0274203
5 0.127018 0.605898 0.0344653 0.0455949 0.0215455
5 0.0963321 0.443755 0.0273549 0.0403355 0.0212793
5 0.127175 0.606566 0.0354216 0.0474822 0.0207616
5 0.147807 0.689952 0.0549655 0.0707411 0.0199696
3 0.345756 0.506723 0.280506 0.479242 0.0191997
3 0.390609 0.541834 0.314092 0.453346 0.0190416
3 0.366511 0.496142 0.306843 0.543674 0.0190298
5 0.126666 0.601205 0.0301807 0.0516567 0.0188685
5 0.717802 0.0191598 0.0352322 0.0383196 0.018779
5 0.74564 0.0415967 0.0189816 0.0312128 0.018313
5 0.74564 0.0438894 0.0212631 0.0327212 0.0182368
3 0.408025 0.524929 0.352336 0.489031 0.0175026
5 0.104837 0.527582 0.0267712 0.0372659 0.0158349
5 0.0964787 0.442554 0.0294646 0.0429076 0.015624
3 0.350881 0.52043 0.274735 0.431489 0.015183
3 0.387776 0.496364 0.327512 0.539465 0.015094
5 0.104348 0.527196 0.027244 0.0379651 0.0149416
3 0.408713 0.514937 0.345458 0.490881 0.0149019
3 0.372589 0.540156 0.284377 0.430082 0.0144479
0 0.56605 0.496724 0.85671 0.922694 0.0140237
5 0.143389 0.689838 0.0482851 0.0638112 0.0140211
5 0.119296 0.587155 0.0208712 0.0317966 0.0137262
3 0.343002 0.49748 0.276592 0.522718 0.0131282
0 0.542615 0.499182 0.824214 0.929491 0.0129161
5 0.144916 0.691123 0.0585366 0.0719384 0.0127152
3 0.368957 0.486717 0.30781 0.579429 0.0110588
3 0.409517 0.544065 0.336727 0.472296 0.0108549
5 0.717836 0.0213856 0.0384684 0.0427712 0.0103833
