0 0.486497 0.384607 0.972994 0.769214 0.902093
0 0.470619 0.385098 0.935377 0.770196 0.890349
0 0.485285 0.381011 0.97057 0.761387 0.88092
0 0.468341 0.383546 0.930733 0.767093 0.840972
0 0.446081 0.384931 0.887923 0.769862 0.813479
0 0.442339 0.384196 0.881487 0.768393 0.778782
0 0.463665 0.390876 0.918244 0.781752 0.72742
0 0.417499 0.383501 0.828348 0.767002 0.668315
0 0.437066 0.387506 0.870389 0.775013 0.467732
5 0.779084 0.673793 0.0749609 0.118405 0.247467
5 0.773489 0.67307 0.0839854 0.124748 0.246833
5 0.766251 0.67406 0.0971236 0.121512 0.243414
5 0.775963 0.675832 0.0768655 0.112982 0.206336
5 0.319332 0.169223 0.0523964 0.0884463 0.187569
5 0.319317 0.168933 0.0525755 0.0878162 0.185339
5 0.76058 0.674709 0.108452 0.118381 0.156469
5 0.319946 0.168893 0.053634 0.085028 0.141204
5 0.320489 0.169591 0.0535596 0.0845539 0.137635
5 0.760759 0.674276 0.113815 0.127479 0.135755
5 0.769605 0.679726 0.0870739 0.104481 0.130653
5 0.320127 0.170564 0.0541484 0.090196 0.111989
5 0.319668 0.169808 0.0526691 0.0851283 0.109071
5 0.760966 0.675228 0.110454 0.117987 0.0917757
5 0.759958 0.674737 0.116211 0.125384 0.0895033
5 0.319554 0.166911 0.0524388 0.0853701 0.0867533
2 0.268948 0.147628 0.0325346 0.0387351 0.0864378
2 0.866059 0.338638 0.0427889 0.0694458 0.0849745
2 0.86621 0.338171 0.042517 0.0686065 0.082683
2 0.684226 0.325239 0.054421 0.0667899 0.0807386
5 0.319898 0.169822 0.0526199 0.085969 0.0737107
5 0.320225 0.169717 0.0540522 0.0832067 0.0726657
2 0.683464 0.326252 0.0536146 0.0685563 0.0696623
0 0.481984 0.389837 0.963968 0.779673 0.0693135
2 0.683391 0.326784 0.0531811 0.0665257 0.0638729
5 0.319941 0.169401 0.0618594 0.0999938 0.0635201
2 0.684244 0.326303 0.0530496 0.0657018 0.0617294
5 0.571762 0.210217 0.0341234 0.0665387 0.0593867
2 0.268536 0.148383 0.0310353 0.0390445 0.0591015
2 0.150773 0.104785 0.220273 0.0534707 0.0588741
5 0.319126 0.169569 0.0597618 0.0948011 0.0567183
2 0.153505 0.0956195 0.223731 0.0791288 0.0555867
2 0.684183 0.325974 0.0550642 0.0706392 0.0532717
2 0.683101 0.326688 0.0547065 0.0709165 0.05071
5 0.764505 0.673305 0.105968 0.13188 0.0487494
2 0.864857 0.339071 0.0455041 0.0706857 0.0486586
2 0.268517 0.148404 0.0338504 0.0401492 0.0482194
2 0.865001 0.339019 0.0453776 0.0709882 0.0444138
2 0.683759 0.326778 0.0538574 0.0690715 0.042754
5 0.572047 0.21027 0.0352444 0.0680224 0.0424825
5 0.838758 0.113637 0.0391742 0.0588655 0.0423559
2 0.865671 0.338902 0.0437156 0.0693645 0.0423122
2 0.242789 0.0988645 0.158269 0.0494669 0.0415388
5 0.781274 0.680813 0.0692506 0.103071 0.0413141
5 0.571262 0.209821 0.0356819 0.0687563 0.04114
2 0.683113 0.326925 0.0536425 0.0713404 0.0408255
5 0.318953 0.167221 0.052236 0.0822174 0.0406338
5 0.571633 0.210479 0.0361204 0.0701079 0.039929
2 0.141143 0.106062 0.18652 0.0501614 0.0398325
2 0.865934 0.339078 0.042574 0.07035 0.0393066
2 0.268592 0.148554 0.0333952 0.040432 0.0388299
5 0.268753 0.147216 0.0355358 0.0429147 0.038478
2 0.772326 0.189174 0.0336797 0.0507137 0.0378296
5 0.571829 0.210471 0.038513 0.0708727 0.0370329
5 0.269074 0.146211 0.0364489 0.0420497 0.0359928
5 0.76184 0.67372 0.112099 0.124015 0.0356105
5 0.571404 0.210168 0.0352843 0.0680999 0.0346226
2 0.77219 0.18917 0.0352476 0.0531093 0.0340986
5 0.838216 0.112939 0.0392849 0.0592895 0.0336213
2 0.138667 0.0989535 0.181794 0.0661878 0.0336063
5 0.319429 0.170095 0.0510677 0.0831939 0.0315989
5 0.838575 0.113868 0.0387243 0.0578134 0.0310893
2 0.685125 0.325369 0.0544371 0.0686526 0.0303932
5 0.39125 0.146657 0.0337576 0.0564153 0.0301053
5 0.838701 0.113917 0.0424109 0.0631329 0.0276379
2 0.390964 0.146303 0.0346977 0.0576612 0.0269209
2 0.77191 0.189082 0.0343096 0.0508262 0.0267246
2 0.210648 0.109646 0.0272787 0.041756 0.0263151
5 0.391339 0.146194 0.0339465 0.0552189 0.0260398
5 0.766718 0.677411 0.0938011 0.106099 0.0258226
2 0.215843 0.0966212 0.22133 0.0485707 0.0258034
2 0.137178 0.0850887 0.178351 0.101654 0.0256937
2 0.390892 0.146557 0.0347824 0.0563008 0.0249276
5 0.838245 0.113753 0.0390751 0.0587139 0.0244342
5 0.32107 0.171713 0.0572612 0.0900031 0.0233726
2 0.683406 0.326624 0.0543352 0.0743252 0.0230201
5 0.572261 0.210689 0.0381958 0.0698792 0.0229499
2 0.158135 0.105783 0.244883 0.0500815 0.0223411
2 0.771942 0.188522 0.0353205 0.0523058 0.0220221
2 0.685592 0.325791 0.0503159 0.0660466 0.0218666
2 0.684464 0.326034 0.0526022 0.0711962 0.0218245
5 0.772261 0.188674 0.0334458 0.0519503 0.0215459
2 0.13102 0.105435 0.160892 0.0499432 0.0214155
5 0.780816 0.677541 0.0768391 0.114776 0.0213035
5 0.838848 0.114244 0.042303 0.0624397 0.0211973
5 0.837519 0.11344 0.0424106 0.0651457 0.0209902
5 0.570114 0.210094 0.0432635 0.0728924 0.02073
2 0.771762 0.189146 0.035571 0.0530063 0.0194381
5 0.837936 0.113507 0.0417145 0.0636117 0.0191525
2 0.166786 0.0991279 0.26569 0.0672327 0.0190424
2 0.152663 0.106759 0.194354 0.0498988 0.0189799
5 0.569764 0.209195 0.0384652 0.0696992 0.01863
2 0.211005 0.107782 0.0288305 0.046911 0.018231
2 0.866359 0.338785 0.0442995 0.0730904 0.0181402
2 0.86541 0.338636 0.0458201 0.0732628 0.0174829
5 0.389933 0.146581 0.0380377 0.0642748 0.01709
2 0.866852 0.341296 0.0411092 0.0695204 0.017085
2 0.391367 0.147987 0.0380042 0.0618505 0.0165629
2 0.0809887 0.0799329 0.0483766 0.104452 0.0163227
2 0.57884 0.673102 0.0272809 0.0368289 0.0153524
2 0.684249 0.328909 0.0611287 0.0756849 0.0153388
2 0.724104 0.53349 0.0222939 0.0336021 0.0149616
2 0.25024 0.106357 0.12649 0.0604774 0.0149577
2 0.683979 0.325286 0.0625538 0.0782949 0.0147391
2 0.125664 0.0862766 0.146315 0.0924118 0.0145273
2 0.391145 0.145024 0.0355851 0.0593198 0.0143837
2 0.390325 0.145269 0.0363072 0.0603806 0.0142254
2 0.771333 0.189257 0.035963 0.0550492 0.0141153
2 0.882626 0.462176 0.0185176 0.0295488 0.0139498
2 0.0821339 0.080629 0.0522019 0.103838 0.0138207
5 0.838875 0.112936 0.0435243 0.064809 0.0134406
5 0.389947 0.1455 0.0376752 0.0627569 0.0131778
2 0.724239 0.532815 0.0232452 0.0336976 0.0130676
5 0.778138 0.675291 0.0816241 0.123144 0.0128832
2 0.103678 0.0803674 0.0961209 0.104172 0.012614
2 0.209776 0.110521 0.024525 0.041559 0.0123152
5 0.319076 0.168996 0.0642613 0.0903545 0.0121709
2 0.881876 0.461892 0.0191189 0.0305998 0.0120164
2 0.391483 0.148394 0.0391833 0.0624305 0.0119493
2 0.723561 0.533871 0.020649 0.033006 0.0118764
2 0.228678 0.0932763 0.18474 0.0482995 0.0118415
2 0.989138 0.518231 0.0209234 0.0369499 0.0117915
2 0.7241 0.533185 0.0208805 0.0337038 0.0116337
2 0.0786777 0.0793989 0.0440145 0.101766 0.0116277
2 0.577981 0.672607 0.0300245 0.037458 0.0115091
2 0.0930082 0.0810027 0.0744414 0.105503 0.0113217
5 0.320237 0.172028 0.0583613 0.0892696 0.0110245
2 0.865137 0.338638 0.050452 0.0794506 0.0108348
2 0.579135 0.67294 0.025672 0.0363658 0.0107284
4 0.214662 0.0890472 0.33307 0.169118 0.0105882
2 0.565726 0.292916 0.019042 0.0256784 0.010352
2 0.566294 0.292756 0.0188807 0.0247969 0.0102417
2 0.987736 0.518153 0.023833 0.039506 0.0101719
