3 0.520628 0.492711 0.786486 0.935698 0.78393
3 0.514736 0.493349 0.781951 0.936058 0.775235
3 0.535717 0.494655 0.749293 0.929973 0.765314
3 0.518379 0.494119 0.78972 0.938063 0.763619
3 0.517278 0.496248 0.793345 0.9387 0.759621
3 0.521493 0.491252 0.778925 0.94444 0.759022
3 0.51355 0.491267 0.7731 0.944748 0.74216
3 0.53421 0.492109 0.745363 0.939455 0.729593
3 0.518548 0.49442 0.774875 0.934114 0.692235
3 0.539412 0.496076 0.746062 0.93368 0.60546
5 0.432206 0.600423 0.0304034 0.0456437 0.206098
5 0.431749 0.600454 0.0289395 0.0446175 0.193899
5 0.205728 0.941608 0.0586125 0.0506405 0.187392
5 0.432822 0.600278 0.0299782 0.0465176 0.158582
5 0.206466 0.941813 0.0549834 0.0521575 0.151832
5 0.205047 0.943238 0.0577742 0.050455 0.148378
5 0.205614 0.942042 0.0619683 0.0564746 0.148347
5 0.432252 0.600413 0.030247 0.0462184 0.143143
5 0.204816 0.94269 0.0582918 0.0532015 0.139667
5 0.205234 0.943994 0.0568611 0.0505529 0.135591
2 0.312266 0.839612 0.0514257 0.0537096 0.116838
5 0.20795 0.940397 0.0593498 0.0531355 0.109465
5 0.204734 0.943186 0.0589219 0.0546886 0.106767
2 0.31322 0.840203 0.0503545 0.0517748 0.0888456
5 0.431851 0.598817 0.0322974 0.0489313 0.0826823
5 0.205502 0.944014 0.0590054 0.0546417 0.0806603
2 0.313096 0.839309 0.0504691 0.0527154 0.0785193
2 0.313242 0.838321 0.0514387 0.0526443 0.0766652
2 0.570855 0.862016 0.0319775 0.0649561 0.0758052
5 0.205973 0.943554 0.0584982 0.0533951 0.074841
5 0.207123 0.941206 0.0682254 0.0593131 0.0632328
2 0.570065 0.862761 0.0337912 0.067003 0.0604558
2 0.313294 0.839961 0.0501564 0.0506413 0.0594865
5 0.432459 0.599312 0.0329439 0.0506099 0.0575146
2 0.313073 0.839613 0.0492065 0.0522921 0.0563717
2 0.572356 0.862386 0.0330732 0.066042 0.0556945
5 0.21238 0.941228 0.0470535 0.0525949 0.0519983
1 0.171215 0.628598 0.136197 0.456604 0.0494268
5 0.430187 0.600991 0.0373417 0.0535699 0.0457866
3 0.378123 0.571532 0.309601 0.468144 0.0427778
5 0.429978 0.600467 0.035827 0.0513145 0.0414727
2 0.572538 0.862592 0.0372716 0.0698574 0.0410956
1 0.159092 0.731279 0.111664 0.244844 0.0396577
1 0.172186 0.648123 0.135676 0.415695 0.0395343
3 0.355386 0.568583 0.277432 0.455321 0.0385225
2 0.314619 0.840317 0.05274 0.0561295 0.0334391
2 0.31251 0.841608 0.05214 0.0573181 0.0327108
2 0.573816 0.862642 0.0368274 0.0686687 0.0323247
2 0.57175 0.863671 0.0391294 0.0707092 0.0301351
2 0.634468 0.0983089 0.0172493 0.0242161 0.0295432
1 0.159942 0.766964 0.111906 0.187006 0.0290275
2 0.569784 0.86155 0.0348326 0.0677041 0.0287196
1 0.159166 0.664216 0.115954 0.375402 0.0284875
2 0.719679 0.56857 0.0192084 0.0343708 0.0279548
2 0.569049 0.86191 0.0361135 0.068426 0.0272085
2 0.720093 0.568679 0.0174635 0.0317038 0.0257065
3 0.380884 0.567557 0.298159 0.459232 0.0234892
3 0.403037 0.572518 0.35401 0.491746 0.0220078
2 0.31498 0.839754 0.0508711 0.0552775 0.0215526
2 0.311989 0.842647 0.0570986 0.0619427 0.0211763
3 0.354868 0.56496 0.264222 0.449264 0.0211558
1 0.179344 0.68207 0.146245 0.353977 0.0209142
2 0.312867 0.841363 0.0530587 0.0577642 0.0198168
1 0.864325 0.453495 0.078375 0.514794 0.0195291
2 0.573056 0.863166 0.042682 0.0757233 0.018996
1 0.172092 0.612586 0.1454 0.501166 0.0189913
2 0.634683 0.097839 0.0181607 0.0280164 0.01835
1 0.863643 0.463711 0.0813009 0.535229 0.0167718
3 0.405059 0.568033 0.348902 0.482696 0.0162959
2 0.570614 0.861999 0.0364761 0.0686609 0.015948
3 0.375553 0.581812 0.289401 0.454791 0.0159465
1 0.190127 0.6709 0.166545 0.368035 0.015819
1 0.183371 0.629174 0.153616 0.435994 0.0154288
5 0.204438 0.943729 0.0669405 0.0577962 0.015154
2 0.634108 0.097373 0.0225069 0.0285757 0.0147623
5 0.43008 0.599302 0.0374899 0.0539136 0.0139111
2 0.576106 0.86281 0.0412636 0.076491 0.0129032
3 0.401822 0.583697 0.34037 0.488302 0.0125049
1 0.21757 0.750463 0.222317 0.21952 0.0114818
1 0.152746 0.772045 0.100692 0.199328 0.0113405
1 0.152814 0.74347 0.103085 0.225935 0.0111825
2 0.314868 0.843279 0.0662168 0.0705047 0.0109672
3 0.417394 0.569507 0.372585 0.487785 0.0108583
3 0.3531 0.579671 0.260594 0.423022 0.0104208
0 0.637304 0.0464256 0.206622 0.0564975 0.0104012
3 0.517557 0.493837 0.763691 0.938256 0.0101166
3 0.421412 0.553385 0.374325 0.498042 0.0100564
