0 0.488301 0.558276 0.700839 0.834897 0.163683
0 0.486539 0.563364 0.705834 0.818218 0.160131
0 0.487045 0.547951 0.698432 0.846461 0.156323
0 0.486322 0.550285 0.706759 0.834798 0.153461
0 0.482307 0.598242 0.692641 0.749494 0.145306
0 0.48414 0.567537 0.722781 0.791528 0.129634
0 0.484347 0.546635 0.700743 0.85022 0.12773
5 0.529054 0.855325 0.0276236 0.0348928 0.127074
0 0.485762 0.547445 0.711726 0.846835 0.121981
5 0.529108 0.855217 0.0296986 0.0362686 0.114524
5 0.529014 0.854202 0.0297209 0.0388625 0.110827
5 0.528918 0.854079 0.0319232 0.0402728 0.089236
0 0.489813 0.602889 0.705905 0.738098 0.0816759
0 0.487658 0.597224 0.697953 0.756503 0.0810765
0 0.476665 0.557814 0.669065 0.835286 0.0559991
5 0.531109 0.8544 0.0362536 0.042671 0.0404549
5 0.00931464 0.687603 0.0180317 0.138705 0.0404201
5 0.531363 0.853228 0.037625 0.0453478 0.0400489
5 0.0147688 0.699485 0.0295376 0.168422 0.0391694
0 0.485334 0.576988 0.724749 0.785231 0.0388155
5 0.0141763 0.695283 0.0283527 0.159103 0.0386208
5 0.528856 0.857159 0.0361508 0.0466347 0.0352876
5 0.00935319 0.693854 0.018251 0.123744 0.0349458
5 0.528492 0.857035 0.0347332 0.0466136 0.0344561
0 0.468151 0.548239 0.656196 0.853744 0.024315
5 0.00962714 0.6951 0.0186406 0.14203 0.0231977
0 0.482696 0.524522 0.704964 0.82904 0.0211422
5 0.0135411 0.697716 0.0270823 0.138995 0.020054
0 0.485915 0.549659 0.721544 0.836623 0.0200331
3 0.386359 0.607242 0.338189 0.554205 0.0187212
5 0.00916142 0.699368 0.0178294 0.123653 0.0185963
5 0.0155971 0.722281 0.0311943 0.194956 0.0176677
3 0.365185 0.612899 0.318738 0.563782 0.0176199
0 0.529857 0.607647 0.636271 0.727778 0.0166646
3 0.410581 0.578121 0.340968 0.51413 0.0159556
3 0.406831 0.595875 0.345821 0.526756 0.0157242
5 0.00851596 0.695432 0.0167484 0.12083 0.015091
3 0.387217 0.623273 0.32844 0.579244 0.0150789
5 0.846117 0.0764192 0.0205453 0.0320198 0.0146498
3 0.340178 0.608174 0.295829 0.552556 0.013845
3 0.408314 0.60821 0.335595 0.545052 0.0137198
3 0.388576 0.589824 0.331254 0.521329 0.0134847
3 0.365612 0.630564 0.311552 0.590114 0.0128173
3 0.0442599 0.593892 0.0878371 0.663816 0.0127869
3 0.427167 0.567629 0.363659 0.517685 0.0120204
0 0.477112 0.518492 0.695306 0.815423 0.0119492
5 0.0129133 0.693646 0.0258265 0.117092 0.0118697
3 0.470741 0.542084 0.363782 0.490535 0.0110337
0 0.485654 0.516515 0.717232 0.813779 0.0108844
3 0.594801 0.506726 0.328647 0.420452 0.0106229
3 0.431557 0.550991 0.365298 0.499101 0.010473
3 0.424091 0.596267 0.353629 0.522072 0.0103998
3 0.452351 0.547414 0.376662 0.499932 0.0103371
3 0.423218 0.583698 0.362925 0.515467 0.0102145
