3 0.427618 0.491514 0.855236 0.840384 0.450298
3 0.420634 0.492603 0.841267 0.84614 0.434977
3 0.424966 0.486091 0.849514 0.866216 0.401588
3 0.441592 0.489453 0.870971 0.85179 0.381469
3 0.442267 0.481643 0.882806 0.875158 0.347517
3 0.419494 0.487494 0.838483 0.863287 0.330905
3 0.419015 0.4934 0.838031 0.843103 0.322727
3 0.43626 0.480195 0.87252 0.874719 0.258848
3 0.416972 0.48761 0.827136 0.879541 0.193155
5 0.610666 0.305343 0.0795184 0.0671811 0.157095
5 0.60981 0.302702 0.078484 0.0713901 0.150436
5 0.610532 0.303992 0.0772648 0.0714222 0.129416
5 0.611436 0.301558 0.0814492 0.076379 0.124988
5 0.610741 0.301953 0.0772189 0.0743392 0.104454
5 0.612054 0.305822 0.0762943 0.0661791 0.104149
5 0.610796 0.305377 0.0810791 0.0689082 0.0767888
5 0.609286 0.304299 0.0856691 0.0740588 0.0740589
3 0.4169 0.409981 0.351467 0.545231 0.0542986
0 0.614173 0.307439 0.0749146 0.0622722 0.0427725
5 0.610311 0.303564 0.0805642 0.0748102 0.0414595
5 0.578957 0.344067 0.024209 0.0352568 0.0381309
3 0.403911 0.412043 0.30581 0.54613 0.0350044
3 0.455415 0.498079 0.789838 0.817899 0.0333927
3 0.435134 0.407109 0.385938 0.537745 0.0324578
2 0.61072 0.302526 0.0793509 0.0751911 0.0312955
5 0.57908 0.344707 0.0243016 0.0381643 0.0283016
3 0.41833 0.38379 0.28554 0.490508 0.0279211
3 0.546138 0.488784 0.642333 0.774325 0.027202
5 0.578681 0.344625 0.0237444 0.0378051 0.0251309
0 0.618876 0.308013 0.0625279 0.0614247 0.0248493
3 0.430071 0.380951 0.334372 0.485429 0.023218
3 0.410951 0.426421 0.376728 0.562807 0.0228115
3 0.55269 0.481468 0.633446 0.7533 0.0227311
5 0.578677 0.343491 0.0247156 0.0362654 0.0221208
0 0.611797 0.305277 0.0785119 0.0710797 0.0217451
3 0.394528 0.428383 0.338027 0.566986 0.0215398
3 0.449734 0.48923 0.888708 0.844728 0.01882
3 0.450224 0.496168 0.808591 0.813454 0.0172263
0 0.550823 0.496 0.661944 0.816508 0.0168464
1 0.880338 0.49576 0.119596 0.771519 0.0146231
1 0.867067 0.469098 0.152193 0.852079 0.0141255
3 0.403061 0.385857 0.260221 0.493185 0.0141056
5 0.609148 0.308968 0.0899006 0.0937381 0.0137039
3 0.456497 0.404597 0.400506 0.529893 0.0114952
1 0.880359 0.512997 0.118964 0.781668 0.0109315
0 0.872201 0.52639 0.131398 0.859399 0.0107305
