1 0.479409 0.5 0.958817 1 0.137391
1 0.475837 0.5 0.951675 1 0.136719
1 0.476369 0.500044 0.952738 0.999911 0.123005
1 0.460703 0.5 0.921405 1 0.117358
1 0.490989 0.5 0.981978 1 0.102791
1 0.489537 0.5 0.979073 1 0.0934711
1 0.459148 0.5 0.918297 1 0.0886934
1 0.488184 0.502036 0.976368 0.995927 0.0839428
1 0.455786 0.5 0.911571 1 0.0736186
5 0.409949 0.176315 0.0246781 0.0397197 0.0249793
5 0.409486 0.176126 0.0289028 0.0450091 0.0194874
5 0.409497 0.177173 0.0291652 0.0479791 0.0183616
1 0.432358 0.5 0.856961 1 0.0172193
5 0.408499 0.178002 0.0328762 0.0529175 0.0132613
5 0.413185 0.175434 0.0392535 0.0595169 0.0105673
