3 0.482803 0.408927 0.459982 0.598238 0.725857
3 0.480251 0.407186 0.466415 0.601598 0.701139
3 0.4802 0.405869 0.450818 0.59461 0.672668
3 0.479454 0.407886 0.460807 0.597477 0.641314
3 0.480123 0.408684 0.454247 0.593605 0.6129
3 0.480886 0.405591 0.46544 0.603454 0.593581
3 0.479701 0.407271 0.458748 0.599442 0.562617
3 0.481512 0.409961 0.462882 0.59744 0.485661
5 0.492394 0.460876 0.0364768 0.0468674 0.482166
3 0.479281 0.409175 0.45643 0.594746 0.472435
5 0.492563 0.461367 0.0363603 0.0475599 0.466188
3 0.480852 0.410609 0.451181 0.601659 0.437913
5 0.510563 0.521268 0.0405386 0.0504148 0.411847
5 0.491831 0.461841 0.0375091 0.0488127 0.408438
5 0.510185 0.521452 0.0403228 0.0497362 0.394311
5 0.510193 0.521242 0.0384297 0.0481662 0.386236
5 0.492154 0.461252 0.0352026 0.0470119 0.384047
5 0.510675 0.521253 0.0382508 0.0488506 0.378505
5 0.492495 0.46151 0.0382602 0.049943 0.370609
5 0.54629 0.391064 0.0230889 0.0326057 0.369427
5 0.510391 0.521218 0.0407665 0.0503068 0.361734
5 0.492623 0.461044 0.0339897 0.0451647 0.357708
5 0.492734 0.461801 0.038783 0.0494049 0.35112
5 0.51008 0.520857 0.0358991 0.0469425 0.348679
5 0.545726 0.391322 0.0250864 0.0325218 0.332762
5 0.546179 0.390957 0.0215902 0.0298948 0.317692
5 0.511334 0.521753 0.0435356 0.0523732 0.314626
5 0.510121 0.52103 0.0384108 0.0468063 0.308806
5 0.492882 0.461199 0.0403038 0.0516951 0.30466
5 0.492689 0.461036 0.0345202 0.0463733 0.300879
5 0.545883 0.391055 0.0224961 0.0295881 0.296897
5 0.546153 0.391391 0.0208754 0.030242 0.281412
5 0.442162 0.288376 0.0187244 0.024178 0.269054
5 0.479195 0.313641 0.0214681 0.0282449 0.26717
5 0.479587 0.314108 0.023062 0.0317213 0.2555
5 0.479248 0.313497 0.0257427 0.033826 0.255484
2 0.479152 0.313582 0.0228171 0.0320026 0.254652
5 0.546116 0.391629 0.0221196 0.0304182 0.249392
5 0.479007 0.314225 0.0230855 0.0302595 0.247084
5 0.491887 0.461105 0.0418747 0.0537567 0.245989
5 0.545525 0.391014 0.0270862 0.0342121 0.235849
5 0.509614 0.520754 0.034356 0.0447514 0.226912
5 0.511116 0.521452 0.0448459 0.0527173 0.226319
2 0.47883 0.313813 0.0250185 0.0321913 0.224836
5 0.546308 0.390836 0.0281114 0.0344828 0.217236
5 0.479349 0.3141 0.019217 0.0276367 0.214686
2 0.52168 0.320088 0.0183309 0.0254727 0.205327
5 0.47884 0.313743 0.026102 0.0336018 0.202198
2 0.478804 0.314112 0.0235764 0.0307863 0.199792
5 0.545886 0.391501 0.0286279 0.0374907 0.193144
2 0.521674 0.319985 0.0190703 0.0258264 0.192123
5 0.545982 0.391247 0.0289598 0.0384351 0.186286
5 0.545485 0.390896 0.0302178 0.0363483 0.185639
5 0.493146 0.46124 0.0433637 0.0541621 0.182961
5 0.492458 0.461191 0.0334306 0.0442572 0.180478
2 0.521434 0.320474 0.0196443 0.026103 0.178969
2 0.479395 0.314061 0.020188 0.0296821 0.177123
5 0.443105 0.287915 0.0225043 0.0294339 0.171849
5 0.442408 0.288025 0.0189136 0.024466 0.171183
5 0.546118 0.390447 0.0284841 0.0349614 0.170124
5 0.442887 0.288185 0.0177948 0.0234971 0.167602
5 0.491055 0.460497 0.0449584 0.0556236 0.166657
2 0.443021 0.288196 0.0191622 0.0256701 0.165297
5 0.509429 0.520974 0.0385114 0.0480833 0.153512
5 0.442433 0.288745 0.0236535 0.0301993 0.148736
2 0.478055 0.312749 0.0266844 0.0335576 0.14606
2 0.412723 0.283606 0.0140983 0.0178674 0.142032
2 0.442704 0.287469 0.0208638 0.0256936 0.141746
5 0.545468 0.39119 0.0263448 0.034067 0.141683
3 0.482418 0.409007 0.45005 0.599371 0.141564
2 0.522042 0.320509 0.01687 0.0234568 0.141332
5 0.511381 0.521477 0.0472567 0.0563326 0.13849
2 0.521259 0.320033 0.0213511 0.0268978 0.131393
5 0.545906 0.391204 0.0314156 0.0380182 0.120371
5 0.492946 0.460686 0.0439636 0.0553689 0.119451
5 0.49273 0.460982 0.0441128 0.0551974 0.118523
5 0.44287 0.287836 0.017231 0.0237231 0.116126
5 0.443598 0.287732 0.0223652 0.0257843 0.112037
5 0.479584 0.313156 0.0289552 0.0341803 0.109425
5 0.479923 0.313133 0.0283055 0.0340962 0.108658
5 0.443483 0.287676 0.0217413 0.0261349 0.108179
2 0.384481 0.29441 0.0151194 0.0190226 0.107398
2 0.413315 0.284465 0.0161565 0.0192 0.104789
2 0.384135 0.294023 0.0171136 0.0214743 0.104309
2 0.412682 0.284195 0.0156296 0.0185218 0.103534
5 0.511328 0.521729 0.0501721 0.0573947 0.100621
2 0.521824 0.320515 0.0165241 0.0237793 0.0988891
2 0.413824 0.283949 0.0146167 0.0179436 0.0977168
5 0.510161 0.520995 0.0435642 0.0516943 0.092516
5 0.550646 0.262016 0.0862028 0.0973482 0.0920262
5 0.521524 0.320201 0.0216197 0.0262328 0.087046
5 0.546219 0.39055 0.0320458 0.0390744 0.0862624
2 0.384339 0.294302 0.0147412 0.0186934 0.0845161
2 0.383994 0.293559 0.0173918 0.0224953 0.084433
5 0.521303 0.320057 0.022834 0.0273995 0.0841267
5 0.546541 0.390554 0.0319569 0.0379745 0.0821596
2 0.313247 0.426358 0.0194065 0.0257614 0.0815808
5 0.477928 0.314862 0.0275768 0.0346391 0.0787306
2 0.31355 0.426016 0.0165165 0.0231931 0.0780286
2 0.42333 0.417067 0.0179626 0.02288 0.0714525
5 0.521099 0.320243 0.024656 0.0296943 0.0675749
2 0.313663 0.425849 0.0183769 0.0242255 0.0675541
5 0.511817 0.521529 0.0492911 0.05798 0.066769
2 0.384454 0.293982 0.01797 0.0226987 0.0643663
2 0.313682 0.425696 0.0184441 0.0250762 0.064325
5 0.423085 0.417938 0.0200575 0.0244659 0.0643112
2 0.312533 0.425459 0.0201119 0.0262766 0.0634052
2 0.282094 0.443927 0.0654784 0.236492 0.0607539
5 0.423055 0.418038 0.0189422 0.0248488 0.059617
5 0.549851 0.262549 0.0853033 0.0965556 0.0593872
5 0.492413 0.461604 0.033539 0.0464412 0.058936
5 0.443478 0.288247 0.0233513 0.028553 0.0582341
5 0.551158 0.260746 0.0879505 0.105475 0.0573204
5 0.42339 0.417682 0.0166554 0.0210762 0.0571671
2 0.313232 0.425848 0.0212142 0.0269272 0.0563639
5 0.509873 0.522077 0.0438244 0.0538689 0.0552884
5 0.511638 0.521648 0.0515402 0.0603476 0.0550874
5 0.522334 0.32043 0.0212332 0.028914 0.0550595
5 0.509254 0.521099 0.0348356 0.0471914 0.0550345
2 0.3131 0.425729 0.0160557 0.0233642 0.0543864
3 0.486749 0.424528 0.460868 0.564011 0.0529617
2 0.411153 0.283709 0.01874 0.0204499 0.0490962
2 0.384878 0.293277 0.0193471 0.0222986 0.0487384
5 0.423641 0.417673 0.0164493 0.0223944 0.0486141
5 0.55083 0.26309 0.0880264 0.0992885 0.0477639
5 0.550746 0.261804 0.0878432 0.104578 0.047299
2 0.402027 0.433148 0.0172043 0.0238403 0.0467953
2 0.412994 0.284356 0.017121 0.0221538 0.0455522
2 0.445465 0.382174 0.0163148 0.0214721 0.0453621
2 0.383915 0.293772 0.0205397 0.0243466 0.045136
5 0.521669 0.320405 0.0235336 0.0319509 0.0446183
5 0.480014 0.312061 0.0306125 0.0380721 0.044391
2 0.402216 0.433135 0.0177508 0.0233883 0.0439221
2 0.312068 0.425638 0.02304 0.0282176 0.0431261
2 0.384246 0.29403 0.0188927 0.0211912 0.0421297
5 0.402094 0.433495 0.0166601 0.0221626 0.0410045
2 0.445301 0.381665 0.0211788 0.0252686 0.0389229
2 0.414574 0.285095 0.0170041 0.0213757 0.0385513
5 0.422809 0.417507 0.0216416 0.0238544 0.0380413
2 0.411423 0.283923 0.0197517 0.0212652 0.0375922
2 0.392687 0.614522 0.153913 0.155298 0.0375494
5 0.402077 0.432314 0.0193885 0.0250697 0.0370227
5 0.550483 0.261785 0.0911315 0.105371 0.0363654
5 0.550858 0.26132 0.0910658 0.107213 0.0362699
5 0.423625 0.417309 0.0153972 0.0196962 0.0357788
2 0.402406 0.432315 0.0197571 0.0255434 0.0346782
5 0.479384 0.311362 0.0292474 0.0353373 0.0345729
2 0.401297 0.616395 0.159478 0.158539 0.0344999
5 0.444061 0.287966 0.0275151 0.0332435 0.0342119
5 0.550393 0.264019 0.0819234 0.0956394 0.0340289
2 0.312558 0.425665 0.018636 0.0259406 0.032801
2 0.38576 0.292125 0.0200776 0.0241537 0.0327446
4 0.581909 0.614036 0.172398 0.153459 0.0327395
2 0.388884 0.618082 0.190652 0.164292 0.0325338
2 0.282908 0.441906 0.064096 0.21351 0.0315338
2 0.640596 0.581779 0.0315734 0.0407794 0.0314799
2 0.445742 0.381657 0.0234295 0.026368 0.0308197
5 0.551058 0.262702 0.0874214 0.100081 0.0306948
5 0.423201 0.418213 0.020969 0.0247913 0.0297143
5 0.422971 0.417502 0.0209658 0.0226843 0.0293556
2 0.446357 0.381989 0.0198868 0.0240576 0.0286475
4 0.582041 0.61691 0.172025 0.152735 0.0278691
2 0.281265 0.447276 0.0648704 0.256645 0.0278665
5 0.026065 0.965321 0.0488169 0.0669608 0.0273
5 0.402033 0.433446 0.0179895 0.0233741 0.0261862
5 0.480018 0.311056 0.0296674 0.0352957 0.0259861
2 0.399876 0.61899 0.198841 0.166011 0.0259659
2 0.639689 0.582518 0.0301763 0.0396638 0.0256569
5 0.488952 0.460899 0.0381677 0.0470653 0.0248977
5 0.544206 0.391928 0.0332917 0.0408658 0.0245988
5 0.0260525 0.966534 0.0490682 0.0664328 0.0245258
5 0.0242396 0.965383 0.044677 0.0643796 0.0244846
2 0.642864 0.581111 0.0364473 0.0430449 0.0239852
2 0.639175 0.58378 0.0293849 0.0391222 0.0239146
2 0.57384 0.61441 0.151123 0.156114 0.0236791
5 0.551532 0.26483 0.0821977 0.0967996 0.0235732
2 0.547579 0.261524 0.0794998 0.0938809 0.0235523
2 0.582038 0.615048 0.161031 0.157989 0.0231438
2 0.640938 0.583901 0.0317298 0.0410313 0.0227926
2 0.6417 0.582478 0.0332911 0.040986 0.0225348
2 0.286707 0.44803 0.0795673 0.255788 0.0224392
5 0.0261746 0.967153 0.0476898 0.0656949 0.0223367
5 0.440286 0.289539 0.0245352 0.0288521 0.0218985
5 0.492142 0.461995 0.0383799 0.0501276 0.0216801
5 0.480634 0.313451 0.0349786 0.042606 0.0205697
5 0.493178 0.460149 0.0524323 0.0644003 0.0204451
5 0.417583 0.444273 0.0255232 0.0230753 0.0202944
5 0.0242157 0.966427 0.0453931 0.0641303 0.0198243
5 0.438377 0.290997 0.0284788 0.0322427 0.0195739
2 0.445678 0.382604 0.0196288 0.0263519 0.0194842
2 0.313982 0.425967 0.0199657 0.0299185 0.0193078
5 0.022079 0.964585 0.0418265 0.0635019 0.0191114
2 0.314968 0.426409 0.0212953 0.0307077 0.0191056
5 0.52285 0.32071 0.0255777 0.032898 0.0186512
2 0.390948 0.605872 0.132179 0.141944 0.0184569
5 0.411735 0.283421 0.0191701 0.0239695 0.0182627
2 0.446514 0.381297 0.0238847 0.0262543 0.0180631
5 0.418757 0.445123 0.0204533 0.0214208 0.0179932
2 0.554276 0.614477 0.118439 0.152672 0.0179189
5 0.0218647 0.966121 0.0417947 0.0635239 0.0178609
3 0.37573 0.456267 0.250075 0.437809 0.0177107
5 0.40891 0.438827 0.0329612 0.0269261 0.0175477
5 0.520517 0.319766 0.0280949 0.0334902 0.0175072
2 0.398494 0.607999 0.137152 0.144171 0.0173403
4 0.581864 0.616523 0.161993 0.159174 0.0172716
5 0.511215 0.519118 0.0512587 0.0556215 0.0164963
2 0.637648 0.582114 0.0311219 0.0385415 0.0161574
5 0.40982 0.28534 0.0212437 0.0251592 0.016002
2 0.446297 0.380894 0.0217839 0.0246186 0.0158754
5 0.520547 0.31879 0.028918 0.0334375 0.0155937
5 0.0243688 0.964326 0.0446928 0.061727 0.0155909
5 0.0218505 0.962742 0.0419118 0.0599719 0.0153727
4 0.586525 0.612275 0.179904 0.144702 0.0152175
5 0.508054 0.520883 0.0363133 0.045792 0.015129
5 0.407951 0.435604 0.0311552 0.030687 0.0147855
5 0.54678 0.39154 0.0377956 0.0453626 0.0144384
5 0.0242987 0.967387 0.0441573 0.0634934 0.0143562
2 0.63745 0.583431 0.0305993 0.0369032 0.0140526
2 0.639583 0.586166 0.0288036 0.0422475 0.0139638
5 0.413915 0.442668 0.0323062 0.0275604 0.0139123
2 0.56786 0.609423 0.135813 0.144449 0.0139062
5 0.0263391 0.964583 0.0498587 0.0666669 0.0134241
5 0.402694 0.433789 0.0218763 0.0294639 0.0133896
5 0.413006 0.282875 0.0185971 0.0248116 0.0132004
5 0.446471 0.288281 0.0285161 0.0287181 0.0128856
2 0.446802 0.381462 0.0269259 0.0300615 0.0127462
2 0.640614 0.585442 0.0302006 0.0423648 0.0126736
2 0.477546 0.311267 0.0312175 0.0390891 0.0125162
5 0.0286244 0.965588 0.0564757 0.0688235 0.0125077
5 0.405789 0.435353 0.0284358 0.0267103 0.0120777
2 0.521185 0.318626 0.0267149 0.0314679 0.01189
5 0.491773 0.461906 0.034793 0.0480146 0.0115422
5 0.492325 0.459887 0.0494042 0.0610665 0.0115223
5 0.526595 0.320434 0.0346116 0.0302094 0.011377
4 0.582053 0.610069 0.17222 0.152826 0.0113433
3 0.37458 0.50065 0.246744 0.41614 0.0112896
5 0.547238 0.2622 0.0780307 0.0926309 0.0112056
5 0.507707 0.521482 0.0354634 0.0440452 0.0111087
2 0.645189 0.575596 0.0423466 0.0555296 0.011065
5 0.0290126 0.964284 0.0580252 0.071433 0.0109363
0 0.0726389 0.898337 0.140054 0.203325 0.0108143
2 0.0215322 0.96775 0.0408378 0.0629206 0.0107732
5 0.525549 0.319985 0.034979 0.0310363 0.0106075
2 0.521005 0.318723 0.0286929 0.0334939 0.0104048
2 0.645397 0.576248 0.0424009 0.0508557 0.0103782
2 0.519627 0.318842 0.0306483 0.0320833 0.0102849
5 0.418943 0.444582 0.0227549 0.0221946 0.0102023
5 0.0288726 0.966618 0.0539714 0.0667648 0.0100497
5 0.512456 0.521362 0.0595238 0.0685185 0.0100209
2 0.372799 0.617133 0.200283 0.16394 0.0100207
