3 0.506624 0.492526 0.826113 0.970571 0.43782
3 0.500637 0.482732 0.83033 0.940656 0.355571
3 0.531704 0.492467 0.770823 0.964611 0.349386
3 0.510425 0.479989 0.816425 0.944903 0.331306
3 0.539864 0.486469 0.755862 0.95312 0.31632
3 0.510883 0.490069 0.851403 0.961409 0.304153
3 0.36585 0.477885 0.543682 0.908174 0.183949
3 0.528131 0.47979 0.777731 0.937072 0.14132
3 0.553777 0.497031 0.726915 0.926234 0.129737
3 0.51815 0.476975 0.838486 0.920561 0.108937
3 0.378975 0.487818 0.611484 0.928931 0.100756
2 0.875216 0.46723 0.0262339 0.0383193 0.0532111
3 0.365961 0.490436 0.514481 0.90899 0.050058
2 0.875409 0.467523 0.029184 0.0400505 0.0492811
2 0.874393 0.467156 0.030727 0.0407942 0.0460872
3 0.427657 0.475897 0.639255 0.913902 0.0444827
2 0.875539 0.467478 0.0308615 0.0430785 0.0432343
3 0.474853 0.488447 0.75743 0.94011 0.0428937
2 0.876487 0.467804 0.032488 0.0434229 0.039622
2 0.874268 0.467467 0.0282657 0.0380092 0.0392504
2 0.875164 0.467507 0.0268051 0.0374676 0.0302706
2 0.87459 0.467522 0.0243599 0.0364608 0.0298082
2 0.874729 0.467062 0.0258454 0.0360162 0.02368
2 0.875135 0.466666 0.0300152 0.0387503 0.0208091
3 0.382063 0.554814 0.252043 0.378251 0.0203857
3 0.578785 0.495141 0.678921 0.955811 0.0202663
3 0.525979 0.493641 0.781666 0.92702 0.0179588
2 0.602088 0.632095 0.0336322 0.051529 0.0175041
3 0.501535 0.482503 0.862364 0.937204 0.0159671
5 0.603673 0.632534 0.0311436 0.0537511 0.0149418
3 0.379831 0.523604 0.245376 0.430562 0.0136406
2 0.602918 0.632495 0.0319035 0.0507725 0.0133692
2 0.603295 0.632504 0.029121 0.0499119 0.0132151
2 0.248406 0.186445 0.0760727 0.078026 0.0128683
2 0.252134 0.186878 0.0917269 0.085061 0.0128488
5 0.603809 0.632297 0.0341708 0.0560616 0.0120358
0 0.820666 0.508411 0.186353 0.649648 0.0110677
2 0.604152 0.633096 0.0277012 0.0511671 0.0109917
3 0.384369 0.577247 0.276065 0.371435 0.0107329
2 0.602196 0.632249 0.0320799 0.0515286 0.01056
3 0.408411 0.553894 0.284803 0.405529 0.0104624
0 0.821006 0.527413 0.189546 0.644062 0.0104436
