3 0.527236 0.485306 0.559764 0.743253 0.252148
0 0.52665 0.478655 0.558581 0.729203 0.202686
3 0.522822 0.480031 0.555077 0.740374 0.199939
0 0.528144 0.484696 0.562928 0.718436 0.18892
0 0.521481 0.478578 0.553803 0.726469 0.17063
0 0.522378 0.486221 0.554157 0.717533 0.147108
5 0.419056 0.347946 0.0284846 0.036382 0.0756338
5 0.350357 0.627312 0.0356601 0.0407478 0.0754041
5 0.350731 0.62752 0.0329674 0.0401509 0.0715178
5 0.418712 0.347845 0.0282537 0.0363661 0.069115
5 0.418498 0.348061 0.0266222 0.0350388 0.0666515
2 0.34205 0.71675 0.202727 0.265433 0.0637322
5 0.418536 0.347884 0.024552 0.0328556 0.0624434
5 0.663474 0.625436 0.027854 0.0337812 0.0614338
5 0.402448 0.534757 0.0343499 0.0374502 0.0614067
5 0.35122 0.627266 0.0418049 0.0453288 0.0612104
5 0.418329 0.347458 0.0294145 0.0374122 0.061197
0 0.519974 0.477541 0.54594 0.720541 0.0598424
5 0.418687 0.348245 0.0256105 0.0337222 0.0596933
5 0.350814 0.627011 0.0357708 0.0390099 0.0559108
5 0.402923 0.534406 0.0384876 0.0418409 0.0551552
5 0.402068 0.535024 0.0312681 0.0362147 0.051993
5 0.664513 0.623388 0.0245534 0.032575 0.0513088
5 0.418987 0.347879 0.0293547 0.0391046 0.0510539
2 0.356213 0.732514 0.229421 0.237976 0.0501243
5 0.663644 0.625018 0.0262741 0.0325492 0.0501059
5 0.35149 0.626931 0.0434035 0.0477767 0.0498701
5 0.403021 0.534732 0.0309627 0.0360776 0.0485212
5 0.402147 0.534504 0.03246 0.0363254 0.0482556
5 0.402592 0.534799 0.0375038 0.0406014 0.0471051
5 0.418937 0.348189 0.0310239 0.0398684 0.0457417
5 0.4192 0.347764 0.0245064 0.0351878 0.0456191
5 0.591441 0.430015 0.0272775 0.0299953 0.0453738
5 0.548272 0.724881 0.0230223 0.0267135 0.045247
5 0.401833 0.534777 0.0286406 0.0325203 0.0448503
5 0.349775 0.626964 0.0291621 0.0330508 0.0448118
5 0.547971 0.724212 0.0205999 0.0240589 0.0447883
5 0.548026 0.723898 0.0225064 0.0264593 0.0441353
0 0.523901 0.48712 0.546001 0.709819 0.0435147
5 0.663769 0.6245 0.0259519 0.0308438 0.0429795
5 0.349896 0.627229 0.0294608 0.0355447 0.0417827
5 0.41797 0.348511 0.0262225 0.0335562 0.0411835
5 0.402459 0.534998 0.0256399 0.0305465 0.0411658
5 0.59128 0.429837 0.0283384 0.0305523 0.0408289
5 0.40235 0.534229 0.0368139 0.0405858 0.0407437
5 0.66389 0.62481 0.0275789 0.0321331 0.0403082
5 0.663677 0.62417 0.0244964 0.0308814 0.0396414
5 0.512469 0.284069 0.0231014 0.0316368 0.0391067
5 0.401801 0.534175 0.0358793 0.0408759 0.0377763
5 0.350816 0.626579 0.0370797 0.0398704 0.0371542
5 0.663962 0.622991 0.0273568 0.0353361 0.0363454
5 0.566448 0.512105 0.0272493 0.032389 0.0362676
5 0.419061 0.347968 0.0224456 0.0325576 0.0361463
5 0.663672 0.623537 0.0230739 0.0289999 0.0354619
5 0.40235 0.53462 0.0385213 0.0435597 0.0353169
5 0.547729 0.723946 0.0272733 0.0300468 0.0352343
5 0.350141 0.627537 0.0270292 0.0350753 0.0349138
5 0.350042 0.627179 0.0264681 0.0326038 0.0345995
5 0.59188 0.43032 0.0245671 0.0290524 0.0339489
5 0.565644 0.512297 0.0290913 0.0323604 0.0339301
5 0.402073 0.534931 0.0287401 0.0331066 0.0333181
5 0.547977 0.724234 0.0238951 0.0273335 0.0333015
5 0.664282 0.624547 0.0215813 0.0295358 0.0332033
5 0.418417 0.348213 0.0330813 0.0406457 0.0328242
2 0.344013 0.729671 0.219966 0.252411 0.0327172
2 0.35309 0.72834 0.211159 0.234759 0.0323722
5 0.349324 0.62731 0.0326843 0.0394657 0.0313617
5 0.591591 0.429564 0.0258143 0.0291869 0.0311323
5 0.512791 0.284824 0.0263155 0.0347701 0.030952
5 0.350112 0.627453 0.041981 0.0482205 0.0306752
5 0.402533 0.535037 0.0261655 0.0321954 0.0306504
5 0.548058 0.724556 0.0214771 0.0250485 0.0306066
5 0.664051 0.624177 0.0207768 0.0277835 0.0302927
2 0.468008 0.366772 0.0192253 0.0230806 0.0302662
5 0.566288 0.51159 0.0310811 0.033898 0.0302054
5 0.592094 0.429665 0.0236588 0.0282484 0.0279941
5 0.349232 0.626874 0.0382147 0.0455617 0.0277933
5 0.512373 0.284827 0.0234495 0.033272 0.0275788
5 0.548371 0.724194 0.0186136 0.0227298 0.026633
5 0.512806 0.284234 0.0210884 0.0308311 0.0259946
5 0.591079 0.430213 0.0272932 0.0305748 0.0256697
5 0.664082 0.62437 0.0313056 0.0380395 0.0256033
2 0.338091 0.704116 0.184917 0.288238 0.0255535
5 0.547174 0.725022 0.0300494 0.0340196 0.0249716
5 0.547869 0.724096 0.0253858 0.0278124 0.0247189
5 0.754095 0.503423 0.0378818 0.0494381 0.0247188
5 0.566279 0.511346 0.0315205 0.0344385 0.0242086
5 0.567034 0.632592 0.0277563 0.0319656 0.0238631
5 0.577141 0.563124 0.0320137 0.0309723 0.0238388
5 0.591074 0.429903 0.0274014 0.0305112 0.0236654
5 0.512666 0.284695 0.0215326 0.0316084 0.0233698
5 0.567091 0.632343 0.0215637 0.0265011 0.0232067
2 0.520211 0.81852 0.0214705 0.0277541 0.0230986
3 0.520371 0.482702 0.544994 0.733369 0.0229151
5 0.576885 0.563239 0.0315368 0.030562 0.0227407
5 0.547192 0.724748 0.032041 0.0358427 0.0227301
5 0.41912 0.347651 0.0369082 0.0439808 0.0227066
5 0.513059 0.284725 0.0224919 0.0329637 0.0226763
5 0.402028 0.53559 0.0304275 0.0347975 0.0226474
2 0.468311 0.366904 0.0209302 0.0243223 0.0223399
5 0.548588 0.724201 0.0299895 0.0334856 0.0221473
5 0.567139 0.632888 0.0274806 0.0315054 0.02197
5 0.591897 0.429929 0.0220409 0.0271002 0.0218009
5 0.403378 0.534184 0.0445444 0.0463892 0.021534
5 0.566828 0.51177 0.0231834 0.0286456 0.0213445
5 0.418994 0.34735 0.0357474 0.0424784 0.0209248
0 0.524182 0.483061 0.543123 0.740996 0.0207463
5 0.591596 0.429722 0.0254473 0.0286925 0.0207294
5 0.548332 0.724532 0.0297842 0.0321125 0.0206307
5 0.512645 0.284783 0.0293439 0.0364683 0.0194519
5 0.565977 0.511639 0.0246127 0.0286853 0.0193913
5 0.663862 0.624448 0.0311036 0.0370863 0.0189372
5 0.565998 0.51173 0.0283782 0.0307866 0.0188771
5 0.566434 0.511312 0.0283492 0.0328896 0.0186408
5 0.402919 0.535477 0.0350877 0.041364 0.0186282
5 0.754004 0.503619 0.033795 0.0457467 0.0185472
5 0.514054 0.455572 0.0196408 0.0241422 0.0183565
2 0.468234 0.366388 0.0180024 0.021372 0.0181288
5 0.352064 0.626783 0.0506819 0.0527922 0.0179021
2 0.468646 0.366467 0.0161742 0.0196877 0.0178553
5 0.57714 0.56314 0.0290176 0.0276226 0.0177482
2 0.519816 0.818309 0.0204289 0.0280298 0.0177076
5 0.57347 0.802217 0.0271096 0.0358606 0.0176059
2 0.468323 0.366015 0.0174076 0.0215005 0.0174093
5 0.59238 0.429382 0.0312622 0.0328652 0.0172316
5 0.351772 0.627967 0.0381434 0.0426587 0.0170631
2 0.519635 0.819214 0.025314 0.0319192 0.017042
0 0.51415 0.4814 0.524453 0.718891 0.0168646
5 0.512963 0.284177 0.0291611 0.0354422 0.0163075
5 0.512872 0.284623 0.0200944 0.0310126 0.0161103
5 0.576874 0.56305 0.0284336 0.0281982 0.0160198
5 0.54772 0.723661 0.0279924 0.0313359 0.0159675
5 0.512042 0.284832 0.0259354 0.0341229 0.0158353
5 0.566622 0.511647 0.0224517 0.0269257 0.015808
5 0.577384 0.562868 0.0304622 0.0317469 0.0156981
5 0.663532 0.625644 0.0316557 0.0388734 0.0156907
2 0.467788 0.366413 0.018078 0.0221774 0.0156536
2 0.368693 0.737234 0.235653 0.224085 0.0154503
5 0.349198 0.627595 0.0313321 0.0378306 0.0152671
5 0.566619 0.631948 0.02 0.0244782 0.0151322
5 0.577398 0.562781 0.0346866 0.0326436 0.0149828
2 0.519945 0.818742 0.0222718 0.0297452 0.0148102
5 0.514501 0.454964 0.0165972 0.0227627 0.0147885
5 0.402486 0.536331 0.0326327 0.0378327 0.0147554
5 0.566025 0.511418 0.0231808 0.0273811 0.0147392
5 0.592346 0.428764 0.0336627 0.0360925 0.014728
5 0.566041 0.632618 0.028296 0.031444 0.0145169
0 0.521992 0.503667 0.549518 0.680024 0.0143871
5 0.63724 0.641025 0.0258596 0.0306053 0.0140411
2 0.331056 0.702623 0.176086 0.296387 0.0139382
5 0.637771 0.64101 0.0290911 0.0345945 0.013932
5 0.754812 0.50313 0.0344219 0.0467788 0.01365
5 0.755143 0.502739 0.0307547 0.0440248 0.0134616
5 0.638193 0.640858 0.0248124 0.0318681 0.0132867
5 0.638175 0.63953 0.0306097 0.0368556 0.0132859
5 0.566184 0.511449 0.0297984 0.03271 0.0131764
2 0.36934 0.738532 0.241486 0.224422 0.013106
5 0.573505 0.801354 0.0264483 0.0360614 0.0130709
5 0.567044 0.63199 0.0204048 0.025236 0.0130096
5 0.566374 0.632526 0.0295806 0.032611 0.0126876
5 0.56682 0.511658 0.038879 0.0409128 0.0122839
5 0.57722 0.561994 0.0351839 0.0346402 0.0122208
5 0.577541 0.563116 0.0276913 0.0281053 0.0122107
5 0.350107 0.628311 0.0340286 0.0396969 0.0120687
5 0.755267 0.503076 0.0351064 0.0484525 0.0117532
5 0.573723 0.802128 0.0250593 0.0349973 0.0117143
2 0.356909 0.740346 0.234062 0.234849 0.0116803
5 0.514 0.454934 0.0175008 0.0228998 0.0116494
5 0.665654 0.624418 0.0373095 0.0437474 0.0116355
5 0.755203 0.503006 0.0305963 0.0449693 0.0114419
5 0.574261 0.802649 0.025395 0.0361316 0.0114244
2 0.34743 0.495156 0.0252346 0.0298347 0.0112576
5 0.567186 0.632262 0.0279311 0.030882 0.0112426
5 0.513291 0.284799 0.0298334 0.0385665 0.0112368
5 0.660257 0.626195 0.0319551 0.0391615 0.0110897
5 0.637834 0.640381 0.032653 0.037698 0.0110417
5 0.512379 0.284947 0.0324982 0.0398615 0.0108461
5 0.577495 0.563158 0.0265536 0.0273283 0.0108286
5 0.576874 0.563164 0.0284404 0.0289321 0.0106408
5 0.512875 0.284719 0.0297131 0.0375715 0.0104254
5 0.514693 0.454826 0.0157803 0.0213501 0.0100743
