3 0.496744 0.476641 0.455924 0.558899 0.747523
3 0.497718 0.478181 0.458277 0.557362 0.71981
3 0.49333 0.479917 0.451454 0.558088 0.706152
3 0.495298 0.478945 0.445648 0.553696 0.688467
3 0.497068 0.47594 0.454698 0.558407 0.669572
3 0.496313 0.479657 0.445748 0.551272 0.66163
3 0.496942 0.478762 0.452727 0.549765 0.590924
3 0.495819 0.480417 0.453756 0.556655 0.493762
3 0.498905 0.476279 0.451605 0.550345 0.449507
3 0.492701 0.47778 0.44568 0.553966 0.358352
3 0.507297 0.492362 0.290554 0.37921 0.290524
3 0.506981 0.474852 0.285603 0.357082 0.189792
3 0.501758 0.485907 0.286362 0.356909 0.111328
3 0.502658 0.47065 0.282506 0.33681 0.109215
1 0.325565 0.487872 0.123382 0.517908 0.0757718
1 0.325341 0.48313 0.12225 0.533787 0.0713751
1 0.321095 0.486664 0.118333 0.517019 0.0541152
1 0.326854 0.490503 0.124757 0.506707 0.0485765
3 0.506708 0.459895 0.281075 0.369346 0.0437622
1 0.320719 0.491327 0.11643 0.515881 0.0375951
1 0.320195 0.481289 0.124812 0.526399 0.033257
3 0.503038 0.483455 0.454336 0.548119 0.0332238
3 0.515947 0.496583 0.293038 0.380526 0.0209474
3 0.51346 0.47906 0.289283 0.368911 0.0196551
3 0.507786 0.52999 0.2979 0.448898 0.0164441
3 0.502358 0.460543 0.279851 0.3386 0.0151223
5 0.460077 0.452079 0.0255101 0.0276608 0.0141146
5 0.460954 0.45216 0.0249658 0.0272873 0.010814
5 0.593853 0.520547 0.0209774 0.023771 0.0107695
