0 0.4867 0.407574 0.407021 0.512277 0.449342
0 0.485466 0.405661 0.410373 0.514276 0.400803
0 0.495184 0.405445 0.389688 0.526249 0.386448
0 0.476161 0.408516 0.426886 0.518698 0.378678
0 0.476359 0.40609 0.421731 0.516377 0.367364
5 0.373997 0.387448 0.0341383 0.0396237 0.339177
0 0.477802 0.405006 0.424164 0.531809 0.317114
5 0.373046 0.387515 0.0339348 0.0384674 0.307936
5 0.37346 0.38774 0.0329684 0.0373944 0.289806
5 0.373088 0.387781 0.0320855 0.037447 0.288449
5 0.372934 0.387854 0.031488 0.0360534 0.273171
5 0.373763 0.387839 0.0303888 0.0347099 0.266458
5 0.373218 0.387996 0.0371375 0.0416853 0.254579
0 0.478124 0.410233 0.431729 0.524836 0.251735
5 0.373462 0.387851 0.0303321 0.0355058 0.23509
5 0.373471 0.387567 0.0384227 0.0423675 0.22196
5 0.373506 0.387742 0.0286233 0.0344411 0.210717
0 0.477376 0.406575 0.423131 0.527222 0.209464
5 0.373494 0.387945 0.0387034 0.0428305 0.205087
5 0.33844 0.228249 0.0372339 0.0454728 0.179112
5 0.338715 0.22991 0.0376238 0.0448835 0.170766
5 0.373735 0.388126 0.0420684 0.0460035 0.165627
5 0.372918 0.387372 0.0422546 0.0466881 0.165512
5 0.338546 0.228764 0.0386712 0.0463924 0.161258
0 0.479923 0.404959 0.430683 0.517851 0.156307
5 0.374356 0.387953 0.042653 0.0465612 0.154711
0 0.576786 0.428462 0.227828 0.457105 0.144745
5 0.338367 0.229154 0.0354759 0.0437434 0.144561
5 0.373426 0.388261 0.0313398 0.0354858 0.140659
0 0.57759 0.44171 0.226601 0.465529 0.114457
0 0.547955 0.269409 0.271627 0.220097 0.110271
5 0.338492 0.230559 0.0300197 0.0388853 0.107263
5 0.338344 0.229683 0.0314635 0.0401319 0.0994197
5 0.3381 0.230234 0.0295015 0.0368677 0.0991478
0 0.553111 0.291768 0.268452 0.265557 0.0876048
5 0.338866 0.228439 0.0399357 0.0483685 0.0867229
5 0.338842 0.229256 0.0413708 0.0479663 0.0818369
0 0.598034 0.44686 0.185576 0.453325 0.0814655
5 0.404757 0.361282 0.0213898 0.0227869 0.0805221
0 0.545027 0.263201 0.280175 0.224594 0.0777775
0 0.56409 0.422003 0.25404 0.455454 0.0777503
5 0.339533 0.228688 0.0434288 0.0501279 0.0723911
5 0.338364 0.231512 0.0265574 0.0341049 0.0710958
5 0.338482 0.229785 0.0476972 0.0530491 0.0636838
0 0.56364 0.435881 0.25318 0.4698 0.0603035
5 0.404512 0.361065 0.021292 0.0233835 0.0584342
0 0.596502 0.431494 0.188772 0.441575 0.0565546
5 0.404572 0.360909 0.0217409 0.0228891 0.0530227
5 0.405701 0.361749 0.0232392 0.0279753 0.0529038
5 0.374195 0.389936 0.0364853 0.0432165 0.0527086
5 0.374142 0.387187 0.0456908 0.0481067 0.0519479
5 0.405149 0.361243 0.017805 0.021071 0.0508646
5 0.374507 0.389511 0.0400996 0.0475334 0.0499127
5 0.33699 0.230496 0.0400438 0.0444208 0.0488216
5 0.340409 0.226169 0.0524547 0.0589868 0.0487273
0 0.542166 0.249846 0.280561 0.19675 0.0475453
0 0.484717 0.407468 0.409325 0.524432 0.0455553
5 0.404778 0.360742 0.0212673 0.0229966 0.0452073
0 0.547478 0.293071 0.281463 0.294503 0.044307
5 0.405621 0.362097 0.0258264 0.0293681 0.0439603
5 0.374483 0.386459 0.0533028 0.0534285 0.0429122
5 0.404799 0.361108 0.0173555 0.0205446 0.0403828
5 0.374131 0.386125 0.0479035 0.0483264 0.0401532
5 0.371378 0.38752 0.0371773 0.0415091 0.0397107
0 0.54418 0.260164 0.277554 0.208429 0.0386698
0 0.558588 0.317579 0.262406 0.317826 0.0382498
0 0.598745 0.441856 0.182667 0.44567 0.0365095
1 0.402818 0.541753 0.273766 0.25477 0.0329535
0 0.575916 0.402632 0.227799 0.428747 0.0315285
1 0.423007 0.539604 0.3094 0.260753 0.0298583
5 0.792767 0.378639 0.0330949 0.0392477 0.0297552
5 0.405221 0.36299 0.0279015 0.0327329 0.0297104
1 0.433418 0.54569 0.336379 0.246693 0.0292597
5 0.404614 0.361404 0.0213067 0.0237144 0.029175
1 0.404111 0.546164 0.279745 0.244577 0.0286565
0 0.551564 0.288947 0.231988 0.124519 0.0283271
5 0.0354 0.96117 0.0708 0.0776591 0.0282179
0 0.578203 0.43911 0.222858 0.461709 0.0276905
0 0.477424 0.405375 0.43522 0.531863 0.0276553
5 0.340874 0.226289 0.053714 0.0599513 0.02719
5 0.342282 0.2254 0.0601734 0.0643071 0.0268836
5 0.313574 0.263558 0.0354804 0.0437288 0.0264062
5 0.335975 0.230342 0.0507777 0.0536557 0.0263687
5 0.792972 0.378692 0.0267285 0.0344483 0.0254921
5 0.314437 0.262746 0.0390142 0.0452882 0.025476
0 0.56623 0.291573 0.192256 0.114037 0.0249923
5 0.371211 0.386851 0.0425963 0.0467847 0.0238845
5 0.314716 0.264129 0.036499 0.0402213 0.023803
5 0.313783 0.263976 0.0328783 0.0398566 0.0229521
0 0.549727 0.279003 0.230018 0.129143 0.0226313
5 0.3393 0.23038 0.0381936 0.0455779 0.021896
5 0.792978 0.37856 0.0248955 0.031314 0.0215932
0 0.5387 0.242291 0.283752 0.191779 0.0203969
5 0.314062 0.264407 0.0315503 0.0377638 0.0199709
0 0.538203 0.259524 0.29409 0.227361 0.0199526
0 0.572426 0.353443 0.234445 0.334529 0.0197938
5 0.0359379 0.962315 0.0716185 0.07537 0.0196804
5 0.0349623 0.960047 0.0699246 0.0799065 0.0194058
0 0.543686 0.273639 0.25958 0.140417 0.019155
5 0.340601 0.226577 0.0566285 0.0600008 0.018935
0 0.361008 0.417921 0.194416 0.495961 0.0189339
5 0.791751 0.378028 0.036701 0.0414406 0.018666
1 0.454638 0.531472 0.36691 0.277542 0.0185516
0 0.382325 0.414646 0.233743 0.475182 0.0179421
5 0.404429 0.360864 0.0247541 0.0255557 0.0171067
1 0.382116 0.539942 0.2331 0.256711 0.0163403
1 0.463956 0.54394 0.390714 0.251063 0.0163183
5 0.792491 0.378842 0.0327815 0.0386942 0.0160343
5 0.335641 0.231425 0.0374837 0.0403058 0.0159755
5 0.404466 0.360849 0.0234475 0.0247387 0.0158131
0 0.563401 0.345737 0.255912 0.36074 0.0155226
5 0.0370089 0.96066 0.0740178 0.0786797 0.015208
0 0.564767 0.392833 0.252832 0.43616 0.014864
5 0.508643 0.229905 0.18394 0.151772 0.0148031
0 0.56605 0.324276 0.245532 0.286676 0.0145539
5 0.314062 0.264462 0.0323189 0.0380898 0.0139744
1 0.383016 0.424487 0.237858 0.474601 0.0136112
5 0.313554 0.264354 0.0337026 0.0405988 0.0135251
0 0.545534 0.286454 0.257013 0.132855 0.0133163
1 0.384792 0.545539 0.244945 0.244301 0.013031
0 0.538 0.270759 0.267208 0.146918 0.0128527
0 0.566106 0.301698 0.206028 0.130753 0.0126717
5 0.51874 0.235551 0.231252 0.162918 0.0123334
0 0.566741 0.285047 0.185107 0.112618 0.0122783
5 0.313758 0.264253 0.0315101 0.0406923 0.0122457
5 0.311314 0.389036 0.0182076 0.0251537 0.012218
0 0.338884 0.418669 0.153349 0.475169 0.0117326
5 0.338741 0.22774 0.0537679 0.0562386 0.0116794
0 0.558934 0.297925 0.256685 0.244458 0.0116406
0 0.55462 0.301114 0.233205 0.145228 0.011307
0 0.334984 0.255584 0.107758 0.113155 0.0112649
1 0.41839 0.523954 0.297784 0.298752 0.0111645
5 0.378058 0.390132 0.0552865 0.0600238 0.0110621
1 0.483626 0.523308 0.379504 0.290836 0.0108277
5 0.313666 0.264404 0.0329363 0.0434335 0.0107544
5 0.31073 0.388803 0.019854 0.0273574 0.010726
1 0.483508 0.502398 0.337931 0.335234 0.0106913
5 0.793053 0.379643 0.0294318 0.0354479 0.0106495
5 0.792357 0.378447 0.0326404 0.0373115 0.0105717
5 0.337029 0.232181 0.0344729 0.0403298 0.0105287
5 0.313662 0.264022 0.0376109 0.0459979 0.0104964
1 0.441651 0.510314 0.327954 0.323276 0.0103949
5 0.311342 0.389292 0.0148512 0.0210755 0.0102654
