3 0.396758 0.542871 0.593682 0.774947 0.757419
3 0.403124 0.540397 0.584317 0.783995 0.726489
3 0.404329 0.543234 0.58815 0.783544 0.709818
3 0.404327 0.546466 0.584509 0.802513 0.668105
3 0.40888 0.542073 0.577431 0.78322 0.660874
3 0.404636 0.541799 0.584546 0.794817 0.612737
3 0.410131 0.545066 0.56994 0.783843 0.352483
2 0.260618 0.457199 0.0399133 0.0537107 0.321235
2 0.260707 0.4574 0.0394301 0.0537049 0.320502
2 0.261444 0.457703 0.0404615 0.0538202 0.299199
2 0.26181 0.457258 0.0406894 0.053838 0.275037
2 0.260947 0.457763 0.0412959 0.0559755 0.241474
2 0.260808 0.457434 0.0386499 0.0537158 0.23668
2 0.26088 0.457283 0.0400383 0.0533684 0.207754
2 0.261241 0.458097 0.041673 0.0563656 0.190978
3 0.401407 0.5437 0.590061 0.783344 0.162807
2 0.26013 0.456844 0.0383313 0.0534178 0.146899
3 0.405015 0.540297 0.578262 0.795352 0.139731
2 0.262306 0.457684 0.0448337 0.0586743 0.112282
2 0.398305 0.309477 0.0394804 0.0446212 0.0962631
2 0.390414 0.312268 0.0602028 0.056794 0.0867366
2 0.260989 0.457369 0.0408344 0.0556426 0.0814847
2 0.403742 0.309115 0.0287014 0.0412714 0.075427
2 0.389541 0.312078 0.061835 0.0573366 0.0638863
3 0.404556 0.548763 0.580225 0.778212 0.0614433
2 0.262598 0.459076 0.0439619 0.0588329 0.0565988
5 0.390329 0.311089 0.0571133 0.0511918 0.055409
2 0.404218 0.307465 0.0248497 0.037314 0.0535846
5 0.403662 0.307099 0.0292155 0.0380969 0.0495181
5 0.398352 0.309352 0.0441538 0.0459786 0.0493081
5 0.391254 0.311759 0.0584397 0.0544202 0.0473081
5 0.404382 0.309155 0.0296064 0.0432213 0.047148
2 0.405136 0.307481 0.0226328 0.0368418 0.0457608
5 0.403895 0.307083 0.0272116 0.0379498 0.0431521
2 0.405021 0.308015 0.0253323 0.0386176 0.04066
3 0.430305 0.538547 0.514648 0.775358 0.0346206
3 0.404616 0.549291 0.565706 0.795884 0.0340467
1 0.754719 0.548898 0.162841 0.704529 0.0326053
1 0.755976 0.562187 0.16543 0.715261 0.0322495
2 0.262642 0.458183 0.0442208 0.0596257 0.0283637
2 0.389616 0.311973 0.0639 0.0603231 0.0275882
5 0.404579 0.307887 0.0291894 0.0413037 0.0258574
1 0.771556 0.564398 0.189266 0.714859 0.0212802
2 0.389331 0.312682 0.062514 0.0583999 0.0207224
2 0.260168 0.456969 0.0371596 0.052801 0.0197896
1 0.769502 0.549232 0.184881 0.704278 0.0187833
5 0.389752 0.31078 0.0660159 0.0617614 0.0148792
5 0.405081 0.306319 0.0330802 0.0396032 0.0147545
2 0.262686 0.461181 0.0494061 0.065097 0.0146502
5 0.401657 0.309288 0.0419686 0.0502832 0.0143212
3 0.414143 0.542722 0.547313 0.766675 0.0142125
2 0.261339 0.456569 0.0462822 0.0594095 0.0136721
5 0.391341 0.311537 0.063139 0.0619228 0.0128867
1 0.731508 0.56077 0.125822 0.703191 0.0117777
1 0.73163 0.551015 0.128282 0.686675 0.0109177
