4 0.558039 0.499543 0.478083 0.482592 0.871015
4 0.557219 0.500759 0.467215 0.482312 0.864846
4 0.554906 0.499547 0.469476 0.482811 0.86313
4 0.556363 0.497878 0.479942 0.482901 0.851302
4 0.559967 0.49938 0.473702 0.481157 0.805648
4 0.557597 0.497616 0.468823 0.476697 0.754403
4 0.56234 0.499247 0.483037 0.479435 0.743559
4 0.554234 0.498557 0.47044 0.479764 0.669768
4 0.560889 0.500031 0.482626 0.48204 0.262897
4 0.559285 0.499933 0.470414 0.475268 0.152677
4 0.562135 0.499421 0.482119 0.479544 0.131501
4 0.559385 0.497704 0.465237 0.475448 0.104999
2 0.39192 0.469775 0.0490987 0.0644716 0.0152282
2 0.391657 0.472869 0.0446878 0.0548778 0.0131314
