2 0.569922 0.16941 0.105735 0.16104 0.929308
2 0.570016 0.168315 0.102296 0.160843 0.875354
2 0.59705 0.320347 0.0803104 0.0983818 0.831239
2 0.569431 0.169049 0.106195 0.171548 0.827597
2 0.598021 0.319238 0.0766529 0.0968341 0.816792
2 0.623292 0.564332 0.0955578 0.109223 0.815276
2 0.597338 0.317182 0.0812917 0.102324 0.79217
2 0.624096 0.566968 0.0957752 0.110101 0.785522
2 0.460633 0.0967551 0.0781804 0.0843983 0.766879
2 0.571605 0.170754 0.107243 0.160746 0.719542
2 0.458827 0.0963773 0.0817672 0.0885916 0.712492
2 0.739046 0.31498 0.0618151 0.0756824 0.701159
2 0.570064 0.169077 0.108889 0.16573 0.659759
2 0.574184 0.413778 0.050346 0.0733659 0.645332
2 0.738786 0.314551 0.0626391 0.0753453 0.640527
2 0.573626 0.413896 0.048295 0.0718235 0.639042
2 0.573819 0.414417 0.0489164 0.0708936 0.630415
2 0.595373 0.320341 0.0819434 0.101426 0.621406
2 0.459873 0.0970759 0.0788585 0.0864555 0.61722
2 0.596043 0.320299 0.0778251 0.0984553 0.610634
2 0.569483 0.170527 0.109405 0.169704 0.601133
2 0.512914 0.458037 0.107816 0.0869675 0.591415
2 0.57212 0.167928 0.103306 0.16057 0.584459
2 0.458707 0.0968083 0.0807875 0.0895565 0.561586
2 0.739176 0.314898 0.0624791 0.0743581 0.543453
2 0.620667 0.5659 0.096512 0.107532 0.53028
2 0.573521 0.414698 0.0510988 0.0718531 0.525856
2 0.57052 0.169192 0.105586 0.165505 0.523995
2 0.512415 0.45851 0.111026 0.0911299 0.501142
2 0.738856 0.314015 0.0612321 0.0733868 0.495947
2 0.597198 0.31963 0.0848789 0.106529 0.479789
2 0.738931 0.314918 0.0642385 0.0782995 0.477125
2 0.569596 0.167787 0.109432 0.17242 0.474442
2 0.570151 0.167594 0.0966211 0.164952 0.459862
2 0.513309 0.457227 0.108864 0.0910156 0.457185
2 0.738231 0.315607 0.0612998 0.0739309 0.457048
2 0.546329 0.529672 0.0508727 0.0540705 0.448862
2 0.54638 0.529112 0.0510761 0.0549532 0.443281
2 0.62363 0.565477 0.0958082 0.111098 0.443129
2 0.545591 0.528493 0.0544213 0.0556427 0.441484
2 0.62346 0.566099 0.0965826 0.113325 0.435377
2 0.739059 0.314714 0.0632631 0.0775267 0.43187
2 0.623466 0.564803 0.0972685 0.112418 0.413944
2 0.459761 0.0970255 0.0752559 0.0849235 0.403593
2 0.459479 0.0966002 0.0794631 0.088694 0.393258
2 0.545498 0.529447 0.0530861 0.0552001 0.386199
2 0.567698 0.176752 0.106434 0.155497 0.3771
2 0.597572 0.317141 0.0839571 0.107014 0.37577
2 0.460064 0.0962533 0.0820378 0.0958808 0.360238
2 0.511824 0.457728 0.111409 0.095061 0.356721
2 0.507849 0.460481 0.101296 0.0823957 0.355966
2 0.501711 0.460393 0.0807863 0.0807722 0.352431
2 0.62291 0.565299 0.0991737 0.115486 0.347461
2 0.574489 0.412519 0.0481248 0.0741031 0.342673
2 0.508166 0.459933 0.099263 0.0820694 0.337314
2 0.50099 0.460046 0.0795615 0.0799954 0.326
2 0.737394 0.314013 0.0607187 0.0752685 0.31508
2 0.572999 0.413591 0.0454793 0.0705883 0.292996
2 0.511407 0.459473 0.111864 0.0849303 0.274018
2 0.545408 0.528117 0.0533012 0.054945 0.273035
2 0.619017 0.569417 0.089077 0.0970602 0.263726
2 0.5675 0.179434 0.107315 0.154126 0.253313
2 0.621794 0.566286 0.0902616 0.107088 0.249301
2 0.619887 0.569026 0.0957864 0.103355 0.247017
2 0.739267 0.314004 0.0642803 0.0764791 0.240685
2 0.511744 0.0369825 0.0725732 0.0676497 0.233031
2 0.546512 0.528921 0.0524316 0.0564193 0.230546
2 0.596877 0.318335 0.0860124 0.109898 0.224035
2 0.511373 0.0370362 0.0719006 0.0685169 0.220378
2 0.49516 0.460976 0.0698891 0.0786952 0.215251
2 0.735488 0.316026 0.0563531 0.0717135 0.208515
2 0.584163 0.0485532 0.0992444 0.0779596 0.208168
2 0.457515 0.0982789 0.075588 0.0813047 0.195168
2 0.511061 0.0354873 0.0744761 0.0662976 0.191574
2 0.568812 0.166139 0.0983975 0.163391 0.18925
2 0.511008 0.459371 0.110968 0.0839926 0.188898
2 0.619401 0.5674 0.0878422 0.0993203 0.188759
2 0.51555 0.458623 0.114071 0.0853397 0.176808
2 0.597514 0.320536 0.0876728 0.109061 0.175133
2 0.574584 0.413907 0.0540481 0.0768012 0.174033
2 0.573574 0.414676 0.0538412 0.0728727 0.170784
2 0.546894 0.530095 0.0548637 0.0588925 0.170281
2 0.573382 0.413816 0.0505902 0.0703298 0.165533
2 0.496305 0.460815 0.069923 0.0798132 0.16213
2 0.622813 0.568772 0.0992189 0.112163 0.158484
2 0.458541 0.0971873 0.075502 0.0802311 0.158054
2 0.458011 0.0978016 0.0745386 0.0885324 0.154398
2 0.514627 0.455772 0.109487 0.0907188 0.150637
2 0.511676 0.0382858 0.0704084 0.069004 0.150119
2 0.460056 0.0957541 0.0837097 0.0901778 0.146043
2 0.511915 0.0382773 0.0717595 0.068833 0.141827
2 0.572627 0.414201 0.0425447 0.0677716 0.138924
2 0.546765 0.530237 0.0536939 0.0558862 0.136369
2 0.622861 0.566385 0.10171 0.111859 0.135444
2 0.586034 0.0486469 0.100145 0.0767175 0.131835
2 0.511015 0.0354666 0.076007 0.0672458 0.130805
2 0.571982 0.168252 0.100097 0.167487 0.127074
2 0.45988 0.0974396 0.0873124 0.0980399 0.122134
2 0.54704 0.530466 0.0502902 0.0513685 0.120833
2 0.574667 0.41486 0.0555924 0.0762823 0.119798
2 0.739216 0.313273 0.0611938 0.0725873 0.119171
2 0.596369 0.320311 0.0826635 0.104123 0.114892
2 0.62379 0.564851 0.0939445 0.109881 0.109944
2 0.595809 0.321228 0.0792621 0.102496 0.108679
2 0.506586 0.458466 0.107185 0.0962103 0.107278
2 0.621933 0.565794 0.0962781 0.111686 0.10545
2 0.546106 0.530213 0.0518969 0.0522268 0.103667
2 0.516189 0.455925 0.112366 0.0916886 0.0957548
2 0.569376 0.176875 0.107568 0.156603 0.0889632
2 0.582508 0.0485519 0.0910152 0.0756126 0.0829167
2 0.584221 0.0477061 0.100589 0.0801871 0.0812915
2 0.594862 0.31729 0.087727 0.113588 0.0795511
2 0.587474 0.0483666 0.107643 0.0885321 0.0793128
2 0.459823 0.0958384 0.0868889 0.100709 0.0777245
2 0.596819 0.319492 0.0728455 0.0940765 0.0762729
2 0.572369 0.413598 0.0438967 0.0672081 0.0755861
2 0.597614 0.320725 0.0689306 0.0941805 0.074363
2 0.460946 0.0957965 0.0825938 0.0890853 0.0743455
2 0.509644 0.0363825 0.0706062 0.0662906 0.0682634
2 0.564359 0.171321 0.108565 0.165901 0.06726
2 0.512039 0.0365249 0.0755164 0.0695499 0.0670166
2 0.586736 0.047867 0.101901 0.0797267 0.0666717
2 0.598393 0.321904 0.0715105 0.0947293 0.0637054
2 0.496636 0.461107 0.0691982 0.0763642 0.0625756
2 0.507723 0.459019 0.0993427 0.0839758 0.0623204
2 0.589426 0.0484153 0.102274 0.088289 0.0577238
2 0.561518 0.171908 0.103853 0.171598 0.056813
2 0.739259 0.314585 0.0627939 0.0780486 0.0561051
2 0.506843 0.457861 0.107596 0.0991874 0.0559052
2 0.516018 0.456775 0.113018 0.084321 0.054473
2 0.458139 0.0976478 0.0776388 0.0911578 0.0537849
2 0.507632 0.460751 0.0937715 0.0774335 0.0528648
2 0.584034 0.0492909 0.0952056 0.0752766 0.0528071
2 0.509608 0.458387 0.113793 0.0934511 0.0514768
2 0.49906 0.459795 0.0748472 0.0839444 0.0492251
2 0.519147 0.45855 0.108741 0.0837976 0.0490138
2 0.512603 0.457963 0.112179 0.0913684 0.0477826
2 0.512637 0.457946 0.110594 0.0844132 0.0462645
2 0.571862 0.41494 0.0397928 0.0635611 0.0457541
2 0.739047 0.312226 0.0611048 0.0717364 0.0455654
2 0.460075 0.0971375 0.0824971 0.0896723 0.0438655
2 0.491165 0.462192 0.0641646 0.0750566 0.0438549
2 0.56635 0.167805 0.100622 0.163182 0.0437528
2 0.544497 0.527734 0.0531646 0.0549346 0.0407013
2 0.509063 0.0348258 0.072135 0.0657551 0.0406211
2 0.461545 0.0989913 0.0896469 0.104922 0.0404329
2 0.454779 0.0997994 0.0702906 0.0814251 0.0404251
2 0.599608 0.320769 0.0903488 0.108158 0.0404078
2 0.618037 0.573359 0.0849806 0.0904812 0.0398356
2 0.460105 0.0946238 0.0771319 0.0880934 0.0394439
2 0.585944 0.0496097 0.0940885 0.0743867 0.0391375
2 0.621261 0.569164 0.100217 0.112382 0.0380902
2 0.458573 0.0962276 0.0899357 0.101324 0.0373139
2 0.569301 0.161246 0.0950234 0.157232 0.0355334
2 0.571961 0.168603 0.119483 0.170657 0.0355119
2 0.515289 0.459163 0.113973 0.0842429 0.0353321
2 0.739833 0.318527 0.0778204 0.0972636 0.0344053
2 0.596328 0.318402 0.0890094 0.111805 0.0343502
2 0.511399 0.0401065 0.0706197 0.0675101 0.0332214
2 0.575191 0.412523 0.051863 0.0775011 0.0330914
2 0.546907 0.530164 0.0591029 0.062974 0.0324347
2 0.562856 0.198872 0.0961159 0.101144 0.0316276
2 0.463092 0.0957283 0.0932533 0.108439 0.0295803
2 0.51233 0.0385937 0.0734695 0.070094 0.0291437
2 0.560496 0.0482115 0.162155 0.0954494 0.0290006
2 0.732333 0.317457 0.0488412 0.0683079 0.028952
2 0.571406 0.16984 0.115518 0.173003 0.0287586
2 0.596222 0.320772 0.0739472 0.0928471 0.0285574
2 0.559554 0.200004 0.0835796 0.0990663 0.0283379
2 0.51259 0.0349496 0.0790785 0.0684594 0.0280766
2 0.588597 0.0494494 0.0915769 0.0752321 0.0279581
2 0.616496 0.572139 0.0803879 0.0886788 0.0271575
2 0.490918 0.46178 0.0645145 0.0779475 0.0268031
2 0.582004 0.0494474 0.0900453 0.0743118 0.0254888
2 0.590088 0.0493523 0.104912 0.0912106 0.0244361
2 0.509751 0.034087 0.0788263 0.0665959 0.024289
2 0.740161 0.312037 0.0645501 0.0737252 0.0239782
2 0.518933 0.456847 0.106703 0.0824655 0.0239333
2 0.544871 0.528966 0.0530924 0.0529562 0.0236285
2 0.509688 0.0379333 0.0690657 0.0670349 0.0230016
2 0.624927 0.569407 0.104508 0.113481 0.0229256
2 0.511556 0.0398264 0.0706474 0.0691089 0.0222636
2 0.587298 0.0493527 0.11139 0.0912894 0.0217223
2 0.734415 0.316551 0.0550256 0.0708403 0.0215619
2 0.614482 0.576129 0.0761052 0.082434 0.0205037
2 0.574462 0.415212 0.0603853 0.0790761 0.0189503
2 0.546529 0.527903 0.0559801 0.0575136 0.0188474
2 0.514442 0.459966 0.118803 0.0896471 0.0182328
2 0.617222 0.563595 0.110917 0.118335 0.0182237
2 0.58315 0.0472536 0.116912 0.0901623 0.0181574
2 0.596415 0.321797 0.0933143 0.11187 0.017834
2 0.559909 0.182905 0.100209 0.146601 0.0177709
2 0.551062 0.0490402 0.186612 0.0980803 0.017731
2 0.558011 0.201639 0.0788177 0.098081 0.0175646
2 0.512215 0.461132 0.107373 0.0791586 0.0169099
2 0.456777 0.101921 0.0708797 0.0818954 0.0168883
2 0.741757 0.314918 0.0716462 0.0821843 0.0161993
2 0.511191 0.0344159 0.0811053 0.0685835 0.0160262
2 0.597659 0.3208 0.0825562 0.100348 0.0159024
2 0.624865 0.563483 0.090368 0.103467 0.0156841
2 0.739368 0.314882 0.0795718 0.0900191 0.0152131
2 0.62521 0.564167 0.100061 0.112133 0.0151607
2 0.564296 0.160719 0.0972421 0.160672 0.0141615
2 0.731713 0.318116 0.0510892 0.0678305 0.0138954
2 0.622252 0.565053 0.0860166 0.102356 0.0138909
2 0.610764 0.562595 0.113742 0.121656 0.013494
2 0.573006 0.414783 0.0423379 0.0655959 0.0126827
2 0.547123 0.532051 0.0540057 0.0535515 0.012651
2 0.588834 0.0482301 0.093699 0.0769607 0.0126309
2 0.543794 0.526691 0.0507011 0.052476 0.012547
2 0.615234 0.564289 0.103519 0.115455 0.0116058
2 0.598232 0.322449 0.0777603 0.0977607 0.0115585
2 0.459697 0.0996562 0.0928923 0.106858 0.0115196
2 0.589599 0.0503467 0.0851306 0.0731664 0.0113924
2 0.573107 0.169369 0.115041 0.168537 0.0110672
2 0.488802 0.463608 0.0616297 0.0750209 0.0107165
2 0.555664 0.0480346 0.183492 0.0960693 0.0104763
2 0.581921 0.0471734 0.0913809 0.0760834 0.010447
2 0.620769 0.569472 0.0945202 0.107008 0.0104139
2 0.494047 0.459478 0.0650155 0.0830977 0.0101131
2 0.556384 0.0465761 0.172854 0.092479 0.0100762
2 0.545067 0.526986 0.0518219 0.0537649 0.0100564
