4 0.382161 0.536175 0.454897 0.610226 0.737161
4 0.383788 0.534512 0.459376 0.614302 0.679347
4 0.383419 0.537241 0.464034 0.611832 0.679305
4 0.383594 0.53643 0.464776 0.614776 0.665172
4 0.383111 0.532746 0.461228 0.612455 0.613466
4 0.383876 0.533573 0.463403 0.616289 0.608695
4 0.382803 0.538892 0.463966 0.61414 0.576177
4 0.382657 0.534505 0.462348 0.616427 0.550506
4 0.382005 0.533045 0.465144 0.616296 0.445844
4 0.378937 0.529829 0.446243 0.610379 0.437965
4 0.297412 0.503062 0.289066 0.475352 0.0425593
2 0.260485 0.37657 0.0268815 0.0303748 0.0310496
2 0.261275 0.376934 0.0293103 0.0315341 0.0292622
2 0.270045 0.540354 0.0408326 0.0496848 0.0272009
2 0.269605 0.53986 0.0390753 0.0490138 0.0250945
2 0.261036 0.37721 0.0289367 0.0316541 0.0230443
4 0.363932 0.499694 0.320731 0.420621 0.0199454
4 0.278345 0.499092 0.249298 0.499245 0.0190962
4 0.298604 0.523526 0.290642 0.457376 0.0181826
2 0.371846 0.242792 0.0220297 0.0249839 0.0174541
2 0.490004 0.403671 0.0203821 0.0256253 0.0171478
2 0.270273 0.541034 0.0405327 0.0491088 0.0170175
2 0.259826 0.37662 0.0259888 0.0307693 0.0169991
2 0.371966 0.243345 0.024244 0.0271919 0.0154021
2 0.269932 0.538228 0.0410866 0.0518836 0.0151818
4 0.294711 0.488446 0.280513 0.490578 0.0149947
2 0.269205 0.540486 0.0398209 0.0494977 0.0149062
2 0.490436 0.403658 0.0190928 0.0249608 0.01486
2 0.260123 0.375451 0.0281689 0.0322419 0.0144649
2 0.261092 0.376172 0.028964 0.0308475 0.0135599
4 0.363944 0.519644 0.321879 0.394493 0.0135254
2 0.322048 0.272635 0.0184665 0.0201314 0.0132266
2 0.269005 0.53902 0.0385462 0.0481006 0.013078
2 0.403592 0.313552 0.0194376 0.022832 0.0127214
4 0.382125 0.541688 0.46575 0.612253 0.0123739
2 0.49 0.403837 0.0232684 0.0275164 0.0123139
2 0.483325 0.48608 0.0697799 0.117128 0.012277
2 0.270157 0.538143 0.0439647 0.0535943 0.0120707
2 0.321745 0.272242 0.0179841 0.0201412 0.0120158
2 0.337085 0.312925 0.0308004 0.0371038 0.0120032
2 0.49003 0.403776 0.0214726 0.0263352 0.0119442
2 0.321671 0.272013 0.0174969 0.0186011 0.0119052
2 0.304062 0.320079 0.0124242 0.0146563 0.0114992
2 0.221845 0.427536 0.0162379 0.0241216 0.0113396
2 0.40358 0.314232 0.0218116 0.0251221 0.011143
2 0.260433 0.376254 0.0276882 0.0298836 0.011048
2 0.336361 0.311647 0.0364314 0.0400408 0.011011
2 0.261373 0.376704 0.0341136 0.0344689 0.0107956
2 0.336741 0.312285 0.0332322 0.0373309 0.0102137
4 0.330494 0.503627 0.348784 0.454407 0.0101865
2 0.269991 0.540321 0.0453783 0.0557022 0.0101222
2 0.220912 0.427997 0.0153986 0.0230787 0.0100413
