3 0.477597 0.487845 0.443469 0.576317 0.880768
3 0.480889 0.482865 0.431614 0.562451 0.880753
3 0.476193 0.484668 0.437433 0.572501 0.872167
3 0.471916 0.483723 0.45066 0.581857 0.85497
3 0.478478 0.483424 0.425179 0.558877 0.852464
3 0.472593 0.488066 0.456998 0.584147 0.841231
3 0.476888 0.482167 0.43108 0.570775 0.728171
3 0.47927 0.479712 0.424447 0.564255 0.689801
3 0.481076 0.481002 0.421152 0.567635 0.670347
3 0.476819 0.480517 0.439785 0.576715 0.495091
5 0.309033 0.714581 0.050174 0.0394986 0.112438
5 0.309399 0.714674 0.0510211 0.0413677 0.100093
5 0.308238 0.714936 0.0528165 0.0468668 0.0690377
5 0.309444 0.713883 0.0518854 0.0370522 0.0675326
5 0.307453 0.714205 0.0528017 0.0426418 0.0674049
5 0.309196 0.714172 0.0531584 0.0388274 0.0672625
5 0.309109 0.716382 0.0517953 0.0418762 0.0581378
5 0.309229 0.715405 0.0503512 0.0424858 0.0552847
1 0.489952 0.162774 0.338898 0.088537 0.050939
5 0.309073 0.714015 0.0532606 0.045936 0.0476316
1 0.479447 0.164355 0.33701 0.087329 0.0461068
1 0.246866 0.505905 0.0594623 0.374073 0.04593
3 0.46913 0.492316 0.463707 0.583571 0.0419732
1 0.481426 0.164035 0.358607 0.0777942 0.0403838
1 0.246527 0.494453 0.059852 0.377039 0.039523
1 0.495941 0.754879 0.307286 0.0853091 0.0368714
5 0.309472 0.715786 0.0544139 0.0416428 0.0337134
5 0.307081 0.713389 0.0484006 0.0358935 0.0329797
1 0.499894 0.16154 0.333864 0.0891839 0.0326719
2 0.61041 0.50336 0.13509 0.129271 0.0324426
3 0.481774 0.479404 0.416713 0.571069 0.0320624
1 0.477956 0.165125 0.356643 0.0782322 0.0312803
1 0.251835 0.505515 0.0616394 0.372596 0.0302064
1 0.502963 0.753963 0.305669 0.0888896 0.0292095
1 0.247168 0.515847 0.0594199 0.366995 0.0287299
1 0.248735 0.479821 0.0737269 0.531966 0.027347
5 0.305674 0.713377 0.0488302 0.0394661 0.0267004
5 0.307769 0.713837 0.0478874 0.0348087 0.0255314
1 0.251724 0.516522 0.0614571 0.366591 0.024785
1 0.469542 0.165645 0.328541 0.0867018 0.0242019
2 0.52111 0.497608 0.0169314 0.021232 0.0238846
1 0.252124 0.493806 0.0613134 0.376588 0.0226422
1 0.484552 0.755471 0.311112 0.0816904 0.0222214
5 0.309862 0.716622 0.0509709 0.0432997 0.0222207
1 0.246459 0.481521 0.059952 0.377213 0.0214016
1 0.485834 0.160057 0.364545 0.0852235 0.0210047
1 0.487522 0.164668 0.358252 0.0764013 0.0202322
2 0.609083 0.504236 0.139488 0.132289 0.0199376
1 0.249692 0.477796 0.0745497 0.533595 0.0196874
2 0.520835 0.497133 0.0186184 0.0229245 0.017158
2 0.521204 0.496971 0.0173697 0.0217588 0.0171475
5 0.3087 0.713953 0.0600829 0.0548953 0.0164981
1 0.510816 0.161254 0.325242 0.0888474 0.016403
2 0.630623 0.460247 0.0233488 0.0310293 0.0153413
2 0.521183 0.497316 0.0160337 0.0192323 0.0148885
2 0.632726 0.46111 0.0243059 0.0279872 0.0134768
1 0.246922 0.485077 0.0770628 0.54088 0.0132425
5 0.306742 0.71329 0.0550705 0.0491205 0.0128965
5 0.310345 0.715632 0.0481392 0.0396672 0.0128591
1 0.252364 0.481009 0.0599571 0.3774 0.0125674
1 0.489628 0.161192 0.317595 0.0820651 0.0120886
2 0.520972 0.498806 0.0179949 0.0231416 0.011926
2 0.63231 0.459236 0.0244432 0.0313165 0.0117898
1 0.479237 0.161061 0.36934 0.0868809 0.0117117
1 0.251907 0.527049 0.0613954 0.360183 0.0114423
2 0.635306 0.456934 0.028309 0.0355959 0.0112572
2 0.638708 0.455054 0.0234329 0.0329461 0.0111415
2 0.461814 0.453498 0.0189769 0.0209646 0.0110848
2 0.630105 0.46181 0.0180688 0.0253424 0.0109952
1 0.510238 0.753028 0.29833 0.0919473 0.0108973
3 0.329505 0.477596 0.16565 0.530911 0.0107975
3 0.332159 0.477736 0.168632 0.530348 0.0103551
5 0.691059 0.645787 0.0325181 0.0378408 0.0103054
