0 0.563991 0.469968 0.679674 0.939389 0.848117
0 0.563407 0.466227 0.671014 0.91123 0.795265
0 0.572002 0.471013 0.682959 0.936046 0.746634
0 0.572881 0.471443 0.680236 0.912994 0.720664
0 0.561977 0.485262 0.664235 0.884493 0.649593
0 0.572566 0.48575 0.67395 0.89073 0.626947
0 0.564489 0.468986 0.674832 0.937972 0.578839
0 0.571356 0.468111 0.680888 0.936137 0.51017
0 0.561832 0.470112 0.660968 0.893103 0.284295
0 0.564754 0.468121 0.676402 0.933739 0.223759
5 0.298818 0.624838 0.0915358 0.156272 0.0616888
0 0.57463 0.484659 0.680499 0.913557 0.054098
5 0.29507 0.623257 0.0996847 0.15893 0.0505002
5 0.564693 0.550461 0.0586042 0.0681146 0.0446916
5 0.565023 0.549995 0.0551143 0.0656778 0.0407112
5 0.565554 0.550452 0.0569862 0.0644025 0.0385137
5 0.402912 0.881694 0.0421576 0.0420333 0.0307841
5 0.565631 0.550453 0.0591945 0.065177 0.0306094
5 0.293428 0.62018 0.102077 0.158413 0.0299833
5 0.294916 0.627221 0.10271 0.1625 0.0286793
5 0.402669 0.881706 0.04525 0.0454411 0.0284392
5 0.299221 0.628599 0.0935195 0.16025 0.0284151
5 0.402592 0.881801 0.0465935 0.044851 0.02652
0 0.568587 0.481911 0.694617 0.95076 0.0258271
5 0.297945 0.622238 0.0927041 0.158392 0.0253478
5 0.40284 0.882363 0.042774 0.0412658 0.0250605
5 0.564345 0.550778 0.0638334 0.0700258 0.020904
5 0.403158 0.882463 0.0415384 0.0404215 0.0204976
5 0.402879 0.881944 0.0373967 0.0367628 0.0192086
5 0.40281 0.881351 0.0474533 0.0461301 0.0184963
5 0.56526 0.550305 0.0533883 0.0617553 0.016845
5 0.565991 0.549905 0.0594239 0.0697186 0.0163511
5 0.403023 0.882218 0.0392208 0.0382024 0.0155673
5 0.565695 0.550313 0.065772 0.074614 0.0152217
5 0.402969 0.881134 0.0472367 0.0453756 0.0128494
5 0.564102 0.550298 0.0511687 0.0594009 0.0128437
0 0.559666 0.51478 0.379308 0.433548 0.0121983
3 0.547061 0.720146 0.48434 0.396896 0.0119701
3 0.549441 0.700112 0.451284 0.417649 0.0117935
0 0.286284 0.488362 0.121368 0.683 0.0111148
0 0.560254 0.528287 0.367422 0.422909 0.0109711
3 0.548757 0.721946 0.466424 0.388079 0.0102926
3 0.546701 0.515331 0.392229 0.43089 0.0102579
5 0.289482 0.62352 0.115377 0.17213 0.0100227
