1 0.595217 0.417095 0.62941 0.764098 0.871814
1 0.595942 0.419129 0.626524 0.772899 0.859427
1 0.596951 0.419066 0.62975 0.775073 0.840938
1 0.595361 0.419105 0.621219 0.764078 0.831581
1 0.595554 0.421806 0.637028 0.753783 0.828942
1 0.589895 0.418096 0.637424 0.761568 0.790853
1 0.593708 0.421809 0.634308 0.751725 0.781572
1 0.597428 0.422884 0.632062 0.777369 0.75122
1 0.596931 0.423535 0.627571 0.773543 0.728518
1 0.595421 0.425664 0.620966 0.746955 0.692086
5 0.500536 0.38861 0.0340749 0.035738 0.179471
5 0.50133 0.388213 0.0325492 0.0349516 0.133502
5 0.501437 0.387826 0.0250796 0.0312361 0.0893113
5 0.499602 0.387819 0.0346928 0.0373915 0.0869699
5 0.495259 0.381928 0.0512334 0.0583457 0.0858589
5 0.502426 0.387133 0.0287624 0.0337263 0.0818145
5 0.654254 0.708953 0.0551794 0.0659467 0.0742208
5 0.655644 0.709483 0.0520771 0.0642067 0.0729797
5 0.500544 0.38831 0.0306037 0.0341478 0.0666272
5 0.501055 0.38742 0.0265384 0.0311102 0.0662347
5 0.50151 0.387655 0.0230364 0.0281922 0.0630887
5 0.50209 0.387088 0.0324261 0.036439 0.062065
5 0.50261 0.387593 0.0272112 0.0328107 0.0607836
5 0.502015 0.387305 0.030897 0.034768 0.0605128
5 0.502877 0.387008 0.0397311 0.0404212 0.0566155
1 0.596691 0.427836 0.615949 0.781319 0.0563144
5 0.475734 0.360529 0.0281406 0.0288271 0.0562993
5 0.653742 0.708322 0.0534152 0.0615431 0.0547105
5 0.475892 0.360528 0.0282924 0.0292923 0.0544184
5 0.503437 0.38707 0.0361984 0.0404329 0.0508641
5 0.501207 0.387318 0.0242145 0.0290795 0.0500398
5 0.475324 0.360887 0.0215841 0.0258735 0.0482464
5 0.656603 0.710625 0.0534991 0.0650527 0.0481438
5 0.493993 0.374957 0.0629176 0.0748626 0.0480513
5 0.653777 0.708343 0.0627648 0.0707976 0.0451269
5 0.654045 0.709195 0.0467208 0.0550519 0.0444238
5 0.498151 0.380748 0.0606697 0.0580998 0.0439729
5 0.474896 0.360623 0.0205564 0.0244411 0.0391987
5 0.653543 0.707682 0.0527324 0.0585484 0.0390031
5 0.47457 0.360749 0.0297635 0.0309503 0.0355893
5 0.47695 0.35988 0.0339829 0.0335514 0.0352828
5 0.475002 0.359953 0.0211322 0.0253463 0.0342208
5 0.477077 0.360511 0.0307597 0.0320407 0.0330962
5 0.475244 0.360178 0.022206 0.0259632 0.0322839
5 0.476215 0.358863 0.0299273 0.0310473 0.0302047
5 0.476134 0.359117 0.0288309 0.0310484 0.0274328
5 0.47432 0.361326 0.0282202 0.0298709 0.0265656
5 0.653518 0.709074 0.0449909 0.0513508 0.0232879
5 0.654995 0.709198 0.0436452 0.0513609 0.0220891
5 0.658136 0.710765 0.066247 0.0775119 0.0219431
5 0.783136 0.267431 0.0291963 0.031947 0.0217031
5 0.475221 0.361202 0.0270648 0.0308261 0.0212381
5 0.78246 0.267087 0.0288282 0.0313287 0.0190093
5 0.78263 0.267617 0.0283643 0.0302918 0.018901
5 0.498609 0.388688 0.0368566 0.0379501 0.0184969
5 0.657641 0.710079 0.0690137 0.0786733 0.0179421
5 0.783221 0.267932 0.0289469 0.0308522 0.0175879
5 0.783337 0.267776 0.0220514 0.0260831 0.0173705
5 0.655298 0.709843 0.0435606 0.050289 0.0172576
5 0.783275 0.26784 0.0226193 0.0259287 0.016655
5 0.784041 0.268055 0.0277939 0.0327262 0.0162627
5 0.783807 0.268348 0.0277207 0.0319356 0.0161019
5 0.491164 0.374954 0.0687947 0.077482 0.0151664
5 0.49392 0.372944 0.0777094 0.082635 0.0149945
5 0.486855 0.363728 0.056421 0.0477374 0.0148897
5 0.651272 0.709216 0.044585 0.0510539 0.0145626
5 0.782867 0.267603 0.0271815 0.0301706 0.0145212
5 0.504287 0.390306 0.0370734 0.0457663 0.0141999
5 0.488602 0.366911 0.0638682 0.0604321 0.0140524
0 0.496353 0.374142 0.115718 0.0942695 0.0129795
5 0.654031 0.708088 0.0641142 0.0717912 0.0114456
5 0.474254 0.360089 0.0367017 0.0346655 0.010956
5 0.78336 0.267298 0.0259783 0.0297723 0.0107962
5 0.650797 0.706683 0.0526577 0.0574186 0.0104568
