3 0.449333 0.539583 0.315828 0.350451 0.463691
3 0.454686 0.544128 0.318971 0.365745 0.440508
3 0.450934 0.531211 0.317814 0.352473 0.385827
3 0.455597 0.532029 0.317038 0.357503 0.367816
3 0.456034 0.525011 0.316227 0.356882 0.299419
0 0.45092 0.551246 0.458585 0.707152 0.291245
0 0.453934 0.554729 0.45544 0.711226 0.281141
0 0.456055 0.553684 0.441725 0.702131 0.246115
3 0.464309 0.532796 0.313632 0.356294 0.244254
0 0.447724 0.552396 0.480839 0.707957 0.187928
0 0.451935 0.556461 0.473781 0.710901 0.176197
0 0.454687 0.55375 0.454059 0.697833 0.175977
3 0.463874 0.55368 0.436072 0.701393 0.16708
3 0.452036 0.52465 0.317236 0.35476 0.150742
3 0.464329 0.555988 0.439578 0.692525 0.150722
5 0.476806 0.744127 0.0891687 0.108218 0.148659
0 0.460802 0.550352 0.448267 0.703624 0.12786
3 0.454067 0.562509 0.320397 0.390213 0.124505
0 0.456221 0.565505 0.457146 0.679071 0.119175
3 0.44626 0.551644 0.310815 0.357249 0.0973839
1 0.23994 0.566376 0.135496 0.610743 0.0957943
3 0.464565 0.547612 0.315631 0.368477 0.0892939
1 0.24073 0.575141 0.127516 0.618923 0.0751626
5 0.476834 0.744035 0.093657 0.10716 0.0742777
1 0.24217 0.580166 0.121902 0.628687 0.051588
0 0.465391 0.567481 0.446081 0.67418 0.0508384
1 0.226552 0.566968 0.151856 0.614249 0.0500645
5 0.478599 0.742907 0.0903864 0.111054 0.0478353
0 0.474473 0.745301 0.0874712 0.106973 0.046073
3 0.464046 0.524634 0.31224 0.35204 0.0425425
1 0.228104 0.576023 0.143963 0.626606 0.0390897
0 0.475234 0.743882 0.085293 0.103228 0.0373792
5 0.475082 0.745603 0.096187 0.115457 0.0356659
5 0.43474 0.917489 0.0196848 0.0251931 0.0338358
5 0.350808 0.797496 0.0138425 0.016816 0.0309378
5 0.349727 0.798186 0.0154357 0.0186101 0.0299744
5 0.434517 0.91664 0.0163279 0.0215207 0.0299036
0 0.47648 0.742907 0.0857245 0.101385 0.0291246
1 0.243252 0.587292 0.12027 0.614322 0.0289704
5 0.350594 0.797811 0.0160382 0.0185973 0.0284308
0 0.349475 0.795154 0.122755 0.107151 0.0271287
1 0.239878 0.551068 0.143939 0.60842 0.0269483
5 0.349987 0.798383 0.0186294 0.0203835 0.0248776
0 0.362659 0.795845 0.145552 0.10922 0.0247914
5 0.434495 0.917134 0.0192857 0.0244249 0.0247072
5 0.434608 0.916202 0.0192462 0.0237435 0.0234111
1 0.229599 0.582073 0.137653 0.639614 0.0227145
5 0.434372 0.916633 0.0181802 0.0237423 0.0219675
5 0.479056 0.741525 0.0952251 0.11075 0.0214482
5 0.475753 0.746435 0.093798 0.113875 0.0208425
0 0.477732 0.740243 0.0828527 0.0929867 0.0205709
0 0.47589 0.74499 0.086463 0.105867 0.0200321
5 0.434961 0.916733 0.0167519 0.020709 0.0197849
0 0.473281 0.745751 0.0849784 0.101645 0.016592
5 0.435003 0.916158 0.0254656 0.0284107 0.0158697
5 0.318151 0.781357 0.0624546 0.07496 0.0157362
0 0.368912 0.796934 0.17308 0.113155 0.0149478
0 0.348393 0.790894 0.118757 0.0964729 0.0141871
5 0.434471 0.916617 0.0268377 0.0317696 0.014172
3 0.443993 0.576938 0.307438 0.334248 0.0140528
5 0.350103 0.797818 0.0194571 0.0211952 0.0133267
1 0.225055 0.552105 0.158608 0.606563 0.0131
5 0.389654 0.876538 0.0661786 0.0474821 0.0124587
0 0.47661 0.741742 0.0802259 0.0960296 0.0120024
0 0.361127 0.791821 0.143422 0.100939 0.0118288
1 0.243983 0.598833 0.124446 0.58132 0.0117999
1 0.23044 0.589828 0.135721 0.625538 0.0116615
0 0.473849 0.748948 0.0991609 0.118861 0.0114956
5 0.318604 0.781857 0.0618774 0.0774082 0.0110805
5 0.4791 0.734025 0.079394 0.0803917 0.011057
5 0.388304 0.877025 0.0587267 0.0474954 0.0109279
0 0.362395 0.809535 0.337901 0.206275 0.0109025
5 0.34739 0.79899 0.0216921 0.0212011 0.0108832
1 0.254001 0.571451 0.125067 0.60465 0.0106394
0 0.343759 0.796374 0.120848 0.111694 0.0105857
