0 0.531603 0.523191 0.387833 0.525338 0.325736
0 0.527037 0.522336 0.396391 0.51817 0.288973
0 0.524769 0.521716 0.403271 0.521264 0.255855
0 0.524788 0.521932 0.40323 0.518378 0.240176
5 0.4093 0.59047 0.0255358 0.0304417 0.23672
0 0.518205 0.52133 0.401213 0.515327 0.225951
5 0.552652 0.717181 0.0411022 0.0499108 0.224791
0 0.523513 0.518832 0.404725 0.518912 0.221934
0 0.516523 0.521639 0.402229 0.506615 0.216873
5 0.552694 0.717983 0.0387467 0.0483089 0.216126
0 0.526008 0.520959 0.396203 0.519193 0.211712
5 0.408853 0.590468 0.0267737 0.0296851 0.207624
5 0.553208 0.719057 0.0366643 0.0462022 0.207508
5 0.408566 0.590437 0.0203076 0.0248519 0.199689
5 0.552619 0.71874 0.0416145 0.050708 0.196079
5 0.552495 0.718427 0.0344726 0.0424718 0.185925
5 0.551701 0.717392 0.0469989 0.0549918 0.182169
5 0.408999 0.590486 0.0208648 0.0260512 0.179068
0 0.638119 0.52734 0.179433 0.474133 0.173756
5 0.553158 0.71907 0.0334392 0.0431631 0.172174
5 0.553316 0.719667 0.0358018 0.0437557 0.170316
5 0.553326 0.719121 0.0415545 0.0519487 0.17014
5 0.616928 0.389469 0.0372379 0.0468073 0.168807
5 0.409438 0.589457 0.0291227 0.0321515 0.167437
5 0.552541 0.718365 0.042177 0.0532975 0.162684
5 0.409247 0.58951 0.0282064 0.0308251 0.162467
5 0.408453 0.590205 0.0206788 0.0245934 0.162366
0 0.543338 0.520902 0.364257 0.520414 0.158789
5 0.617952 0.388579 0.0409692 0.0482428 0.151542
5 0.553304 0.719813 0.0315255 0.0397682 0.141941
5 0.408241 0.590361 0.0275874 0.0307394 0.138854
5 0.61725 0.388977 0.0326118 0.0432621 0.138747
5 0.408582 0.589732 0.029357 0.0328865 0.137437
0 0.642583 0.522312 0.170239 0.453268 0.135224
5 0.617283 0.388349 0.0382538 0.0491292 0.133225
0 0.521119 0.518633 0.414654 0.523632 0.131424
5 0.617274 0.388864 0.0326301 0.0434274 0.129867
5 0.408822 0.590601 0.0211855 0.0252311 0.128541
5 0.409303 0.590019 0.0289702 0.032448 0.128164
0 0.632299 0.53635 0.189073 0.445082 0.126841
5 0.409225 0.590708 0.0270661 0.0309717 0.126198
5 0.553994 0.720175 0.0363957 0.0455067 0.125954
5 0.55228 0.719727 0.0327072 0.0403103 0.123419
5 0.618264 0.388311 0.0334657 0.0440835 0.12341
5 0.409941 0.589952 0.033014 0.0359288 0.120635
5 0.616349 0.39009 0.033169 0.0435033 0.119403
5 0.619549 0.388044 0.0416121 0.049484 0.116302
0 0.523958 0.518924 0.406553 0.531873 0.111596
5 0.55135 0.716051 0.0506544 0.0576385 0.111015
5 0.551636 0.717635 0.0503191 0.0577132 0.105659
5 0.618616 0.387635 0.0425376 0.0531122 0.102052
5 0.616902 0.389658 0.0303092 0.0418973 0.0924623
5 0.553885 0.721012 0.0324982 0.0417635 0.0921877
5 0.619395 0.387638 0.0430832 0.0516311 0.0876302
5 0.407733 0.589892 0.0344595 0.0359211 0.0785758
5 0.552254 0.718109 0.0497504 0.0592828 0.0785468
0 0.610642 0.540435 0.224744 0.449984 0.0759598
0 0.61551 0.528121 0.214706 0.476648 0.0754215
5 0.616591 0.389479 0.0338691 0.043572 0.0724239
5 0.615802 0.390341 0.0321 0.0426081 0.0682376
5 0.514463 0.697053 0.0317493 0.0382213 0.0652938
0 0.538389 0.518157 0.373263 0.530533 0.063235
5 0.616382 0.38903 0.0455533 0.0530963 0.0546818
0 0.65012 0.521863 0.158751 0.456705 0.0513546
0 0.644751 0.514272 0.164576 0.449182 0.0499579
5 0.515061 0.69536 0.0352183 0.0428713 0.0474804
5 0.514879 0.695931 0.0318288 0.0380074 0.0451688
5 0.0195176 0.0711424 0.0390353 0.0686067 0.0450057
5 0.620264 0.387596 0.0511741 0.0580726 0.0439197
5 0.51534 0.695688 0.0380145 0.0439392 0.0407886
0 0.628152 0.56531 0.195936 0.387321 0.040706
5 0.0191168 0.0723012 0.0382335 0.0672657 0.0400352
5 0.619791 0.389475 0.0520481 0.0633959 0.0399611
5 0.40666 0.591809 0.0346489 0.0361541 0.039072
5 0.515084 0.695717 0.0348503 0.0405622 0.0383199
5 0.549609 0.715457 0.0585068 0.0600146 0.035292
5 0.514794 0.69785 0.0298189 0.0359002 0.0349934
5 0.410971 0.589693 0.0364743 0.041217 0.0347497
0 0.621341 0.518819 0.201229 0.451831 0.0341201
5 0.515566 0.696243 0.0333658 0.0406056 0.0325486
5 0.513921 0.696523 0.0379327 0.0445705 0.0317992
5 0.515387 0.695864 0.0397772 0.04449 0.0309813
5 0.515297 0.696734 0.0289606 0.0361494 0.0302912
1 0.453959 0.530755 0.246356 0.478985 0.0301812
5 0.515522 0.695735 0.0396277 0.0451383 0.0301212
5 0.0216664 0.0701774 0.0433328 0.0760897 0.0298881
5 0.513685 0.697467 0.0330844 0.0388603 0.0295685
5 0.514358 0.696536 0.0383244 0.047194 0.0294209
5 0.616468 0.390389 0.0364176 0.0463111 0.0279481
0 0.6482 0.527046 0.162725 0.470909 0.027862
5 0.549121 0.718631 0.0412141 0.0493567 0.0277647
5 0.017791 0.07138 0.035582 0.0626338 0.0275663
5 0.554069 0.720612 0.0459197 0.0548154 0.0271796
5 0.0206224 0.0702404 0.0412449 0.0688989 0.0267199
0 0.608785 0.57178 0.227572 0.393919 0.0260769
5 0.0222353 0.069752 0.0444706 0.0779101 0.0230303
0 0.442897 0.529436 0.245558 0.474106 0.0226854
0 0.551751 0.651047 0.315107 0.25872 0.0225924
0 0.513058 0.520368 0.405245 0.522931 0.0223083
5 0.617453 0.386488 0.0529387 0.0579126 0.0214442
5 0.0189323 0.0745467 0.0378646 0.0666708 0.0214077
5 0.0188244 0.0698182 0.0376489 0.0650241 0.0211662
5 0.516113 0.695128 0.0440819 0.0482487 0.0210979
5 0.618549 0.390855 0.0491437 0.0574569 0.0206894
5 0.410459 0.588704 0.0370523 0.0401808 0.0203169
5 0.0215591 0.071892 0.0431181 0.0786043 0.0196863
5 0.51288 0.69911 0.0321428 0.0383646 0.0189362
5 0.551953 0.717109 0.0604185 0.0666645 0.0188834
1 0.464951 0.533991 0.242784 0.474549 0.0181999
0 0.483421 0.522872 0.354948 0.519799 0.0178734
5 0.662416 0.609371 0.032064 0.0396249 0.0177708
1 0.453044 0.547651 0.240797 0.450197 0.0174393
5 0.618439 0.385766 0.0557863 0.0591073 0.0171591
5 0.409247 0.590099 0.0398171 0.0440421 0.0171438
5 0.551199 0.721525 0.0368568 0.0449021 0.0167389
5 0.548609 0.716319 0.0483051 0.0557273 0.0166944
5 0.0168978 0.0736098 0.0337956 0.05951 0.0163332
0 0.386937 0.534967 0.149514 0.455002 0.0161016
5 0.615138 0.391517 0.0325414 0.0447331 0.0160126
5 0.663705 0.60913 0.0349073 0.0398903 0.0155911
5 0.550092 0.715418 0.0630337 0.0640104 0.014704
1 0.468161 0.555114 0.243865 0.437971 0.0140481
0 0.538397 0.672413 0.339523 0.223745 0.0137755
5 0.662865 0.609017 0.0338693 0.0394024 0.0135219
0 0.489113 0.373522 0.311884 0.197682 0.0134151
0 0.387742 0.527483 0.157155 0.469102 0.0129216
5 0.614331 0.390917 0.0398218 0.049473 0.012872
0 0.523996 0.357948 0.377769 0.187525 0.0127223
0 0.652247 0.513165 0.155216 0.462528 0.0125739
5 0.661958 0.608568 0.0354167 0.0408092 0.012366
5 0.662023 0.609681 0.0290045 0.038993 0.0122223
5 0.41156 0.588865 0.0408415 0.0425116 0.0121294
0 0.439872 0.540968 0.236143 0.453857 0.0120769
0 0.542524 0.650913 0.32897 0.261348 0.0119844
0 0.51239 0.519329 0.422529 0.520059 0.0115919
0 0.501264 0.361484 0.332139 0.182081 0.0106949
0 0.414143 0.528403 0.20656 0.468834 0.0106523
0 0.456387 0.522405 0.249454 0.471812 0.0106023
5 0.513427 0.695181 0.0457279 0.0506083 0.0105505
5 0.662589 0.607909 0.0392109 0.0420594 0.0101643
0 0.54664 0.670022 0.325242 0.22323 0.0100735
