2 0.598132 0.550689 0.0862511 0.110311 0.789826
2 0.262228 0.761989 0.187916 0.356798 0.608585
2 0.816811 0.431243 0.0534154 0.0795144 0.384249
2 0.112211 0.553952 0.218266 0.316988 0.323842
2 0.209766 0.516541 0.0899617 0.193579 0.248457
2 0.22541 0.723583 0.123157 0.269812 0.0907148
2 0.169319 0.781517 0.0846246 0.38575 0.0731368
2 0.610076 0.907201 0.0363117 0.0535937 0.0482307
5 0.171954 0.804941 0.0666342 0.346906 0.0427293
2 0.418692 0.294886 0.0807126 0.0307845 0.0382083
5 0.609505 0.905946 0.0426117 0.058609 0.0338782
4 0.6811 0.404924 0.345114 0.186592 0.0220524
5 0.123803 0.550539 0.245341 0.338546 0.0207044
2 0.0968766 0.68276 0.185912 0.578901 0.0167453
0 0.382609 0.317301 0.173412 0.107087 0.0144872
3 0.968168 0.774263 0.063663 0.437516 0.0124974
2 0.393377 0.303543 0.122621 0.0542549 0.0118039
3 0.808735 0.688689 0.358894 0.622622 0.0112581
