5 0.582326 0.311175 0.0793276 0.0534684 0.621929
3 0.239613 0.503636 0.308141 0.835439 0.580664
5 0.671133 0.498082 0.0233716 0.0340681 0.221694
1 0.509928 0.53606 0.303522 0.384142 0.202541
5 0.565001 0.679201 0.0840145 0.0582567 0.195102
5 0.695875 0.726231 0.237409 0.252005 0.180372
0 0.803617 0.481589 0.239877 0.623974 0.157082
5 0.832708 0.351921 0.0438073 0.0465437 0.0492761
5 0.559514 0.20848 0.0321333 0.0463273 0.044113
1 0.414501 0.401558 0.213833 0.589829 0.0272563
0 0.627419 0.524647 0.584243 0.751512 0.0263975
0 0.847436 0.456987 0.152051 0.487576 0.0263112
1 0.587162 0.488357 0.23003 0.306129 0.0250362
5 0.169172 0.363919 0.0278289 0.0305332 0.0242764
5 0.667417 0.496853 0.0396559 0.045224 0.0242421
5 0.429254 0.354558 0.0170287 0.0296311 0.0232852
0 0.519019 0.148294 0.198101 0.167884 0.0197275
0 0.731297 0.717786 0.327132 0.368394 0.0162746
0 0.512264 0.21668 0.43489 0.290082 0.0133529
1 0.700291 0.438367 0.170122 0.609469 0.0125208
