0 0.591614 0.494464 0.584697 0.960134 0.231761
0 0.223952 0.487101 0.447904 0.972744 0.227846
5 0.145932 0.0370957 0.0784878 0.0689428 0.0969049
4 0.165469 0.799823 0.330939 0.38619 0.087741
2 0.147418 0.731848 0.032497 0.0747835 0.0595721
0 0.581569 0.238938 0.555472 0.463116 0.0588316
5 0.182267 0.0438293 0.207627 0.0876586 0.0587496
5 0.174826 0.0319492 0.148239 0.0623837 0.0375662
2 0.642602 0.633461 0.0466052 0.0649872 0.0183966
2 0.616031 0.797745 0.0401667 0.0395398 0.0172259
0 0.160606 0.813368 0.321212 0.345009 0.0160737
1 0.782871 0.510131 0.43341 0.945235 0.0136248
5 0.76372 0.276825 0.0746231 0.112925 0.0124807
5 0.666319 0.309256 0.0433508 0.0600228 0.0100196
