5 0.824775 0.812313 0.0468312 0.0484411 0.327498
1 0.493101 0.4993 0.960272 0.924967 0.303574
2 0.242484 0.285459 0.0409313 0.0482566 0.218369
5 0.243209 0.28548 0.0431642 0.052445 0.18539
5 0.283304 0.91087 0.046733 0.0561922 0.0483882
3 0.371614 0.577454 0.440328 0.55116 0.0377062
5 0.293501 0.907941 0.030845 0.0440676 0.0355454
5 0.442705 0.693511 0.0247544 0.0357906 0.0268117
5 0.820562 0.811245 0.0666107 0.0708888 0.0214578
3 0.541505 0.589495 0.439913 0.518324 0.0185551
1 0.336761 0.578916 0.372302 0.530004 0.0146722
5 0.399589 0.765248 0.0257037 0.0358636 0.0104754
5 0.23523 0.28856 0.0760441 0.0853715 0.0100031
