4 0.441792 0.335251 0.498633 0.616887 0.661732
4 0.445754 0.336158 0.498382 0.617738 0.658032
4 0.442918 0.334566 0.503625 0.615214 0.635572
4 0.443526 0.335188 0.501073 0.612323 0.620885
4 0.448964 0.336136 0.49788 0.611027 0.499042
4 0.446346 0.335247 0.503399 0.625676 0.476313
4 0.444457 0.335719 0.504122 0.608438 0.39964
4 0.442682 0.333579 0.495794 0.626264 0.396229
4 0.444659 0.334102 0.503792 0.622564 0.295489
4 0.440392 0.335896 0.502542 0.617899 0.217583
2 0.545481 0.137675 0.0291083 0.0291986 0.178687
2 0.545252 0.138098 0.030167 0.0311897 0.132611
2 0.378068 0.309417 0.0197193 0.0196709 0.113884
2 0.543855 0.138146 0.0307368 0.0327416 0.103285
2 0.378359 0.309409 0.0212935 0.0209546 0.0981282
2 0.543947 0.138399 0.0291753 0.0301387 0.0964181
2 0.541836 0.137907 0.0285996 0.030367 0.0810641
2 0.377941 0.30958 0.0213853 0.0239112 0.0796608
2 0.540911 0.137634 0.0259913 0.0276029 0.0780841
2 0.40976 0.410866 0.0245064 0.0269127 0.0780062
2 0.378414 0.309906 0.0224259 0.0225524 0.0768023
2 0.411396 0.41122 0.0182215 0.025055 0.076675
2 0.54602 0.137719 0.030311 0.0305153 0.0764281
2 0.546291 0.137929 0.0326885 0.0316685 0.0758448
2 0.41149 0.412453 0.0197911 0.0261223 0.0694341
4 0.427289 0.330957 0.474955 0.60512 0.0653948
2 0.378027 0.309348 0.0190179 0.0217957 0.0620226
2 0.546493 0.136857 0.0319814 0.0312052 0.0613323
2 0.406226 0.410756 0.0274899 0.0281501 0.0574197
2 0.412693 0.411116 0.0172425 0.0248179 0.0566333
2 0.545246 0.138272 0.0319437 0.0342123 0.0524389
2 0.378035 0.310269 0.0257187 0.0274837 0.051037
2 0.544052 0.13866 0.0321721 0.0357185 0.0488371
2 0.378104 0.309614 0.0219382 0.022407 0.0476169
2 0.407318 0.411526 0.0241353 0.0259929 0.0472638
2 0.5442 0.137977 0.0279873 0.0302514 0.0455058
2 0.256603 0.323781 0.0243611 0.0326497 0.04356
2 0.412271 0.411458 0.0203515 0.0263379 0.0434001
2 0.533644 0.136595 0.0162613 0.0239749 0.0410221
2 0.557701 0.2957 0.0235047 0.0282712 0.038957
2 0.256743 0.324417 0.0268119 0.0343797 0.0376758
2 0.557224 0.297286 0.0227122 0.0258955 0.0375514
2 0.257352 0.324821 0.0258773 0.0333327 0.0363119
2 0.534766 0.136724 0.0197511 0.0271542 0.0357075
2 0.55759 0.29649 0.023866 0.0284104 0.0351368
2 0.557864 0.294754 0.0253522 0.0304144 0.0341101
2 0.567569 0.172238 0.0305545 0.0379358 0.0319858
2 0.567934 0.173945 0.0324866 0.0384099 0.0309769
2 0.254853 0.323626 0.0270869 0.0340286 0.030969
2 0.256514 0.323568 0.0219883 0.0301287 0.0302204
2 0.5673 0.174999 0.0334776 0.0388853 0.0274126
2 0.25697 0.324214 0.0246509 0.0317949 0.0271424
2 0.557313 0.297469 0.022531 0.0252729 0.0267615
2 0.385227 0.355468 0.0183923 0.032815 0.0262594
2 0.568353 0.176752 0.0343809 0.0392222 0.0253498
2 0.257103 0.323779 0.0227604 0.0295676 0.0249165
2 0.232009 0.43708 0.0154241 0.0162847 0.0246812
2 0.318902 0.55393 0.0194215 0.0199127 0.024221
2 0.319002 0.553795 0.016545 0.0195765 0.0239071
2 0.55653 0.297501 0.022356 0.0272944 0.022549
2 0.377431 0.311592 0.0259642 0.0312606 0.021475
2 0.377856 0.310174 0.0270036 0.0279844 0.0212979
2 0.557498 0.296337 0.0240321 0.0294568 0.0212427
2 0.384995 0.355536 0.0192902 0.0353606 0.0211073
2 0.407254 0.412243 0.0240683 0.0271593 0.0207951
2 0.567506 0.167904 0.0228968 0.0264829 0.0203969
2 0.412816 0.411756 0.0212745 0.0271478 0.0197614
2 0.56783 0.169126 0.0255255 0.0291145 0.0197592
2 0.409995 0.594337 0.0232458 0.0250236 0.0196305
2 0.559047 0.295306 0.0245622 0.0306606 0.0195693
0 0.0783203 0.912894 0.150294 0.172648 0.0189968
2 0.254995 0.322969 0.0270384 0.0358471 0.0189933
2 0.5413 0.138463 0.0282529 0.0300907 0.0189817
2 0.489306 0.100049 0.0286383 0.0667544 0.018522
2 0.40323 0.411524 0.0238881 0.0244659 0.0185084
2 0.569168 0.171384 0.0303126 0.0340905 0.018073
2 0.542739 0.138899 0.0340763 0.0369164 0.0174341
2 0.38571 0.355007 0.0212204 0.0333928 0.0171169
2 0.567305 0.167617 0.0231576 0.0273732 0.0170778
2 0.373458 0.0993501 0.0259116 0.0376543 0.0168245
2 0.40322 0.411505 0.0260535 0.0265321 0.0168082
0 0.0783022 0.896215 0.152141 0.20757 0.0166849
2 0.568045 0.171945 0.0300599 0.0381426 0.0166128
2 0.666984 0.387873 0.0183138 0.0259004 0.0164636
2 0.647078 0.485156 0.0146527 0.0210158 0.0164131
2 0.559533 0.294524 0.0286415 0.0336813 0.0161271
0 0.0943796 0.916786 0.186456 0.165356 0.0161199
5 0.296745 0.767152 0.0552237 0.0638639 0.0160445
2 0.488362 0.102165 0.0305781 0.0692611 0.015671
4 0.434951 0.332915 0.48888 0.60847 0.0155433
2 0.233295 0.43625 0.018891 0.0209475 0.0154632
2 0.257395 0.32657 0.0287711 0.0331346 0.015276
2 0.566079 0.165755 0.0192815 0.0225702 0.0151139
2 0.566544 0.179494 0.0333976 0.0340217 0.0145598
2 0.405074 0.593309 0.0238922 0.0258062 0.0144177
2 0.557209 0.296894 0.0248327 0.028901 0.0143584
2 0.379308 0.0694088 0.0208465 0.0239868 0.0141067
2 0.31967 0.553086 0.01876 0.0217018 0.014101
2 0.410037 0.594527 0.0229621 0.0245403 0.0140984
2 0.255245 0.32435 0.031447 0.0353521 0.0139923
2 0.38207 0.353434 0.0208031 0.0366242 0.0134291
2 0.37232 0.0960895 0.0272477 0.0430498 0.0133045
2 0.647012 0.485502 0.0147436 0.0195345 0.0132186
5 0.64966 0.530312 0.0172685 0.0196037 0.0131612
2 0.640975 0.260267 0.0276465 0.0369414 0.0127704
2 0.386829 0.355858 0.0218551 0.0337666 0.0127635
2 0.23163 0.437449 0.0159849 0.0182027 0.0127563
2 0.404101 0.593571 0.0235832 0.0253206 0.0125684
2 0.320751 0.55272 0.020799 0.0228036 0.0123925
2 0.665299 0.388714 0.0160823 0.0241759 0.0123206
2 0.668589 0.388283 0.0205199 0.0273757 0.0121898
2 0.372506 0.0979077 0.0255943 0.0391786 0.0120914
2 0.367773 0.350646 0.0215933 0.0314942 0.0117191
2 0.665334 0.388452 0.0172912 0.0250073 0.0116928
2 0.378269 0.309203 0.0224431 0.0242496 0.011434
2 0.373286 0.0992268 0.0254916 0.0374886 0.0113724
2 0.377874 0.0706808 0.0219236 0.0234901 0.0111488
5 0.649666 0.530247 0.0146607 0.0168978 0.0109729
2 0.657198 0.346188 0.0160842 0.0254703 0.0107978
2 0.487238 0.100961 0.0359484 0.0722525 0.0107155
2 0.638693 0.260187 0.0210678 0.0329403 0.0106772
2 0.486358 0.103302 0.0407476 0.076564 0.0105625
5 0.297212 0.767689 0.0551198 0.0647794 0.0104873
2 0.255604 0.322766 0.0248027 0.0339092 0.0104346
2 0.317718 0.554097 0.0210924 0.0230184 0.0103793
2 0.388532 0.356252 0.0248126 0.0370869 0.010279
5 0.29778 0.766709 0.0619672 0.0722219 0.0102363
2 0.231247 0.436681 0.0181118 0.0198585 0.0100232
