3 0.609888 0.363185 0.464417 0.647959 0.843418
3 0.609445 0.366588 0.4543 0.635913 0.839721
3 0.61058 0.372721 0.466716 0.628592 0.812988
3 0.610745 0.3592 0.470658 0.642653 0.807562
3 0.607658 0.364516 0.456704 0.625101 0.79029
3 0.610763 0.374921 0.454719 0.623758 0.77919
3 0.609476 0.367132 0.454673 0.639793 0.699285
3 0.607706 0.367876 0.456845 0.642553 0.601413
3 0.606724 0.361856 0.471381 0.652623 0.134703
3 0.609019 0.366351 0.458157 0.627258 0.12874
3 0.614203 0.388595 0.456471 0.584133 0.110814
5 0.661221 0.674722 0.0223935 0.0273079 0.0809049
5 0.661469 0.674663 0.0247741 0.0303921 0.0791085
5 0.564415 0.691471 0.0188209 0.0214994 0.0772926
5 0.661754 0.675137 0.0281399 0.032813 0.0740821
5 0.564984 0.691367 0.0181154 0.0199918 0.0722854
5 0.661727 0.674894 0.0246893 0.0279616 0.0696328
5 0.661464 0.675713 0.0240226 0.0279601 0.0641751
5 0.661889 0.675211 0.0261573 0.0311552 0.0617193
5 0.564825 0.691195 0.0175827 0.0198491 0.0590946
5 0.661569 0.674987 0.0238904 0.0283913 0.0557743
5 0.661251 0.675357 0.0245795 0.0293527 0.0532739
5 0.56423 0.691157 0.0177187 0.0213116 0.0512861
5 0.563736 0.691708 0.0196139 0.0244801 0.0496239
5 0.661487 0.67511 0.0221666 0.0250415 0.0440009
5 0.560727 0.293926 0.0229938 0.026396 0.0437192
5 0.564471 0.69067 0.0239343 0.0255224 0.0385827
5 0.564944 0.69098 0.0217104 0.0240647 0.0381144
5 0.66226 0.675291 0.0273832 0.0344288 0.0362168
5 0.452946 0.676818 0.0198901 0.0261674 0.0362127
5 0.561058 0.293152 0.0241775 0.0280378 0.0345066
5 0.563639 0.691637 0.0204314 0.0238401 0.0334588
5 0.561432 0.292851 0.0267916 0.0318021 0.0322476
5 0.560369 0.293434 0.0214898 0.026459 0.0320352
5 0.561406 0.292971 0.0248373 0.0282323 0.0305824
5 0.561073 0.293609 0.0211338 0.0241536 0.0304962
5 0.560642 0.293369 0.0248809 0.0311333 0.0303412
3 0.610041 0.376489 0.449515 0.626148 0.0293623
5 0.559741 0.293733 0.0222548 0.0276418 0.0282639
5 0.453431 0.676334 0.0221357 0.0281932 0.0258485
5 0.662866 0.676012 0.0311034 0.0361814 0.0255039
5 0.45287 0.675918 0.0174173 0.0227681 0.0250477
5 0.663196 0.674895 0.0353153 0.0370238 0.023847
5 0.451717 0.676323 0.0208395 0.0266894 0.0215703
5 0.559464 0.293218 0.028696 0.0342786 0.0215526
5 0.452578 0.675467 0.0178355 0.0241802 0.0213147
5 0.452415 0.675452 0.0197339 0.0247758 0.0206397
5 0.450881 0.676142 0.0230936 0.0287325 0.0205196
5 0.452594 0.675622 0.0198364 0.0253995 0.0200934
3 0.716894 0.38449 0.235968 0.545569 0.0168101
5 0.559366 0.293391 0.0324695 0.0383995 0.0165826
5 0.561261 0.292918 0.0284649 0.0327182 0.016383
5 0.661765 0.675593 0.0298002 0.0373156 0.0154636
5 0.564762 0.692308 0.0217129 0.0262779 0.0151936
5 0.560848 0.293782 0.0298269 0.0352188 0.0150817
5 0.663409 0.675839 0.0367064 0.0392656 0.0149538
5 0.558214 0.717531 0.0218542 0.022117 0.012422
3 0.601745 0.265894 0.399837 0.369048 0.012199
5 0.660366 0.674174 0.0326783 0.0364607 0.0118097
