0 0.611075 0.574592 0.510629 0.658539 0.853226
0 0.61381 0.575359 0.501303 0.655246 0.84999
0 0.607585 0.574538 0.506771 0.655663 0.827246
0 0.610991 0.571628 0.49142 0.650823 0.811789
0 0.619063 0.571132 0.493406 0.646484 0.80955
0 0.602289 0.571966 0.504841 0.650116 0.797539
0 0.61465 0.567646 0.482476 0.642341 0.762553
0 0.613103 0.573302 0.511953 0.648728 0.68599
0 0.605152 0.572966 0.513629 0.651301 0.43808
3 0.576631 0.545542 0.323884 0.436845 0.0774597
0 0.585844 0.562969 0.485659 0.64051 0.0624788
1 0.377026 0.566591 0.0869267 0.595992 0.0585382
1 0.371192 0.570638 0.0819952 0.591528 0.0513312
3 0.574595 0.562272 0.31651 0.395844 0.0506751
1 0.376107 0.563615 0.083699 0.557192 0.05037
1 0.371498 0.567911 0.0771545 0.547243 0.0492461
1 0.379906 0.561525 0.0921732 0.60856 0.0478572
0 0.577018 0.565573 0.479288 0.634771 0.0273071
1 0.377417 0.571062 0.082897 0.52999 0.0231229
1 0.371689 0.562964 0.0878437 0.611288 0.0201665
0 0.600847 0.561756 0.51885 0.631161 0.0192759
1 0.384635 0.553826 0.100493 0.601501 0.0173782
1 0.371647 0.57866 0.0744163 0.523411 0.0173566
3 0.584986 0.552995 0.322964 0.423362 0.0146771
1 0.576102 0.810893 0.195349 0.122812 0.0141184
3 0.581596 0.570783 0.317178 0.383767 0.0119856
3 0.565885 0.542445 0.30535 0.432207 0.0117716
1 0.56969 0.808118 0.189506 0.120938 0.0114903
3 0.565195 0.56006 0.300613 0.387719 0.0104013
