1 0.497739 0.44543 0.562613 0.641793 0.643838
1 0.496089 0.442379 0.553681 0.638647 0.641597
1 0.499705 0.445514 0.559554 0.640429 0.545056
1 0.499998 0.44736 0.560762 0.642161 0.538607
1 0.500193 0.443231 0.556604 0.642079 0.479793
1 0.50535 0.446501 0.55506 0.637452 0.426485
1 0.499364 0.447732 0.558864 0.634027 0.39503
1 0.504249 0.447884 0.557271 0.638725 0.393489
1 0.500368 0.441381 0.567386 0.642155 0.358021
2 0.719605 0.386058 0.0236613 0.035731 0.286761
2 0.719387 0.38423 0.0222849 0.0337161 0.281807
2 0.719691 0.384523 0.0234925 0.0350031 0.278769
2 0.7193 0.383783 0.0230201 0.0361599 0.271576
2 0.719921 0.384708 0.0243455 0.0344883 0.270439
2 0.72028 0.384932 0.023725 0.0352087 0.240747
2 0.719054 0.384248 0.0249234 0.0374841 0.240362
5 0.693619 0.323789 0.0637043 0.049905 0.234558
5 0.69324 0.323756 0.0662614 0.0534334 0.225124
5 0.693669 0.323045 0.0650253 0.0495376 0.223663
5 0.694296 0.323944 0.0623579 0.0507298 0.221994
1 0.503243 0.450055 0.559235 0.63213 0.214194
2 0.690033 0.543318 0.0273258 0.0306993 0.206523
2 0.689534 0.542814 0.0264865 0.0282556 0.197773
2 0.689493 0.543452 0.0279067 0.0308936 0.183749
2 0.718938 0.385552 0.0231905 0.0362991 0.183558
2 0.689498 0.543393 0.0264474 0.0300893 0.157838
1 0.490928 0.435815 0.544265 0.632053 0.147
5 0.521714 0.538369 0.0333734 0.0404699 0.140639
5 0.521025 0.538297 0.0373655 0.0437604 0.14063
5 0.692843 0.324731 0.0622738 0.0508886 0.125527
2 0.719388 0.385133 0.0273636 0.0383971 0.125186
5 0.521492 0.537986 0.0308902 0.0381791 0.118943
2 0.689925 0.543501 0.0316167 0.0346222 0.115176
1 0.486237 0.264432 0.453504 0.278195 0.11147
2 0.720585 0.385422 0.0275507 0.0396824 0.110579
5 0.521408 0.538111 0.0319377 0.0399066 0.108067
5 0.692886 0.324093 0.0661884 0.0489999 0.107792
5 0.689938 0.543011 0.0278984 0.031016 0.107481
5 0.520168 0.537716 0.0429886 0.0465893 0.106477
5 0.521811 0.538086 0.0324259 0.040276 0.103315
5 0.520147 0.537744 0.0379726 0.0440539 0.0990071
5 0.30689 0.519731 0.0240874 0.0304832 0.0983557
5 0.521353 0.538607 0.0297346 0.0359451 0.0971236
2 0.689442 0.543103 0.0247621 0.0268918 0.0923528
2 0.689435 0.543486 0.0248563 0.0289546 0.0897814
5 0.521616 0.538266 0.0291013 0.0360891 0.0893322
5 0.307125 0.519735 0.0231099 0.0285008 0.0877963
5 0.307855 0.51958 0.0230779 0.0283518 0.0853316
5 0.522252 0.539118 0.0387526 0.0456675 0.0852438
2 0.690062 0.542718 0.033062 0.0342732 0.0824967
5 0.415665 0.478565 0.0355715 0.0496941 0.0809823
5 0.693329 0.323662 0.0582751 0.0464306 0.0800438
5 0.521293 0.538246 0.0278061 0.0360948 0.0788048
5 0.521569 0.538262 0.0272082 0.0339263 0.0786071
5 0.307772 0.51945 0.0253708 0.0323779 0.0781628
5 0.661741 0.368235 0.0245624 0.0303218 0.0780369
5 0.307999 0.519102 0.0280735 0.0337755 0.0777086
5 0.522175 0.537663 0.0369897 0.0445037 0.0757689
1 0.479185 0.263759 0.467794 0.276728 0.074805
5 0.693358 0.325588 0.0683011 0.0532144 0.0739987
5 0.69218 0.324153 0.0682839 0.0537614 0.0739636
5 0.415728 0.478616 0.0324532 0.0461639 0.0714273
2 0.689991 0.543589 0.0313495 0.0360348 0.071362
5 0.6941 0.324265 0.0638775 0.0481806 0.068852
5 0.307703 0.519705 0.0207009 0.0242801 0.0683598
5 0.520582 0.275148 0.0266123 0.0318249 0.0680948
5 0.308816 0.51954 0.0274365 0.034102 0.0666902
5 0.689333 0.543221 0.028485 0.0326102 0.0659138
5 0.661756 0.367901 0.022623 0.027575 0.0638403
5 0.307513 0.520006 0.0236531 0.0302375 0.0628183
5 0.520941 0.538563 0.0278654 0.035457 0.0625609
5 0.307622 0.520021 0.020914 0.025846 0.0612951
2 0.690179 0.543925 0.0319302 0.0352259 0.0611843
2 0.718535 0.38539 0.030791 0.0420102 0.0609506
5 0.307678 0.519544 0.0230013 0.0289722 0.0606741
5 0.306981 0.519811 0.0297424 0.0362585 0.0593015
5 0.413913 0.476719 0.0473454 0.0587618 0.0584038
5 0.416174 0.479174 0.0335273 0.0474904 0.0583602
5 0.519495 0.27415 0.0316323 0.0367175 0.0550983
5 0.662283 0.36817 0.0236079 0.0268297 0.0542472
5 0.520733 0.274901 0.0347615 0.0398041 0.0527094
5 0.690755 0.327398 0.0729528 0.0616262 0.0523527
5 0.418448 0.478734 0.0448446 0.0560871 0.0515263
2 0.689891 0.543478 0.0345228 0.0376396 0.0508881
5 0.519213 0.274534 0.0371724 0.0412007 0.0497391
5 0.413547 0.477646 0.0505563 0.0618205 0.0496098
5 0.418304 0.478533 0.0451233 0.0543457 0.0493042
5 0.634842 0.63561 0.0197518 0.02153 0.0486717
5 0.544495 0.624623 0.026262 0.031503 0.0483509
5 0.520613 0.273844 0.0278815 0.0328263 0.0479369
5 0.520214 0.273967 0.0286674 0.0343128 0.0474718
5 0.416341 0.479271 0.0309429 0.0446711 0.0469772
5 0.662497 0.369012 0.0266386 0.0326072 0.0464377
5 0.6619 0.368121 0.0231236 0.028311 0.0462705
1 0.487352 0.242546 0.435721 0.229202 0.0450571
5 0.414883 0.479046 0.0378477 0.0498091 0.0446103
5 0.474719 0.610469 0.0279581 0.0306539 0.044408
5 0.475799 0.610383 0.0258636 0.0286594 0.0440301
2 0.659134 0.629089 0.0816241 0.0866629 0.043575
2 0.717707 0.384569 0.030556 0.0412439 0.0435131
5 0.51987 0.275105 0.0364791 0.0416112 0.0434346
5 0.662224 0.368472 0.0244425 0.0281712 0.0430483
5 0.661749 0.369382 0.0299115 0.0364289 0.0420006
5 0.662673 0.36767 0.0273585 0.0325394 0.0417603
5 0.520934 0.273982 0.034612 0.0392933 0.0416856
5 0.416095 0.479616 0.0346245 0.0461167 0.0407728
5 0.521806 0.274223 0.0347542 0.0390579 0.0406165
5 0.545163 0.625492 0.0220708 0.0267622 0.0401959
5 0.66152 0.623904 0.0727471 0.0767057 0.0400882
5 0.520969 0.273973 0.0316317 0.0359894 0.0400702
5 0.519156 0.538494 0.0508907 0.0530773 0.0399997
5 0.662422 0.368536 0.0214784 0.0248768 0.0397437
5 0.474889 0.610256 0.0241251 0.0262779 0.0394107
5 0.473796 0.609643 0.0319517 0.0329672 0.0388849
5 0.544374 0.624922 0.0239868 0.029524 0.0388451
5 0.662654 0.369011 0.028956 0.0342682 0.0387626
5 0.518716 0.53658 0.037981 0.0444071 0.0385096
5 0.476169 0.610167 0.0282876 0.0296021 0.0383102
5 0.519726 0.274949 0.0247068 0.0311384 0.038302
5 0.520584 0.273819 0.0241314 0.0278287 0.0379652
5 0.41585 0.477024 0.0297109 0.0403525 0.037815
5 0.667398 0.615999 0.0548565 0.0561054 0.037678
2 0.756505 0.411399 0.0228956 0.0288006 0.03767
5 0.662258 0.368156 0.0208648 0.0227347 0.0369967
5 0.694691 0.324516 0.0653896 0.0487971 0.0363093
5 0.473846 0.610216 0.0355138 0.0361053 0.036229
5 0.41956 0.478849 0.0468817 0.0569838 0.0361566
5 0.309433 0.519237 0.0316891 0.0375567 0.0357479
5 0.476033 0.610582 0.0302335 0.0320783 0.0350556
2 0.72051 0.385806 0.0279532 0.0396017 0.0348954
5 0.694033 0.324499 0.0631636 0.0506832 0.0348384
2 0.656583 0.63276 0.0991542 0.100591 0.0347218
5 0.475562 0.61066 0.0265951 0.0280422 0.0346687
5 0.545332 0.624897 0.0255581 0.031921 0.0345183
1 0.473233 0.290013 0.461831 0.3255 0.0343323
2 0.756773 0.412162 0.0236708 0.0296427 0.0341876
5 0.477088 0.609978 0.0312264 0.034005 0.0340608
5 0.51991 0.27389 0.0240948 0.0288949 0.0337121
5 0.309195 0.519182 0.0313774 0.0372725 0.0336692
5 0.75605 0.412204 0.020811 0.0265948 0.0333846
5 0.66138 0.367516 0.0244588 0.0307299 0.0332217
5 0.418433 0.479095 0.0458202 0.052285 0.0330744
5 0.474838 0.610387 0.0255986 0.0292178 0.0322317
5 0.416384 0.47784 0.0284694 0.04059 0.031438
1 0.497197 0.262987 0.461173 0.273418 0.0312282
5 0.475888 0.610382 0.0242113 0.0244932 0.0308811
5 0.47537 0.611017 0.0326843 0.0349986 0.0300894
5 0.635538 0.635178 0.0194832 0.0211567 0.030086
5 0.545115 0.625231 0.0212545 0.0264858 0.0295479
5 0.521645 0.539327 0.0421042 0.0501542 0.0293426
5 0.635164 0.635778 0.0190922 0.0229205 0.0291821
5 0.306451 0.519297 0.0273212 0.0321489 0.0291624
5 0.545058 0.62518 0.0205512 0.0245038 0.0288804
2 0.757008 0.411591 0.0245205 0.0320003 0.0285976
5 0.635549 0.635792 0.0165652 0.0192992 0.0283593
5 0.518513 0.273955 0.0316431 0.0368348 0.0283464
5 0.413957 0.475584 0.0448133 0.0565687 0.0280998
2 0.720145 0.383245 0.0267101 0.0386555 0.0280423
5 0.634803 0.635209 0.02314 0.0258258 0.0279653
5 0.634436 0.635113 0.0189386 0.0232547 0.0279553
5 0.635565 0.636477 0.0257526 0.028511 0.0276004
5 0.309851 0.519988 0.0359528 0.0420213 0.0273581
5 0.545291 0.624997 0.0262692 0.0310709 0.0269903
2 0.756343 0.411615 0.0207214 0.0259293 0.0265843
2 0.690835 0.542752 0.0340038 0.0378193 0.0259683
5 0.668287 0.613451 0.0557045 0.0494052 0.0259649
2 0.65619 0.628982 0.100421 0.0930536 0.0258919
5 0.416571 0.474523 0.0332145 0.0420264 0.0258306
2 0.75793 0.413776 0.0302809 0.0391575 0.0255081
5 0.635555 0.635467 0.0217584 0.0233518 0.0254977
5 0.544656 0.625374 0.0230205 0.0298655 0.0251774
5 0.523946 0.538118 0.0497838 0.0535314 0.0251239
5 0.416153 0.480834 0.0398309 0.0496826 0.0249797
5 0.474321 0.611032 0.034143 0.0372007 0.0247115
5 0.523352 0.538042 0.0492686 0.0526547 0.0246649
1 0.480949 0.291898 0.447915 0.327977 0.0242867
5 0.691102 0.325964 0.0701045 0.0612314 0.0239951
5 0.634003 0.634946 0.0204521 0.0248833 0.0237486
5 0.755037 0.411177 0.0231297 0.0289502 0.0235145
2 0.756165 0.411653 0.019276 0.0246153 0.0235142
2 0.697244 0.325197 0.0583213 0.0463347 0.0234831
5 0.54521 0.625493 0.0214727 0.0269218 0.0231153
2 0.71738 0.384507 0.0343532 0.0436511 0.0229462
5 0.545373 0.625324 0.0272432 0.0328817 0.0228241
5 0.520502 0.539474 0.0487269 0.0530138 0.0227173
5 0.664485 0.618787 0.0665275 0.0643831 0.0224486
1 0.496393 0.238269 0.443319 0.22016 0.0220405
5 0.41295 0.478973 0.053156 0.0614153 0.0218098
5 0.694975 0.326487 0.0642473 0.0489274 0.0212543
5 0.521655 0.275759 0.0439833 0.0477199 0.0207748
2 0.66275 0.627294 0.0734901 0.0813115 0.0205018
2 0.689177 0.543592 0.0399293 0.0430515 0.0204435
5 0.421941 0.478183 0.0613636 0.0671855 0.0202366
2 0.718821 0.382883 0.0247849 0.0373675 0.0200712
5 0.414389 0.481322 0.0434095 0.0516351 0.020019
2 0.755055 0.411687 0.0266215 0.0329463 0.0200005
2 0.757238 0.413112 0.0302282 0.0379946 0.0195756
5 0.416044 0.474074 0.0318416 0.0403852 0.0191258
2 0.690596 0.54086 0.0315781 0.0337452 0.018168
5 0.421559 0.478536 0.059455 0.0629652 0.0179747
5 0.544311 0.624766 0.0321082 0.0374608 0.0178801
5 0.695339 0.321687 0.0707233 0.0576664 0.0176947
5 0.476311 0.611009 0.0374956 0.0375603 0.0175559
2 0.654505 0.633432 0.0968298 0.103408 0.0175274
5 0.692247 0.32395 0.0646045 0.0590943 0.0157034
5 0.309145 0.521852 0.0369567 0.0423866 0.0156093
5 0.686373 0.543166 0.043663 0.0433402 0.0154531
5 0.308211 0.521896 0.0365421 0.0406753 0.0153853
5 0.663563 0.368938 0.0354084 0.0385362 0.0153541
2 0.700329 0.327516 0.0517331 0.043546 0.0146235
5 0.689918 0.328282 0.0874371 0.0741868 0.0145868
5 0.663961 0.36801 0.0347563 0.0379687 0.0144663
5 0.692537 0.322436 0.0525495 0.0404736 0.0140486
2 0.711576 0.333773 0.0265447 0.0261542 0.0135064
2 0.690549 0.540981 0.0262009 0.0313056 0.0134666
2 0.722045 0.384794 0.0336932 0.0398288 0.0133337
5 0.689786 0.323784 0.0528438 0.049283 0.0133007
2 0.713389 0.334957 0.0205654 0.0241258 0.0131637
2 0.716891 0.384229 0.0309145 0.0434545 0.0131306
1 0.48122 0.24476 0.459524 0.233119 0.0131159
5 0.545926 0.625299 0.0313658 0.0354495 0.0128071
5 0.304721 0.519885 0.0389982 0.0393454 0.0124432
5 0.41954 0.474471 0.0499269 0.0589389 0.0123122
5 0.472351 0.609734 0.034302 0.0350735 0.0123081
5 0.754906 0.411872 0.0254751 0.0311461 0.0119596
5 0.419211 0.481011 0.0489267 0.0545339 0.0117693
5 0.688585 0.322228 0.0874082 0.0720495 0.0116828
1 0.502542 0.436038 0.557396 0.63345 0.0109066
2 0.758586 0.416726 0.0318194 0.04439 0.0107301
5 0.518325 0.275984 0.0469959 0.050966 0.0105745
5 0.667919 0.612919 0.0481202 0.0443284 0.0105304
5 0.31129 0.519063 0.0370024 0.0439539 0.0104794
2 0.757677 0.41375 0.0309812 0.0410479 0.0103552
5 0.545715 0.625405 0.0294117 0.0336659 0.0103442
5 0.659113 0.623889 0.0796251 0.0804127 0.0103071
5 0.543431 0.624568 0.0273062 0.0321697 0.0102889
1 0.5014 0.46021 0.557798 0.61289 0.0102061
