3 0.499683 0.488148 0.478879 0.484894 0.616441
3 0.496065 0.489424 0.466544 0.487121 0.596102
3 0.497147 0.491623 0.477453 0.497166 0.592616
3 0.496231 0.491292 0.476989 0.490149 0.584863
3 0.494846 0.493166 0.482319 0.492077 0.581377
3 0.497493 0.490463 0.466997 0.490996 0.571194
3 0.493457 0.490624 0.468383 0.488878 0.45647
3 0.491951 0.489865 0.475313 0.488532 0.389281
3 0.491873 0.490892 0.475614 0.487286 0.284615
3 0.487468 0.490349 0.475723 0.487628 0.0365016
5 0.697939 0.473655 0.0414716 0.0740457 0.0359841
5 0.69832 0.472329 0.0375946 0.0691499 0.0331193
5 0.695079 0.472989 0.0519963 0.0791969 0.0322385
5 0.699695 0.473485 0.0419051 0.0772733 0.0290718
5 0.700141 0.47222 0.041143 0.0736411 0.0288368
5 0.697255 0.475476 0.0455204 0.0767846 0.0239976
5 0.315001 0.577799 0.0330967 0.0607401 0.0218809
5 0.69942 0.474711 0.042353 0.0783836 0.0197912
5 0.698768 0.468493 0.0319706 0.0627654 0.0197887
5 0.69528 0.471598 0.0473333 0.0751849 0.0195937
5 0.694061 0.476271 0.0566966 0.0830026 0.0195666
5 0.701838 0.470702 0.0529865 0.0827527 0.0188476
5 0.315289 0.580334 0.040913 0.0621384 0.0183789
5 0.314507 0.569472 0.0465875 0.0797694 0.0161547
5 0.700478 0.46826 0.0349709 0.0648548 0.0160389
3 0.492634 0.488666 0.478996 0.48563 0.015795
5 0.316139 0.575446 0.0503515 0.0784035 0.0156939
5 0.316063 0.580658 0.0279121 0.0494294 0.014829
5 0.700612 0.472918 0.0522913 0.0844321 0.0147507
5 0.703075 0.467823 0.0470214 0.0752124 0.0125973
5 0.315731 0.579964 0.0280157 0.0475151 0.0114559
5 0.315946 0.581812 0.0402157 0.0575363 0.011326
5 0.315261 0.577447 0.029743 0.0532092 0.0110139
