0 0.495831 0.47042 0.394993 0.457345 0.669532
0 0.495453 0.471737 0.393788 0.463112 0.624649
0 0.500041 0.468635 0.397088 0.45183 0.535177
0 0.499687 0.470964 0.3992 0.461237 0.449732
0 0.501475 0.468096 0.391269 0.449511 0.431866
0 0.500866 0.470678 0.39379 0.460576 0.373329
0 0.501696 0.471662 0.372232 0.440878 0.333061
0 0.501703 0.471189 0.366515 0.440216 0.264631
0 0.499061 0.479234 0.400485 0.466764 0.152274
0 0.494294 0.478196 0.400612 0.467758 0.147893
0 0.498403 0.469721 0.403197 0.480975 0.117533
0 0.504185 0.484271 0.371771 0.416523 0.0498996
5 0.355864 0.519298 0.0669862 0.10594 0.0422724
0 0.502907 0.486514 0.365431 0.413033 0.0418473
5 0.355594 0.515372 0.0682915 0.103613 0.0387724
5 0.353888 0.519509 0.0668659 0.108054 0.0349248
0 0.49829 0.464545 0.361907 0.435858 0.034773
5 0.353576 0.516127 0.0658667 0.103423 0.0289177
5 0.349669 0.521963 0.06726 0.124972 0.0278512
5 0.354826 0.519346 0.0727716 0.130166 0.0259954
0 0.501945 0.338953 0.368518 0.208226 0.0257024
5 0.356232 0.523114 0.0652648 0.103446 0.0252774
5 0.353835 0.523348 0.0669383 0.105217 0.0236481
5 0.610811 0.36137 0.0301716 0.0303166 0.0225079
5 0.615366 0.356846 0.0421503 0.0432562 0.0211368
5 0.356293 0.511954 0.0706851 0.098794 0.0207182
5 0.357519 0.514161 0.0806222 0.127934 0.0204212
0 0.493926 0.338686 0.371473 0.211908 0.020097
0 0.501547 0.462046 0.361476 0.43185 0.0197432
5 0.359828 0.514592 0.0748273 0.104545 0.0183873
0 0.503028 0.349599 0.360667 0.225825 0.017429
5 0.351474 0.516934 0.0740387 0.125831 0.0162873
5 0.358538 0.519072 0.0700049 0.104539 0.0153442
5 0.611053 0.349182 0.0427138 0.0611931 0.0142435
5 0.610869 0.3605 0.0277981 0.0315349 0.0127664
0 0.49796 0.348926 0.36067 0.227457 0.0126307
0 0.496832 0.469989 0.398845 0.479978 0.0116669
5 0.610236 0.360132 0.0268008 0.031032 0.0114444
5 0.385448 0.489236 0.0611735 0.0850012 0.0106616
5 0.352789 0.512785 0.063902 0.0953421 0.0105899
5 0.349735 0.519711 0.0703868 0.111162 0.0103662
