4 0.522923 0.519895 0.414386 0.450858 0.559908
4 0.523474 0.521354 0.409744 0.462282 0.54574
4 0.523823 0.518597 0.415276 0.447643 0.521153
4 0.524631 0.521731 0.417438 0.45936 0.508416
4 0.526834 0.517257 0.424806 0.444324 0.462382
4 0.52633 0.520458 0.421772 0.454956 0.459719
4 0.523895 0.520893 0.416983 0.470721 0.364082
4 0.526768 0.520037 0.376047 0.429629 0.353858
4 0.526923 0.522534 0.379795 0.422142 0.248817
4 0.521887 0.518277 0.365028 0.433752 0.142814
4 0.525617 0.519063 0.422972 0.471614 0.0497047
4 0.524934 0.517 0.372896 0.429284 0.0340737
5 0.0511202 0.566964 0.032457 0.0374899 0.0206834
5 0.051165 0.567723 0.0264655 0.0315277 0.0177963
5 0.0516421 0.567457 0.0338959 0.0397588 0.0161739
5 0.0514474 0.567386 0.0319919 0.0384899 0.0159245
5 0.0514317 0.567005 0.0270193 0.0319846 0.0158303
4 0.628658 0.514394 0.202118 0.433412 0.0138853
5 0.0495186 0.56698 0.0435081 0.0464848 0.013851
5 0.0510485 0.567339 0.0283086 0.0347278 0.0136363
4 0.514547 0.51979 0.34864 0.426127 0.0134751
5 0.0511318 0.566929 0.0240587 0.0302389 0.0106378
4 0.611851 0.514704 0.229731 0.426351 0.0104581
4 0.627867 0.509111 0.204395 0.443325 0.0104386
5 0.0509968 0.566733 0.0333249 0.0365755 0.0102747
