4 0.530363 0.56259 0.414199 0.502881 0.25543
4 0.524965 0.566023 0.389229 0.503111 0.245059
4 0.526572 0.570318 0.398108 0.500041 0.208678
4 0.527469 0.563705 0.413339 0.497689 0.16321
4 0.518125 0.572547 0.374722 0.499863 0.140274
2 0.424841 0.516567 0.0350777 0.0484836 0.136641
2 0.424586 0.517034 0.0345133 0.0498727 0.131645
5 0.620979 0.634855 0.0301855 0.0367333 0.114131
5 0.62171 0.635818 0.0318116 0.0390293 0.11224
4 0.527884 0.558251 0.410557 0.506298 0.111283
5 0.620237 0.635128 0.0340151 0.0393507 0.0889826
4 0.518844 0.574271 0.38712 0.505855 0.0883384
5 0.620303 0.634809 0.032034 0.0383457 0.08741
2 0.424516 0.516694 0.0349347 0.0479286 0.0847486
5 0.620626 0.635029 0.0299217 0.036172 0.0841465
5 0.620986 0.636201 0.0276596 0.0341922 0.0782516
5 0.620652 0.63464 0.0290694 0.0347924 0.0762915
5 0.621137 0.634957 0.0325025 0.0396869 0.0741888
2 0.425858 0.517193 0.0370253 0.0487413 0.072009
4 0.529153 0.55173 0.43056 0.522267 0.0719877
2 0.425381 0.518416 0.0372678 0.0543409 0.0705133
2 0.544896 0.515289 0.0254578 0.0305433 0.0666735
2 0.424772 0.517693 0.0368022 0.0480138 0.0637369
4 0.513309 0.539122 0.333683 0.432263 0.0628852
5 0.619587 0.635327 0.0372549 0.0411805 0.0624346
4 0.518019 0.523611 0.346982 0.401656 0.0618789
2 0.424747 0.517394 0.0393145 0.0491451 0.05705
2 0.517956 0.542503 0.0243448 0.0325724 0.054539
2 0.424612 0.517117 0.0335825 0.0484009 0.0508234
5 0.620332 0.635633 0.0357765 0.0420601 0.050237
5 0.62044 0.63577 0.0283392 0.0346752 0.0492685
5 0.618655 0.635647 0.0434807 0.0490012 0.044417
2 0.518825 0.542234 0.0268986 0.0360117 0.0442344
2 0.544984 0.511687 0.0302923 0.0411886 0.0414468
2 0.545475 0.515372 0.0234894 0.0269039 0.0403171
2 0.519339 0.543086 0.0303724 0.0391344 0.0399311
2 0.517894 0.542514 0.0253872 0.0334312 0.0387851
2 0.517179 0.542798 0.0240639 0.0335305 0.0367379
5 0.424662 0.517838 0.0350942 0.0471001 0.0362663
4 0.523127 0.516236 0.354149 0.393523 0.0346402
2 0.545515 0.514383 0.0249877 0.0296872 0.034373
2 0.517665 0.544432 0.0253737 0.0329142 0.0342805
2 0.424435 0.517645 0.0457931 0.053614 0.0323568
2 0.544017 0.50741 0.0315178 0.0513215 0.032111
2 0.541502 0.51799 0.0421468 0.0560249 0.0318304
2 0.517267 0.542502 0.0265551 0.0349326 0.0298753
2 0.517412 0.542926 0.0229555 0.0299922 0.0297309
2 0.545998 0.513869 0.0258018 0.03135 0.0296693
2 0.4252 0.517808 0.0335219 0.0489831 0.0295017
5 0.620046 0.635872 0.0412857 0.0463742 0.0292585
2 0.544788 0.515425 0.0246638 0.0301026 0.0267611
2 0.424185 0.516286 0.0451642 0.0567461 0.0246129
4 0.529885 0.485654 0.36518 0.335483 0.0245959
2 0.424274 0.516159 0.045783 0.0602489 0.0245304
4 0.523029 0.569261 0.410916 0.508173 0.0242663
2 0.449642 0.558796 0.025671 0.0326977 0.0237897
5 0.621082 0.633579 0.030987 0.0358421 0.0235547
5 0.621242 0.635612 0.041112 0.0455896 0.0233958
2 0.521269 0.541723 0.0340995 0.0411742 0.0229088
2 0.545494 0.515217 0.023226 0.027415 0.021711
2 0.545594 0.515108 0.0298958 0.0343783 0.0216501
5 0.516842 0.54357 0.0269795 0.0360435 0.0213325
2 0.448213 0.559652 0.0262902 0.0315329 0.0210938
2 0.598063 0.684979 0.134866 0.179708 0.021091
2 0.4477 0.559262 0.0297128 0.0342024 0.0209143
2 0.448855 0.559717 0.023625 0.0301093 0.0202195
2 0.531373 0.518189 0.0648593 0.0878183 0.0184011
5 0.621394 0.634887 0.0427865 0.0463387 0.0177066
2 0.44739 0.560522 0.0270245 0.032294 0.0176987
2 0.543755 0.509205 0.033843 0.0489331 0.016963
4 0.521524 0.489097 0.350482 0.333665 0.0167788
2 0.598656 0.684619 0.118009 0.166681 0.0166284
2 0.448233 0.56122 0.0237567 0.0304704 0.0164546
5 0.618027 0.634416 0.0369333 0.0412723 0.0155997
2 0.543804 0.50852 0.0293477 0.0476177 0.0150327
2 0.545157 0.513677 0.0340646 0.0424097 0.0149813
2 0.522331 0.542291 0.0347438 0.0413282 0.0147345
2 0.523374 0.538413 0.0420048 0.0531951 0.0144277
2 0.450068 0.558159 0.0265087 0.0339498 0.0136812
2 0.605552 0.685895 0.139214 0.18075 0.0131759
2 0.53061 0.511237 0.0652107 0.076263 0.0124493
5 0.621848 0.633882 0.0402048 0.0450648 0.0122095
5 0.424092 0.51794 0.0334237 0.0468213 0.0120046
2 0.446536 0.562282 0.0301699 0.0329471 0.0118454
2 0.519466 0.542426 0.0312474 0.0392312 0.0117692
5 0.421635 0.518599 0.049154 0.0571454 0.0114907
5 0.42183 0.517586 0.0439392 0.0529127 0.0113355
2 0.446555 0.560977 0.0301007 0.0343443 0.0113329
2 0.530427 0.522241 0.0659992 0.0909105 0.0111998
2 0.424778 0.518515 0.0419111 0.0540318 0.0111854
2 0.599883 0.683966 0.14877 0.199157 0.0106345
2 0.521193 0.542793 0.0338472 0.0398427 0.0102413
4 0.53552 0.450743 0.373548 0.264938 0.0102093
