2 0.494452 0.460648 0.0292741 0.0444729 0.820644
2 0.494539 0.461503 0.0299002 0.0436542 0.781555
2 0.495112 0.460922 0.0285773 0.0447042 0.761529
2 0.520461 0.295621 0.0325424 0.0356075 0.761078
2 0.52022 0.295938 0.0320629 0.0350146 0.751112
2 0.495396 0.461016 0.0290586 0.04413 0.74998
2 0.494414 0.460695 0.0274533 0.0431442 0.741455
2 0.622738 0.337726 0.0282334 0.0328762 0.734733
2 0.506704 0.500704 0.0330929 0.0360733 0.725875
2 0.622978 0.33714 0.0270754 0.0310873 0.720685
2 0.524163 0.428833 0.0293766 0.0350872 0.720113
2 0.520447 0.295975 0.031452 0.0345738 0.71784
2 0.490038 0.377124 0.0278618 0.0336911 0.694755
2 0.494271 0.461425 0.0291549 0.0436763 0.692727
2 0.602738 0.548677 0.0509609 0.0532748 0.687631
2 0.507513 0.501058 0.0327271 0.0372838 0.683684
2 0.459966 0.544411 0.0378552 0.0525915 0.668842
2 0.375389 0.398039 0.0434297 0.0645445 0.663177
2 0.65168 0.442465 0.034341 0.0553244 0.660233
2 0.523528 0.428829 0.0295418 0.0350586 0.658798
2 0.602785 0.443232 0.0436359 0.0521986 0.658622
2 0.521179 0.295717 0.0324554 0.0362153 0.655758
2 0.45922 0.545273 0.0420195 0.0526492 0.651898
2 0.507033 0.501208 0.034021 0.0388864 0.648339
2 0.506678 0.500829 0.0340023 0.0364658 0.647861
2 0.459468 0.544869 0.0386366 0.0512846 0.643919
2 0.521169 0.295045 0.0318678 0.0370952 0.643067
2 0.54696 0.480064 0.0330895 0.0435367 0.641361
2 0.523302 0.428422 0.0289366 0.0337875 0.63438
2 0.524453 0.429117 0.0284163 0.0344643 0.633955
2 0.523575 0.429143 0.0311068 0.0372492 0.631814
2 0.651581 0.443022 0.0335098 0.0534406 0.628459
2 0.507511 0.50158 0.0312757 0.0349426 0.627589
2 0.521 0.295675 0.0337356 0.037342 0.622913
2 0.459499 0.544695 0.0396403 0.0527767 0.618818
2 0.488895 0.377134 0.0318079 0.0375213 0.612714
2 0.623202 0.338433 0.0299767 0.0365967 0.612377
2 0.536764 0.640595 0.0476088 0.051641 0.610535
2 0.495641 0.461725 0.0296555 0.0449183 0.605386
2 0.375674 0.397711 0.0408601 0.0620099 0.605268
2 0.371965 0.558448 0.0310014 0.0396021 0.601186
2 0.622951 0.338197 0.0292243 0.0352781 0.596168
2 0.461684 0.446403 0.0310559 0.0490991 0.593301
2 0.538767 0.385196 0.0338494 0.0338177 0.590304
2 0.520168 0.29658 0.0314273 0.0344862 0.589404
2 0.4889 0.377087 0.029331 0.0347865 0.582697
2 0.546945 0.47986 0.0338235 0.0451704 0.580434
2 0.547418 0.480678 0.0346656 0.0433537 0.573356
2 0.524956 0.42938 0.0310718 0.0372992 0.573008
2 0.37529 0.398163 0.0423782 0.0621972 0.563637
2 0.490639 0.377527 0.0303999 0.03625 0.563063
2 0.622704 0.33774 0.0280826 0.0321835 0.555941
2 0.506803 0.501199 0.0355332 0.0400431 0.555803
2 0.490523 0.37846 0.0276385 0.0342974 0.551824
2 0.539702 0.386314 0.0351256 0.0341211 0.549349
2 0.489245 0.378273 0.0264851 0.0330616 0.546759
2 0.370378 0.558105 0.0319188 0.0405482 0.546408
2 0.508071 0.500973 0.0320679 0.0366261 0.543707
2 0.495007 0.461167 0.0268626 0.0441231 0.540789
2 0.428475 0.342791 0.0280272 0.0376181 0.537088
2 0.601725 0.548662 0.0513676 0.0536035 0.536702
2 0.495578 0.460838 0.0292049 0.0458254 0.536159
2 0.602282 0.443125 0.0419707 0.0514908 0.534108
2 0.478411 0.605981 0.0361663 0.062596 0.533987
2 0.651876 0.442954 0.0365079 0.0543287 0.533206
2 0.53777 0.385433 0.0362047 0.0341454 0.525034
2 0.623127 0.337908 0.0280484 0.0320702 0.52428
2 0.602575 0.443454 0.0428792 0.0533754 0.517123
2 0.371235 0.558454 0.0336624 0.0409696 0.514598
2 0.46163 0.446417 0.0314345 0.047709 0.511174
2 0.462031 0.446096 0.0306417 0.0488119 0.510275
2 0.550317 0.522918 0.0477961 0.0478089 0.50523
2 0.372297 0.558144 0.0301762 0.040744 0.504502
2 0.602695 0.548337 0.0518328 0.0545353 0.500355
2 0.366747 0.607848 0.0353268 0.0457011 0.497062
2 0.519315 0.296155 0.0326665 0.0348245 0.493013
2 0.651292 0.442663 0.0358231 0.0578908 0.491741
2 0.428815 0.342296 0.0279754 0.0369306 0.480839
2 0.602919 0.443417 0.0431757 0.0535281 0.475472
2 0.52041 0.296056 0.0342373 0.038484 0.475384
2 0.60226 0.549819 0.0507684 0.0523101 0.473889
2 0.535782 0.640906 0.0463258 0.0512839 0.473762
2 0.461657 0.448037 0.0314921 0.0474343 0.472126
2 0.460268 0.544355 0.0387136 0.0533732 0.47089
2 0.488443 0.377287 0.0308328 0.037104 0.470006
2 0.488426 0.376728 0.0280295 0.0350526 0.469523
2 0.651273 0.443374 0.0373045 0.0570494 0.463576
2 0.547468 0.480677 0.0346592 0.0443452 0.460964
2 0.523435 0.429633 0.0283024 0.0336161 0.460802
2 0.622521 0.338155 0.026153 0.0292854 0.460177
2 0.375472 0.397861 0.0412586 0.0638316 0.457793
2 0.372865 0.558692 0.0336018 0.0411636 0.455158
2 0.514287 0.230413 0.051071 0.0577455 0.450716
2 0.651309 0.44251 0.03649 0.0566138 0.448766
2 0.602574 0.549409 0.053262 0.0569247 0.445479
2 0.547132 0.47916 0.0320007 0.0424045 0.445092
2 0.521442 0.29581 0.0298831 0.0345676 0.44123
2 0.544817 0.347359 0.0281348 0.0352407 0.438146
2 0.537724 0.385575 0.0363181 0.0359992 0.435426
2 0.539632 0.385766 0.0353141 0.0365402 0.434588
2 0.602958 0.443888 0.0462143 0.0544742 0.43139
2 0.536221 0.641963 0.0493233 0.0525256 0.430448
2 0.536968 0.641625 0.0473396 0.0521021 0.428889
2 0.538365 0.386538 0.0358643 0.0328009 0.426937
2 0.366777 0.609168 0.0385897 0.0466756 0.425785
2 0.570062 0.705184 0.0309667 0.0432209 0.423936
2 0.366197 0.607921 0.0355674 0.0447922 0.423033
2 0.538564 0.385409 0.0358634 0.0365834 0.422843
2 0.536877 0.385386 0.03665 0.0324574 0.419633
2 0.602876 0.549263 0.0498611 0.0556653 0.415447
2 0.547113 0.480363 0.0340776 0.043199 0.41526
2 0.366943 0.60875 0.0393392 0.0474864 0.413254
2 0.545023 0.34814 0.0299151 0.0359429 0.411466
2 0.458497 0.545343 0.0412706 0.0525824 0.410999
2 0.449397 0.294171 0.036568 0.0539422 0.41088
2 0.570572 0.705539 0.0312249 0.042603 0.409902
2 0.550759 0.523188 0.0485874 0.0511726 0.408539
2 0.47861 0.605506 0.0342745 0.0607049 0.408133
2 0.494932 0.462937 0.0308513 0.0432221 0.406082
4 0.504844 0.496858 0.494649 0.598977 0.40473
2 0.374956 0.397738 0.047241 0.0684115 0.403992
2 0.550472 0.522996 0.0502721 0.052157 0.402081
2 0.429822 0.34206 0.0286739 0.0377287 0.402017
2 0.462738 0.447237 0.0307778 0.0515239 0.401593
2 0.429004 0.342188 0.0280281 0.0372705 0.398378
2 0.602443 0.443667 0.0439947 0.0550484 0.397802
2 0.549506 0.522927 0.047489 0.0489769 0.397701
4 0.5044 0.493679 0.49722 0.604637 0.396257
2 0.356352 0.448161 0.0322648 0.0390732 0.395181
4 0.507126 0.497297 0.48838 0.59987 0.394291
2 0.422376 0.438823 0.0387473 0.0395453 0.390563
2 0.623433 0.338659 0.0310502 0.0356283 0.389851
4 0.505855 0.495263 0.492639 0.604918 0.388723
2 0.536524 0.640601 0.0507483 0.0534934 0.388462
2 0.373483 0.511095 0.0500554 0.0437638 0.3876
2 0.651918 0.443212 0.0354329 0.0546092 0.387344
2 0.37056 0.55785 0.0329347 0.0403321 0.386979
2 0.513256 0.230447 0.0488602 0.0550825 0.38642
2 0.462563 0.448072 0.030451 0.0502786 0.3862
2 0.523021 0.429383 0.0269609 0.0330487 0.384335
2 0.461481 0.448189 0.0328584 0.0471916 0.383817
2 0.461722 0.446098 0.0301935 0.0488809 0.382479
2 0.355817 0.447534 0.0315658 0.0369136 0.379784
2 0.506879 0.501869 0.032185 0.0354182 0.371506
2 0.449648 0.294171 0.0399312 0.0541278 0.37098
2 0.459777 0.544293 0.0426141 0.0556506 0.370402
2 0.525438 0.429983 0.0334916 0.0381599 0.365827
2 0.515271 0.230716 0.0527436 0.0610482 0.365477
2 0.458917 0.546061 0.0478746 0.0571905 0.364979
2 0.523524 0.42877 0.0317964 0.0367944 0.364619
2 0.374445 0.510832 0.0493433 0.0456229 0.362839
2 0.355966 0.447404 0.0306666 0.0363093 0.362621
2 0.430731 0.343281 0.0285598 0.03856 0.362564
2 0.54418 0.348357 0.0302915 0.0366731 0.359297
2 0.375851 0.398784 0.044276 0.0652715 0.358281
2 0.514131 0.229373 0.0540707 0.0595058 0.358052
2 0.430342 0.342613 0.0293392 0.0386584 0.357932
2 0.47882 0.606668 0.0392198 0.065618 0.357087
2 0.513596 0.231745 0.0500975 0.0530211 0.356842
2 0.366208 0.608581 0.0377607 0.0445453 0.354382
2 0.506285 0.500913 0.0350988 0.0365593 0.353452
2 0.424472 0.438856 0.0380826 0.04052 0.352753
2 0.60267 0.549374 0.0529626 0.0543289 0.351885
2 0.545493 0.348413 0.0316973 0.0374597 0.351247
2 0.356556 0.448234 0.0328767 0.0398232 0.351125
2 0.374327 0.512647 0.0509931 0.0458456 0.348922
2 0.370693 0.55842 0.0309125 0.0406707 0.348113
2 0.449538 0.295311 0.0385814 0.0564967 0.3457
2 0.374738 0.397373 0.0433927 0.0651629 0.344742
2 0.507464 0.501893 0.035827 0.0412307 0.342883
2 0.421101 0.440295 0.0433396 0.0391771 0.342839
2 0.355777 0.447613 0.0298432 0.0354768 0.342661
2 0.477687 0.606293 0.0363392 0.0611098 0.342619
2 0.367037 0.608144 0.0351144 0.0460213 0.340774
2 0.515848 0.229438 0.054201 0.0617885 0.340411
2 0.478576 0.606376 0.0359187 0.0629267 0.340353
2 0.459742 0.544387 0.0374671 0.0506727 0.339877
2 0.622689 0.338068 0.0259761 0.0312147 0.33859
2 0.570318 0.70509 0.030308 0.0428158 0.337441
2 0.546765 0.478928 0.0319994 0.0432267 0.337271
2 0.505897 0.339984 0.0337534 0.0457445 0.334476
2 0.521743 0.296086 0.0344841 0.0383117 0.332949
2 0.518999 0.296701 0.0300124 0.0346423 0.331271
2 0.449537 0.297879 0.0387447 0.0620276 0.329443
2 0.696533 0.438272 0.0451463 0.0446896 0.329033
2 0.514395 0.231448 0.0492307 0.0566676 0.327969
2 0.650914 0.442259 0.0357531 0.0544243 0.321151
2 0.536435 0.641138 0.0473971 0.053101 0.319249
2 0.4957 0.459745 0.0281933 0.0436741 0.317167
2 0.544111 0.348783 0.0321225 0.0383489 0.316522
2 0.549462 0.524637 0.0464427 0.0480705 0.314235
2 0.374862 0.511961 0.0499652 0.0481104 0.314165
2 0.356435 0.448302 0.0333829 0.0397688 0.310575
4 0.509989 0.492684 0.49136 0.604864 0.309942
2 0.427652 0.342547 0.0262291 0.0366523 0.306889
2 0.361316 0.64733 0.0274457 0.033072 0.306626
2 0.617442 0.272138 0.0476464 0.0642813 0.306624
2 0.601979 0.444151 0.0431369 0.0543219 0.302712
2 0.426012 0.438065 0.0340576 0.038569 0.301885
2 0.449689 0.294373 0.0381297 0.0547122 0.300656
2 0.54971 0.523015 0.0483848 0.0485039 0.298781
2 0.424589 0.438861 0.0362836 0.0389288 0.297953
2 0.546182 0.479672 0.0361111 0.0478056 0.296033
2 0.421578 0.440114 0.042989 0.0428357 0.293329
2 0.53725 0.386077 0.0380647 0.035249 0.293071
2 0.570557 0.70623 0.0332736 0.0443103 0.29206
2 0.356284 0.446797 0.0289949 0.0352727 0.291249
2 0.356362 0.447416 0.0317615 0.0389862 0.29104
2 0.357272 0.44912 0.0346573 0.0420272 0.290357
2 0.431304 0.340721 0.0333438 0.0420351 0.289941
2 0.547151 0.47956 0.0338928 0.043964 0.289515
2 0.372586 0.512021 0.0503672 0.0422193 0.287644
4 0.508429 0.50731 0.484289 0.578022 0.286374
2 0.371154 0.558746 0.0357199 0.042249 0.285267
2 0.373937 0.397915 0.0472696 0.0661579 0.283621
2 0.507218 0.338802 0.0330532 0.0450503 0.281586
2 0.486917 0.376768 0.0289864 0.035383 0.281485
2 0.488209 0.377867 0.0256992 0.0336926 0.27966
2 0.65196 0.443188 0.0342556 0.0559088 0.277837
2 0.570861 0.706649 0.0330518 0.044654 0.277356
4 0.504889 0.507135 0.496586 0.583679 0.27643
2 0.651787 0.443429 0.0402377 0.059198 0.274563
2 0.649815 0.442533 0.0396022 0.058506 0.271422
2 0.504383 0.34011 0.0339625 0.0450838 0.27018
2 0.355619 0.448049 0.0328083 0.0374666 0.269112
2 0.493224 0.460396 0.0308228 0.0452139 0.267566
2 0.355635 0.447729 0.0292271 0.0347551 0.26618
2 0.403496 0.363144 0.0379987 0.0489814 0.265853
2 0.450535 0.299047 0.0392487 0.0631974 0.265735
2 0.696815 0.438998 0.044269 0.0442902 0.263219
2 0.452537 0.329002 0.0281071 0.0322146 0.260505
2 0.360822 0.64659 0.0245296 0.0304991 0.258846
2 0.45239 0.328545 0.0290244 0.0332696 0.258112
2 0.462937 0.444769 0.0296906 0.0468308 0.257867
2 0.374855 0.511493 0.0496242 0.0468255 0.257613
2 0.617131 0.273381 0.042608 0.0583804 0.25635
2 0.449716 0.296243 0.0401844 0.0574129 0.256269
2 0.49424 0.462611 0.0329887 0.0466184 0.254768
2 0.420907 0.441183 0.0457481 0.0422161 0.253984
2 0.449262 0.294106 0.0372919 0.0545564 0.253637
2 0.543956 0.349682 0.0317381 0.0381894 0.25352
2 0.489767 0.378125 0.0358463 0.0384963 0.250436
2 0.402197 0.36156 0.0372645 0.0464325 0.249877
2 0.696403 0.439899 0.0472154 0.0458803 0.249146
2 0.422007 0.440608 0.0424962 0.039383 0.24891
2 0.405953 0.364583 0.0409324 0.0492709 0.247312
2 0.463367 0.445777 0.0318498 0.0520761 0.246289
2 0.361277 0.646701 0.0248227 0.0317886 0.245883
2 0.489952 0.734472 0.0292804 0.0433255 0.245651
2 0.603143 0.443303 0.0436337 0.0530377 0.245398
2 0.460585 0.544475 0.0425828 0.0573585 0.243934
2 0.674219 0.404558 0.040398 0.0388669 0.242331
2 0.539626 0.386414 0.0377708 0.0390987 0.242101
2 0.62312 0.336548 0.0261768 0.0297186 0.240214
2 0.51133 0.334695 0.0260405 0.0369842 0.238944
4 0.502526 0.491418 0.498233 0.601099 0.237911
2 0.524195 0.428291 0.0284147 0.0326428 0.237732
2 0.617459 0.273939 0.0434742 0.0589103 0.237219
2 0.547593 0.481169 0.0357789 0.0435857 0.236825
2 0.490331 0.735652 0.0287273 0.0409368 0.234478
2 0.67101 0.404169 0.0349013 0.0361666 0.232773
2 0.547838 0.483536 0.0365994 0.0418087 0.231457
2 0.458469 0.54585 0.0429734 0.057137 0.231226
2 0.478488 0.605767 0.037716 0.06339 0.231094
2 0.673084 0.40514 0.0381432 0.037992 0.230644
2 0.617607 0.272961 0.0436126 0.0612913 0.230167
2 0.488858 0.734562 0.0352565 0.0535543 0.22995
2 0.50907 0.338541 0.0322903 0.0438685 0.229664
4 0.509078 0.494838 0.50095 0.60599 0.227735
2 0.670645 0.590011 0.0242569 0.0319615 0.226425
2 0.544707 0.347726 0.0279386 0.0352825 0.226395
2 0.376239 0.397458 0.0396412 0.0607444 0.225197
2 0.460541 0.545242 0.0443619 0.0546545 0.224629
2 0.401216 0.36135 0.0335017 0.0449013 0.222874
2 0.449073 0.297893 0.044115 0.0629267 0.22256
2 0.373716 0.512001 0.0492432 0.0453338 0.22112
2 0.601902 0.550568 0.0506081 0.0521918 0.219886
2 0.623695 0.33626 0.0295996 0.0319759 0.219745
2 0.536326 0.641323 0.0467987 0.0529189 0.219203
2 0.60259 0.443686 0.0436929 0.0551248 0.219057
2 0.37347 0.398036 0.042857 0.0661997 0.218973
2 0.671268 0.404241 0.0353966 0.036064 0.218628
2 0.570744 0.705421 0.0332077 0.0446019 0.218535
2 0.540485 0.386167 0.0370386 0.038622 0.21841
2 0.670369 0.589415 0.0242296 0.0297118 0.217348
2 0.569919 0.704851 0.0299202 0.043602 0.216127
2 0.623443 0.33949 0.0324469 0.0373461 0.213571
2 0.670616 0.589354 0.022541 0.0286348 0.212444
2 0.452068 0.329342 0.0265802 0.0312708 0.211477
2 0.360762 0.646529 0.0248633 0.0325149 0.211003
2 0.366099 0.608689 0.0333982 0.0412859 0.210861
2 0.489759 0.736067 0.0311311 0.0422498 0.210012
2 0.520146 0.295819 0.0302825 0.0338914 0.207146
2 0.373074 0.513057 0.0527216 0.0452167 0.206906
2 0.696237 0.438396 0.0450747 0.0426358 0.206862
2 0.535783 0.386527 0.0365396 0.0325119 0.206854
2 0.370159 0.558575 0.0317032 0.0411514 0.205917
2 0.492083 0.378652 0.0336161 0.0362075 0.205813
2 0.476408 0.740476 0.0634079 0.0730743 0.204885
2 0.457641 0.544616 0.0354867 0.0483342 0.204299
