4 0.506421 0.379978 0.596705 0.71862 0.931741
2 0.615606 0.255402 0.0272461 0.0463974 0.0701741
2 0.530178 0.265981 0.0202653 0.0295603 0.0533034
2 0.55905 0.585489 0.0462512 0.0658684 0.0472359
2 0.577616 0.098603 0.0287596 0.0263633 0.036539
2 0.320369 0.574086 0.0226673 0.052361 0.0244425
2 0.489721 0.289908 0.0614242 0.0423899 0.0234231
2 0.468926 0.623207 0.0356421 0.0404272 0.0221611
2 0.660365 0.493626 0.0393384 0.0568442 0.0188166
2 0.672062 0.0913462 0.0446203 0.0509633 0.0187354
2 0.507318 0.0914195 0.05572 0.0581674 0.0178229
2 0.551031 0.0515574 0.0264736 0.0345919 0.0152153
2 0.435992 0.299969 0.0472294 0.062887 0.0148968
2 0.675736 0.370737 0.0365689 0.0613191 0.0125836
2 0.296816 0.534302 0.0337596 0.0438164 0.0104595
2 0.6418 0.263302 0.0184095 0.036407 0.0100514
