3 0.432045 0.380108 0.444372 0.486857 0.662396
5 0.368537 0.455836 0.0308918 0.03671 0.112
5 0.361947 0.459954 0.0501393 0.0516171 0.0252683
5 0.50247 0.458607 0.0176745 0.0228326 0.0207571
3 0.429165 0.300706 0.0626298 0.0933588 0.017542
5 0.474551 0.446973 0.0237612 0.0268142 0.0173319
3 0.394646 0.367507 0.195736 0.250071 0.0116957
2 0.431286 0.483548 0.0220047 0.0240871 0.0116567
3 0.319914 0.383776 0.224135 0.461991 0.0114982
5 0.431558 0.483784 0.0220251 0.0236573 0.0111748
5 0.399007 0.434086 0.0346481 0.0533294 0.0100068
