3 0.55766 0.47829 0.480171 0.454798 0.43692
3 0.578564 0.365007 0.44264 0.245059 0.14299
5 0.541563 0.581614 0.0707282 0.10808 0.0943721
3 0.578852 0.388731 0.262377 0.201966 0.0324463
0 0.56217 0.512682 0.23836 0.0913863 0.0318518
2 0.54614 0.584184 0.0668941 0.11192 0.0306389
5 0.56576 0.510156 0.222358 0.0711186 0.0305541
0 0.452006 0.522484 0.19153 0.192538 0.024903
2 0.513155 0.271441 0.0402938 0.041073 0.020854
3 0.446494 0.495879 0.249004 0.448063 0.0193375
2 0.313609 0.104259 0.0427821 0.0718876 0.017716
5 0.672184 0.548359 0.0320696 0.0375754 0.0135771
3 0.69701 0.473129 0.203873 0.418191 0.0123519
