3 0.504732 0.494729 0.371506 0.512677 0.505547
0 0.642752 0.434158 0.124834 0.147714 0.127665
2 0.638443 0.556081 0.0482691 0.0548728 0.0836942
5 0.638846 0.555994 0.0538724 0.0608364 0.0388883
0 0.493533 0.548984 0.159359 0.154698 0.0258587
2 0.611826 0.595878 0.0485264 0.0610265 0.0219785
3 0.491455 0.336499 0.359403 0.241645 0.0206911
3 0.801729 0.107295 0.396542 0.21459 0.0206435
2 0.615266 0.569258 0.107626 0.125506 0.019402
5 0.491756 0.556002 0.164778 0.140708 0.0191928
3 0.492965 0.521574 0.17733 0.235694 0.0160184
2 0.529678 0.45324 0.0281344 0.0321706 0.0110381
3 0.505903 0.321468 0.242105 0.168568 0.0103013
