2 0.290716 0.287122 0.113928 0.192065 0.924429
2 0.71864 0.585504 0.135697 0.166083 0.799554
2 0.418118 0.0762124 0.0569708 0.0719954 0.792571
2 0.300261 0.289964 0.0807785 0.196753 0.778339
2 0.383774 0.400814 0.11701 0.131833 0.766912
2 0.383288 0.571398 0.11837 0.153278 0.748752
2 0.421467 0.679473 0.0869179 0.13963 0.729793
2 0.579132 0.680963 0.0662975 0.0844407 0.725204
2 0.728165 0.437203 0.0977998 0.0839436 0.660945
2 0.423651 0.260185 0.128307 0.127383 0.624873
2 0.667761 0.351618 0.114457 0.108726 0.61667
2 0.426261 0.233918 0.120365 0.082894 0.61408
2 0.518178 0.269104 0.0695767 0.0652365 0.603509
2 0.672667 0.730754 0.063921 0.0697363 0.510863
2 0.581193 0.338844 0.0603297 0.0907905 0.480517
2 0.449773 0.228905 0.0775237 0.0608217 0.446765
2 0.743411 0.578762 0.0850065 0.155555 0.444044
2 0.978061 0.678308 0.0438772 0.0770209 0.424237
2 0.309695 0.259674 0.0624296 0.135623 0.380197
2 0.369012 0.402314 0.0745731 0.125804 0.34722
2 0.764007 0.24004 0.0458922 0.0570414 0.339318
2 0.644214 0.51068 0.0664015 0.0477359 0.323614
2 0.60845 0.571611 0.0690121 0.0735103 0.311885
2 0.517412 0.855788 0.0417842 0.0382241 0.283034
2 0.41654 0.362732 0.0377355 0.051144 0.259003
2 0.488899 0.671207 0.0519063 0.0590443 0.257461
2 0.7603 0.234673 0.0649753 0.0728198 0.255884
