5 0.429624 0.452956 0.0402448 0.0565778 0.553637
5 0.557099 0.657061 0.0386098 0.0469528 0.489903
2 0.525792 0.334145 0.0382873 0.0455993 0.462183
2 0.583761 0.36764 0.0292047 0.0352838 0.411023
5 0.521413 0.691786 0.0378544 0.0450154 0.393914
0 0.474772 0.519442 0.351486 0.473727 0.337914
2 0.471463 0.301909 0.0309729 0.0317782 0.297778
5 0.32907 0.55214 0.0245242 0.0343271 0.273133
2 0.50485 0.307981 0.0220494 0.0251752 0.255902
2 0.564649 0.336182 0.0269306 0.0324132 0.243257
2 0.61949 0.433241 0.0168113 0.0228194 0.234843
5 0.364853 0.366717 0.0481244 0.0413513 0.234184
2 0.610229 0.602669 0.0168505 0.0234666 0.228712
5 0.485362 0.608174 0.030376 0.0373927 0.156669
2 0.599754 0.497217 0.0130332 0.0195969 0.155657
2 0.592885 0.640663 0.0227883 0.0350748 0.153571
2 0.602558 0.439514 0.0124009 0.0178763 0.147319
2 0.598337 0.545848 0.0131685 0.0181715 0.144547
2 0.587978 0.519357 0.0145094 0.0184611 0.139633
2 0.601916 0.569162 0.0122299 0.0149612 0.124292
2 0.601377 0.627324 0.0158489 0.0214569 0.120715
2 0.610536 0.399089 0.0177978 0.0264702 0.108516
5 0.590579 0.461568 0.0155789 0.0189027 0.104605
0 0.59057 0.465926 0.121628 0.360665 0.0917754
2 0.596634 0.590778 0.0131561 0.0175983 0.0913517
2 0.626975 0.51739 0.0169738 0.0214574 0.0862203
2 0.581536 0.535578 0.013028 0.0157844 0.0796436
5 0.563445 0.496171 0.0217482 0.0255707 0.0748018
2 0.606229 0.486941 0.0155407 0.0218385 0.0664575
2 0.616786 0.587399 0.0165592 0.0241449 0.061468
2 0.601611 0.593613 0.016051 0.0237808 0.061429
2 0.583984 0.563835 0.0137644 0.0175711 0.0610804
2 0.615534 0.540096 0.0135233 0.0196516 0.0601334
5 0.622032 0.430043 0.0180764 0.0261492 0.0580524
5 0.586238 0.434628 0.0155642 0.019007 0.0574498
2 0.560688 0.423103 0.016936 0.0213513 0.0570195
5 0.55145 0.51989 0.0169209 0.0205927 0.0554241
2 0.585767 0.434826 0.0125979 0.017691 0.054614
2 0.623818 0.542793 0.0169069 0.0206309 0.0518779
5 0.515346 0.565718 0.0256503 0.0310047 0.051677
2 0.619245 0.499144 0.012775 0.0184742 0.0489289
2 0.629972 0.477391 0.0185519 0.0237975 0.0486067
2 0.611118 0.594046 0.0186503 0.0317531 0.047691
2 0.598917 0.63539 0.0228232 0.0410879 0.0449891
5 0.532315 0.550849 0.0205484 0.026736 0.0447588
5 0.587753 0.481107 0.0132812 0.0173438 0.0440237
2 0.582388 0.582392 0.0118389 0.0149908 0.0429026
2 0.445933 0.501846 0.02397 0.0297261 0.0409566
2 0.582014 0.619501 0.0127925 0.0162247 0.0379848
2 0.622706 0.563563 0.0152 0.0199691 0.0345638
5 0.559743 0.891405 0.0812892 0.0343379 0.0337679
5 0.613755 0.397885 0.020826 0.0296001 0.0333787
5 0.627004 0.463417 0.018374 0.0276272 0.0304868
5 0.561471 0.422282 0.0198535 0.0230422 0.0283975
2 0.611015 0.436874 0.0157332 0.0238044 0.0277592
2 0.599354 0.417861 0.0131342 0.0158121 0.0269711
2 0.603416 0.494709 0.0196957 0.0284818 0.0254501
5 0.588001 0.466336 0.0195754 0.0233431 0.0247551
5 0.582277 0.619783 0.0141296 0.0176147 0.0241643
5 0.564333 0.460851 0.0172151 0.0209774 0.0235149
5 0.586265 0.518585 0.0178184 0.0231186 0.0232967
2 0.627119 0.462508 0.019192 0.0260905 0.0211235
5 0.623765 0.563176 0.0165729 0.023676 0.0207188
5 0.558868 0.503258 0.0267453 0.0390725 0.019252
2 0.584768 0.526482 0.0174727 0.0264387 0.0182151
2 0.619874 0.566741 0.0182461 0.0291194 0.0178205
5 0.48243 0.727934 0.0202127 0.0259853 0.0175451
2 0.617133 0.579205 0.0188989 0.0348192 0.0174739
1 0.3465 0.517141 0.103649 0.382241 0.0171433
1 0.488765 0.427083 0.103771 0.132223 0.0171076
2 0.519469 0.535577 0.018018 0.0279993 0.0170568
5 0.583653 0.408185 0.0149345 0.0183874 0.0167103
2 0.607755 0.609469 0.0211611 0.0347691 0.0163088
5 0.583055 0.36798 0.0385654 0.0432931 0.0157905
2 0.627947 0.506545 0.0188583 0.0368275 0.0149819
2 0.481015 0.57197 0.0171218 0.0213817 0.0149631
5 0.524938 0.555419 0.0260548 0.0329584 0.0148803
2 0.603554 0.570213 0.0166811 0.0224724 0.0147417
2 0.524154 0.541331 0.0216521 0.0374046 0.0147218
5 0.583065 0.582112 0.0146691 0.0183613 0.0145991
2 0.610523 0.492865 0.0213858 0.0327108 0.0142956
5 0.419984 0.422069 0.0259718 0.0298223 0.0140535
2 0.604745 0.622384 0.0212304 0.0294035 0.0140252
5 0.604301 0.484856 0.0160364 0.0217857 0.0139996
2 0.606818 0.543466 0.0164776 0.0241452 0.0139084
5 0.494476 0.844777 0.0595956 0.148111 0.0136929
5 0.591053 0.485394 0.0159031 0.0261134 0.0135563
2 0.628811 0.49971 0.0147474 0.0213288 0.0129892
2 0.583737 0.627645 0.0195901 0.0355174 0.0124448
2 0.568784 0.578624 0.0125636 0.0181978 0.012413
2 0.591619 0.539926 0.0166589 0.0240956 0.011988
2 0.529289 0.547661 0.02164 0.0315955 0.01195
5 0.627018 0.542756 0.0198599 0.0280573 0.0105436
