5 0.473958 0.504513 0.109562 0.132047 0.790549
5 0.568363 0.268346 0.0740762 0.0826679 0.737198
5 0.537905 0.759797 0.098368 0.0729286 0.411916
0 0.538191 0.513244 0.485226 0.560931 0.307717
2 0.680227 0.673509 0.0664768 0.0815981 0.263295
5 0.680299 0.674278 0.0641601 0.0835533 0.260369
3 0.479838 0.506268 0.0895002 0.131143 0.087969
1 0.536039 0.89993 0.476107 0.160044 0.0858727
1 0.252794 0.510298 0.121912 0.674574 0.0355081
1 0.773517 0.461995 0.0900433 0.515593 0.0334604
5 0.231811 0.380944 0.0345944 0.0488342 0.0245498
3 0.531973 0.445007 0.409179 0.346962 0.0152317
0 0.469701 0.507465 0.0955561 0.124167 0.0112973
0 0.436875 0.465917 0.21544 0.395741 0.0101153
