2 0.824056 0.421962 0.097694 0.107551 0.193514
2 0.69548 0.107811 0.0441637 0.0439093 0.156125
4 0.578763 0.91548 0.499917 0.165705 0.153424
2 0.814472 0.280996 0.0404377 0.0264879 0.0895962
2 0.441651 0.326491 0.0450679 0.0376735 0.0852831
1 0.477734 0.486877 0.955469 0.969146 0.0760918
2 0.50958 0.532249 0.0426138 0.043407 0.056815
2 0.772905 0.202076 0.0422379 0.0342845 0.0561558
2 0.81555 0.403443 0.127145 0.167071 0.0494381
2 0.0849939 0.361066 0.0651341 0.0856393 0.0493846
4 0.18484 0.660205 0.351077 0.336783 0.0427503
2 0.304079 0.769159 0.0306945 0.0498337 0.0409218
2 0.248934 0.639581 0.140077 0.15555 0.039055
2 0.8218 0.569472 0.04245 0.0400116 0.0343484
2 0.656145 0.0178287 0.0810588 0.0313938 0.0337793
2 0.793007 0.292752 0.0698408 0.0531456 0.0305935
2 0.781047 0.293195 0.0320916 0.0415606 0.0297732
2 0.56861 0.921931 0.0365165 0.0290126 0.0290178
2 0.635444 0.568805 0.0354426 0.0373587 0.0275988
2 0.838278 0.42474 0.0548626 0.0864099 0.0262927
4 0.198773 0.63509 0.379286 0.688226 0.0222593
4 0.451958 0.0623681 0.573867 0.124736 0.0218221
2 0.5722 0.922618 0.0206725 0.0218691 0.0216382
2 0.848044 0.411887 0.0284757 0.0565843 0.0212716
2 0.749543 0.153823 0.0247212 0.0363999 0.0183965
2 0.621225 0.914152 0.030668 0.0226728 0.0168872
2 0.855291 0.551613 0.0276052 0.0413702 0.0162173
2 0.331373 0.510783 0.0275881 0.0473739 0.0155312
2 0.240377 0.664698 0.0815529 0.0992087 0.0140289
4 0.203174 0.179452 0.299342 0.332386 0.0135564
2 0.328382 0.846431 0.0302901 0.0454583 0.0133541
4 0.583813 0.937054 0.288209 0.119974 0.0119048
4 0.0910355 0.616838 0.163826 0.319784 0.0113595
