2 0.395896 0.526036 0.0616206 0.111198 0.860159
2 0.398763 0.653758 0.0609807 0.0829801 0.852105
2 0.399218 0.65358 0.0599253 0.0841811 0.834203
2 0.399291 0.654307 0.0586879 0.0852263 0.825719
2 0.396738 0.526927 0.062073 0.110955 0.794371
2 0.394103 0.524968 0.0590614 0.113155 0.77971
2 0.400445 0.653128 0.0570561 0.0851147 0.778193
2 0.398742 0.654015 0.0632632 0.0846495 0.776054
2 0.547405 0.699473 0.047817 0.0742065 0.770468
2 0.547258 0.699148 0.0485278 0.0732641 0.752192
2 0.546892 0.698994 0.048183 0.0732121 0.729832
2 0.547903 0.700316 0.0467187 0.0735297 0.716578
2 0.400995 0.653888 0.0584802 0.0832859 0.710128
2 0.547645 0.699166 0.0469696 0.0728352 0.701259
2 0.399736 0.655954 0.059692 0.0799217 0.690248
2 0.395564 0.525986 0.0590435 0.109035 0.687091
2 0.547188 0.698807 0.0499155 0.0737971 0.681503
2 0.39736 0.525059 0.0653606 0.115795 0.680316
2 0.601866 0.471316 0.0577278 0.0507022 0.650472
2 0.394394 0.52652 0.0593926 0.105557 0.625034
2 0.398535 0.652814 0.0562475 0.0833094 0.606928
2 0.600708 0.469859 0.0540582 0.0482345 0.580414
2 0.599484 0.470062 0.0532321 0.0471315 0.565005
2 0.547377 0.699571 0.0487887 0.0745552 0.555435
2 0.599108 0.469214 0.0513424 0.0462458 0.54667
2 0.397816 0.527044 0.0654196 0.116519 0.546121
2 0.578066 0.617561 0.0366331 0.0326333 0.527674
2 0.601663 0.471884 0.0577473 0.050559 0.524446
2 0.577552 0.617306 0.0369626 0.030436 0.51945
2 0.578363 0.61654 0.0368871 0.0316784 0.505776
2 0.547755 0.699756 0.0492567 0.0735086 0.505663
2 0.577525 0.617886 0.0361793 0.0299114 0.489403
2 0.600876 0.471006 0.0547445 0.0489688 0.474504
2 0.397834 0.52422 0.0592664 0.108478 0.456669
2 0.397605 0.527499 0.0617853 0.112145 0.417823
2 0.401167 0.656505 0.0582626 0.07895 0.41068
2 0.303986 0.677951 0.0772134 0.089863 0.408561
2 0.393048 0.528827 0.0571022 0.102177 0.407067
2 0.546567 0.699293 0.0487812 0.0739531 0.403908
2 0.397425 0.526748 0.0608039 0.113663 0.362747
2 0.289714 0.670705 0.0452386 0.071223 0.360239
2 0.600154 0.469864 0.0532082 0.0472304 0.345289
2 0.686442 0.223652 0.0330714 0.0386405 0.338149
2 0.395573 0.525737 0.0677681 0.117801 0.319557
2 0.289727 0.672481 0.0463773 0.0745109 0.311617
2 0.398367 0.654488 0.0531653 0.0850256 0.307808
2 0.290734 0.672092 0.0468176 0.072935 0.302699
2 0.686292 0.224201 0.0322743 0.0365109 0.301722
2 0.686375 0.224229 0.0330612 0.0376034 0.299842
2 0.603157 0.472465 0.0592724 0.0539246 0.296592
2 0.307123 0.677741 0.0723065 0.0836292 0.289049
2 0.301935 0.674861 0.069509 0.0795421 0.288931
2 0.398557 0.654243 0.0592831 0.0831515 0.286458
2 0.305569 0.675882 0.0737671 0.0829874 0.278963
2 0.601644 0.472002 0.0576507 0.0554892 0.269448
2 0.686067 0.224537 0.0325874 0.0358858 0.26651
2 0.548653 0.699662 0.0420323 0.0713064 0.258546
2 0.297969 0.675488 0.0587711 0.0792107 0.257581
2 0.39976 0.652953 0.0580754 0.0832505 0.255621
2 0.549426 0.700688 0.0437939 0.0755091 0.253135
