3 0.537087 0.359944 0.502533 0.593936 0.79048
3 0.537668 0.358482 0.499637 0.593137 0.779275
3 0.537536 0.359599 0.495206 0.60017 0.766017
3 0.537312 0.357151 0.490408 0.590384 0.751485
3 0.536522 0.356744 0.492628 0.592682 0.7345
3 0.537468 0.359759 0.49285 0.593619 0.717309
3 0.536255 0.359177 0.49037 0.602845 0.711614
3 0.536781 0.360079 0.493672 0.595382 0.707471
3 0.538898 0.360051 0.496082 0.608223 0.697864
3 0.535604 0.359131 0.490649 0.606298 0.364554
3 0.53783 0.360793 0.494017 0.593511 0.343179
