2 0.647488 0.568329 0.0447549 0.0562397 0.502596
2 0.647645 0.568121 0.0448604 0.0538466 0.493134
2 0.647381 0.568147 0.0441643 0.0539065 0.478988
2 0.618718 0.419858 0.0421693 0.0443576 0.453333
2 0.619158 0.419973 0.042429 0.0442594 0.428946
4 0.467395 0.56198 0.43816 0.653934 0.403731
2 0.647947 0.56848 0.0445543 0.056057 0.385752
2 0.445137 0.616316 0.0405403 0.043337 0.37189
2 0.64834 0.568151 0.0448562 0.0547687 0.360111
2 0.619344 0.420648 0.0420251 0.0433189 0.354242
2 0.647197 0.56832 0.0441756 0.0545811 0.333553
4 0.467093 0.561892 0.43517 0.655453 0.322305
2 0.618405 0.420554 0.0412088 0.0431154 0.318248
2 0.622697 0.514475 0.0434788 0.0434205 0.312937
2 0.445083 0.616095 0.0402059 0.0430997 0.304223
2 0.621817 0.514175 0.0426993 0.0423949 0.295259
2 0.621613 0.515182 0.0439163 0.0432962 0.291503
2 0.648182 0.568682 0.0447857 0.0561178 0.278506
2 0.623177 0.514274 0.0431995 0.0430647 0.277862
0 0.468189 0.564067 0.437871 0.651131 0.271206
2 0.51686 0.621272 0.0422006 0.0508122 0.255662
