2 0.24895 0.561535 0.0610641 0.0681317 0.714694
2 0.248536 0.56177 0.0600979 0.0671915 0.694686
5 0.476588 0.537663 0.0710554 0.0796591 0.685031
2 0.248898 0.561335 0.06276 0.0662202 0.647761
5 0.476349 0.537397 0.0709899 0.0776492 0.625354
2 0.249209 0.560639 0.0623394 0.067221 0.623047
5 0.477406 0.53768 0.072989 0.0794347 0.550443
5 0.47718 0.537914 0.0720389 0.0796928 0.549267
2 0.249731 0.56067 0.0596529 0.0705594 0.544798
2 0.248066 0.560419 0.0607087 0.0680444 0.542454
5 0.476472 0.536936 0.0711307 0.0793268 0.531305
3 0.458983 0.5175 0.532654 0.532658 0.510976
5 0.619803 0.559198 0.0470024 0.0701561 0.505613
5 0.476194 0.537342 0.0696008 0.0792498 0.487907
5 0.619694 0.559293 0.0449883 0.0708379 0.469139
5 0.61938 0.559881 0.0464133 0.0705143 0.462406
3 0.45838 0.514474 0.53611 0.523768 0.462394
5 0.619436 0.559461 0.0439828 0.0698541 0.459664
5 0.477364 0.538322 0.0719275 0.078961 0.449423
2 0.249167 0.560447 0.0567466 0.0675165 0.445756
5 0.61923 0.559845 0.0452878 0.0697232 0.436966
5 0.619893 0.559626 0.0471285 0.0700902 0.434717
2 0.248479 0.560505 0.0610052 0.0676 0.421414
5 0.604655 0.474806 0.0355164 0.0547963 0.397084
5 0.605051 0.474806 0.0356382 0.0545506 0.39353
5 0.604648 0.474403 0.0355251 0.0540924 0.388992
5 0.248928 0.561182 0.0622294 0.0693412 0.372628
5 0.60515 0.475004 0.0357443 0.0538881 0.351373
2 0.248639 0.560988 0.0578623 0.0653954 0.346609
3 0.45908 0.525757 0.529629 0.547492 0.324978
3 0.457785 0.525724 0.533667 0.546998 0.322971
5 0.620434 0.559596 0.0488205 0.0711566 0.310822
2 0.249385 0.560579 0.0649711 0.0710638 0.302695
5 0.604669 0.474985 0.0361301 0.0540357 0.290953
5 0.60464 0.474716 0.0365187 0.0553485 0.284507
2 0.24868 0.561865 0.0649991 0.0684557 0.272625
5 0.618711 0.559006 0.0472547 0.0743353 0.267923
5 0.620399 0.559928 0.0489818 0.0721709 0.267059
5 0.477312 0.538366 0.0691113 0.0823483 0.264128
5 0.605026 0.4749 0.0340763 0.0537204 0.254327
