2 0.391163 0.730454 0.0999583 0.126394 0.909196
2 0.390369 0.730732 0.0997704 0.123102 0.882355
2 0.390753 0.729284 0.0997943 0.127221 0.879939
2 0.778705 0.394415 0.0650271 0.0803915 0.864697
2 0.779309 0.394607 0.0646061 0.0815491 0.850001
2 0.390578 0.730457 0.100064 0.124037 0.840818
2 0.779326 0.394736 0.0644869 0.0788581 0.824654
2 0.782683 0.394474 0.0629583 0.0823503 0.787697
2 0.625934 0.460152 0.0677349 0.178068 0.786961
2 0.625408 0.460676 0.0705206 0.1751 0.768122
2 0.781707 0.394357 0.0613572 0.0809586 0.766898
2 0.779058 0.395042 0.06827 0.0802868 0.764786
2 0.378175 0.520492 0.0542369 0.0938791 0.758227
2 0.541372 0.692963 0.067942 0.0862816 0.749803
2 0.623456 0.459793 0.0711718 0.174809 0.749258
2 0.541096 0.692372 0.0681842 0.0858311 0.740026
2 0.73789 0.682326 0.105521 0.0670778 0.728069
2 0.62369 0.458973 0.0713785 0.180034 0.713021
2 0.543196 0.692709 0.0693989 0.0855955 0.712114
2 0.377758 0.520668 0.0538759 0.0940843 0.711862
2 0.736392 0.683425 0.112138 0.072973 0.708836
2 0.469869 0.333042 0.181798 0.153883 0.705631
2 0.779445 0.394822 0.0664075 0.0807666 0.700848
2 0.376679 0.520708 0.0520201 0.0939994 0.693073
2 0.60961 0.703469 0.0755977 0.0877736 0.687697
2 0.377068 0.521529 0.0521691 0.0917384 0.679857
2 0.737592 0.683169 0.111828 0.0752833 0.676148
2 0.542847 0.693008 0.0672851 0.0849344 0.653705
2 0.737899 0.681482 0.104737 0.0679392 0.625806
2 0.609742 0.703718 0.0749116 0.0904527 0.624497
2 0.45759 0.333785 0.155642 0.151077 0.621875
2 0.611522 0.70316 0.0771715 0.090128 0.576171
2 0.261141 0.245167 0.0547887 0.0957251 0.574581
2 0.469196 0.334951 0.180311 0.153184 0.563507
2 0.260834 0.24421 0.0558697 0.100631 0.55569
2 0.625366 0.459084 0.0732263 0.176971 0.554882
2 0.542049 0.692989 0.0660262 0.0875294 0.550143
2 0.782328 0.395121 0.0625397 0.0821393 0.546628
2 0.26116 0.242065 0.0510155 0.0920809 0.541051
2 0.260893 0.241808 0.0528589 0.0897442 0.54094
2 0.541875 0.693104 0.0670741 0.0856452 0.539624
2 0.415905 0.345787 0.0723799 0.104675 0.536502
2 0.468678 0.337799 0.179957 0.151778 0.532051
2 0.609197 0.7038 0.0747657 0.0864513 0.530743
2 0.26084 0.240477 0.0538751 0.0872271 0.527741
2 0.541345 0.694396 0.0657498 0.0826822 0.517341
2 0.737144 0.68489 0.112249 0.0737393 0.506283
2 0.378135 0.520604 0.0562994 0.0943599 0.498565
2 0.462734 0.334464 0.162815 0.151313 0.496786
2 0.390613 0.731453 0.0943389 0.1257 0.494723
2 0.420821 0.344679 0.0754635 0.111478 0.484379
2 0.610687 0.704043 0.0753282 0.0885985 0.483198
2 0.736272 0.684103 0.112102 0.0757886 0.478849
2 0.260852 0.240446 0.0514128 0.0900388 0.477807
2 0.377192 0.520463 0.0524536 0.0966194 0.475202
2 0.610788 0.703844 0.0773641 0.0890527 0.46973
2 0.392207 0.731009 0.0955807 0.126839 0.46916
2 0.625847 0.460479 0.0671594 0.163139 0.468161
2 0.392293 0.727228 0.103923 0.123125 0.461108
2 0.376471 0.521929 0.0517571 0.0955645 0.457549
2 0.371415 0.107751 0.0650876 0.0512714 0.438993
2 0.61036 0.704893 0.0744487 0.0930067 0.438631
2 0.371636 0.106609 0.0655675 0.0526603 0.433934
2 0.499224 0.361305 0.120732 0.111155 0.427919
2 0.473467 0.338299 0.16549 0.151285 0.427763
2 0.738607 0.680623 0.108637 0.0686364 0.422607
2 0.442128 0.330915 0.129253 0.150724 0.417679
2 0.622716 0.460462 0.0734533 0.178087 0.416148
2 0.778091 0.395394 0.0654702 0.0802436 0.412381
2 0.372958 0.106813 0.0641513 0.0543316 0.406406
2 0.625165 0.461689 0.0674715 0.162727 0.405925
2 0.390563 0.728284 0.102177 0.128255 0.394837
2 0.37762 0.524217 0.057127 0.0928084 0.384068
2 0.452652 0.332091 0.150623 0.151948 0.380744
2 0.541735 0.693335 0.064985 0.0873164 0.370273
2 0.37133 0.105252 0.0693216 0.0541007 0.369489
2 0.738478 0.682478 0.107363 0.0678585 0.367592
2 0.587023 0.275736 0.0494725 0.0396672 0.366445
2 0.586435 0.276106 0.0499432 0.0396203 0.360806
2 0.739086 0.683088 0.100495 0.0663191 0.36062
2 0.609246 0.703419 0.0740035 0.0912627 0.360608
2 0.627665 0.459822 0.0681104 0.181352 0.35261
2 0.414892 0.347094 0.0717671 0.102264 0.351885
2 0.741774 0.681638 0.0956575 0.0657397 0.34696
2 0.483363 0.351436 0.163671 0.128574 0.343959
2 0.26451 0.25314 0.0667869 0.115361 0.338904
2 0.541932 0.694262 0.0653403 0.0822156 0.334733
2 0.387241 0.728054 0.0914577 0.122202 0.332477
2 0.374791 0.107657 0.0625415 0.0546072 0.329251
2 0.374396 0.108842 0.0636261 0.05326 0.326887
2 0.378285 0.523975 0.0550557 0.0934063 0.326405
2 0.586257 0.2757 0.0504012 0.0397478 0.32584
2 0.371667 0.106478 0.0684872 0.0536002 0.322941
2 0.37642 0.522674 0.062387 0.10586 0.322499
2 0.376176 0.524717 0.0604132 0.105348 0.320059
2 0.585804 0.274796 0.0517568 0.041571 0.318965
2 0.586224 0.274759 0.0511703 0.0396931 0.311507
2 0.586411 0.275734 0.049851 0.0396199 0.300054
2 0.780123 0.394656 0.0623312 0.0808151 0.298131
2 0.551863 0.777961 0.0316664 0.0430101 0.293958
2 0.73557 0.681569 0.106197 0.0705492 0.292805
2 0.55228 0.778503 0.0305378 0.0412453 0.283471
2 0.392155 0.732013 0.0981469 0.122492 0.275594
2 0.435982 0.330656 0.110657 0.14745 0.267721
2 0.611594 0.703861 0.0755581 0.0922258 0.262682
2 0.55225 0.778013 0.0319878 0.0432653 0.259418
2 0.377656 0.519778 0.0566562 0.094622 0.258304
2 0.54268 0.693221 0.069232 0.0842506 0.256946
2 0.47075 0.335802 0.181075 0.153721 0.253909
