2 0.605445 0.466958 0.0453827 0.0559263 0.632231
2 0.60503 0.466615 0.0451664 0.0552238 0.61186
2 0.605745 0.467508 0.046044 0.0538489 0.585056
2 0.474931 0.354312 0.0533623 0.0583562 0.56292
2 0.605122 0.467168 0.0436509 0.0536103 0.547848
2 0.475222 0.354808 0.0515763 0.0585542 0.529276
2 0.605946 0.467129 0.0459986 0.0552971 0.528955
2 0.475818 0.355167 0.050777 0.0579977 0.519685
2 0.604908 0.466968 0.0443843 0.0552459 0.499274
2 0.475461 0.354839 0.049844 0.0570211 0.490963
2 0.47477 0.354559 0.0534727 0.0586304 0.47769
2 0.475397 0.642129 0.0411518 0.0465443 0.474208
2 0.475676 0.642713 0.0420914 0.0462085 0.471063
2 0.475002 0.354277 0.0525856 0.0581573 0.457045
2 0.474765 0.641808 0.0410059 0.0459306 0.444804
2 0.474427 0.642389 0.0413602 0.0445595 0.376608
2 0.475428 0.355051 0.0526117 0.0589386 0.368484
2 0.604098 0.467155 0.0493264 0.0594546 0.339655
2 0.475058 0.641933 0.0428441 0.0458896 0.337332
2 0.476183 0.354506 0.0523212 0.0609275 0.33334
2 0.389488 0.484079 0.0736069 0.0741612 0.330707
2 0.475819 0.642202 0.0444458 0.0478146 0.321015
2 0.474321 0.35385 0.0602831 0.0630692 0.31861
2 0.474778 0.6416 0.0414268 0.0445713 0.303916
2 0.474872 0.354564 0.0523409 0.0580167 0.295935
2 0.474656 0.353789 0.0493046 0.0567218 0.288228
2 0.475799 0.642911 0.0440853 0.0491636 0.284067
2 0.557534 0.67455 0.0455303 0.049524 0.283471
2 0.475009 0.354621 0.0623271 0.0633685 0.279507
2 0.557163 0.675352 0.0473478 0.0509866 0.277628
2 0.603158 0.467634 0.0489905 0.0590287 0.277295
2 0.606958 0.467223 0.0472771 0.0561639 0.26334
2 0.391223 0.485329 0.0696159 0.0702375 0.256354
2 0.557803 0.67501 0.0455178 0.0509231 0.255084
2 0.557957 0.675176 0.0441004 0.0490631 0.25304
2 0.559211 0.674895 0.0449574 0.049065 0.252375
