5 0.610644 0.361611 0.0335137 0.0354785 0.343429
5 0.6107 0.362046 0.0339489 0.0353552 0.32243
5 0.609989 0.362746 0.0393703 0.0424858 0.311866
5 0.439974 0.620947 0.0326313 0.0410642 0.305655
5 0.61012 0.362882 0.0364354 0.0387317 0.287621
0 0.510855 0.454107 0.371634 0.428091 0.287618
5 0.611275 0.362953 0.0393908 0.0421096 0.2864
5 0.609954 0.362811 0.0382837 0.0405463 0.283815
5 0.61147 0.361769 0.0364896 0.0386708 0.282061
5 0.440392 0.621174 0.0377699 0.0429355 0.26825
0 0.512892 0.450922 0.36008 0.419809 0.25741
