2 0.426434 0.367188 0.122138 0.206743 0.650857
0 0.502345 0.513751 0.680514 0.965901 0.500911
2 0.531659 0.456716 0.101841 0.151894 0.439027
2 0.67514 0.288313 0.0638086 0.161198 0.397107
2 0.524348 0.0954981 0.118765 0.100009 0.377211
2 0.566823 0.634202 0.176448 0.239106 0.270689
2 0.336337 0.231121 0.0710212 0.199597 0.216151
2 0.285291 0.459957 0.145104 0.156851 0.209309
1 0.932901 0.0749569 0.132668 0.149914 0.185119
5 0.863076 0.739577 0.0299641 0.0464861 0.163639
5 0.925044 0.6629 0.0318053 0.0456128 0.151277
