0 0.397844 0.50371 0.406536 0.472926 0.777794
3 0.375676 0.495811 0.21583 0.232954 0.121979
0 0.383505 0.499992 0.233614 0.21967 0.0667304
5 0.391295 0.507199 0.266596 0.210061 0.0607632
5 0.424224 0.417288 0.18893 0.151538 0.0444441
0 0.400804 0.420588 0.256595 0.166909 0.0266643
5 0.534058 0.544407 0.0152552 0.0181592 0.019782
3 0.330243 0.516352 0.114802 0.175748 0.0197555
5 0.415274 0.532643 0.178855 0.155006 0.0145042
1 0.404017 0.625992 0.149394 0.0754479 0.0135431
0 0.439355 0.428156 0.153013 0.130188 0.011352
