0 0.54159 0.487413 0.345408 0.39693 0.435124
3 0.538751 0.483793 0.342063 0.390878 0.346718
5 0.575969 0.628144 0.0278856 0.0321792 0.226718
5 0.670399 0.461907 0.0363717 0.0398919 0.2261
5 0.524705 0.626687 0.0371552 0.0387537 0.15467
5 0.442668 0.544659 0.0666759 0.0812825 0.101474
5 0.543266 0.30275 0.0280487 0.0321376 0.0848861
5 0.649365 0.501586 0.0221013 0.024821 0.0722538
5 0.507523 0.321172 0.0196585 0.0218624 0.035395
0 0.484896 0.494502 0.225063 0.299987 0.0296254
5 0.433876 0.445562 0.0259997 0.0371991 0.0268264
5 0.451107 0.562098 0.0569141 0.049049 0.0241465
5 0.582312 0.628238 0.0409788 0.0460574 0.0218791
5 0.460176 0.569743 0.038931 0.0336822 0.0175987
0 0.673869 0.46595 0.0663915 0.317538 0.0148963
5 0.510908 0.317413 0.0327167 0.0399072 0.0147931
5 0.523286 0.405802 0.0215231 0.0255104 0.0137176
2 0.406124 0.467087 0.0219198 0.0310438 0.0128694
5 0.932583 0.460939 0.0432854 0.058248 0.0126681
5 0.532671 0.308877 0.0616543 0.0461974 0.0116967
5 0.497655 0.402945 0.0228253 0.0244533 0.0107292
