3 0.507043 0.471233 0.424239 0.535635 0.38932
0 0.524531 0.468501 0.514114 0.524679 0.173913
5 0.501709 0.648827 0.0275451 0.0322621 0.0910168
2 0.428659 0.671371 0.0343604 0.0396278 0.082668
2 0.500803 0.648789 0.037692 0.0388338 0.0438994
5 0.430832 0.669723 0.04366 0.0475906 0.0342334
5 0.434237 0.58514 0.0829198 0.120482 0.0244074
5 0.574331 0.6416 0.0236736 0.0284795 0.0231649
3 0.527979 0.49676 0.310788 0.347831 0.020629
2 0.566762 0.732713 0.0844552 0.0934617 0.0183764
2 0.425861 0.584166 0.0734652 0.117574 0.0178007
5 0.496619 0.645979 0.0439561 0.0408909 0.0167551
2 0.277028 0.525737 0.0467425 0.0957814 0.0148036
2 0.434725 0.619468 0.0329566 0.0421476 0.0108374
