0 0.518309 0.484244 0.426317 0.500964 0.624303
5 0.413617 0.626758 0.032782 0.0409106 0.225497
5 0.466404 0.35471 0.0319416 0.0378698 0.197866
2 0.413132 0.627312 0.0354085 0.0410757 0.155229
5 0.517503 0.258018 0.0191891 0.023394 0.12458
5 0.432851 0.555399 0.0428521 0.0470623 0.123989
5 0.487271 0.264005 0.026131 0.0296321 0.117961
5 0.367829 0.366093 0.0263366 0.0318338 0.0951161
5 0.474335 0.705302 0.026783 0.027404 0.0824576
5 0.459725 0.336412 0.0298647 0.0293535 0.0712289
5 0.510483 0.259286 0.0380577 0.0375366 0.064966
2 0.366629 0.365841 0.0246826 0.0300894 0.064055
5 0.486256 0.264325 0.037093 0.0446827 0.04803
2 0.333287 0.59915 0.0189811 0.0302412 0.0362304
2 0.450153 0.283013 0.019815 0.0246706 0.0359598
2 0.351427 0.405032 0.0178365 0.02163 0.0358023
5 0.453051 0.328514 0.0213137 0.0222369 0.0353073
5 0.571572 0.26287 0.046723 0.0439555 0.033092
5 0.354025 0.403 0.0281168 0.0318373 0.0329147
5 0.477813 0.700855 0.0414971 0.0361377 0.0281932
5 0.454366 0.392877 0.0231936 0.0255935 0.0270161
5 0.577456 0.26561 0.0250439 0.0292755 0.0263218
5 0.350015 0.405276 0.0187329 0.0236007 0.024926
2 0.340845 0.431341 0.0182501 0.0213441 0.0219603
5 0.343207 0.430496 0.0192293 0.02389 0.0207729
5 0.360849 0.39271 0.020477 0.0205351 0.0206775
2 0.336179 0.457179 0.0171312 0.0213868 0.0195888
5 0.449653 0.283512 0.0259695 0.031839 0.0191267
5 0.421513 0.691537 0.0371073 0.0400951 0.018875
5 0.570341 0.545729 0.0194883 0.025927 0.0181968
2 0.402126 0.675046 0.0173848 0.0187485 0.0177212
2 0.362929 0.602361 0.0186072 0.0195114 0.0154898
5 0.464374 0.346231 0.0477709 0.0634421 0.0151619
5 0.552913 0.26332 0.113694 0.0545585 0.0149309
5 0.460965 0.370788 0.0390432 0.0455582 0.0144807
5 0.416636 0.623083 0.0490848 0.0595996 0.0127469
0 0.363139 0.519397 0.113052 0.396811 0.0112017
5 0.371299 0.366893 0.0418728 0.0419648 0.0111147
5 0.514861 0.696712 0.0351488 0.0328646 0.0106967
