4 0.53107 0.535732 0.468092 0.517994 0.316725
2 0.463228 0.549637 0.0512715 0.048908 0.239407
2 0.57619 0.687043 0.0552681 0.0924914 0.17033
0 0.531527 0.541682 0.486154 0.521597 0.167973
2 0.601019 0.504619 0.0788454 0.082858 0.160921
2 0.633995 0.591857 0.0637039 0.0631623 0.131762
2 0.621756 0.508454 0.0373367 0.0707808 0.111079
2 0.496151 0.593572 0.0321748 0.0516641 0.0489091
2 0.587478 0.482371 0.0629463 0.0488886 0.0348066
4 0.543021 0.657856 0.316693 0.204958 0.0268729
2 0.469786 0.701386 0.141886 0.121473 0.0265856
2 0.438653 0.457177 0.0634294 0.0794196 0.0242036
2 0.696567 0.438239 0.0587801 0.0577679 0.0228952
2 0.582081 0.50914 0.0475747 0.0687521 0.0205297
0 0.565529 0.601893 0.368025 0.304577 0.0173109
3 0.533689 0.609738 0.333086 0.299489 0.0160249
2 0.583774 0.520128 0.0315737 0.0435434 0.0153079
3 0.629726 0.654366 0.140925 0.19995 0.0107011
2 0.588925 0.679771 0.0925954 0.117602 0.0104549
2 0.458177 0.491658 0.0551364 0.049718 0.0103432
