1 0.55644 0.484633 0.68489 0.861222 0.837853
1 0.554854 0.485243 0.691321 0.862053 0.835632
1 0.551727 0.48457 0.68218 0.857851 0.832861
1 0.551338 0.485744 0.673246 0.849934 0.814663
1 0.550925 0.484651 0.657033 0.851857 0.808901
1 0.551503 0.483125 0.667369 0.856223 0.792075
1 0.553139 0.485408 0.676898 0.851564 0.774279
1 0.553782 0.48434 0.680711 0.857404 0.771752
1 0.554995 0.484549 0.682869 0.861608 0.677217
1 0.550748 0.48647 0.660765 0.844397 0.330521
5 0.341935 0.425472 0.0396654 0.0464229 0.257668
