1 0.629419 0.404091 0.42896 0.606735 0.706711
1 0.62895 0.398146 0.43318 0.612322 0.697289
1 0.62925 0.396938 0.431956 0.606268 0.684355
1 0.629224 0.398744 0.430866 0.613252 0.630647
1 0.631973 0.406378 0.427149 0.62371 0.580615
1 0.629446 0.406203 0.425524 0.611517 0.574311
1 0.628905 0.400431 0.427809 0.61118 0.552254
1 0.630183 0.39803 0.429871 0.613869 0.528546
2 0.291378 0.455722 0.129284 0.110048 0.523951
1 0.629605 0.401561 0.423547 0.612754 0.435688
1 0.631957 0.406333 0.424622 0.623237 0.430843
2 0.290688 0.457848 0.131625 0.113337 0.339715
2 0.289611 0.457879 0.131861 0.113669 0.294486
5 0.688668 0.460635 0.0279543 0.0355154 0.271026
5 0.689158 0.460273 0.0327002 0.039882 0.26623
