2 0.713983 0.507381 0.0365067 0.046575 0.396532
2 0.712788 0.508622 0.0353948 0.0451447 0.36066
2 0.713136 0.507422 0.0341002 0.0453349 0.35583
2 0.567261 0.252625 0.0381836 0.0415407 0.336603
0 0.552278 0.560221 0.583063 0.789153 0.326315
2 0.713095 0.509074 0.0350999 0.0452851 0.320113
2 0.713145 0.507932 0.0335782 0.044085 0.308174
2 0.566865 0.253156 0.0356745 0.0381107 0.300894
0 0.553581 0.562376 0.583307 0.796574 0.284893
2 0.567098 0.252765 0.0383233 0.0418434 0.280443
2 0.71255 0.508217 0.0324771 0.0430825 0.278657
2 0.566659 0.252868 0.0361248 0.0388228 0.268913
0 0.539189 0.56094 0.556029 0.786236 0.257877
