0 0.468399 0.494814 0.56261 0.654367 0.645411
0 0.470191 0.493155 0.571561 0.650283 0.613266
0 0.471884 0.492669 0.567752 0.643938 0.48756
0 0.472626 0.445078 0.564743 0.546928 0.442514
0 0.478618 0.430298 0.566027 0.502778 0.424195
0 0.477403 0.46638 0.564208 0.587143 0.366994
2 0.618318 0.759612 0.0327849 0.0376572 0.282582
0 0.525996 0.417594 0.473242 0.480568 0.280895
0 0.517263 0.411995 0.472343 0.462311 0.273227
2 0.617933 0.759694 0.0316425 0.0365058 0.26888
2 0.617137 0.758208 0.0366078 0.0413997 0.259198
2 0.617991 0.759046 0.0326127 0.0372495 0.258151
2 0.617987 0.758801 0.0326998 0.036629 0.251888
