5 0.603401 0.348216 0.0481883 0.057313 0.446049
5 0.604794 0.346416 0.0520967 0.0594175 0.42486
5 0.603002 0.348255 0.041736 0.0516741 0.383676
5 0.602977 0.346083 0.0435881 0.054051 0.376634
5 0.602937 0.348165 0.0422759 0.0531495 0.360214
5 0.603036 0.347846 0.0427829 0.0528739 0.336924
5 0.6027 0.34596 0.0445515 0.0549074 0.322147
5 0.602976 0.34758 0.0441073 0.0535493 0.306299
5 0.489026 0.41199 0.0369148 0.0421394 0.304207
5 0.489381 0.4123 0.0365154 0.0419465 0.303251
5 0.488538 0.412454 0.0336225 0.0387674 0.284358
5 0.60262 0.34881 0.0459706 0.0550015 0.282383
5 0.603836 0.344845 0.0479445 0.0588148 0.27372
5 0.488918 0.412321 0.0327293 0.0402155 0.271216
