0 0.481245 0.39498 0.652501 0.629011 0.2569
4 0.837987 0.220836 0.324025 0.295577 0.0791375
5 0.0177129 0.810522 0.0350633 0.253143 0.0658046
5 0.850286 0.630852 0.11111 0.128742 0.0523726
0 0.818435 0.214741 0.363129 0.299498 0.0355826
5 0.519601 0.434495 0.0459388 0.0689334 0.0266288
2 0.943485 0.337785 0.0174891 0.025548 0.0230198
1 0.02404 0.803304 0.0480173 0.393393 0.0229605
2 0.974917 0.283763 0.0472834 0.0344669 0.016797
5 0.0170975 0.272474 0.034195 0.23471 0.0138583
0 0.025459 0.810637 0.0494865 0.378726 0.0138061
2 0.984135 0.284027 0.0288126 0.0310447 0.0125206
2 0.109445 0.329092 0.0157998 0.0206393 0.0110935
4 0.898531 0.887949 0.202938 0.217403 0.0109215
