3 0.511674 0.50838 0.976652 0.98324 0.419983
3 0.863615 0.756904 0.27277 0.486192 0.160921
5 0.11747 0.655081 0.0501477 0.0578152 0.046165
3 0.230496 0.875226 0.460992 0.248914 0.0433777
0 0.172421 0.971765 0.344841 0.0558339 0.0344145
5 0.80306 0.505812 0.0958919 0.106675 0.0294729
2 0.417368 0.869628 0.0945208 0.146352 0.0264065
0 0.214611 0.563232 0.429222 0.873536 0.0245631
3 0.711872 0.553143 0.576256 0.893715 0.0243669
3 0.86768 0.863509 0.26464 0.272981 0.0238546
2 0.421894 0.896608 0.0692429 0.084148 0.0229547
2 0.421661 0.912039 0.0523651 0.0482977 0.0214601
2 0.804481 0.519304 0.109423 0.123927 0.0205525
2 0.501885 0.5803 0.095669 0.132616 0.0182488
5 0.785734 0.381525 0.0361656 0.032826 0.0166138
5 0.42291 0.911273 0.0539488 0.0517797 0.0165483
4 0.241519 0.887259 0.483038 0.225482 0.0161992
3 0.64043 0.367317 0.71914 0.710445 0.014609
2 0.505651 0.55786 0.18936 0.190753 0.0136769
5 0.624689 0.238371 0.0327593 0.03 0.0133569
3 0.93635 0.80561 0.1273 0.362939 0.0126861
5 0.886354 0.656503 0.227291 0.108735 0.0126519
5 0.417214 0.864127 0.116733 0.175204 0.0117242
4 0.861871 0.838466 0.276257 0.321119 0.0108479
2 0.982564 0.31095 0.0348727 0.0281668 0.010307
4 0.911939 0.476998 0.176122 0.316017 0.0102005
2 0.185512 0.989579 0.0654738 0.0205298 0.0100032
