2 0.653507 0.374793 0.145233 0.178539 0.246745
2 0.406568 0.0864716 0.0577257 0.172943 0.212571
2 0.545742 0.518375 0.0722595 0.266216 0.184629
2 0.0880456 0.546387 0.0706786 0.136916 0.177887
5 0.263636 0.607584 0.0473724 0.0726779 0.134016
5 0.807434 0.27208 0.151924 0.148138 0.0701163
2 0.25102 0.376822 0.145436 0.247315 0.0693093
5 0.0166434 0.613961 0.0329514 0.217391 0.065054
2 0.470784 0.662388 0.148086 0.192159 0.0649885
2 0.736793 0.629635 0.0648071 0.199653 0.0444622
5 0.7238 0.319727 0.0221829 0.0472565 0.0426598
5 0.25373 0.373383 0.137718 0.246504 0.0390486
2 0.267979 0.372516 0.0890096 0.206415 0.0344837
2 0.726712 0.317206 0.0238976 0.0442609 0.0285443
5 0.697847 0.355823 0.0378614 0.0684355 0.0254425
2 0.93583 0.0768568 0.12834 0.153714 0.0240527
2 0.586063 0.0840778 0.0576507 0.168156 0.0224763
2 0.654044 0.568328 0.162114 0.2726 0.0214326
5 0.300229 0.684044 0.0475897 0.0988238 0.0210538
2 0.756308 0.0905607 0.058463 0.181121 0.0190341
5 0.806701 0.262131 0.102051 0.106826 0.0186938
5 0.739153 0.626637 0.0604382 0.199019 0.0181201
2 0.918804 0.074431 0.0607247 0.148862 0.0154503
2 0.230932 0.0857198 0.0702306 0.17144 0.0128675
0 0.159583 0.532508 0.308908 0.614488 0.0116331
2 0.75503 0.0792622 0.0351244 0.158524 0.0112984
2 0.262698 0.607534 0.050972 0.0675618 0.0108255
2 0.067331 0.336269 0.0206468 0.0344718 0.0106322
