2 0.195989 0.147093 0.0556617 0.0704598 0.263727
2 0.196582 0.147026 0.0527089 0.0678307 0.245494
2 0.196493 0.146644 0.0524969 0.0675231 0.214872
2 0.196522 0.147406 0.0526109 0.0680122 0.20395
2 0.196258 0.147408 0.0547114 0.0672869 0.173397
2 0.196181 0.146512 0.0558863 0.0682263 0.151815
2 0.196189 0.146815 0.052736 0.0677515 0.128981
2 0.195459 0.147475 0.0572796 0.0722821 0.0990197
5 0.196501 0.145692 0.0506811 0.0660515 0.0888302
2 0.197427 0.14802 0.0585729 0.0684274 0.0772962
2 0.196881 0.148143 0.0516596 0.0650247 0.0718022
5 0.1967 0.145698 0.0546934 0.0681926 0.0639306
5 0.401448 0.568287 0.0221487 0.026771 0.049127
5 0.196646 0.146851 0.0639775 0.0726138 0.0423869
5 0.401764 0.568221 0.0210249 0.0262358 0.0421922
0 0.570412 0.480463 0.686626 0.875379 0.0407141
0 0.565543 0.525959 0.699634 0.889466 0.0386715
5 0.401763 0.56817 0.0191142 0.0237222 0.0371375
0 0.585106 0.491818 0.659096 0.911162 0.0334684
5 0.402016 0.568109 0.0187708 0.0242663 0.0320797
5 0.402133 0.567619 0.0198438 0.0266583 0.0314829
0 0.578575 0.530802 0.679713 0.93626 0.0288461
5 0.402342 0.567762 0.0270408 0.0330065 0.0288306
5 0.402342 0.567521 0.0242725 0.0306737 0.0272423
5 0.4026 0.567373 0.0198644 0.0271529 0.0257868
0 0.561307 0.551771 0.713658 0.874845 0.0227813
5 0.401814 0.567488 0.0265413 0.0314861 0.0221745
5 0.401642 0.56772 0.0274154 0.0324223 0.0183231
2 0.198328 0.148682 0.0519403 0.0643509 0.0176947
5 0.40172 0.567379 0.0279905 0.0341567 0.0149807
3 0.546279 0.493392 0.502438 0.405693 0.0139501
0 0.559599 0.513656 0.785757 0.784651 0.0132999
5 0.19307 0.147194 0.0781737 0.0842205 0.0126186
0 0.570326 0.445178 0.685325 0.814342 0.0124011
5 0.401393 0.566378 0.0265838 0.0332562 0.0121359
3 0.545928 0.475963 0.466356 0.430747 0.0119023
5 0.402522 0.566687 0.0261491 0.0343057 0.0116613
0 0.57645 0.536655 0.684921 0.922276 0.0100408
