3 0.511291 0.340944 0.631417 0.661412 0.528864
3 0.513996 0.34143 0.631603 0.664842 0.515088
3 0.513825 0.342493 0.629073 0.660404 0.501339
3 0.515268 0.344939 0.635321 0.669941 0.492209
3 0.512219 0.344124 0.624795 0.666686 0.479679
3 0.515404 0.345444 0.632165 0.667106 0.455163
3 0.51451 0.34645 0.628657 0.660658 0.426888
3 0.513502 0.344639 0.626496 0.668268 0.401856
5 0.530778 0.248781 0.0324629 0.0327687 0.290917
5 0.532572 0.248561 0.0331914 0.0337426 0.2736
5 0.530611 0.248134 0.0323183 0.032585 0.2667
5 0.53047 0.247583 0.0320668 0.0337255 0.25948
5 0.531168 0.2485 0.03161 0.0317934 0.256247
5 0.532128 0.248465 0.0346272 0.0346116 0.246854
5 0.531105 0.247735 0.0299921 0.030983 0.218536
5 0.532283 0.247818 0.0310607 0.0322863 0.213921
5 0.530417 0.248756 0.03421 0.0342351 0.203384
5 0.533282 0.247715 0.0360278 0.0375497 0.19449
3 0.514073 0.341682 0.61941 0.66215 0.18572
5 0.533001 0.247865 0.0382209 0.0386362 0.183464
5 0.531322 0.247565 0.0343606 0.0365916 0.163046
5 0.532902 0.247863 0.0336288 0.0360543 0.0984914
5 0.53037 0.247789 0.041523 0.0420044 0.0975138
5 0.533207 0.24722 0.0429194 0.0432028 0.0601051
2 0.677178 0.942254 0.0403828 0.0393022 0.0465904
2 0.67773 0.941975 0.0396003 0.0377667 0.0452569
2 0.065767 0.955411 0.112448 0.085032 0.0390731
2 0.0747824 0.956651 0.103968 0.0803287 0.0381533
5 0.0655887 0.956203 0.109584 0.0854267 0.0375683
2 0.67728 0.942714 0.037172 0.0374951 0.0358635
5 0.530533 0.247661 0.0419982 0.0410296 0.0345252
2 0.0698598 0.955988 0.105406 0.0807981 0.0318848
2 0.0782353 0.959872 0.0995299 0.0749853 0.0305948
2 0.677691 0.942201 0.0388637 0.0374543 0.0295547
2 0.677814 0.942743 0.0339799 0.0344973 0.0283957
2 0.0754888 0.958675 0.106974 0.0757398 0.0267321
2 0.677724 0.941266 0.0484232 0.0432173 0.0263619
5 0.0634094 0.954871 0.113329 0.0885439 0.0262319
5 0.534465 0.248513 0.0372153 0.0398578 0.0251218
2 0.0782288 0.958192 0.0984932 0.0799356 0.0243313
5 0.529888 0.247698 0.0417314 0.0420311 0.0232253
5 0.528846 0.248535 0.0428748 0.0444915 0.0229635
2 0.677663 0.94261 0.0374617 0.0390605 0.0221392
5 0.535042 0.247378 0.0470813 0.0455107 0.0210418
5 0.532364 0.247563 0.0453116 0.0434031 0.0202904
2 0.0629598 0.95454 0.116385 0.0884847 0.0177482
2 0.676458 0.941865 0.0461534 0.0467804 0.0176866
2 0.676229 0.941218 0.0462604 0.0464568 0.017617
2 0.677869 0.943269 0.0310752 0.0329397 0.0175575
2 0.0693509 0.956662 0.124183 0.0851509 0.0169041
2 0.0776951 0.96477 0.103286 0.0662352 0.0164248
2 0.0700723 0.954015 0.101477 0.0818174 0.0148684
3 0.490297 0.315551 0.37438 0.458455 0.0148659
3 0.513505 0.314415 0.382224 0.451044 0.0140363
2 0.676578 0.941586 0.0469495 0.0451688 0.0138109
2 0.739795 0.867401 0.0731129 0.0608103 0.0135283
2 0.67724 0.941687 0.0504168 0.0465273 0.0131878
3 0.510836 0.342503 0.641774 0.675294 0.0126175
2 0.678463 0.943088 0.0348928 0.0349962 0.0110035
2 0.739234 0.865436 0.07531 0.063597 0.0104545
5 0.533981 0.246794 0.0503701 0.0482207 0.0101469
