4 0.520386 0.416035 0.384207 0.486632 0.793856
4 0.520078 0.419215 0.380699 0.485698 0.763324
4 0.523737 0.417044 0.390592 0.489632 0.72308
4 0.523962 0.421114 0.39221 0.488512 0.696569
4 0.520346 0.417296 0.379007 0.489172 0.694034
4 0.517775 0.417529 0.377408 0.485103 0.588627
4 0.519597 0.415082 0.376921 0.487803 0.467715
4 0.524446 0.415901 0.398354 0.489707 0.388452
4 0.520127 0.416516 0.387946 0.486665 0.371129
4 0.529069 0.418031 0.400539 0.496265 0.302633
4 0.558166 0.420138 0.474459 0.494138 0.207262
2 0.666046 0.435597 0.0572291 0.166587 0.186362
2 0.666524 0.440167 0.0557411 0.16367 0.166909
2 0.666638 0.461616 0.0529944 0.123298 0.10561
2 0.721097 0.49547 0.0509702 0.0783011 0.0991282
2 0.722467 0.496119 0.050757 0.0786356 0.094662
2 0.664394 0.441245 0.0604674 0.154781 0.0886448
2 0.719869 0.49636 0.0518726 0.0780085 0.0855451
2 0.722071 0.496499 0.0519659 0.0806152 0.0787597
2 0.668337 0.437772 0.0634308 0.172591 0.0766088
2 0.668986 0.442181 0.0615992 0.165875 0.0696557
2 0.722716 0.496283 0.0489875 0.077738 0.0670922
2 0.666042 0.442597 0.0537432 0.166348 0.0590366
2 0.666012 0.456571 0.0494387 0.129251 0.0579396
2 0.720114 0.495727 0.0490757 0.0750082 0.0559646
4 0.55375 0.415931 0.466377 0.493043 0.0504438
2 0.72374 0.496538 0.0474091 0.0772264 0.0475313
2 0.718766 0.496308 0.0507873 0.0751519 0.0417869
2 0.66323 0.460633 0.0543837 0.126218 0.0417174
2 0.668071 0.463043 0.0580286 0.120571 0.0388169
2 0.723845 0.496209 0.0535782 0.0804461 0.0281354
2 0.662541 0.456069 0.055542 0.132652 0.0265918
2 0.666571 0.46298 0.0502208 0.113182 0.0236596
2 0.720789 0.495998 0.0486067 0.0758342 0.0219733
2 0.66895 0.440099 0.0638487 0.163693 0.0211427
2 0.667865 0.456188 0.0503751 0.130239 0.0180285
2 0.670835 0.442566 0.0592254 0.166993 0.0164708
2 0.668466 0.464682 0.0555183 0.114179 0.0137697
2 0.724199 0.496524 0.0479861 0.0788325 0.013169
4 0.519062 0.414939 0.378962 0.485223 0.0123603
4 0.425057 0.413501 0.199059 0.468832 0.0106807
2 0.714246 0.495613 0.0446312 0.0726241 0.0105586
4 0.444658 0.41445 0.239499 0.469758 0.010247
