0 0.400596 0.454677 0.407187 0.359836 0.383535
0 0.401887 0.467926 0.398922 0.332951 0.221212
0 0.393927 0.455241 0.38749 0.351076 0.212171
0 0.39063 0.470491 0.362636 0.321702 0.191393
0 0.396136 0.502573 0.402905 0.447914 0.181859
0 0.404763 0.474317 0.372254 0.312084 0.132281
0 0.396277 0.497745 0.406663 0.448472 0.123053
3 0.356641 0.503179 0.172829 0.193157 0.115517
0 0.397881 0.50473 0.403788 0.44896 0.111025
0 0.394578 0.504737 0.407452 0.450699 0.100637
0 0.392362 0.476388 0.320359 0.299839 0.0971659
0 0.394814 0.5098 0.404988 0.462971 0.0947448
0 0.398884 0.438341 0.405767 0.327216 0.0774822
3 0.355302 0.508075 0.17647 0.195305 0.0744376
0 0.394963 0.509157 0.405092 0.458723 0.0674454
3 0.356386 0.504381 0.162288 0.195511 0.0657821
0 0.474497 0.421793 0.145533 0.147107 0.0655661
0 0.469344 0.424443 0.143179 0.141048 0.0655067
0 0.406488 0.389223 0.380042 0.230335 0.0561232
3 0.35739 0.501997 0.174221 0.189223 0.0555741
0 0.412663 0.451588 0.377072 0.358051 0.0515935
3 0.355802 0.509171 0.16513 0.196446 0.0508335
0 0.40444 0.483179 0.342036 0.301014 0.0489548
0 0.412661 0.463763 0.37142 0.344245 0.0485572
0 0.401006 0.392737 0.397133 0.23468 0.0421484
0 0.408955 0.424535 0.379485 0.301361 0.0412257
3 0.358191 0.499107 0.167849 0.194799 0.0398551
0 0.466662 0.42569 0.118448 0.137956 0.0359452
0 0.469627 0.424782 0.115984 0.141249 0.0289849
0 0.486916 0.418344 0.179335 0.157205 0.0286967
0 0.480468 0.411069 0.183822 0.174953 0.0278616
3 0.356664 0.507816 0.175432 0.191111 0.0269377
0 0.395361 0.438304 0.390057 0.326046 0.025842
3 0.360739 0.497388 0.174675 0.193312 0.0257139
0 0.395726 0.49951 0.40922 0.452974 0.0250357
0 0.396676 0.511102 0.411059 0.46771 0.022485
0 0.466427 0.415851 0.18611 0.162159 0.021481
0 0.456559 0.424118 0.179971 0.142085 0.0208972
0 0.490837 0.40877 0.190724 0.180759 0.0191129
3 0.355254 0.500977 0.156542 0.197155 0.0184203
0 0.393472 0.516255 0.415592 0.478457 0.0178222
0 0.395414 0.485124 0.295573 0.283671 0.0176793
0 0.386738 0.515947 0.420347 0.471718 0.0150466
0 0.414845 0.470574 0.355384 0.33182 0.012729
1 0.408464 0.635369 0.183003 0.0803907 0.0124559
1 0.416861 0.637415 0.196575 0.075944 0.0123943
0 0.418606 0.400761 0.285516 0.123701 0.0116513
0 0.503624 0.409925 0.177743 0.177106 0.0115412
0 0.463613 0.425424 0.145176 0.139049 0.01084
0 0.500707 0.417296 0.187873 0.162042 0.0108169
1 0.379459 0.628349 0.0830287 0.0675687 0.0100187
