3 0.541731 0.533399 0.266314 0.360065 0.521689
3 0.540553 0.535834 0.272977 0.351312 0.468572
3 0.540425 0.537606 0.272321 0.347975 0.444818
3 0.540475 0.533463 0.27015 0.360103 0.440243
3 0.54072 0.537004 0.272144 0.343887 0.439794
3 0.541749 0.53538 0.267427 0.352893 0.431268
3 0.541073 0.536523 0.270333 0.350805 0.411742
3 0.540669 0.536387 0.27044 0.349211 0.41091
3 0.542613 0.53575 0.266873 0.358359 0.382212
5 0.448234 0.469738 0.0291034 0.0343718 0.158939
5 0.448197 0.470242 0.0291913 0.0345028 0.157993
5 0.448993 0.46998 0.0286387 0.0363455 0.151129
5 0.448763 0.469712 0.0262287 0.0337518 0.135463
5 0.448206 0.470188 0.026467 0.033015 0.120277
5 0.449584 0.470215 0.027345 0.0353681 0.114839
5 0.448317 0.469928 0.0264383 0.0327006 0.112759
5 0.448664 0.469273 0.0335695 0.0396249 0.109569
5 0.448867 0.470158 0.0245046 0.0317222 0.0934594
5 0.446892 0.470228 0.034308 0.0402569 0.08642
5 0.446378 0.469717 0.0375758 0.0417086 0.0720928
5 0.447776 0.469571 0.0367807 0.0410583 0.0603493
5 0.449013 0.471069 0.0274034 0.0359322 0.0575849
5 0.473246 0.640317 0.0533566 0.0502428 0.0575065
5 0.447561 0.469773 0.0383535 0.0421518 0.0567206
5 0.448468 0.470639 0.0326253 0.039502 0.0542471
5 0.472171 0.640203 0.0478413 0.0461437 0.0447588
5 0.446588 0.469706 0.0356152 0.0415099 0.0436867
5 0.472122 0.639141 0.0501679 0.0459912 0.0426806
5 0.472994 0.639089 0.0595153 0.0533544 0.0323671
3 0.542752 0.537344 0.269524 0.352813 0.0312221
5 0.591226 0.63434 0.0305427 0.0313542 0.0304899
3 0.538069 0.531606 0.275111 0.361861 0.0272581
5 0.471964 0.639557 0.0443949 0.0416659 0.0266457
5 0.591267 0.634356 0.0331076 0.0332371 0.0259212
5 0.591115 0.635559 0.0272989 0.0275194 0.0251438
5 0.473291 0.641673 0.0470134 0.0472087 0.0239913
5 0.450679 0.471724 0.0287632 0.0381277 0.0226013
5 0.472006 0.640904 0.0417302 0.0429944 0.0223816
5 0.472404 0.641301 0.0422223 0.0445536 0.0216992
5 0.472438 0.638682 0.0541268 0.0485888 0.0210666
5 0.590845 0.634258 0.0329881 0.0320052 0.0202069
5 0.472047 0.638993 0.0453656 0.0403518 0.019613
5 0.43311 0.525172 0.0243239 0.0316778 0.0170446
5 0.431543 0.526693 0.021846 0.032421 0.0170031
5 0.59088 0.635485 0.0274624 0.0269894 0.0167389
5 0.431565 0.526443 0.0210053 0.0291987 0.016738
5 0.470219 0.638657 0.0406344 0.0390412 0.0166142
5 0.590838 0.634478 0.0304311 0.0298892 0.0165926
5 0.591413 0.636138 0.0279816 0.026375 0.0148828
3 0.551812 0.512646 0.227607 0.238989 0.014327
3 0.551527 0.506639 0.229885 0.229212 0.0138123
5 0.430569 0.527222 0.021067 0.0295888 0.0130559
5 0.591505 0.634654 0.0342763 0.0345775 0.0128701
5 0.470761 0.640318 0.0427677 0.0427991 0.0127082
5 0.432346 0.526419 0.0230685 0.0293226 0.0124203
5 0.553429 0.630124 0.0214603 0.0244873 0.0121009
5 0.591383 0.635505 0.0293867 0.0279332 0.0114677
5 0.471644 0.638441 0.0456892 0.0413351 0.0113569
5 0.591475 0.634721 0.0322224 0.0312322 0.0110669
5 0.433709 0.525364 0.0251182 0.030615 0.0109936
5 0.43159 0.527664 0.0236301 0.0303376 0.010781
5 0.591602 0.63679 0.0341384 0.0347 0.0106595
5 0.450762 0.470069 0.0430966 0.0474454 0.0105579
