3 0.429479 0.43583 0.566952 0.742932 0.781069
3 0.426628 0.43493 0.568205 0.732118 0.731613
3 0.431899 0.435665 0.570075 0.740303 0.728895
3 0.425945 0.433031 0.572632 0.731557 0.707641
3 0.432066 0.436036 0.56605 0.738841 0.678396
3 0.428512 0.434118 0.569107 0.730974 0.656901
3 0.426919 0.432547 0.569745 0.729132 0.627238
3 0.429917 0.434059 0.565219 0.732646 0.622788
3 0.428521 0.431007 0.566446 0.728746 0.585129
3 0.427468 0.430698 0.576205 0.736386 0.577692
2 0.0825021 0.959686 0.163341 0.0806284 0.280496
2 0.0820857 0.959709 0.16301 0.0805826 0.191683
2 0.0838901 0.957357 0.16778 0.0838033 0.110979
2 0.0874413 0.959243 0.172959 0.0815139 0.107693
0 0.100224 0.958138 0.199369 0.0818917 0.0847432
4 0.080637 0.959205 0.149472 0.0810904 0.0843167
0 0.0961965 0.959521 0.192393 0.0801645 0.0754531
2 0.0832139 0.95859 0.163587 0.0825966 0.0722775
2 0.0832539 0.959024 0.145683 0.0817176 0.062584
2 0.082489 0.960069 0.164978 0.0798619 0.0608254
4 0.0795467 0.958831 0.149734 0.0823382 0.0607897
0 0.09473 0.957381 0.187405 0.0843482 0.0543091
2 0.0828928 0.959366 0.165786 0.0812671 0.0510143
2 0.073796 0.959565 0.14735 0.0808694 0.0422646
2 0.0903853 0.957824 0.177802 0.0843522 0.0379489
4 0.0825007 0.959103 0.150303 0.0817935 0.0374846
4 0.0834206 0.958621 0.141991 0.0783549 0.0349058
4 0.0794171 0.957583 0.143792 0.0769579 0.0292886
5 0.547298 0.689359 0.0206775 0.0262867 0.027638
3 0.376996 0.411963 0.365986 0.476362 0.0219281
2 0.0792891 0.958945 0.158578 0.0812635 0.0197231
4 0.0706219 0.958235 0.13315 0.080624 0.0194341
5 0.550543 0.688957 0.0308342 0.0359638 0.0192968
2 0.0889381 0.960828 0.177876 0.0779933 0.0189682
4 0.0685931 0.959009 0.131176 0.0819816 0.0186767
3 0.364463 0.389287 0.319973 0.430622 0.0168646
2 0.073751 0.959823 0.146839 0.0803534 0.0162572
2 0.408634 0.205813 0.0212015 0.0222688 0.0144013
3 0.354165 0.413218 0.295984 0.469898 0.0140658
3 0.403642 0.409514 0.422312 0.477286 0.0137827
3 0.398332 0.387592 0.38823 0.432333 0.0127762
3 0.35009 0.386681 0.278122 0.419952 0.0118634
5 0.547442 0.688009 0.0239644 0.0314544 0.0111003
2 0.406955 0.205905 0.0214738 0.0240661 0.0109691
5 0.549707 0.688457 0.0318393 0.0364123 0.0105114
0 0.0457808 0.471095 0.0890342 0.779087 0.0101986
