3 0.502814 0.535654 0.379595 0.478638 0.941905
3 0.502405 0.537007 0.379497 0.478755 0.937447
3 0.502507 0.537537 0.38083 0.480079 0.937418
3 0.502783 0.536671 0.380893 0.478374 0.932735
3 0.500952 0.53616 0.380092 0.477687 0.932411
3 0.502407 0.535865 0.37722 0.475249 0.929896
3 0.501344 0.536639 0.380958 0.478609 0.928267
3 0.504452 0.536116 0.38228 0.477595 0.926672
3 0.503791 0.536726 0.38627 0.47833 0.923796
3 0.504497 0.53543 0.38188 0.474741 0.91661
3 0.496781 0.537818 0.281116 0.354147 0.0688505
3 0.492968 0.531985 0.252046 0.33557 0.0477504
3 0.503113 0.527602 0.284279 0.345807 0.0286061
3 0.502653 0.544841 0.28557 0.336719 0.022922
3 0.489362 0.528191 0.248881 0.320365 0.0227512
5 0.0537877 0.875626 0.1052 0.242814 0.0193017
3 0.486266 0.568474 0.279752 0.41299 0.0147176
3 0.486273 0.549805 0.249823 0.372087 0.0127253
