3 0.39841 0.502284 0.40367 0.467241 0.763329
3 0.396031 0.503551 0.406817 0.47047 0.755584
3 0.398932 0.504191 0.404139 0.467996 0.745227
3 0.399717 0.501726 0.40827 0.465267 0.735215
3 0.397364 0.505087 0.409553 0.470396 0.732056
3 0.397167 0.503849 0.406768 0.470464 0.723777
3 0.397161 0.504608 0.409896 0.467296 0.718697
3 0.399215 0.5035 0.401749 0.467886 0.716434
3 0.400906 0.503372 0.404473 0.466931 0.709282
3 0.401864 0.503266 0.403801 0.465909 0.680023
3 0.383515 0.481778 0.230604 0.264213 0.271791
3 0.397344 0.471943 0.266983 0.285435 0.173365
3 0.391457 0.488312 0.247024 0.250969 0.161713
3 0.370594 0.490205 0.192628 0.246997 0.153004
3 0.376478 0.487676 0.215335 0.242172 0.149977
3 0.362728 0.492748 0.178244 0.23932 0.100969
3 0.394715 0.47507 0.257714 0.266928 0.0894551
3 0.370841 0.494401 0.195411 0.229837 0.082886
3 0.394116 0.487204 0.267583 0.262033 0.065775
3 0.359436 0.49859 0.172904 0.23805 0.0425727
3 0.347403 0.494154 0.152665 0.237846 0.0324019
3 0.43241 0.426722 0.166621 0.13417 0.0287486
3 0.357154 0.520071 0.146835 0.1653 0.0238474
3 0.376116 0.486345 0.191872 0.220386 0.022522
3 0.394108 0.476288 0.239132 0.241789 0.0221851
3 0.447632 0.427373 0.133794 0.129521 0.0221791
0 0.437988 0.428913 0.158499 0.132368 0.0192043
0 0.458658 0.55735 0.0953743 0.0915062 0.0174821
0 0.250134 0.505209 0.113882 0.431166 0.0173035
3 0.361338 0.500201 0.181664 0.227234 0.0167341
0 0.466264 0.434605 0.0960971 0.116674 0.0154854
3 0.357319 0.508882 0.138323 0.188117 0.0154517
3 0.397661 0.465127 0.257819 0.302578 0.0148225
0 0.47358 0.444133 0.0815841 0.0974133 0.0145913
3 0.444713 0.534339 0.120879 0.140361 0.0143119
3 0.403646 0.674163 0.379373 0.140613 0.0142489
0 0.45892 0.562804 0.0928093 0.084136 0.0138721
3 0.341034 0.518719 0.123971 0.173315 0.0125693
3 0.450127 0.557506 0.106814 0.0953464 0.0119344
0 0.427886 0.429396 0.167427 0.136926 0.0117935
3 0.426647 0.531798 0.165583 0.148143 0.0117423
0 0.45678 0.430358 0.115276 0.125903 0.0115975
3 0.341066 0.509555 0.122785 0.192979 0.0113793
3 0.35771 0.533816 0.152017 0.138981 0.0109366
0 0.446218 0.430288 0.140386 0.133751 0.0108627
3 0.400592 0.673981 0.373383 0.140645 0.0100239
0 0.246822 0.547859 0.109994 0.499271 0.0100131
0 0.439195 0.528884 0.137356 0.15192 0.0100052
