3 0.596758 0.297012 0.428583 0.583863 0.748894
3 0.599139 0.295244 0.426686 0.581545 0.698145
3 0.597192 0.294393 0.426389 0.587265 0.686618
3 0.597141 0.295144 0.427346 0.587216 0.653508
2 0.564088 0.905641 0.103155 0.076885 0.633133
3 0.597942 0.293537 0.432685 0.582155 0.624065
2 0.565198 0.902825 0.103982 0.0789715 0.56602
2 0.564572 0.904063 0.102155 0.0744137 0.562884
2 0.563804 0.906072 0.100792 0.0724383 0.541167
3 0.598192 0.294727 0.429028 0.586607 0.508874
3 0.59805 0.293694 0.434528 0.587388 0.501398
2 0.564834 0.909101 0.104789 0.0709915 0.48891
3 0.599256 0.294771 0.426647 0.587279 0.487023
2 0.486233 0.208926 0.0453447 0.0651294 0.483473
3 0.599161 0.296659 0.428362 0.592864 0.454076
2 0.564723 0.909318 0.103227 0.0658373 0.447054
2 0.48561 0.208058 0.0462677 0.0633209 0.44352
2 0.487007 0.209013 0.0465574 0.065227 0.433277
3 0.598276 0.294143 0.435979 0.586896 0.418053
2 0.486825 0.208569 0.0468387 0.0646901 0.381214
5 0.548544 0.873707 0.15908 0.154195 0.312072
2 0.486114 0.207926 0.0467349 0.0636946 0.298291
2 0.548927 0.874744 0.154282 0.16176 0.296018
2 0.546544 0.875728 0.154795 0.154611 0.287351
2 0.487545 0.208607 0.0475576 0.0647733 0.281212
2 0.564862 0.904136 0.105672 0.0838744 0.280867
2 0.56562 0.903192 0.104976 0.0820694 0.237319
2 0.484708 0.208347 0.044538 0.0651622 0.209997
2 0.484303 0.208141 0.0450974 0.0645151 0.203444
2 0.547618 0.873823 0.16087 0.151688 0.19936
2 0.484828 0.208399 0.0465709 0.0676897 0.15166
2 0.485733 0.208573 0.0492258 0.0663007 0.126547
2 0.487302 0.210135 0.053703 0.0706709 0.111107
2 0.563986 0.910638 0.101393 0.063529 0.107936
2 0.566528 0.902111 0.0983272 0.080457 0.0979049
2 0.564084 0.90324 0.10634 0.0848278 0.0797193
5 0.427922 0.588876 0.0296375 0.0334475 0.0791276
5 0.428009 0.589326 0.0298077 0.0333429 0.0776781
5 0.486507 0.210789 0.0580977 0.0719736 0.0764028
5 0.42892 0.58888 0.0352834 0.0364818 0.0702872
2 0.566162 0.903528 0.0987125 0.0755595 0.0662028
2 0.549192 0.873013 0.150708 0.166576 0.0660665
2 0.564408 0.908761 0.0990645 0.0666775 0.0609631
5 0.429044 0.589004 0.0348112 0.0361767 0.0607663
2 0.543806 0.85008 0.141947 0.0943075 0.0597371
5 0.427571 0.588557 0.0352308 0.0411396 0.059491
5 0.42651 0.589297 0.0337657 0.0374597 0.0535603
5 0.545161 0.871896 0.169586 0.156483 0.0524728
5 0.426454 0.588984 0.0336177 0.0363781 0.0476389
5 0.428593 0.588367 0.0384055 0.0422555 0.0473562
2 0.559883 0.910967 0.0970585 0.0645965 0.0448627
2 0.5445 0.865866 0.14718 0.130439 0.0414311
5 0.426506 0.588136 0.0371908 0.0426701 0.0402582
2 0.543949 0.876534 0.16857 0.167579 0.0350697
5 0.619569 0.602317 0.0243882 0.0262628 0.0327517
2 0.567344 0.902422 0.0983315 0.0826745 0.031835
2 0.574775 0.777957 0.0224972 0.026475 0.0311216
2 0.534066 0.844999 0.118695 0.079726 0.0305616
5 0.618521 0.602227 0.0241242 0.0274724 0.0276174
2 0.574912 0.776695 0.0259169 0.0298436 0.027193
2 0.545604 0.853723 0.145451 0.106359 0.0255158
3 0.63127 0.255726 0.301434 0.464359 0.0253754
5 0.619026 0.602234 0.027053 0.029226 0.0231955
2 0.552064 0.860518 0.170189 0.179139 0.0228235
2 0.482559 0.208244 0.0436436 0.0652255 0.0216043
2 0.539868 0.845755 0.125035 0.0863876 0.0208249
5 0.618453 0.602283 0.0273459 0.0292124 0.0203726
2 0.575996 0.777171 0.028614 0.0320031 0.0201595
2 0.539918 0.847125 0.130134 0.0903206 0.0199609
3 0.64799 0.243472 0.296225 0.46123 0.0199334
5 0.550539 0.870702 0.169312 0.153506 0.0195643
2 0.541477 0.876684 0.168916 0.176957 0.0193338
3 0.614975 0.266387 0.354152 0.498408 0.0190127
3 0.628417 0.249684 0.265814 0.466503 0.0187527
2 0.576068 0.777441 0.0298671 0.0328897 0.0187028
2 0.559112 0.91052 0.0947288 0.0632864 0.0177306
3 0.616148 0.280185 0.280316 0.499877 0.017557
5 0.556555 0.855856 0.180072 0.189964 0.0171555
3 0.613862 0.259134 0.309368 0.503147 0.0168085
3 0.626844 0.254022 0.302754 0.421612 0.0163031
5 0.487952 0.212485 0.0713103 0.0836743 0.0156458
3 0.615205 0.263805 0.349564 0.437592 0.0151457
2 0.549126 0.871162 0.142556 0.146043 0.0151227
2 0.550821 0.876066 0.143216 0.157648 0.0148385
2 0.516776 0.843686 0.0795991 0.0732161 0.0147513
2 0.551137 0.87724 0.153395 0.157886 0.0130228
3 0.643075 0.245303 0.31575 0.447654 0.0129888
2 0.557939 0.912228 0.0988203 0.062818 0.0127392
3 0.612861 0.236414 0.330119 0.396166 0.0127028
3 0.625513 0.278656 0.242097 0.495731 0.0120259
2 0.546269 0.706778 0.0247471 0.0291234 0.011358
2 0.51987 0.843554 0.0832065 0.0773944 0.0112468
3 0.607574 0.237637 0.358608 0.44995 0.0101849
