1 0.4102 0.568787 0.434539 0.618919 0.871397
1 0.406429 0.5681 0.425387 0.618571 0.870991
1 0.410397 0.567615 0.434423 0.617828 0.870063
1 0.408798 0.56613 0.432721 0.614969 0.867139
1 0.409561 0.565859 0.43218 0.617684 0.865313
1 0.405979 0.565933 0.425075 0.615769 0.864464
1 0.406855 0.569312 0.433814 0.622373 0.854743
1 0.407367 0.569038 0.435779 0.623126 0.850095
1 0.405215 0.569186 0.427416 0.621289 0.763731
1 0.411423 0.565897 0.434421 0.617143 0.750745
1 0.404146 0.567867 0.440394 0.626032 0.179174
1 0.411296 0.566377 0.438536 0.617835 0.176927
5 0.284262 0.720958 0.039912 0.0440136 0.157363
5 0.283773 0.719995 0.0398319 0.0449883 0.154624
5 0.283522 0.718679 0.0450303 0.0511105 0.139636
5 0.283244 0.719322 0.042545 0.049016 0.130344
5 0.283537 0.721288 0.0359448 0.0403306 0.129511
5 0.283399 0.720758 0.0365509 0.0395534 0.124741
5 0.28187 0.719288 0.0426552 0.0488047 0.117785
5 0.282084 0.720812 0.03882 0.0443591 0.104424
5 0.282069 0.720808 0.0381737 0.0442002 0.0992989
5 0.23222 0.380613 0.0345395 0.0368133 0.056203
5 0.283734 0.723332 0.0429692 0.0486462 0.0550342
5 0.232333 0.380697 0.0347706 0.0369428 0.0422961
5 0.283698 0.721196 0.0512505 0.0559979 0.036945
5 0.231314 0.380991 0.0284415 0.0318171 0.0333343
5 0.231466 0.380033 0.0289081 0.0326076 0.0272468
5 0.283393 0.713578 0.0509506 0.0596601 0.024857
5 0.282192 0.722921 0.045745 0.0500629 0.0245854
5 0.27827 0.721563 0.0557228 0.0506156 0.0184607
5 0.231906 0.379201 0.0404334 0.0441529 0.0147983
5 0.22986 0.381591 0.0340313 0.0380542 0.0122534
5 0.28389 0.714507 0.0596466 0.0659127 0.0119609
