3 0.43462 0.484739 0.473575 0.577183 0.899192
3 0.432485 0.483943 0.473595 0.578844 0.899024
3 0.432107 0.481749 0.475459 0.588893 0.898181
3 0.431172 0.480364 0.478804 0.589656 0.89556
3 0.430778 0.484716 0.4772 0.582172 0.8885
3 0.432228 0.481822 0.476575 0.588791 0.888246
3 0.435311 0.483131 0.478621 0.588367 0.886594
3 0.434125 0.481769 0.479413 0.583715 0.885898
3 0.431895 0.482198 0.478114 0.59105 0.880893
3 0.43171 0.484545 0.478379 0.597356 0.862149
1 0.420189 0.81812 0.421079 0.0880685 0.121693
1 0.416193 0.122953 0.435907 0.125517 0.0950926
1 0.411313 0.815401 0.401471 0.0905218 0.0925527
1 0.41792 0.819445 0.425409 0.0881642 0.0731555
1 0.412644 0.125303 0.430552 0.127122 0.0584027
1 0.405811 0.123443 0.393149 0.12684 0.0580803
1 0.395977 0.126907 0.383237 0.12759 0.0521587
1 0.406275 0.123878 0.443168 0.128894 0.0428318
1 0.421451 0.811836 0.350931 0.0954227 0.0317699
1 0.429338 0.807817 0.401963 0.109603 0.0220969
1 0.408657 0.819128 0.399311 0.0890046 0.0193862
1 0.409493 0.124668 0.438884 0.129014 0.0190434
3 0.418043 0.53397 0.326173 0.543519 0.0163158
1 0.464917 0.800441 0.349653 0.124433 0.0157121
3 0.410197 0.522611 0.327769 0.450371 0.0155452
1 0.413907 0.813194 0.430097 0.0995728 0.0148026
5 0.320198 0.533503 0.0276227 0.0378394 0.0121326
5 0.320534 0.534409 0.0268788 0.036266 0.0119819
3 0.40535 0.51995 0.298663 0.42331 0.0110522
1 0.399514 0.125496 0.429709 0.1343 0.0110485
3 0.414495 0.515518 0.346236 0.549107 0.0109063
