3 0.428781 0.416923 0.393036 0.560655 0.942733
3 0.427812 0.417296 0.391378 0.563984 0.94036
3 0.429692 0.417417 0.390026 0.563784 0.924214
3 0.430389 0.420146 0.390186 0.565534 0.920168
3 0.427949 0.4195 0.389893 0.566374 0.914856
3 0.430853 0.421141 0.387601 0.562231 0.9132
3 0.426522 0.417134 0.390262 0.562283 0.911197
3 0.427542 0.420847 0.390565 0.563114 0.910129
3 0.426698 0.418874 0.389521 0.564856 0.886228
3 0.427321 0.42127 0.387131 0.561766 0.87617
5 0.231167 0.260796 0.0325566 0.0396044 0.0262828
5 0.231503 0.260675 0.0329245 0.042447 0.023432
3 0.440013 0.406181 0.237834 0.296362 0.0226614
3 0.43814 0.385362 0.240806 0.3382 0.0206469
5 0.230477 0.260667 0.0271309 0.0372292 0.0139735
5 0.230202 0.261148 0.0276765 0.0373972 0.0132711
3 0.441834 0.428943 0.244411 0.280569 0.0109065
