0 0.570448 0.496339 0.395361 0.468323 0.790615
0 0.568682 0.497984 0.398405 0.470096 0.776737
0 0.569644 0.496611 0.395722 0.466106 0.776661
0 0.569719 0.49621 0.400162 0.471081 0.772985
0 0.570211 0.497042 0.403361 0.476645 0.762228
0 0.574649 0.494542 0.388478 0.470102 0.760247
0 0.571988 0.49566 0.392217 0.469092 0.759535
0 0.570174 0.497668 0.395482 0.464838 0.750922
0 0.57216 0.494714 0.393847 0.472995 0.7357
0 0.573467 0.493684 0.392019 0.471996 0.726988
0 0.665955 0.461378 0.0762329 0.104666 0.13697
0 0.666143 0.461661 0.0722158 0.102882 0.118277
0 0.666916 0.460865 0.0790668 0.104936 0.0920752
0 0.540722 0.446551 0.162625 0.256936 0.0834218
0 0.543837 0.444747 0.173157 0.262162 0.0748297
0 0.601956 0.62637 0.101803 0.0685122 0.0730485
0 0.525337 0.448746 0.127495 0.265205 0.0671808
0 0.667459 0.46092 0.0733329 0.103477 0.0618089
0 0.528328 0.442826 0.134548 0.265606 0.0598221
0 0.666715 0.461855 0.0765335 0.105976 0.0596208
0 0.608961 0.623233 0.0854418 0.0620764 0.0585557
0 0.625123 0.621387 0.0500059 0.0602903 0.0572271
0 0.665571 0.464702 0.0769026 0.112017 0.0527392
0 0.602095 0.62924 0.104067 0.0759643 0.0521365
0 0.663489 0.464339 0.0632061 0.0996106 0.0495347
0 0.60417 0.631787 0.101708 0.0661765 0.0479218
0 0.544548 0.458043 0.190271 0.294684 0.0462534
5 0.475203 0.388386 0.0170904 0.0222381 0.0453859
0 0.45397 0.496135 0.167542 0.493706 0.043094
0 0.603627 0.629534 0.103209 0.0774453 0.0383818
0 0.625314 0.619218 0.0474966 0.0544203 0.0380033
0 0.426229 0.494212 0.098471 0.490114 0.0373811
0 0.660165 0.470092 0.0519385 0.086625 0.0359773
0 0.604739 0.629304 0.102787 0.0792122 0.0358672
0 0.603672 0.638238 0.0991613 0.0556198 0.0286364
0 0.541248 0.448792 0.18359 0.264521 0.0276872
0 0.427714 0.477324 0.0987202 0.564265 0.0272654
5 0.637875 0.736467 0.0269079 0.0297622 0.0270134
0 0.627119 0.618236 0.0457692 0.0518034 0.0262674
0 0.428818 0.47457 0.10115 0.574041 0.0261169
0 0.45468 0.491223 0.16774 0.476407 0.0240195
0 0.424178 0.478695 0.0972797 0.468922 0.0232687
0 0.434234 0.457364 0.109568 0.493741 0.0227633
5 0.474262 0.387679 0.0200887 0.0253926 0.0217961
0 0.545519 0.453979 0.177647 0.269547 0.0208074
5 0.556516 0.444339 0.0277722 0.0298596 0.0207368
5 0.515247 0.448545 0.108361 0.26564 0.018893
0 0.426275 0.496714 0.0990011 0.474056 0.0186002
0 0.525916 0.44939 0.13664 0.260086 0.0185073
0 0.659363 0.464379 0.0914908 0.10866 0.0182617
0 0.559638 0.472595 0.219802 0.324906 0.0181747
5 0.556198 0.444209 0.0276354 0.0298279 0.0178145
5 0.64177 0.5611 0.0363788 0.0393602 0.017143
0 0.616049 0.622933 0.0792339 0.0668384 0.0170899
0 0.511256 0.4469 0.10919 0.272762 0.0165045
0 0.532163 0.445544 0.146934 0.253252 0.0159414
0 0.628275 0.617058 0.0497183 0.0531151 0.0157782
5 0.399462 0.459505 0.0189689 0.0255539 0.0156799
0 0.627805 0.617747 0.0447974 0.0506704 0.0155166
5 0.641859 0.560585 0.0387672 0.0413669 0.0150604
5 0.637889 0.737086 0.0270042 0.0291866 0.0149553
5 0.555445 0.442757 0.0315031 0.0325954 0.014931
5 0.641322 0.560743 0.0373065 0.0413474 0.0149248
5 0.639179 0.560633 0.0398005 0.0435825 0.0147953
5 0.399019 0.459103 0.018853 0.0251731 0.0145729
0 0.518169 0.496326 0.0967281 0.152195 0.0142805
0 0.428493 0.464408 0.0983011 0.46279 0.0142607
0 0.641464 0.561741 0.0350705 0.0374111 0.0136598
5 0.637223 0.737913 0.0324723 0.0342436 0.0136573
0 0.628639 0.617833 0.0466248 0.0529721 0.0134389
5 0.641472 0.561459 0.0369267 0.0387199 0.0131869
0 0.524129 0.499655 0.102729 0.143468 0.0128464
0 0.5132 0.443935 0.117393 0.276284 0.0127933
5 0.639112 0.561559 0.0388922 0.0415679 0.0125929
5 0.497344 0.382175 0.0161103 0.0202405 0.0124246
0 0.641075 0.561771 0.0354105 0.0374894 0.0122461
0 0.460966 0.498297 0.182636 0.494936 0.0120865
0 0.629682 0.616844 0.0504319 0.0551182 0.0118908
0 0.667649 0.459987 0.0745136 0.102068 0.0117058
5 0.506761 0.452595 0.0999844 0.280768 0.0111
5 0.636874 0.737106 0.0325986 0.0336292 0.0109478
5 0.55489 0.443157 0.030984 0.0330716 0.01027
0 0.664851 0.467624 0.0683187 0.117791 0.010172
