3 0.455844 0.494002 0.466176 0.493222 0.907399
3 0.454033 0.493137 0.473949 0.495092 0.903439
3 0.451876 0.493216 0.471272 0.497695 0.897932
3 0.452008 0.493437 0.473067 0.497943 0.89709
3 0.452454 0.493097 0.468738 0.494942 0.887895
3 0.452046 0.493139 0.473429 0.497389 0.885786
3 0.451518 0.493635 0.474358 0.497607 0.878616
3 0.452468 0.492599 0.473327 0.494161 0.875084
3 0.452386 0.49071 0.474375 0.491728 0.863479
3 0.45012 0.492312 0.471745 0.494966 0.858718
3 0.483964 0.48735 0.31074 0.397008 0.059689
3 0.472176 0.495786 0.315049 0.419247 0.041438
5 0.354287 0.649909 0.0329031 0.0422603 0.0341772
5 0.354627 0.650272 0.036756 0.0443454 0.0261835
5 0.353477 0.649679 0.0296823 0.0407105 0.0260155
5 0.301167 0.586299 0.0451414 0.0569396 0.024912
5 0.429167 0.381037 0.0195675 0.0245634 0.0204056
5 0.429056 0.381463 0.0196299 0.0240155 0.0203063
3 0.471371 0.485273 0.267424 0.264107 0.0191467
3 0.492072 0.484505 0.308196 0.379175 0.0178858
3 0.450475 0.496111 0.291811 0.416664 0.0172304
5 0.352361 0.65013 0.0313691 0.0409364 0.0169147
3 0.464634 0.484624 0.273229 0.294298 0.0167449
5 0.302544 0.596639 0.0453992 0.0798613 0.0144296
5 0.300428 0.586112 0.044364 0.0543709 0.013848
5 0.2993 0.575574 0.0469122 0.0389316 0.0124352
5 0.299552 0.578558 0.0413619 0.0395736 0.0122508
5 0.359146 0.652223 0.0505963 0.052901 0.0108991
5 0.355699 0.651149 0.0457013 0.0468849 0.010565
5 0.300332 0.581404 0.0429851 0.0464049 0.0100872
