2 0.526921 0.607053 0.166554 0.207431 0.61356
2 0.527021 0.602743 0.222892 0.215511 0.533163
2 0.516642 0.599157 0.239522 0.212581 0.392207
2 0.521693 0.602415 0.201084 0.208386 0.374849
2 0.524863 0.609737 0.163203 0.209651 0.323892
2 0.533213 0.611963 0.194739 0.202248 0.319731
5 0.432142 0.529186 0.0727391 0.0789251 0.304721
2 0.574424 0.407949 0.0942353 0.104246 0.300937
2 0.431703 0.528929 0.0666556 0.0762933 0.299756
2 0.433741 0.530998 0.0728692 0.0816215 0.287038
2 0.432201 0.530269 0.0684786 0.0783774 0.283971
2 0.515569 0.600224 0.241957 0.218416 0.268433
2 0.573156 0.408192 0.0928263 0.103828 0.263298
2 0.573184 0.408656 0.0954363 0.105948 0.243462
5 0.432764 0.529279 0.0708278 0.0768194 0.221097
2 0.572284 0.418139 0.0888975 0.0844277 0.21859
5 0.432114 0.53027 0.0744973 0.0799036 0.212644
5 0.483736 0.456833 0.0555781 0.0555536 0.208949
2 0.51037 0.59651 0.244533 0.21636 0.207628
5 0.484822 0.456653 0.0560666 0.0559889 0.19583
5 0.485321 0.457558 0.0516506 0.0527191 0.192807
2 0.519888 0.607601 0.263263 0.217966 0.190908
2 0.431617 0.52917 0.0670496 0.0752372 0.186584
0 0.548703 0.512572 0.391839 0.448671 0.181881
5 0.485088 0.457824 0.0503347 0.0509356 0.173493
2 0.431599 0.530303 0.0696718 0.0779986 0.173339
2 0.575215 0.410084 0.0960378 0.105416 0.172578
0 0.549285 0.50909 0.393845 0.454989 0.1701
5 0.483334 0.458139 0.0521799 0.0540015 0.167574
5 0.484031 0.457698 0.0505954 0.0512978 0.161037
2 0.574607 0.410411 0.0971226 0.105858 0.157922
2 0.571339 0.412147 0.0878208 0.0947482 0.156787
5 0.484176 0.457779 0.0627368 0.0629055 0.150079
5 0.483326 0.456857 0.0581856 0.0568077 0.142014
5 0.432334 0.528436 0.0740009 0.0784012 0.140483
5 0.484637 0.456871 0.0628566 0.0610847 0.140218
2 0.544321 0.61544 0.160044 0.200242 0.137733
5 0.484218 0.458319 0.0484848 0.0487902 0.128977
2 0.574083 0.409979 0.0995628 0.107655 0.127203
5 0.4833 0.458223 0.0506279 0.0519273 0.123078
0 0.548556 0.509876 0.388743 0.44895 0.121886
0 0.550674 0.506711 0.39509 0.467697 0.121822
2 0.547592 0.597163 0.252823 0.222632 0.113359
2 0.457186 0.6433 0.0391347 0.0417864 0.109447
0 0.549561 0.505608 0.391192 0.456045 0.10831
2 0.629029 0.629374 0.0386766 0.0404752 0.10369
5 0.484868 0.459764 0.0518066 0.0528681 0.102026
2 0.457418 0.644728 0.040705 0.0411137 0.101899
2 0.629137 0.628695 0.038315 0.0404937 0.100641
5 0.631057 0.568254 0.027664 0.0362995 0.0988366
2 0.488304 0.666771 0.0293904 0.0327715 0.098526
2 0.487794 0.666742 0.0295083 0.0326331 0.0984159
2 0.45746 0.643589 0.0418527 0.0395693 0.0969319
2 0.488057 0.666962 0.0300743 0.0337187 0.0948041
2 0.488644 0.666802 0.0289895 0.0330236 0.0939047
5 0.627086 0.626714 0.044269 0.0471336 0.0935209
5 0.631549 0.568472 0.0293355 0.0359334 0.0926566
2 0.571249 0.427745 0.088299 0.0666552 0.0890823
5 0.627226 0.628058 0.0411985 0.0447323 0.0864989
5 0.631954 0.568243 0.0280378 0.0344189 0.0833083
2 0.457674 0.643087 0.0401619 0.0427254 0.0828796
0 0.549497 0.506248 0.393988 0.463292 0.0825401
5 0.631508 0.568126 0.0274233 0.0341887 0.081899
2 0.629317 0.628729 0.0371427 0.0393428 0.0806772
2 0.628915 0.629243 0.0372693 0.0390824 0.0802785
5 0.628926 0.627171 0.040341 0.045571 0.0801959
5 0.48429 0.460055 0.0480747 0.0500316 0.078229
5 0.628902 0.627078 0.0406223 0.0452321 0.0699371
5 0.483765 0.456624 0.0656977 0.0622615 0.0673583
0 0.550367 0.508564 0.404578 0.472468 0.0652534
0 0.550255 0.510762 0.387303 0.443636 0.0649254
0 0.55042 0.508356 0.391808 0.450415 0.0639904
2 0.459278 0.640257 0.0439993 0.0504156 0.0626606
2 0.433406 0.529511 0.0740071 0.0791097 0.0617593
0 0.550875 0.506987 0.396021 0.459509 0.0582279
2 0.4895 0.665621 0.0319029 0.0380496 0.0581156
2 0.492343 0.59696 0.2245 0.22185 0.0573007
2 0.433452 0.529049 0.0708032 0.0803791 0.0572472
2 0.575557 0.409333 0.100769 0.1041 0.0566273
5 0.432952 0.529855 0.0817351 0.0839457 0.0559263
2 0.512915 0.604131 0.258379 0.22421 0.0543433
5 0.575825 0.411283 0.0989675 0.10776 0.0523801
2 0.455878 0.642933 0.0411283 0.0468247 0.0484046
2 0.489284 0.665854 0.0316714 0.0393067 0.0473053
2 0.504177 0.591145 0.22649 0.204344 0.0464928
5 0.576053 0.411615 0.0970716 0.106994 0.0464226
5 0.627042 0.628358 0.0406334 0.043831 0.0460954
2 0.496112 0.594742 0.218484 0.215438 0.0440695
2 0.456784 0.642364 0.0426403 0.0453357 0.0421603
2 0.536997 0.61024 0.144596 0.183909 0.042134
2 0.546952 0.614858 0.13399 0.191182 0.0404961
2 0.458297 0.645174 0.044864 0.0476418 0.0400882
2 0.65622 0.316672 0.100647 0.0772995 0.0381333
2 0.476139 0.609543 0.0266125 0.0278419 0.033692
5 0.578658 0.410443 0.10487 0.108235 0.032953
5 0.48487 0.45733 0.0730321 0.0766639 0.0314447
2 0.431469 0.531678 0.0668734 0.0741692 0.0314349
2 0.463281 0.6316 0.0494774 0.0629096 0.0313264
2 0.500927 0.592776 0.220327 0.201186 0.0303628
2 0.539203 0.610852 0.154148 0.181828 0.0289264
5 0.631979 0.568987 0.0362471 0.0391485 0.0287025
5 0.632919 0.568647 0.0357487 0.0393865 0.0283871
2 0.475424 0.609343 0.0291092 0.029644 0.0249953
2 0.542861 0.610597 0.124625 0.199597 0.0247431
5 0.628488 0.619903 0.0532726 0.0599585 0.023308
2 0.433142 0.531898 0.0806174 0.0835085 0.0228752
5 0.455616 0.640976 0.0436947 0.0514691 0.0220422
2 0.582884 0.608361 0.307609 0.214376 0.020129
2 0.628603 0.631362 0.0424684 0.0467528 0.0195652
2 0.628413 0.631126 0.0467265 0.0492963 0.0190492
2 0.515962 0.579607 0.235273 0.2239 0.0189174
2 0.657099 0.316711 0.101134 0.0771278 0.0177358
2 0.513914 0.617164 0.20426 0.210084 0.0174034
0 0.571 0.516225 0.328285 0.363279 0.017213
2 0.47273 0.614641 0.039716 0.0429785 0.0169921
2 0.653967 0.315279 0.0970388 0.0730876 0.0166384
5 0.483663 0.459525 0.0542725 0.0543653 0.0162873
2 0.473345 0.653431 0.0654331 0.0450594 0.0154325
2 0.677225 0.699108 0.143737 0.141085 0.0152526
3 0.564545 0.515943 0.300782 0.344005 0.0151037
5 0.62138 0.625885 0.0636501 0.0533029 0.0145201
5 0.63602 0.566793 0.0419617 0.0401183 0.0142992
0 0.589914 0.516648 0.300312 0.366483 0.0139376
2 0.572703 0.412591 0.0915891 0.0955626 0.0138098
2 0.656588 0.317182 0.103002 0.0790355 0.0134118
5 0.636683 0.568048 0.0410907 0.0382347 0.0132196
0 0.556307 0.516931 0.314365 0.362425 0.01293
5 0.629323 0.568104 0.0408 0.0415647 0.0128275
2 0.654603 0.315293 0.0988664 0.0787561 0.0127726
2 0.529965 0.610924 0.130354 0.183909 0.0126515
2 0.469457 0.648644 0.0707248 0.0759648 0.0125663
4 0.54839 0.633415 0.392291 0.221325 0.0122476
5 0.632121 0.565564 0.0369825 0.0465736 0.0112705
4 0.559612 0.626318 0.182201 0.19276 0.0111525
2 0.681023 0.688448 0.152028 0.154345 0.0109063
0 0.555286 0.534213 0.298193 0.315524 0.010653
2 0.575383 0.409249 0.0982615 0.105952 0.0105717
2 0.513564 0.611001 0.274133 0.234629 0.0103801
5 0.626026 0.620485 0.05669 0.0610263 0.0103027
