3 0.502047 0.494163 0.438837 0.481118 0.702982
3 0.5019 0.492612 0.432962 0.484366 0.698032
3 0.504281 0.495514 0.435203 0.478842 0.69338
3 0.505925 0.4935 0.431531 0.482399 0.678726
3 0.504018 0.491538 0.436735 0.481243 0.653809
3 0.501513 0.491399 0.441775 0.485125 0.642634
3 0.505907 0.490225 0.446231 0.48408 0.638916
3 0.503188 0.493295 0.441721 0.481897 0.630947
3 0.50554 0.492536 0.434922 0.481236 0.61444
3 0.503819 0.490812 0.441279 0.483447 0.60487
3 0.491698 0.469838 0.308725 0.347799 0.16059
3 0.48654 0.485037 0.291063 0.367653 0.122564
3 0.490545 0.51173 0.308292 0.418046 0.0923788
3 0.497091 0.480116 0.319707 0.371381 0.0912308
3 0.499163 0.462578 0.331858 0.350365 0.0898419
3 0.491313 0.459445 0.284068 0.291462 0.0625534
3 0.492794 0.452224 0.315036 0.29356 0.0489138
3 0.487952 0.475649 0.267268 0.30481 0.0409598
3 0.471843 0.499897 0.282933 0.388374 0.0349687
3 0.502222 0.46588 0.335865 0.37286 0.0328217
3 0.475411 0.532393 0.304496 0.454259 0.0314733
5 0.991405 0.377857 0.0171898 0.0544824 0.0286001
5 0.990907 0.376435 0.0181851 0.0566605 0.0260718
3 0.495736 0.492049 0.306576 0.376646 0.0221943
5 0.990415 0.378637 0.0191701 0.0579249 0.0213082
3 0.498587 0.46185 0.350647 0.353399 0.0211703
2 0.70044 0.472726 0.0420269 0.0766893 0.0178953
3 0.489849 0.44954 0.336111 0.295506 0.017823
5 0.30493 0.703882 0.136663 0.237096 0.0177978
5 0.987209 0.376682 0.0252945 0.064303 0.0174375
5 0.313753 0.51849 0.0594105 0.196753 0.0154633
3 0.491031 0.434977 0.277949 0.261677 0.0154358
2 0.700848 0.472939 0.0411764 0.0741825 0.0147414
3 0.486862 0.43908 0.25182 0.263603 0.0145877
3 0.50317 0.471286 0.298765 0.353081 0.0139057
5 0.304421 0.686803 0.13379 0.268842 0.013867
5 0.98743 0.377541 0.0245771 0.0616562 0.0137141
5 0.310775 0.49552 0.0449646 0.0907759 0.0132971
3 0.472414 0.501849 0.26549 0.328736 0.0125059
2 0.701598 0.47235 0.0429209 0.0790309 0.0115186
5 0.309713 0.494018 0.0407284 0.0842239 0.011041
3 0.473447 0.521083 0.325966 0.41752 0.0108914
3 0.48674 0.449755 0.252283 0.266092 0.0105182
