1 0.489328 0.543117 0.486774 0.556399 0.41129
1 0.491823 0.54157 0.484759 0.560672 0.378745
1 0.493107 0.546839 0.483577 0.54901 0.370874
5 0.393291 0.352593 0.0349989 0.036166 0.344059
1 0.490353 0.529648 0.485156 0.587896 0.33227
1 0.492359 0.533515 0.483177 0.581363 0.32535
1 0.493096 0.528451 0.484268 0.589788 0.316428
5 0.393358 0.352198 0.0337648 0.0357164 0.303256
1 0.4913 0.523837 0.485723 0.593442 0.297564
1 0.494172 0.524066 0.484373 0.593176 0.283576
1 0.493388 0.5277 0.483525 0.586721 0.261962
5 0.393331 0.352403 0.0333174 0.0351991 0.243001
5 0.392882 0.351854 0.0380049 0.0426994 0.232425
1 0.492753 0.520849 0.488491 0.602914 0.216064
5 0.393527 0.351946 0.0339208 0.0355513 0.188775
5 0.392969 0.35171 0.036748 0.042971 0.164673
5 0.515299 0.699208 0.0395795 0.0511826 0.156299
5 0.514856 0.699701 0.0395998 0.0498756 0.153034
5 0.427237 0.328841 0.0230179 0.0271053 0.152249
5 0.516109 0.698662 0.0402184 0.0515476 0.149103
5 0.515119 0.698919 0.040489 0.0517231 0.143338
5 0.515611 0.69851 0.0385086 0.0497123 0.143173
5 0.516142 0.696837 0.0462881 0.0565312 0.13727
5 0.515265 0.697056 0.045628 0.0567123 0.134759
2 0.391071 0.235789 0.264976 0.177349 0.131485
5 0.506242 0.351354 0.0260875 0.0304333 0.126822
5 0.515029 0.69887 0.0386905 0.0494567 0.122912
5 0.394645 0.354758 0.0432031 0.0491573 0.120277
5 0.506404 0.352015 0.0279826 0.0317504 0.1134
5 0.391423 0.35231 0.0390602 0.0425906 0.112121
2 0.396841 0.241817 0.254855 0.149701 0.110317
5 0.515796 0.697562 0.048331 0.0592754 0.10881
5 0.391129 0.350761 0.0404817 0.0453526 0.107936
2 0.387469 0.264102 0.274969 0.233874 0.102065
5 0.427362 0.328492 0.0240189 0.0277136 0.101241
5 0.390815 0.351788 0.0389277 0.0426851 0.100671
5 0.512244 0.698846 0.0509322 0.0585303 0.0963558
5 0.395003 0.354754 0.0395572 0.0480219 0.0944624
5 0.348402 0.377165 0.0252274 0.0284619 0.0928695
5 0.516088 0.697614 0.0465532 0.05653 0.0925793
5 0.505591 0.352031 0.0327992 0.0362184 0.0924241
5 0.51225 0.699693 0.0490273 0.0564583 0.0886722
5 0.505576 0.351344 0.0319925 0.0346554 0.0832338
5 0.506492 0.349974 0.0319272 0.0382833 0.078446
5 0.507329 0.35089 0.0342708 0.0357681 0.0750166
5 0.396047 0.352347 0.0473013 0.0510329 0.0748521
2 0.407903 0.249611 0.286548 0.13004 0.0746793
5 0.348987 0.377973 0.0293916 0.0315097 0.070775
5 0.50604 0.349929 0.034419 0.040479 0.068819
5 0.347975 0.37814 0.0339191 0.0375302 0.0683753
5 0.507346 0.351322 0.0344572 0.0358857 0.0679683
5 0.349481 0.377411 0.0339966 0.0343248 0.063781
2 0.395542 0.243898 0.270776 0.144613 0.0610441
5 0.349701 0.377287 0.0352765 0.03619 0.0607648
5 0.512437 0.700994 0.0521404 0.0560369 0.0602356
5 0.515523 0.696401 0.056741 0.063282 0.0596049
5 0.515418 0.698402 0.052429 0.0597028 0.0581265
5 0.347918 0.377655 0.0323592 0.0348888 0.0571616
5 0.396203 0.351179 0.046564 0.053242 0.0568585
2 0.38599 0.325588 0.329711 0.411658 0.0566831
5 0.507212 0.349879 0.0378294 0.0407232 0.0524906
2 0.413992 0.249044 0.195218 0.110916 0.0480178
2 0.396776 0.245565 0.257794 0.198976 0.0466338
5 0.348662 0.375479 0.0311793 0.0368001 0.0439024
5 0.412517 0.339748 0.0467153 0.0489059 0.0433662
5 0.943021 0.455302 0.054649 0.0684361 0.0429766
5 0.428741 0.329201 0.0339964 0.0359451 0.0357472
5 0.348197 0.376206 0.0357584 0.0422059 0.0342684
5 0.42691 0.331141 0.0315199 0.0339811 0.0327619
5 0.943674 0.455822 0.0470922 0.0650115 0.0316219
5 0.428148 0.329575 0.0342417 0.0344343 0.0309842
2 0.371975 0.28814 0.312819 0.302107 0.0306809
5 0.512889 0.697832 0.0580448 0.0637747 0.0306413
5 0.943096 0.455296 0.048182 0.0650281 0.0306086
2 0.39838 0.299393 0.314212 0.367577 0.0295326
2 0.440075 0.256951 0.133196 0.0920303 0.0294239
2 0.375222 0.323825 0.328818 0.371882 0.0284335
2 0.425662 0.247333 0.160275 0.106507 0.0269169
2 0.461717 0.246154 0.410784 0.133021 0.0265218
2 0.42426 0.263206 0.16976 0.0747087 0.023595
5 0.94142 0.454112 0.0681955 0.082908 0.0226535
2 0.466548 0.255149 0.429898 0.121306 0.0222406
5 0.391578 0.35814 0.0486236 0.0569312 0.0214232
5 0.349647 0.374157 0.0370276 0.0427687 0.0192457
5 0.942597 0.456164 0.0500828 0.0645829 0.0188647
3 0.456088 0.578969 0.314337 0.496531 0.0186697
2 0.413631 0.233287 0.30688 0.160771 0.0184952
3 0.446367 0.551236 0.305129 0.495546 0.0183464
2 0.445702 0.247209 0.119856 0.108771 0.0169486
5 0.941406 0.455796 0.0529797 0.065767 0.0165611
5 0.941469 0.456752 0.0588531 0.0728658 0.0162162
5 0.942578 0.457072 0.0751313 0.0897291 0.0157384
5 0.940805 0.453443 0.060474 0.0757926 0.0157075
5 0.94272 0.455216 0.0717006 0.0865629 0.0157069
5 0.0195015 0.0675907 0.0386025 0.0669064 0.0150614
2 0.447008 0.263012 0.113473 0.0719516 0.0140676
5 0.0187536 0.0678175 0.0373901 0.0617968 0.0140458
5 0.020709 0.0662877 0.0409736 0.0760739 0.0126714
5 0.0212952 0.0652554 0.0424362 0.0776827 0.012613
3 0.467598 0.55079 0.332588 0.444923 0.0121153
2 0.446438 0.248764 0.117716 0.102636 0.0119916
5 0.020486 0.0661716 0.040795 0.0744112 0.0119786
3 0.430283 0.565805 0.32114 0.531996 0.0116923
5 0.942448 0.456329 0.045067 0.0615712 0.0113855
5 0.0187664 0.0679569 0.0369765 0.0603159 0.0112759
3 0.453025 0.49256 0.325309 0.509504 0.0112476
1 0.587784 0.533284 0.305381 0.574376 0.0105479
3 0.433848 0.499841 0.323752 0.520481 0.0105219
3 0.431809 0.591533 0.335281 0.528813 0.0102405
5 0.0188106 0.0694023 0.0376213 0.0618446 0.0101743
2 0.449402 0.258365 0.391102 0.12221 0.0101093
5 0.508066 0.35553 0.0358315 0.0459879 0.0100219
3 0.452878 0.468957 0.32837 0.484547 0.0100079
