3 0.49642 0.521004 0.401554 0.500184 0.747929
3 0.494071 0.516153 0.396347 0.511723 0.747633
3 0.494299 0.51917 0.399212 0.503472 0.744254
3 0.493644 0.518279 0.397252 0.508227 0.727356
3 0.497126 0.520326 0.400589 0.503566 0.720752
3 0.493609 0.514653 0.396198 0.51847 0.695445
3 0.496837 0.517229 0.398644 0.511753 0.693366
3 0.494104 0.513937 0.395302 0.517802 0.686572
3 0.493586 0.511008 0.396761 0.51575 0.650303
3 0.495776 0.515229 0.398586 0.517855 0.624642
3 0.490181 0.539969 0.306665 0.416574 0.0902925
3 0.496963 0.522247 0.315712 0.401936 0.0843049
3 0.497746 0.50456 0.308554 0.353466 0.0750311
3 0.494636 0.519868 0.295734 0.347618 0.0671097
3 0.489124 0.53407 0.301427 0.435026 0.0607619
3 0.485717 0.537546 0.294159 0.439911 0.0484606
3 0.497556 0.525236 0.312675 0.420735 0.0474243
3 0.492885 0.552727 0.303911 0.439649 0.0397979
3 0.5013 0.52138 0.300895 0.307139 0.0226131
5 0.310283 0.83969 0.0284546 0.0317584 0.0226099
3 0.503566 0.536573 0.281741 0.285699 0.0212995
3 0.489682 0.510769 0.280112 0.384548 0.0193097
5 0.308582 0.841095 0.034493 0.038652 0.0192633
5 0.310229 0.840178 0.0295256 0.0325611 0.019004
3 0.501155 0.506934 0.309856 0.380466 0.0184726
3 0.498018 0.54185 0.300138 0.379504 0.017829
5 0.308619 0.8408 0.0338919 0.0374748 0.0174162
3 0.472877 0.536708 0.275275 0.434227 0.0166718
3 0.48498 0.519269 0.282156 0.400849 0.0160497
5 0.941245 0.459532 0.0470151 0.0637096 0.0159695
3 0.494887 0.503264 0.290167 0.373604 0.01541
5 0.940256 0.459199 0.0565121 0.0692722 0.0151301
5 0.310925 0.840115 0.0342139 0.0356427 0.0143544
5 0.940288 0.458818 0.0476811 0.061935 0.0136914
5 0.309093 0.838675 0.0374047 0.0440615 0.0133749
5 0.938768 0.459213 0.0477652 0.0615214 0.0133365
5 0.940258 0.459155 0.0472097 0.0630414 0.013175
3 0.500869 0.515296 0.311947 0.399085 0.0128633
5 0.310517 0.838907 0.0359003 0.0419754 0.0124642
5 0.31083 0.839933 0.034597 0.0367031 0.0123506
3 0.502184 0.495062 0.30497 0.343068 0.0114554
5 0.940413 0.460392 0.0432157 0.0565232 0.0102959
5 0.311107 0.839037 0.039405 0.043612 0.010004
