5 0.452075 0.598387 0.0464434 0.0475741 0.507164
5 0.616741 0.541026 0.0319493 0.0371254 0.423753
5 0.370239 0.428188 0.0296237 0.0300898 0.382294
5 0.473937 0.335565 0.0295578 0.0284547 0.345855
5 0.609416 0.464849 0.018729 0.0211042 0.196397
3 0.509047 0.455798 0.361045 0.423121 0.189812
2 0.591605 0.607485 0.02767 0.0271438 0.173269
5 0.466496 0.281134 0.0186157 0.0198483 0.132389
5 0.572431 0.31223 0.0149905 0.017985 0.0655908
5 0.533258 0.540319 0.020709 0.0224694 0.0617477
5 0.413595 0.323257 0.0163717 0.0196636 0.0452624
3 0.500574 0.448747 0.20839 0.226572 0.0427865
5 0.52191 0.597934 0.019983 0.0213177 0.0306927
5 0.548021 0.351978 0.122024 0.0410097 0.02923
5 0.608883 0.463784 0.0281075 0.0272042 0.0283501
0 0.505433 0.457153 0.376525 0.423408 0.0235559
5 0.589036 0.606032 0.0406988 0.0336609 0.0223295
0 0.44999 0.349939 0.206559 0.11679 0.021759
0 0.500978 0.305844 0.310743 0.129808 0.0199371
5 0.474865 0.33719 0.0442142 0.0410948 0.0192455
5 0.368058 0.429474 0.0450338 0.040785 0.0160653
5 0.427836 0.297865 0.0173907 0.0182706 0.0144933
0 0.575823 0.335235 0.146693 0.125624 0.0139478
3 0.55264 0.482812 0.256888 0.307585 0.0129241
0 0.443577 0.320253 0.175307 0.116684 0.0127733
5 0.372159 0.489307 0.0248189 0.0262478 0.0106461
5 0.531492 0.539093 0.0294622 0.0315816 0.0100842
