5 0.53231 0.44521 0.0263857 0.0326526 0.222707
5 0.305531 0.820728 0.0320146 0.0377525 0.140162
3 0.486483 0.416605 0.315705 0.440263 0.111363
5 0.444425 0.569973 0.0257243 0.04305 0.0583777
5 0.53595 0.478373 0.0228496 0.0216621 0.0552413
2 0.39067 0.640707 0.0409895 0.0369427 0.0506877
5 0.530977 0.450371 0.0373519 0.0513441 0.0418878
3 0.555474 0.435947 0.187542 0.37097 0.0236588
0 0.100189 0.199486 0.200378 0.398048 0.0229414
3 0.496602 0.339663 0.235271 0.265463 0.022322
0 0.066933 0.391025 0.13374 0.78205 0.0173954
3 0.480273 0.329073 0.477086 0.493427 0.016009
4 0.483327 0.479404 0.479894 0.58584 0.0135357
