1 0.568552 0.484053 0.554625 0.675725 0.68783
5 0.505752 0.476493 0.0825665 0.0694451 0.426264
5 0.572834 0.480131 0.0259781 0.033731 0.103106
5 0.591065 0.559585 0.025221 0.028074 0.027603
1 0.368057 0.446277 0.156354 0.533838 0.0272662
5 0.687555 0.423783 0.0325225 0.0326852 0.0255096
5 0.469177 0.416985 0.0247046 0.027047 0.0204367
5 0.467453 0.258648 0.021431 0.0226292 0.0184475
2 0.366358 0.607952 0.0241144 0.0259847 0.0165531
0 0.506185 0.479764 0.0942226 0.074324 0.016419
5 0.365805 0.608184 0.020784 0.0239449 0.016263
5 0.542734 0.673105 0.0176801 0.0198408 0.0112159
5 0.689049 0.363397 0.0291099 0.0309656 0.010049
