1 0.500325 0.458239 0.578543 0.761299 0.789055
5 0.565417 0.704925 0.0537784 0.0595852 0.310134
5 0.531185 0.342534 0.0361728 0.0358989 0.290457
5 0.481537 0.203896 0.025093 0.0264516 0.269871
5 0.479758 0.322878 0.0222676 0.0202343 0.252087
5 0.523944 0.0422681 0.0448253 0.0434073 0.221335
5 0.379373 0.390893 0.0525852 0.0898198 0.172889
5 0.488484 0.297919 0.0336569 0.03294 0.151983
5 0.461991 0.0556122 0.0447327 0.0370251 0.13446
5 0.510185 0.684534 0.037579 0.0360913 0.0669307
5 0.345519 0.154107 0.0504379 0.0487021 0.0311332
1 0.27824 0.409117 0.143029 0.603051 0.024528
5 0.585944 0.424326 0.0294928 0.0299823 0.0228866
5 0.481482 0.209415 0.0374672 0.0493575 0.0224788
5 0.34095 0.113987 0.0344274 0.0342394 0.0212537
5 0.481113 0.323402 0.0339028 0.0372842 0.0181493
5 0.48494 0.295426 0.0518399 0.0481571 0.0145113
5 0.531708 0.349042 0.0491439 0.0627804 0.0109501
5 0.509141 0.680758 0.0541319 0.0521758 0.0106611
5 0.471354 0.0482832 0.0667187 0.0442046 0.0105785
