5 0.782391 0.742011 0.0880523 0.121505 0.463403
1 0.670508 0.587811 0.521279 0.732592 0.298363
3 0.666629 0.586434 0.51095 0.730408 0.0987428
1 0.681794 0.883604 0.361092 0.142324 0.0318251
5 0.58582 0.723962 0.0224515 0.0237824 0.0278485
1 0.493271 0.531458 0.1643 0.563141 0.0242148
3 0.700211 0.595458 0.346687 0.467886 0.0214859
5 0.757378 0.649123 0.0207018 0.0227233 0.0173482
5 0.639257 0.583459 0.0174484 0.0191729 0.0168137
5 0.767523 0.586216 0.0216327 0.0247167 0.0152065
1 0.662145 0.409139 0.50271 0.372823 0.0126191
5 0.749001 0.651987 0.0354594 0.0337912 0.0100203
