2 0.417682 0.391128 0.0450861 0.0503147 0.333332
2 0.55292 0.586719 0.254914 0.234942 0.209678
2 0.517659 0.44703 0.111878 0.199279 0.196277
2 0.505883 0.599718 0.141922 0.180959 0.177885
2 0.575613 0.568107 0.124202 0.189728 0.0406568
5 0.419246 0.39115 0.050166 0.0575771 0.0189987
4 0.566067 0.658033 0.0727804 0.0816946 0.0170969
2 0.563558 0.500889 0.23475 0.316139 0.014057
2 0.432791 0.712295 0.115759 0.105563 0.0140209
4 0.436446 0.714073 0.12501 0.111155 0.0128413
2 0.490439 0.495008 0.0638753 0.0557506 0.0109724
