5 0.478474 0.576074 0.0809184 0.0911574 0.567723
2 0.54732 0.608078 0.0544098 0.0449311 0.386261
5 0.547763 0.607265 0.0537041 0.0409168 0.361417
3 0.506126 0.51108 0.323526 0.430836 0.35107
5 0.591582 0.403304 0.0292477 0.0307127 0.279699
5 0.381937 0.464729 0.0249351 0.0282804 0.265542
3 0.479285 0.431195 0.163585 0.199487 0.193335
5 0.593755 0.375659 0.0260716 0.0248094 0.170033
5 0.626286 0.398249 0.0227549 0.0254765 0.163683
5 0.478713 0.317948 0.0304399 0.0273036 0.162323
5 0.592446 0.38834 0.0318046 0.0445824 0.0973333
5 0.535379 0.353742 0.0197575 0.021916 0.064333
5 0.941387 0.457211 0.0534291 0.0678578 0.0643129
3 0.507257 0.38768 0.339786 0.19648 0.0579356
5 0.516504 0.70205 0.0626128 0.0652558 0.0504303
5 0.464774 0.371129 0.0193718 0.0204299 0.034516
2 0.478892 0.312567 0.035487 0.0409302 0.0298195
5 0.627327 0.399331 0.0314377 0.0387743 0.0286
5 0.413606 0.425659 0.0171199 0.0214458 0.0222519
5 0.385637 0.466214 0.0395944 0.0425627 0.0220384
5 0.578542 0.357636 0.0273148 0.0191162 0.0206324
5 0.472377 0.317714 0.0476998 0.0362078 0.0101286
