3 0.505587 0.637393 0.303505 0.628852 0.801539
5 0.562705 0.325558 0.0180789 0.022981 0.132336
5 0.583801 0.307043 0.017851 0.0195726 0.10175
5 0.523312 0.0337419 0.0453782 0.0502223 0.0612748
5 0.66577 0.957031 0.0949677 0.0655576 0.0433415
3 0.511843 0.626001 0.224257 0.407259 0.015665
5 0.580526 0.304518 0.0285727 0.0259351 0.0129215
5 0.560426 0.296958 0.0149141 0.0172104 0.0123962
5 0.669096 0.941189 0.0891523 0.0338617 0.0115836
5 0.459238 0.0488176 0.0399486 0.0372836 0.011164
5 0.559887 0.326406 0.0341195 0.0362871 0.0103843
