5 0.460646 0.516794 0.18514 0.18971 0.766827
2 0.459555 0.515778 0.184015 0.186332 0.256414
0 0.559578 0.464355 0.731733 0.920726 0.234561
5 0.765722 0.431218 0.0328542 0.0359963 0.177106
5 0.762842 0.430995 0.047603 0.0510795 0.0867622
0 0.277998 0.47196 0.182235 0.913782 0.04693
5 0.208486 0.562834 0.032051 0.0373238 0.0447315
5 0.494923 0.312881 0.177327 0.219382 0.0331725
1 0.499412 0.31149 0.194368 0.22156 0.0271655
0 0.370394 0.267377 0.340412 0.525106 0.0229527
0 0.758535 0.498201 0.350095 0.984498 0.0210131
0 0.400242 0.517627 0.400489 0.807421 0.0208421
0 0.448954 0.176952 0.468936 0.348536 0.0157562
5 0.376577 0.239128 0.0328059 0.0383394 0.0100637
