3 0.493957 0.548903 0.322119 0.43688 0.657134
5 0.612996 0.429929 0.02283 0.0232078 0.116841
2 0.399789 0.779313 0.0274191 0.0282208 0.103525
5 0.613698 0.423244 0.0329321 0.0388587 0.0602953
2 0.3702 0.639666 0.0170448 0.021122 0.0362572
4 0.476931 0.365306 0.144561 0.0700105 0.0200312
2 0.597059 0.209079 0.0275314 0.0397088 0.0197003
5 0.636476 0.610799 0.0161842 0.0191355 0.0169242
0 0.617155 0.423489 0.0528775 0.0644065 0.0133281
5 0.399275 0.780411 0.0345383 0.0367821 0.0106677
2 0.478167 0.5483 0.0201561 0.0211657 0.0104613
