0 0.52217 0.502583 0.360511 0.43673 0.674039
5 0.398276 0.449538 0.0281212 0.0368015 0.328508
5 0.424595 0.577532 0.03029 0.0297648 0.202065
5 0.652792 0.548482 0.0358483 0.0287865 0.125603
3 0.533912 0.486306 0.186026 0.29924 0.0846606
5 0.411659 0.396364 0.0198141 0.0248179 0.0838403
5 0.595508 0.677943 0.0285738 0.0312404 0.075894
5 0.660032 0.439862 0.0255735 0.0311352 0.0513117
5 0.425884 0.574516 0.0447292 0.047613 0.0314584
5 0.400463 0.447525 0.0465558 0.0517012 0.0120611
5 0.656055 0.546175 0.0531034 0.0477046 0.0107083
