0 0.522063 0.50315 0.784126 0.982594 0.25149
3 0.518692 0.496429 0.777743 0.975772 0.250978
5 0.624271 0.480155 0.0224086 0.0278145 0.235247
5 0.645082 0.340862 0.04977 0.0343479 0.234592
5 0.622637 0.48082 0.0318143 0.0384922 0.0993322
5 0.561981 0.83731 0.0254539 0.0297944 0.0335191
5 0.593735 0.558961 0.024873 0.0296187 0.0321908
5 0.026616 0.94185 0.0529584 0.116299 0.0264013
2 0.548487 0.378183 0.023252 0.025522 0.025453
5 0.722206 0.377607 0.0275452 0.0311817 0.0244025
5 0.72558 0.520074 0.0368367 0.0456843 0.0167306
2 0.457235 0.221524 0.0174149 0.0208831 0.010748
5 0.582375 0.659715 0.0351932 0.0435568 0.0106459
5 0.560296 0.83724 0.0369735 0.0390069 0.0102569
