0 0.522801 0.386641 0.474634 0.590907 0.525344
0 0.514629 0.378016 0.450371 0.614371 0.521729
0 0.534441 0.391119 0.496387 0.571769 0.517731
0 0.512315 0.359939 0.442895 0.658367 0.512891
0 0.50702 0.382496 0.442993 0.607056 0.483108
0 0.527668 0.38134 0.476454 0.579839 0.481075
0 0.522972 0.361308 0.460332 0.636073 0.42495
2 0.440768 0.111184 0.0651159 0.0717059 0.368379
0 0.506427 0.369592 0.439812 0.644991 0.337352
5 0.578897 0.604769 0.0771773 0.0842516 0.317467
2 0.440186 0.10981 0.0672631 0.0694258 0.28789
5 0.577889 0.60595 0.0726704 0.0849232 0.250357
