4 0.442621 0.528371 0.569543 0.750958 0.652248
4 0.442802 0.541433 0.570131 0.744302 0.542785
4 0.440591 0.510774 0.5645 0.737444 0.48903
4 0.439576 0.508788 0.563346 0.723291 0.475903
4 0.440003 0.514558 0.563465 0.689959 0.466102
0 0.437405 0.525818 0.568207 0.738281 0.429916
0 0.438732 0.496041 0.563153 0.748947 0.421704
4 0.441179 0.533994 0.564913 0.741311 0.404815
0 0.436484 0.533848 0.569727 0.7335 0.328853
0 0.438875 0.502685 0.560754 0.749076 0.309361
4 0.441364 0.532942 0.562815 0.732198 0.26593
