4 0.455381 0.402884 0.412962 0.538162 0.593341
4 0.456082 0.39872 0.418512 0.544308 0.561902
4 0.455761 0.404065 0.411325 0.546632 0.5587
4 0.458572 0.406049 0.410859 0.5482 0.558464
4 0.457907 0.405266 0.416106 0.547166 0.519118
4 0.456731 0.402299 0.419217 0.541619 0.516562
4 0.459751 0.401135 0.415302 0.536584 0.477847
2 0.37243 0.533719 0.0350607 0.0390229 0.428517
2 0.372352 0.535918 0.0345391 0.0379943 0.4141
4 0.459492 0.403472 0.417491 0.542624 0.408256
4 0.454998 0.4015 0.415181 0.53978 0.379644
4 0.458413 0.397415 0.418561 0.545472 0.372283
2 0.371998 0.534683 0.0352597 0.0366914 0.314359
2 0.372276 0.535375 0.0353149 0.0353838 0.305435
