2 0.488313 0.356535 0.0502245 0.0535483 0.656091
2 0.488729 0.355972 0.0507307 0.0557266 0.625777
2 0.510118 0.297047 0.041453 0.0381872 0.598523
2 0.509509 0.294845 0.0437307 0.0398745 0.586457
2 0.488493 0.357247 0.0508141 0.0508713 0.553447
2 0.487966 0.355853 0.0529967 0.0554576 0.531889
2 0.48968 0.356836 0.0524362 0.0517399 0.525195
2 0.488622 0.356598 0.0552908 0.0576128 0.524138
2 0.509605 0.294879 0.0451471 0.0418711 0.515598
2 0.509986 0.296681 0.0424512 0.0390117 0.486033
2 0.489146 0.355418 0.0506058 0.0560848 0.4387
2 0.510535 0.296132 0.0440899 0.0385782 0.430531
2 0.509873 0.297057 0.0430181 0.0407228 0.427148
2 0.508602 0.29802 0.0508215 0.0467441 0.425946
2 0.517365 0.250186 0.0295822 0.042155 0.394257
2 0.557237 0.148893 0.0422272 0.0712794 0.355717
2 0.49127 0.356873 0.0515851 0.0526126 0.351139
4 0.511862 0.322951 0.280893 0.497857 0.323546
2 0.518735 0.250591 0.0302934 0.0469142 0.317948
2 0.558338 0.156384 0.0455021 0.0611388 0.30724
2 0.488249 0.356102 0.0567424 0.0603841 0.277357
4 0.512502 0.316612 0.286728 0.483878 0.273283
2 0.55784 0.163887 0.0440634 0.0440428 0.272199
2 0.557441 0.162685 0.0427065 0.0433833 0.261768
