2 0.858501 0.13714 0.0624809 0.0727352 0.950561
2 0.859959 0.136059 0.0662386 0.071574 0.940581
2 0.859251 0.136617 0.0619629 0.0736485 0.92077
2 0.85989 0.138022 0.0677695 0.0743424 0.897857
2 0.860799 0.136511 0.0642194 0.0713069 0.891857
2 0.858857 0.136388 0.0655241 0.0730069 0.882059
2 0.450586 0.0389294 0.0874636 0.0645205 0.87876
2 0.858114 0.137182 0.0631463 0.0741584 0.877296
2 0.593869 0.0389006 0.0987052 0.0756418 0.852467
2 0.595527 0.0405972 0.094992 0.0752176 0.823732
2 0.242941 0.891668 0.0636137 0.0675519 0.820534
2 0.213918 0.185657 0.0771237 0.0838978 0.81477
2 0.450284 0.0374875 0.0843571 0.0644621 0.793153
2 0.243066 0.890473 0.0647852 0.0688557 0.78371
2 0.213197 0.184288 0.0802557 0.0857685 0.782097
2 0.859174 0.1372 0.068292 0.0739539 0.780062
2 0.242954 0.891566 0.0670089 0.0701222 0.766728
2 0.859239 0.136755 0.0691392 0.0763665 0.729797
2 0.0883859 0.344544 0.0673175 0.0811182 0.72891
2 0.242797 0.891773 0.0689347 0.0695893 0.704837
2 0.242826 0.890385 0.0657109 0.0671001 0.699744
2 0.5985 0.0405736 0.0832596 0.0744716 0.690417
2 0.594231 0.0384236 0.0991962 0.0768472 0.689953
2 0.892313 0.485755 0.07844 0.102403 0.682692
2 0.45093 0.0393012 0.0848272 0.0639415 0.675446
2 0.0883818 0.343176 0.069993 0.0827468 0.674742
4 0.497241 0.488006 0.932593 0.95747 0.674002
2 0.594509 0.0393321 0.0924454 0.0757091 0.673956
2 0.0905662 0.345156 0.0682203 0.0789151 0.664146
2 0.244678 0.889878 0.0679516 0.0679727 0.659632
4 0.499449 0.484509 0.936137 0.967926 0.646975
2 0.0901527 0.548301 0.0572114 0.0649874 0.629519
2 0.242768 0.891028 0.0696623 0.0677253 0.627336
2 0.451725 0.0406499 0.0866968 0.0630805 0.61332
2 0.893913 0.485349 0.0825595 0.110597 0.611755
4 0.485448 0.490996 0.913554 0.95964 0.610082
4 0.493019 0.48916 0.926113 0.965661 0.592757
4 0.499277 0.484212 0.951904 0.968424 0.588266
2 0.451455 0.037735 0.0841683 0.064823 0.579138
2 0.0889769 0.547742 0.0615044 0.0667297 0.572255
2 0.591356 0.0402 0.0997967 0.077967 0.560692
2 0.0904287 0.548953 0.0594095 0.0652196 0.559873
4 0.506473 0.468761 0.961255 0.937522 0.545961
2 0.214174 0.185168 0.0849691 0.0857188 0.542595
2 0.0896551 0.343355 0.069298 0.0787619 0.542517
4 0.512322 0.469319 0.955607 0.938639 0.539465
2 0.0886427 0.547901 0.0623862 0.0656383 0.530105
2 0.244624 0.890566 0.0662915 0.0680385 0.521232
2 0.451429 0.0387861 0.0872255 0.0642809 0.510085
2 0.451395 0.0376798 0.0894448 0.0652382 0.496448
2 0.0906281 0.344157 0.0678471 0.081824 0.495699
2 0.214462 0.183336 0.0849522 0.0858443 0.493033
2 0.857323 0.13552 0.0665558 0.0765677 0.492788
4 0.500603 0.468415 0.954365 0.93683 0.483772
2 0.0892799 0.548243 0.0596295 0.0661384 0.482533
2 0.588049 0.0410723 0.105563 0.0821445 0.467873
2 0.213692 0.184331 0.0797132 0.084596 0.46632
2 0.243653 0.889506 0.0661431 0.065669 0.461415
2 0.894472 0.486945 0.0822806 0.108 0.460892
2 0.215253 0.184596 0.0808335 0.0846916 0.450994
2 0.858129 0.136055 0.0631388 0.0682971 0.446501
2 0.892861 0.486375 0.0802163 0.100503 0.436729
2 0.857833 0.134672 0.0685007 0.074692 0.428703
2 0.243013 0.889545 0.0670695 0.0759289 0.428446
2 0.0896681 0.547288 0.0632645 0.067992 0.427335
2 0.450787 0.0403616 0.0864723 0.0650367 0.425745
2 0.0897485 0.548028 0.0611028 0.0642259 0.398582
2 0.0935553 0.342666 0.0615498 0.0783088 0.393535
2 0.601362 0.0388499 0.0854838 0.0740447 0.391759
2 0.0915386 0.342769 0.0638952 0.0828542 0.388187
4 0.49401 0.486247 0.949302 0.956541 0.387043
2 0.86039 0.137191 0.067216 0.0795416 0.377902
2 0.453722 0.0397834 0.080407 0.0628563 0.356397
2 0.602694 0.0406377 0.0825372 0.0726035 0.353625
4 0.432028 0.496872 0.799219 0.944352 0.34909
2 0.890904 0.49263 0.0889869 0.116842 0.337244
2 0.591393 0.0376453 0.0991986 0.0736298 0.335789
2 0.0921477 0.343778 0.0642565 0.0769579 0.334716
2 0.0901301 0.34214 0.0692753 0.0835595 0.32958
2 0.213998 0.184994 0.0836004 0.084908 0.329558
2 0.0903796 0.546714 0.0604992 0.0739044 0.321802
2 0.455679 0.0396926 0.079218 0.062118 0.32052
2 0.599911 0.0415474 0.0871064 0.0727601 0.309261
4 0.414299 0.499191 0.750006 0.929447 0.308895
2 0.588774 0.0430126 0.106605 0.084774 0.294772
2 0.891215 0.4924 0.0910287 0.121602 0.288695
2 0.857845 0.135675 0.0617662 0.0687423 0.28801
2 0.598308 0.0408484 0.0860859 0.075556 0.272266
2 0.860077 0.137918 0.0640686 0.076317 0.271386
2 0.891325 0.480069 0.0789875 0.0946496 0.26714
2 0.0900144 0.548406 0.0599491 0.0671772 0.258279
