2 0.388275 0.528361 0.0489266 0.0655902 0.891504
2 0.387917 0.528777 0.0504819 0.0672575 0.889044
2 0.388321 0.528577 0.0483153 0.0641343 0.839844
2 0.389438 0.528435 0.0487585 0.0655401 0.787995
2 0.388349 0.528856 0.0509945 0.0670158 0.783927
2 0.388653 0.529265 0.0479628 0.0642904 0.767447
2 0.388146 0.52897 0.0498287 0.0657982 0.717643
2 0.388365 0.529634 0.0484437 0.0623555 0.693332
2 0.513166 0.625772 0.100292 0.0840626 0.657126
2 0.388746 0.528179 0.0496515 0.0633475 0.653838
2 0.514046 0.626139 0.107168 0.0854303 0.51399
2 0.3882 0.527686 0.0516527 0.0667166 0.465013
2 0.390046 0.528962 0.0516944 0.0692499 0.461618
2 0.42279 0.62617 0.0312301 0.0367976 0.437321
2 0.423129 0.626835 0.0318168 0.035634 0.420806
2 0.388124 0.527946 0.0498215 0.0634366 0.403421
2 0.423134 0.627215 0.031814 0.036017 0.398608
2 0.511634 0.622143 0.0991187 0.0802361 0.38821
2 0.373728 0.445965 0.0320147 0.0353791 0.364283
2 0.373357 0.445644 0.0345257 0.0404189 0.350832
2 0.423344 0.625815 0.0378377 0.0411985 0.341725
2 0.373588 0.447244 0.0350475 0.0403853 0.333404
2 0.424244 0.625941 0.0374664 0.0424196 0.3275
2 0.512959 0.630028 0.114908 0.0918812 0.322694
2 0.423448 0.626779 0.0317057 0.035546 0.320466
2 0.373829 0.446501 0.032051 0.0356907 0.310928
2 0.51177 0.626189 0.112121 0.0937417 0.295988
2 0.373711 0.446186 0.036978 0.039613 0.285359
2 0.513434 0.627894 0.108621 0.0810609 0.272068
2 0.51229 0.622188 0.102587 0.0845564 0.259035
