2 0.62383 0.379352 0.0739479 0.0691009 0.77398
2 0.675115 0.448266 0.0471547 0.0532909 0.235814
2 0.371774 0.393035 0.0342778 0.0447278 0.219834
5 0.371594 0.393182 0.033497 0.0437394 0.20876
5 0.675306 0.447232 0.0491655 0.0558199 0.128168
1 0.44087 0.693348 0.390923 0.182049 0.109124
2 0.485742 0.416407 0.029941 0.0297436 0.0996515
1 0.702724 0.530914 0.116767 0.312217 0.091527
5 0.380613 0.560824 0.0237238 0.0278638 0.0907697
2 0.409762 0.487543 0.0282593 0.0332383 0.0524457
5 0.485644 0.41664 0.031441 0.0313569 0.044981
5 0.50088 0.550371 0.022525 0.0277714 0.0396334
3 0.476817 0.526037 0.275031 0.180171 0.0385254
1 0.284076 0.54149 0.126512 0.360791 0.0253296
5 0.2864 0.450938 0.0194768 0.0228211 0.0195017
1 0.668816 0.590636 0.187113 0.226243 0.012899
