2 0.423863 0.585587 0.0623936 0.116392 0.585706
3 0.516243 0.469714 0.478911 0.533353 0.376863
2 0.4281 0.671766 0.0374159 0.04478 0.290729
2 0.503009 0.649717 0.0274747 0.0332097 0.22462
5 0.502151 0.64974 0.0343632 0.0405876 0.17908
2 0.559246 0.727377 0.0807987 0.0855514 0.142085
5 0.578285 0.642026 0.0290762 0.0324445 0.113739
2 0.479781 0.556184 0.044081 0.0439788 0.0976522
2 0.762049 0.560942 0.0545817 0.0634338 0.0906859
5 0.761816 0.561412 0.0511432 0.0632834 0.0410271
3 0.644871 0.483677 0.268456 0.546304 0.0308988
5 0.431914 0.673735 0.0531709 0.0509578 0.0306269
3 0.528337 0.48491 0.305124 0.369403 0.0276761
2 0.574891 0.250679 0.0931696 0.0780054 0.0274692
3 0.609136 0.33601 0.174583 0.226683 0.0212972
2 0.520783 0.423053 0.024718 0.03356 0.0173476
2 0.535487 0.325795 0.0227166 0.0270684 0.016457
2 0.431273 0.675299 0.059974 0.0575895 0.0122301
2 0.480104 0.320031 0.0563779 0.0638215 0.0116872
2 0.28086 0.556521 0.0303426 0.0395049 0.0111569
2 0.4611 0.314443 0.116573 0.0967112 0.0106595
