5 0.644637 0.61701 0.0354229 0.0379874 0.425064
5 0.652723 0.53366 0.0195546 0.0240422 0.302855
5 0.477354 0.471996 0.0585684 0.10348 0.205488
3 0.517653 0.468204 0.425061 0.50538 0.164035
0 0.511841 0.474211 0.437599 0.51593 0.150575
5 0.537502 0.705523 0.0228338 0.0270113 0.128554
2 0.332542 0.606939 0.0699385 0.113479 0.101625
5 0.653355 0.534956 0.0287423 0.0327592 0.059702
5 0.47008 0.674431 0.0234062 0.026842 0.0502235
5 0.565119 0.680912 0.0205827 0.0200983 0.0410404
5 0.61885 0.511326 0.0256265 0.0352691 0.0409072
5 0.600465 0.641418 0.0195363 0.0221038 0.0365809
5 0.49915 0.414072 0.255087 0.353493 0.0190929
2 0.538003 0.706169 0.0276545 0.0315803 0.0140264
5 0.560823 0.655117 0.0188681 0.0207327 0.0128323
2 0.646237 0.431166 0.0899368 0.266837 0.0106133
0 0.53082 0.409353 0.188869 0.330015 0.0104805
