1 0.498719 0.405807 0.667582 0.79899 0.495951
1 0.506776 0.409009 0.662532 0.818019 0.461659
1 0.508112 0.403511 0.700742 0.794614 0.447814
1 0.493453 0.403743 0.681778 0.793669 0.416389
5 0.55988 0.434655 0.0820098 0.0828012 0.416009
5 0.559514 0.433697 0.0781459 0.0786285 0.352696
5 0.561145 0.434581 0.0840771 0.0873214 0.33303
1 0.495448 0.38883 0.664691 0.749344 0.326127
5 0.558759 0.432923 0.0786004 0.0794744 0.313922
5 0.558226 0.434165 0.0760044 0.0772677 0.306288
5 0.559188 0.43355 0.0824679 0.0820874 0.240082
1 0.488595 0.385027 0.686413 0.745753 0.238541
1 0.500151 0.381748 0.687136 0.738829 0.233855
1 0.499387 0.406211 0.676466 0.812422 0.22432
5 0.558186 0.434148 0.0734267 0.0755304 0.2162
5 0.556693 0.433283 0.076738 0.077067 0.187858
1 0.511693 0.407303 0.701476 0.814606 0.187272
5 0.44409 0.39215 0.0378532 0.0488195 0.176422
5 0.562712 0.432768 0.0730354 0.0790628 0.166573
5 0.558241 0.434574 0.0720724 0.0730243 0.157517
5 0.444432 0.392288 0.0341714 0.0442886 0.153722
5 0.562102 0.433018 0.0848266 0.0877708 0.150535
5 0.565394 0.434525 0.0819493 0.0887753 0.147146
5 0.443658 0.391794 0.0331429 0.0418447 0.140521
5 0.444855 0.392475 0.0344483 0.0442438 0.129106
5 0.444805 0.392174 0.0354662 0.0433599 0.120807
5 0.444593 0.391773 0.039768 0.0495193 0.119318
5 0.555502 0.434001 0.0690041 0.070459 0.11483
5 0.556738 0.435536 0.0702125 0.0726469 0.111094
5 0.558649 0.434152 0.0694361 0.0711692 0.102793
5 0.4433 0.3917 0.0377432 0.045146 0.0961875
5 0.442959 0.3921 0.0332413 0.0417276 0.0931848
5 0.444045 0.392343 0.0313426 0.0394929 0.0778623
5 0.443642 0.392495 0.0318792 0.0394025 0.076227
1 0.487561 0.353187 0.661514 0.679276 0.0757174
5 0.443522 0.392665 0.0288914 0.0379608 0.0741458
5 0.554307 0.432858 0.0716256 0.0725792 0.072289
5 0.445755 0.391931 0.0453375 0.0564639 0.0715881
5 0.553876 0.434022 0.0649471 0.0687671 0.070746
5 0.445631 0.392352 0.044704 0.0561287 0.0703611
5 0.44354 0.392947 0.0284928 0.0370839 0.0638519
5 0.568831 0.434591 0.0527966 0.0710219 0.0481218
5 0.44647 0.391675 0.0509278 0.0617669 0.0470217
5 0.567392 0.432581 0.0856581 0.0917116 0.044891
1 0.513648 0.418012 0.6571 0.818431 0.0441111
5 0.446923 0.392602 0.0512602 0.0616974 0.041135
5 0.243481 0.29531 0.039262 0.0419443 0.0360467
5 0.243447 0.295046 0.0454127 0.0510563 0.0357871
5 0.451484 0.277395 0.041441 0.0567528 0.0343878
5 0.444395 0.391277 0.0478682 0.0571185 0.0343651
5 0.450928 0.27689 0.0425506 0.057252 0.0336376
5 0.550214 0.435297 0.0563264 0.065306 0.0325444
5 0.570222 0.433601 0.0715077 0.0815623 0.0321736
5 0.243903 0.296282 0.0487309 0.0555201 0.0319666
5 0.450986 0.276703 0.0399339 0.0531169 0.0313199
5 0.549963 0.43447 0.0587382 0.0658565 0.0305661
5 0.243683 0.294004 0.0422191 0.0448371 0.0298617
5 0.441099 0.392522 0.0396459 0.047785 0.0293221
5 0.243096 0.294526 0.0410365 0.0409511 0.0292787
5 0.451837 0.277895 0.0402525 0.0571244 0.028861
5 0.243596 0.294329 0.0457199 0.0493586 0.0285978
5 0.243403 0.29498 0.0380986 0.0398246 0.0269524
5 0.442857 0.391158 0.0508326 0.0596347 0.0236016
1 0.470856 0.346487 0.680297 0.671794 0.0229883
5 0.243158 0.295335 0.0366699 0.0384576 0.0229231
5 0.242862 0.295642 0.0363561 0.0368948 0.0224659
5 0.451149 0.277035 0.0379345 0.0531052 0.0221193
5 0.452393 0.278744 0.0507686 0.0663665 0.0216981
5 0.45202 0.277248 0.051535 0.0655941 0.0216958
5 0.558654 0.436952 0.0647513 0.0653895 0.0205462
5 0.451013 0.275817 0.0456886 0.0601607 0.0201652
5 0.574189 0.435909 0.0517409 0.0732389 0.0184025
5 0.450614 0.276263 0.0418075 0.0551434 0.0182574
5 0.242771 0.295218 0.03621 0.0358514 0.0180541
5 0.440676 0.392466 0.0352269 0.0440932 0.0177388
5 0.572587 0.433822 0.0838537 0.0895042 0.0177126
5 0.572267 0.437553 0.0359424 0.0562528 0.016317
5 0.452458 0.278453 0.04079 0.0568828 0.015491
5 0.545632 0.434931 0.04698 0.0613404 0.0153131
5 0.561632 0.447295 0.100584 0.119536 0.0147508
5 0.450803 0.275757 0.0519381 0.0658638 0.0146203
5 0.451658 0.277352 0.0357009 0.0519721 0.0143538
5 0.441256 0.391015 0.0486975 0.0552805 0.0142967
5 0.242297 0.294571 0.0389061 0.0383526 0.0138336
5 0.555475 0.438235 0.0684149 0.068847 0.0137382
5 0.450924 0.277029 0.037902 0.0527753 0.0137065
5 0.558975 0.430644 0.08355 0.083406 0.0135654
5 0.242782 0.295673 0.0338455 0.0331581 0.0132545
5 0.242909 0.299475 0.0502601 0.057543 0.0129082
5 0.549983 0.43297 0.0676715 0.0709267 0.0128227
5 0.561518 0.437116 0.10472 0.0981928 0.0120413
5 0.566737 0.445169 0.104358 0.12036 0.0120212
5 0.568119 0.436894 0.108879 0.102046 0.011944
5 0.243821 0.293473 0.0531407 0.0565605 0.0114536
5 0.242695 0.293912 0.0483392 0.0468097 0.0111623
5 0.444438 0.389964 0.0536674 0.0624947 0.0109285
5 0.450387 0.275905 0.0498659 0.0641052 0.0105507
5 0.452136 0.276809 0.05661 0.0688304 0.0105266
1 0.506943 0.342627 0.693327 0.659606 0.0104219
5 0.242274 0.295607 0.0373542 0.0354737 0.0102486
5 0.555213 0.431141 0.0793421 0.0812837 0.0102362
5 0.241224 0.297542 0.0421447 0.0440431 0.0101403
