5 0.520857 0.691975 0.0370176 0.0454595 0.429929
5 0.520821 0.691636 0.0363399 0.0444691 0.368973
5 0.520786 0.692334 0.0355202 0.0445378 0.355937
5 0.520729 0.692266 0.0359507 0.0451632 0.300686
5 0.428689 0.449288 0.0414702 0.0670465 0.287818
5 0.428455 0.449587 0.0398783 0.0674681 0.279019
5 0.520974 0.692508 0.0344496 0.0427324 0.278097
5 0.428476 0.449201 0.0408789 0.0695893 0.276862
5 0.557453 0.657682 0.0359292 0.0474829 0.266398
0 0.47664 0.52376 0.362874 0.4741 0.257545
5 0.520706 0.692063 0.0331111 0.0434523 0.252801
5 0.520816 0.691834 0.035826 0.046196 0.240133
5 0.428978 0.449457 0.0430024 0.0682582 0.239839
5 0.55647 0.657043 0.0377936 0.046456 0.239718
5 0.557143 0.65732 0.0376721 0.0476511 0.236458
5 0.557612 0.657538 0.0362366 0.0484622 0.229108
5 0.521152 0.692047 0.0396133 0.0473215 0.21666
5 0.524608 0.334081 0.035466 0.0492655 0.209356
5 0.428477 0.44852 0.0404418 0.0709857 0.202478
5 0.428886 0.450059 0.0386507 0.0666468 0.195916
0 0.476067 0.530519 0.364086 0.476412 0.186888
5 0.556751 0.657425 0.0363174 0.0471211 0.183711
5 0.429035 0.44847 0.0464072 0.0786786 0.18189
5 0.582163 0.369535 0.0325742 0.0379536 0.181701
5 0.326098 0.552689 0.0272959 0.0337396 0.178496
5 0.326121 0.552508 0.0288372 0.0344344 0.176553
0 0.476383 0.524461 0.363974 0.464203 0.173611
5 0.364656 0.367489 0.0496649 0.0527734 0.171267
5 0.582095 0.369986 0.0310291 0.0366341 0.169536
0 0.475369 0.521505 0.363786 0.46975 0.164154
5 0.326278 0.552318 0.0290921 0.0349195 0.163018
0 0.588371 0.480792 0.134298 0.349887 0.16208
5 0.325897 0.55285 0.0268231 0.0333596 0.161705
5 0.556433 0.656402 0.0390954 0.0470667 0.161359
5 0.52431 0.333055 0.0364289 0.0495585 0.160528
5 0.525112 0.334257 0.0356214 0.04873 0.159478
5 0.562452 0.893678 0.0739308 0.0306571 0.155205
0 0.476832 0.525254 0.36607 0.470277 0.154958
5 0.326066 0.552954 0.0285051 0.0352235 0.154382
5 0.524808 0.333612 0.0335376 0.047062 0.152988
5 0.521044 0.692736 0.0314306 0.0412566 0.145694
5 0.427636 0.447104 0.0439116 0.0827335 0.145509
0 0.478366 0.52083 0.36601 0.472246 0.143563
0 0.478554 0.521426 0.364614 0.466157 0.143395
5 0.561561 0.894025 0.0765288 0.0326263 0.142968
5 0.325454 0.552902 0.0281116 0.0338022 0.141624
5 0.581713 0.369869 0.029809 0.0346687 0.140499
2 0.326165 0.552949 0.0270355 0.0336241 0.138757
5 0.520353 0.691577 0.0399072 0.0475113 0.136622
5 0.525514 0.334004 0.0408562 0.0526881 0.136603
0 0.587408 0.492082 0.137459 0.355627 0.136034
5 0.556434 0.656342 0.037251 0.0462896 0.133986
5 0.364751 0.367388 0.0504293 0.0503437 0.129147
5 0.524361 0.3337 0.0342157 0.0478103 0.128613
5 0.557021 0.657464 0.0351153 0.0466066 0.128202
0 0.587543 0.465052 0.134857 0.345408 0.128163
0 0.476028 0.517666 0.360982 0.460274 0.126729
5 0.36496 0.36739 0.0509352 0.0505156 0.12529
5 0.562328 0.89339 0.074932 0.0306417 0.122683
5 0.582101 0.36966 0.0311623 0.0360807 0.118829
5 0.581889 0.370044 0.0305239 0.0353018 0.118781
0 0.566819 0.479277 0.180128 0.371953 0.117058
0 0.478952 0.518537 0.36256 0.459805 0.114748
5 0.364542 0.367143 0.0481205 0.0500443 0.113304
5 0.364774 0.367555 0.054899 0.0573845 0.11295
2 0.326001 0.553056 0.0272878 0.0331789 0.112923
5 0.582435 0.370123 0.0300261 0.0336262 0.110116
5 0.56067 0.893199 0.0767451 0.0323559 0.108259
5 0.365072 0.368049 0.0511565 0.0556021 0.107893
2 0.524763 0.333188 0.0315331 0.0446623 0.105445
5 0.521107 0.691882 0.0409163 0.0488704 0.101799
5 0.582658 0.36925 0.0317889 0.0371107 0.101567
5 0.582187 0.369734 0.0318963 0.035667 0.101131
5 0.495466 0.824622 0.0447615 0.198993 0.0988978
5 0.582254 0.370025 0.0307938 0.0343406 0.0974737
5 0.496855 0.836185 0.0448644 0.170413 0.0972241
5 0.484059 0.608203 0.0291495 0.0373059 0.0972128
5 0.557678 0.657747 0.0407541 0.0513179 0.096188
5 0.428236 0.45135 0.0384148 0.0622647 0.0944118
5 0.364562 0.367124 0.0458181 0.0471741 0.0931699
2 0.469929 0.301925 0.0372697 0.0366191 0.0917391
0 0.517491 0.335061 0.244129 0.11213 0.0909308
2 0.469853 0.302302 0.0390996 0.0364481 0.0882363
0 0.561529 0.489651 0.1916 0.379985 0.0877457
5 0.484201 0.609358 0.0296944 0.0389089 0.0874992
0 0.530007 0.338773 0.223878 0.115391 0.0872473
5 0.525541 0.332456 0.0436195 0.0555795 0.0869691
5 0.365463 0.366599 0.0545634 0.0540357 0.0869667
5 0.523865 0.333006 0.0323257 0.0456831 0.0867148
5 0.483977 0.608243 0.0316571 0.0391544 0.0854421
2 0.503574 0.309772 0.025063 0.0308277 0.083705
5 0.562371 0.895617 0.076271 0.0381275 0.0829188
0 0.567883 0.466898 0.176687 0.375328 0.0823867
5 0.52418 0.333566 0.0338765 0.0466952 0.0806622
2 0.526205 0.334001 0.035033 0.0475109 0.0796422
5 0.521246 0.692806 0.0323256 0.0431679 0.0796241
5 0.556442 0.656432 0.0403322 0.0496196 0.0788447
5 0.48403 0.608967 0.0298472 0.0387627 0.0784668
0 0.479272 0.532185 0.366802 0.470338 0.0768066
5 0.483506 0.60778 0.0292164 0.0371198 0.0754062
5 0.5826 0.369062 0.0318613 0.0378737 0.0750761
0 0.585874 0.516088 0.141503 0.386891 0.0745229
5 0.556701 0.65709 0.0349055 0.0445557 0.0745202
5 0.523787 0.33386 0.0318169 0.0454959 0.0717136
5 0.429918 0.449719 0.051144 0.0763694 0.0716861
5 0.365504 0.366735 0.0534353 0.0535879 0.071222
5 0.327398 0.552926 0.0312376 0.0383008 0.0711758
2 0.469532 0.302141 0.0380966 0.0360677 0.0704602
5 0.431202 0.448624 0.0484698 0.0733219 0.0699903
2 0.32528 0.553036 0.0292322 0.034992 0.0694609
5 0.561731 0.895954 0.080097 0.0424841 0.0689558
5 0.564165 0.894218 0.0717721 0.0300598 0.0681989
5 0.364705 0.367345 0.0494829 0.0518622 0.0676518
5 0.502899 0.309673 0.0217819 0.0286512 0.0660136
5 0.526253 0.334126 0.040689 0.0521965 0.0655215
2 0.325677 0.552672 0.0277279 0.0335695 0.0644986
5 0.364842 0.366812 0.0538966 0.053877 0.0644085
5 0.483841 0.60683 0.0318052 0.0380881 0.0640283
5 0.55649 0.655465 0.0409299 0.0481016 0.063118
2 0.502478 0.309221 0.0254872 0.0322567 0.060418
5 0.561546 0.894739 0.0751122 0.0303537 0.0595821
2 0.469549 0.30274 0.03856 0.0406443 0.0593628
5 0.557909 0.65808 0.0426973 0.0560769 0.0583723
2 0.491983 0.837866 0.0293668 0.120319 0.0580341
5 0.561597 0.337651 0.0259307 0.0306463 0.0579573
5 0.484497 0.609048 0.0318798 0.0416995 0.0578331
5 0.582401 0.369649 0.0342942 0.0405701 0.0573654
5 0.502841 0.309705 0.0224451 0.0282956 0.0572371
5 0.327537 0.552795 0.0303453 0.0367546 0.0567255
0 0.583242 0.449937 0.142085 0.313808 0.0562529
5 0.519953 0.691031 0.0405016 0.0468885 0.0555914
5 0.5617 0.893647 0.0773387 0.0307888 0.0555737
5 0.561325 0.891754 0.0785965 0.0341715 0.0552265
5 0.364318 0.367174 0.0448777 0.0499009 0.054904
2 0.503283 0.309492 0.0236539 0.0294233 0.0547891
5 0.503971 0.308833 0.0238384 0.0293376 0.0538215
0 0.591029 0.484076 0.128384 0.338665 0.0538165
5 0.495663 0.848861 0.04164 0.153123 0.0533374
5 0.496307 0.850335 0.0408255 0.143407 0.0523624
5 0.557796 0.657482 0.0417279 0.052047 0.0521004
5 0.503498 0.309885 0.0207257 0.0274079 0.0507774
2 0.494949 0.837581 0.0312962 0.123706 0.0505315
5 0.520288 0.692124 0.036014 0.0433287 0.0502663
2 0.503826 0.309248 0.021946 0.0287847 0.0502121
5 0.515471 0.566098 0.0268103 0.0311735 0.0491201
5 0.483871 0.608544 0.0275042 0.0365962 0.0490395
0 0.474114 0.53629 0.364602 0.466952 0.0485698
5 0.431122 0.448857 0.050248 0.0747378 0.0482709
5 0.498435 0.837385 0.0543151 0.175634 0.0468797
5 0.560285 0.338629 0.0208311 0.0265155 0.0463316
5 0.514875 0.566352 0.0239778 0.028911 0.0462417
0 0.534754 0.34618 0.226419 0.128889 0.0461312
5 0.583117 0.368168 0.0339446 0.0411263 0.0433454
2 0.494754 0.841276 0.0348601 0.135856 0.0432933
5 0.484399 0.609267 0.0281517 0.0382303 0.0431537
5 0.561146 0.338046 0.0214278 0.0271145 0.042847
5 0.560141 0.890872 0.0793702 0.0354165 0.0428468
0 0.591267 0.498084 0.128984 0.347323 0.0424259
2 0.491524 0.841816 0.0309556 0.133905 0.0420251
5 0.48405 0.608225 0.0274939 0.0358105 0.0411956
5 0.428675 0.452757 0.0366276 0.0595227 0.0406114
5 0.324707 0.552394 0.0303929 0.0363424 0.0402901
2 0.469435 0.301782 0.0353307 0.0349699 0.0401078
5 0.582861 0.368946 0.0401184 0.0444906 0.0395843
5 0.563073 0.337777 0.0260839 0.0321096 0.0393932
5 0.49512 0.844168 0.0380452 0.149092 0.0389572
5 0.498422 0.851897 0.0513537 0.144046 0.0388798
5 0.523249 0.332294 0.0308055 0.0471093 0.0384763
5 0.428529 0.450149 0.0418926 0.066794 0.0378021
5 0.522603 0.691186 0.0436656 0.0512025 0.0377291
5 0.562057 0.337759 0.0242022 0.0300199 0.0375608
5 0.563387 0.893093 0.0706062 0.0300819 0.0374075
5 0.484054 0.609396 0.0265338 0.0363029 0.0363818
2 0.325844 0.553316 0.0302247 0.0349655 0.0363419
5 0.514324 0.566222 0.0225806 0.0281982 0.0358629
5 0.366019 0.368529 0.0589837 0.0639809 0.0358118
2 0.469384 0.302103 0.0371815 0.0365814 0.0351852
5 0.497334 0.844934 0.0477745 0.157586 0.0351181
5 0.364606 0.367089 0.0403827 0.0441464 0.0350628
5 0.483176 0.606717 0.0330877 0.0388525 0.0334258
5 0.482991 0.606591 0.0365207 0.0424183 0.0333383
5 0.521177 0.693649 0.0310328 0.0409374 0.0332807
0 0.517599 0.342914 0.268573 0.125786 0.0330417
5 0.491843 0.849399 0.0358796 0.150659 0.0327153
5 0.427811 0.447346 0.0436924 0.0754234 0.0323868
0 0.531451 0.477879 0.260049 0.379919 0.0322137
5 0.327688 0.55179 0.0362451 0.0428962 0.0320192
5 0.49664 0.854412 0.0369739 0.126315 0.0319189
5 0.514671 0.566884 0.0252093 0.0291277 0.0317771
0 0.489074 0.333984 0.300508 0.111609 0.0313104
5 0.49683 0.821626 0.0572729 0.211435 0.0310654
5 0.556534 0.657909 0.0328556 0.0433763 0.031034
5 0.493348 0.816003 0.0479592 0.210935 0.0309028
2 0.492494 0.834395 0.0268294 0.103737 0.0305738
5 0.562328 0.337905 0.0213129 0.0284598 0.0305585
5 0.514225 0.56706 0.0230383 0.0270422 0.030376
5 0.582099 0.369574 0.0403196 0.0458587 0.0303035
5 0.484915 0.608654 0.0373981 0.0456765 0.0300394
5 0.484251 0.609101 0.0264678 0.0352372 0.0300068
5 0.492583 0.85111 0.0378075 0.141601 0.0290793
2 0.46936 0.302073 0.0350647 0.0364582 0.0284607
0 0.537577 0.353215 0.227149 0.138658 0.0273374
2 0.504503 0.308976 0.0247875 0.0300793 0.0271892
5 0.484604 0.608426 0.036856 0.0441101 0.0270134
5 0.491513 0.84516 0.0326323 0.147044 0.0266291
0 0.478927 0.506611 0.369286 0.449532 0.026624
5 0.524006 0.334792 0.0389852 0.0515632 0.0264747
5 0.498699 0.849581 0.0537702 0.152782 0.0264585
5 0.514278 0.566796 0.0235885 0.028754 0.026248
0 0.558813 0.460732 0.19578 0.351303 0.0262477
0 0.582857 0.545502 0.148376 0.38646 0.0259762
5 0.515741 0.566857 0.0285775 0.033569 0.0255185
5 0.560656 0.891808 0.0806929 0.0337689 0.0254905
5 0.561959 0.896846 0.0768198 0.0352715 0.0253168
5 0.514004 0.56612 0.0220327 0.0286725 0.0248754
5 0.500138 0.847935 0.0530434 0.157563 0.0236249
5 0.580208 0.37005 0.0331614 0.0367264 0.0235328
2 0.495161 0.834718 0.0270533 0.107003 0.0233341
0 0.526107 0.328327 0.183069 0.0886241 0.0232348
2 0.528452 0.334011 0.0423361 0.0515788 0.0227583
5 0.523408 0.334043 0.0328014 0.0443735 0.0224623
0 0.521839 0.325664 0.163922 0.0873981 0.0223285
5 0.558124 0.65841 0.0385568 0.0531088 0.0220517
2 0.469551 0.301764 0.0338518 0.0344103 0.0219508
5 0.32737 0.552791 0.0338698 0.0410002 0.0216673
5 0.498249 0.855042 0.0447267 0.131494 0.021479
5 0.582068 0.369316 0.0348505 0.0391356 0.0213279
5 0.520693 0.692625 0.0412825 0.0518679 0.0212072
5 0.524936 0.330514 0.0290732 0.0411438 0.0210707
0 0.507089 0.323056 0.136415 0.0851487 0.0208598
5 0.558209 0.658192 0.0345039 0.0480986 0.020556
5 0.484189 0.6098 0.030178 0.0391288 0.0203857
5 0.560486 0.338679 0.0196907 0.0256884 0.0200995
5 0.425963 0.443728 0.042997 0.0847473 0.0199624
5 0.563341 0.336919 0.0264987 0.034204 0.0199367
2 0.472551 0.301884 0.0484823 0.0410845 0.0195734
5 0.5231 0.691762 0.0462656 0.0552379 0.0195054
0 0.526283 0.334296 0.187887 0.101236 0.0193866
5 0.56165 0.338071 0.0207959 0.0274404 0.0191844
5 0.446491 0.50347 0.0254571 0.0301688 0.0187985
5 0.428145 0.443984 0.0503231 0.0863705 0.0184229
2 0.471678 0.302577 0.0466164 0.0447381 0.0181222
5 0.513463 0.565508 0.0235923 0.028799 0.0180433
5 0.485098 0.60798 0.0406127 0.0471669 0.0179717
0 0.463554 0.502538 0.330435 0.264768 0.0178289
0 0.591446 0.466109 0.127995 0.328013 0.0176644
0 0.518112 0.475243 0.288461 0.348041 0.0173115
5 0.619632 0.432349 0.0170561 0.0227127 0.0173069
5 0.447996 0.503394 0.0291184 0.0348108 0.0173013
5 0.583757 0.368615 0.0402256 0.0447925 0.0170034
5 0.564125 0.896737 0.0793061 0.0432663 0.0168726
0 0.531542 0.493926 0.256838 0.380055 0.0166149
5 0.364822 0.36567 0.0545905 0.0561791 0.0164178
0 0.536032 0.342812 0.234063 0.117885 0.0162357
5 0.619479 0.432853 0.0166085 0.0213559 0.0158782
5 0.560365 0.423282 0.0180358 0.0217636 0.0158155
5 0.493715 0.85603 0.0369271 0.123254 0.0157463
5 0.561229 0.338345 0.0220022 0.0285408 0.0155929
5 0.448225 0.502785 0.0272727 0.0337039 0.0155851
0 0.447424 0.518638 0.307088 0.281882 0.0155617
5 0.62056 0.432133 0.0167343 0.0222509 0.0152242
2 0.470079 0.30188 0.040256 0.0366917 0.0152136
5 0.446439 0.501781 0.0273285 0.0321147 0.0150867
5 0.36603 0.366003 0.0565382 0.0586107 0.0150527
5 0.524053 0.335322 0.0346144 0.0468355 0.0147809
5 0.560633 0.423767 0.0190509 0.0230368 0.0146626
5 0.446278 0.50254 0.0296329 0.0316431 0.0146404
5 0.498435 0.843853 0.0518922 0.150098 0.0146138
0 0.592092 0.519283 0.128273 0.377492 0.0144519
5 0.504744 0.308052 0.0252635 0.029499 0.0143123
0 0.53472 0.469221 0.254545 0.390328 0.0142446
0 0.520802 0.331044 0.170444 0.0984799 0.0142042
5 0.619372 0.432956 0.0169664 0.0214242 0.0141463
5 0.58702 0.518221 0.0185046 0.0217913 0.0141382
0 0.556655 0.520021 0.203147 0.400776 0.0141343
0 0.52286 0.336862 0.209037 0.100429 0.0141211
0 0.438276 0.493127 0.28813 0.261411 0.0141028
5 0.446674 0.503077 0.024963 0.0286002 0.0139078
5 0.582394 0.370564 0.0365249 0.0431204 0.0139033
0 0.452362 0.487897 0.308961 0.275722 0.0137883
5 0.448064 0.501649 0.0292957 0.036466 0.0135068
0 0.530095 0.338152 0.213642 0.0963538 0.0134842
5 0.426212 0.446153 0.0458479 0.089249 0.0134335
0 0.531406 0.345146 0.212567 0.108368 0.0131773
5 0.446929 0.503431 0.0302607 0.0355634 0.0131385
5 0.446542 0.500477 0.0306266 0.0362242 0.0129753
5 0.566815 0.893031 0.0676799 0.026358 0.0128518
1 0.488178 0.451779 0.10147 0.184598 0.0127468
5 0.563803 0.337438 0.0306782 0.0380474 0.0125199
5 0.481365 0.725869 0.0255898 0.0269942 0.0124341
5 0.526346 0.330984 0.0349656 0.0450216 0.0124064
5 0.620958 0.432179 0.0178042 0.0244192 0.0123985
5 0.561132 0.422124 0.0172256 0.0208683 0.0123467
5 0.563272 0.890936 0.0724469 0.0329353 0.012183
1 0.343413 0.512576 0.103823 0.427752 0.0121511
1 0.349974 0.503014 0.113257 0.436932 0.0121212
5 0.563413 0.496682 0.0204596 0.0245566 0.0119511
1 0.351271 0.519276 0.115597 0.448165 0.0119094
5 0.583135 0.369606 0.0427678 0.0496744 0.0117919
5 0.446585 0.503448 0.0304413 0.0354919 0.0116982
