4 0.563134 0.502144 0.46203 0.458876 0.82102
4 0.563954 0.504065 0.458979 0.455046 0.813754
4 0.560964 0.503577 0.464604 0.453223 0.783662
4 0.562504 0.501091 0.462868 0.456702 0.777055
4 0.561804 0.499293 0.456839 0.451547 0.75936
4 0.560961 0.503956 0.463132 0.451182 0.690691
4 0.561724 0.499322 0.457742 0.448112 0.678355
4 0.556671 0.505279 0.4645 0.44753 0.641694
4 0.565245 0.503369 0.451424 0.454828 0.577423
4 0.558968 0.50008 0.460281 0.447083 0.547174
4 0.56052 0.497235 0.457522 0.453429 0.302909
4 0.559661 0.497106 0.453526 0.450539 0.0370231
0 0.404841 0.432099 0.111788 0.154432 0.0331777
4 0.561071 0.499839 0.457307 0.450376 0.0331405
0 0.405731 0.430018 0.112071 0.159268 0.0325278
4 0.568279 0.505365 0.443265 0.451484 0.0319919
0 0.405854 0.431 0.116274 0.15888 0.0290982
0 0.406413 0.428435 0.113319 0.158691 0.0288885
4 0.643955 0.385692 0.0873956 0.113687 0.0209028
0 0.405739 0.424288 0.109415 0.152574 0.0171456
0 0.404239 0.427064 0.111151 0.15702 0.0148037
4 0.644007 0.385668 0.0952008 0.116094 0.0116542
0 0.409135 0.404366 0.0965031 0.109041 0.0110585
4 0.642379 0.381921 0.0870695 0.118174 0.0108522
