4 0.520501 0.423234 0.385823 0.479241 0.80422
4 0.517854 0.424672 0.388712 0.481208 0.797252
4 0.519853 0.421565 0.380957 0.476787 0.794625
4 0.521439 0.424711 0.385731 0.483311 0.793013
4 0.520659 0.426073 0.388519 0.481706 0.790829
4 0.518222 0.420389 0.380912 0.478059 0.771722
4 0.518276 0.418968 0.37843 0.47319 0.769673
4 0.522072 0.421688 0.382491 0.479818 0.767588
4 0.518982 0.422981 0.381062 0.479348 0.744603
4 0.518041 0.420821 0.379246 0.476782 0.718217
4 0.528631 0.426703 0.392484 0.484241 0.559106
4 0.524121 0.424751 0.387894 0.481336 0.421714
2 0.723468 0.497929 0.0479967 0.0784611 0.38585
2 0.723554 0.497036 0.0455581 0.0829795 0.365294
2 0.724774 0.497829 0.0463561 0.0799151 0.328714
2 0.723038 0.497003 0.0461884 0.0808499 0.302921
2 0.723896 0.497611 0.0482027 0.0777008 0.172698
2 0.725628 0.497287 0.0468505 0.0774086 0.141797
2 0.725083 0.497429 0.0461428 0.0839218 0.113748
2 0.720276 0.497578 0.0478433 0.0769196 0.0953883
2 0.72535 0.497758 0.0466722 0.0809746 0.0822311
2 0.723748 0.499024 0.0456374 0.0822039 0.0612656
2 0.71948 0.496594 0.0435767 0.0768838 0.0481221
2 0.722359 0.498424 0.0446434 0.0799561 0.047548
2 0.401948 0.29317 0.0175928 0.0223618 0.0249535
2 0.402245 0.292752 0.0150771 0.02033 0.0203564
2 0.725712 0.497139 0.0497473 0.0784741 0.0184887
2 0.402423 0.293107 0.0158723 0.0208437 0.018198
2 0.719873 0.49763 0.0498968 0.0773882 0.0180912
2 0.402186 0.293204 0.0173649 0.021688 0.0166502
2 0.674131 0.396842 0.036802 0.0591683 0.0127202
4 0.516786 0.553767 0.367258 0.230082 0.0121624
2 0.72569 0.499653 0.0467662 0.0838218 0.0120544
4 0.516799 0.552477 0.370853 0.231289 0.0119924
