2 0.315743 0.84634 0.0963845 0.0983881 0.676707
2 0.315741 0.849589 0.0976118 0.100926 0.631346
2 0.319229 0.849762 0.09213 0.0952028 0.607661
2 0.189992 0.698017 0.0426872 0.0658333 0.606376
2 0.399039 0.192582 0.074786 0.109942 0.599198
2 0.400731 0.190666 0.0720277 0.113162 0.56093
2 0.189437 0.697653 0.0405909 0.0645529 0.532396
2 0.18876 0.697397 0.0409561 0.0626449 0.506807
2 0.189729 0.697339 0.0422147 0.0635655 0.497965
2 0.191073 0.697972 0.0418912 0.0678468 0.47511
2 0.40112 0.19153 0.0734911 0.113189 0.421511
2 0.187893 0.698014 0.0432092 0.064265 0.411424
2 0.616445 0.395226 0.0594017 0.0767031 0.378646
2 0.364193 0.489991 0.0786268 0.105524 0.343253
2 0.398717 0.192897 0.0801765 0.111895 0.342685
2 0.190406 0.697714 0.0402526 0.0661059 0.336363
2 0.398741 0.191749 0.0752631 0.114384 0.314811
2 0.191446 0.698284 0.0460993 0.068786 0.314273
5 0.364292 0.489568 0.0788737 0.107294 0.312584
2 0.320314 0.850112 0.100695 0.0985425 0.309519
2 0.192549 0.697976 0.0456791 0.0704288 0.306525
5 0.549133 0.52716 0.0836764 0.120899 0.30421
2 0.616704 0.397209 0.0600428 0.0751527 0.304143
5 0.549142 0.527077 0.0833737 0.120385 0.297648
5 0.365012 0.490096 0.075891 0.106216 0.293428
2 0.399815 0.191225 0.0782346 0.114909 0.286985
2 0.188581 0.695998 0.0413875 0.0618615 0.278974
0 0.432738 0.524095 0.600554 0.853235 0.269079
0 0.427965 0.518152 0.598013 0.845764 0.256572
2 0.613803 0.396898 0.0574082 0.0742998 0.256523
2 0.188244 0.698033 0.0432817 0.0655062 0.255409
2 0.318625 0.849134 0.0975682 0.0993957 0.250486
2 0.316304 0.846012 0.0910354 0.0991763 0.242745
2 0.614509 0.3948 0.0559705 0.0761863 0.240748
5 0.362757 0.489839 0.0789084 0.104357 0.229574
5 0.364052 0.492155 0.0821292 0.108796 0.227841
5 0.364821 0.490613 0.0821329 0.106646 0.220655
0 0.422421 0.522749 0.631221 0.854163 0.206534
2 0.316033 0.844702 0.0938885 0.0888126 0.20369
2 0.187375 0.696911 0.0459952 0.0657706 0.201272
2 0.613771 0.374768 0.0778186 0.13117 0.182768
2 0.616539 0.395248 0.0582415 0.0777316 0.180676
2 0.399324 0.194651 0.0699386 0.100968 0.180304
5 0.548565 0.530357 0.0853203 0.121703 0.175275
0 0.427223 0.531089 0.590823 0.812753 0.174349
0 0.434107 0.518892 0.600952 0.85637 0.17247
2 0.616376 0.396048 0.0591045 0.0755106 0.163352
2 0.189533 0.696607 0.0447395 0.0641231 0.157333
0 0.430449 0.517926 0.601486 0.848167 0.154073
5 0.550337 0.529511 0.0869637 0.122955 0.153708
2 0.316038 0.849272 0.0911781 0.0986702 0.150491
0 0.421317 0.528351 0.588656 0.795687 0.14865
2 0.318827 0.849976 0.100561 0.101058 0.14744
0 0.425434 0.521074 0.619225 0.849768 0.147246
2 0.401234 0.191353 0.080598 0.117142 0.14405
2 0.417714 0.0933824 0.0456724 0.0955481 0.142573
2 0.32029 0.850532 0.0977201 0.0943049 0.14038
2 0.61561 0.396509 0.0602873 0.0769875 0.140254
5 0.363236 0.490118 0.0804839 0.105023 0.13518
5 0.364662 0.490379 0.0736178 0.103793 0.12837
5 0.365441 0.491105 0.0747263 0.10354 0.128202
2 0.318283 0.85024 0.104781 0.103108 0.118697
2 0.616779 0.397345 0.0610978 0.076876 0.114011
2 0.617418 0.396054 0.0578665 0.076598 0.107832
2 0.318693 0.845894 0.0926976 0.091046 0.107299
2 0.548899 0.527901 0.0812366 0.122034 0.104323
2 0.399538 0.192548 0.0828682 0.115608 0.104131
2 0.418744 0.0932816 0.0447626 0.0954128 0.103978
5 0.364827 0.489703 0.0705883 0.104293 0.102058
2 0.190739 0.697917 0.0490146 0.0682849 0.100348
2 0.613542 0.374541 0.0786956 0.128522 0.0971746
5 0.614038 0.373685 0.0781485 0.133711 0.0961836
3 0.435071 0.525124 0.60047 0.852025 0.0948694
2 0.318497 0.84912 0.0948085 0.0959609 0.0933871
5 0.615197 0.374999 0.0762751 0.127041 0.0840261
5 0.617931 0.394961 0.0600792 0.0797021 0.0825036
2 0.397454 0.203461 0.0664081 0.083478 0.0765897
2 0.416544 0.0948253 0.0368056 0.0869511 0.0738301
2 0.415785 0.0931905 0.0460092 0.0948085 0.0726357
3 0.430171 0.524797 0.600493 0.843934 0.0703833
2 0.414455 0.093169 0.0469524 0.0948347 0.067549
5 0.550402 0.52786 0.088186 0.118637 0.0665328
2 0.612199 0.396396 0.0572375 0.0769236 0.0624133
2 0.418442 0.0929477 0.0507447 0.0982355 0.0620321
5 0.549335 0.527783 0.0804849 0.123588 0.0618558
5 0.547654 0.528212 0.0895211 0.121927 0.0591931
2 0.3976 0.206948 0.0692932 0.0756322 0.0579826
2 0.39788 0.191751 0.0805767 0.115851 0.0556764
2 0.400437 0.189635 0.0658347 0.104429 0.0547018
2 0.399419 0.192925 0.0812849 0.114407 0.0546012
2 0.612454 0.376515 0.0831291 0.129906 0.0471276
2 0.419496 0.0936492 0.0506112 0.0994215 0.044113
2 0.317698 0.843642 0.088788 0.0829251 0.0440906
5 0.617468 0.397036 0.0637765 0.0794862 0.0438518
0 0.42221 0.510744 0.578737 0.818216 0.0421814
5 0.364519 0.491139 0.0708162 0.101001 0.0414173
2 0.317249 0.844545 0.0910863 0.091276 0.0406066
2 0.195433 0.698658 0.0508122 0.0758145 0.0404602
2 0.419137 0.0901703 0.0376255 0.0901326 0.0384144
2 0.614381 0.396111 0.053863 0.0745 0.0368244
5 0.54756 0.527865 0.0900391 0.127576 0.036399
5 0.550489 0.529335 0.0751164 0.11346 0.0363954
5 0.365921 0.490303 0.0735282 0.100615 0.0353157
2 0.188267 0.698145 0.0444551 0.0686031 0.0353087
2 0.364422 0.489118 0.0853964 0.10591 0.0337786
2 0.362138 0.490573 0.0858176 0.108234 0.0334527
2 0.194264 0.697966 0.0534763 0.0764629 0.0332858
5 0.553004 0.527223 0.10334 0.126539 0.0330061
5 0.362083 0.488483 0.0855896 0.116304 0.032842
2 0.413085 0.0954925 0.0374808 0.0842341 0.0322012
5 0.551448 0.530056 0.0741884 0.112091 0.0312234
2 0.401052 0.189165 0.0706682 0.106023 0.0310987
2 0.418261 0.0943699 0.0420442 0.0904068 0.0298157
2 0.416073 0.09009 0.0393246 0.0893404 0.0288501
5 0.364347 0.490425 0.0705247 0.104429 0.0287668
2 0.548189 0.526884 0.0804384 0.120285 0.0287498
2 0.606809 0.343577 0.0489618 0.0475813 0.027925
2 0.318541 0.851218 0.102392 0.108557 0.0264391
5 0.364529 0.490436 0.0711345 0.100853 0.0244509
2 0.193522 0.698988 0.0378202 0.0648353 0.0232157
5 0.317916 0.850754 0.107688 0.100978 0.0229268
2 0.195208 0.700101 0.0438061 0.0690263 0.0219436
2 0.619212 0.395893 0.0579352 0.0775698 0.0217212
5 0.365154 0.4873 0.0695691 0.0917184 0.0205398
2 0.610447 0.394582 0.049832 0.0742501 0.020528
2 0.61713 0.396469 0.0623664 0.0786657 0.0202373
0 0.423213 0.515004 0.57956 0.819713 0.019958
2 0.607068 0.3465 0.0519275 0.0565773 0.0196116
5 0.367202 0.487849 0.0985854 0.113969 0.0194989
2 0.398134 0.204197 0.0703744 0.0783175 0.0193
2 0.606539 0.3422 0.0470198 0.0424672 0.0182099
2 0.420286 0.0908308 0.0431139 0.094421 0.0178962
5 0.363754 0.48732 0.0754929 0.0956033 0.0176515
2 0.398298 0.194876 0.0703926 0.100668 0.0173746
2 0.610117 0.397206 0.0510354 0.0739838 0.0165112
2 0.397013 0.19335 0.0829886 0.117202 0.0162145
2 0.400343 0.190932 0.0807489 0.112014 0.0159622
2 0.607128 0.342936 0.0495389 0.0457138 0.0156178
5 0.611408 0.374595 0.0849124 0.135094 0.0141592
2 0.606967 0.344055 0.0510358 0.0523311 0.0134723
5 0.365677 0.489759 0.0776509 0.102727 0.0133648
5 0.615224 0.374933 0.0840326 0.135125 0.0121796
5 0.621457 0.394771 0.0622237 0.082556 0.0115032
2 0.316363 0.853053 0.0972434 0.098926 0.0110025
5 0.548014 0.52966 0.095803 0.12365 0.0100967
