0 0.42848 0.42392 0.633893 0.801072 0.682343
0 0.430301 0.420205 0.640621 0.802283 0.676556
0 0.421606 0.431768 0.643938 0.830482 0.654866
0 0.442432 0.432643 0.594012 0.831667 0.63457
0 0.430243 0.429776 0.652954 0.824966 0.618067
0 0.446405 0.426064 0.585946 0.813221 0.606978
0 0.426961 0.437333 0.653668 0.837073 0.554256
0 0.423899 0.440436 0.635817 0.828395 0.54723
5 0.51987 0.487401 0.136159 0.175481 0.380171
0 0.516113 0.491352 0.136735 0.178193 0.263777
0 0.516929 0.491286 0.138098 0.181662 0.233721
5 0.519236 0.48604 0.136792 0.174883 0.231394
5 0.520138 0.489199 0.138654 0.173115 0.217567
0 0.43946 0.442758 0.598328 0.826693 0.207783
0 0.517726 0.490903 0.134154 0.179352 0.197927
5 0.51969 0.489649 0.137088 0.17057 0.176514
0 0.517741 0.490425 0.136545 0.181353 0.171468
5 0.516747 0.485904 0.141225 0.174531 0.152155
0 0.517474 0.488608 0.138012 0.18033 0.121295
1 0.16786 0.436278 0.161977 0.648006 0.102509
1 0.167615 0.448736 0.161454 0.649508 0.101436
5 0.519103 0.485799 0.137654 0.174088 0.0928607
5 0.516266 0.484628 0.142072 0.175302 0.0925112
5 0.518389 0.493991 0.13983 0.163391 0.0883316
0 0.517471 0.48876 0.136006 0.177498 0.0761373
1 0.160763 0.443737 0.146561 0.624116 0.0752593
1 0.159997 0.454733 0.145574 0.624998 0.0690858
5 0.518056 0.490721 0.141242 0.171605 0.0637455
0 0.429623 0.430352 0.692826 0.812442 0.0602281
1 0.169695 0.436317 0.164659 0.634466 0.0586918
5 0.195458 0.254911 0.0375417 0.0536033 0.0555775
5 0.195112 0.255206 0.0371068 0.0547602 0.0491974
5 0.195459 0.253584 0.0370118 0.0512398 0.0481192
1 0.168993 0.46358 0.162132 0.646889 0.0458993
1 0.177109 0.438704 0.180178 0.643082 0.0455573
1 0.177707 0.452295 0.180778 0.647234 0.0447865
5 0.194885 0.254232 0.0344021 0.0507321 0.0431782
0 0.438153 0.42261 0.59909 0.800137 0.0417446
1 0.162753 0.436927 0.150173 0.625801 0.036537
5 0.194881 0.25484 0.0383585 0.0568912 0.034348
5 0.195475 0.253899 0.0403595 0.0552206 0.0336274
5 0.194032 0.253839 0.0408369 0.0539058 0.0316974
5 0.51912 0.495347 0.13917 0.163095 0.0304007
5 0.194215 0.254216 0.035372 0.0510963 0.0292738
3 0.517481 0.48219 0.135916 0.173338 0.027781
5 0.19453 0.254148 0.0330384 0.0508911 0.0233482
5 0.0324345 0.970447 0.0648691 0.0591059 0.0230961
0 0.517839 0.49156 0.143201 0.185009 0.0210414
1 0.17718 0.438729 0.17761 0.616884 0.0210171
1 0.16032 0.470419 0.145581 0.627432 0.0202166
5 0.195504 0.252361 0.0472914 0.061049 0.0194456
0 0.51658 0.481007 0.141257 0.170495 0.019304
5 0.0405854 0.969198 0.0811707 0.0616037 0.0184137
0 0.51931 0.484134 0.136355 0.168612 0.0169949
0 0.519879 0.48661 0.135905 0.171606 0.0165248
5 0.195853 0.255534 0.0461364 0.0628942 0.0162553
5 0.194578 0.253821 0.0328926 0.0511925 0.0157589
5 0.194049 0.254108 0.0328101 0.0502236 0.0157054
5 0.195941 0.254689 0.0459332 0.0613055 0.0156592
0 0.436686 0.406627 0.712376 0.791934 0.0147285
5 0.0357247 0.968963 0.0714494 0.0620736 0.0143045
5 0.509583 0.489577 0.127517 0.171748 0.0117636
3 0.513557 0.489444 0.0857124 0.151363 0.0117582
3 0.512868 0.483739 0.0837712 0.153279 0.0112593
5 0.0275678 0.971301 0.0547657 0.0573989 0.0103688
5 0.0296753 0.973002 0.0593506 0.0539707 0.0101601
