2 0.818071 0.538814 0.0400032 0.0536017 0.348043
2 0.817947 0.538444 0.0388768 0.0505533 0.334504
0 0.52512 0.452032 0.607187 0.624503 0.331248
2 0.817964 0.53847 0.0384742 0.0518282 0.330753
0 0.516357 0.445526 0.600338 0.62362 0.304246
0 0.526908 0.44727 0.594608 0.622672 0.299413
2 0.818456 0.538297 0.0404302 0.0526846 0.295434
0 0.517533 0.451812 0.612243 0.621293 0.295098
2 0.818044 0.538294 0.0384544 0.0501783 0.282093
0 0.524852 0.442051 0.604171 0.627151 0.267128
0 0.532141 0.450461 0.595319 0.625849 0.261345
0 0.512936 0.443255 0.616633 0.623311 0.256073
2 0.817717 0.538465 0.0370462 0.0499786 0.254218
2 0.818125 0.537627 0.039803 0.0513069 0.24048
0 0.532185 0.454184 0.5987 0.630653 0.224725
2 0.817931 0.5383 0.0382456 0.0509901 0.204969
2 0.818021 0.538474 0.0409178 0.0549447 0.185652
0 0.523565 0.44273 0.605242 0.622385 0.178314
2 0.817572 0.53757 0.0409512 0.052145 0.166635
5 0.752074 0.341853 0.0237439 0.0284002 0.130262
4 0.4102 0.176716 0.191907 0.0863659 0.126446
5 0.751434 0.34219 0.0223919 0.0282588 0.112893
2 0.285591 0.579412 0.0471387 0.0631249 0.109239
0 0.694059 0.26654 0.211093 0.127883 0.104767
2 0.817401 0.538272 0.0355642 0.048286 0.103225
5 0.751804 0.342134 0.0257808 0.0292167 0.100132
5 0.750614 0.342645 0.0238392 0.0293553 0.0982037
0 0.502797 0.489166 0.614926 0.535689 0.0981105
5 0.751144 0.342545 0.023148 0.0287293 0.0972384
5 0.751884 0.342035 0.0251579 0.0308122 0.097098
2 0.818272 0.53727 0.0431108 0.05525 0.0951111
4 0.696061 0.273241 0.214417 0.141265 0.0927729
2 0.268968 0.417574 0.0394824 0.0394972 0.0920892
2 0.286078 0.579189 0.047345 0.0646364 0.0911924
5 0.751286 0.342481 0.0243986 0.0300481 0.0902906
2 0.285029 0.337692 0.0359509 0.0456025 0.0856478
4 0.690959 0.261003 0.202833 0.135941 0.0844057
2 0.286599 0.579179 0.0487337 0.0663304 0.0825572
5 0.750929 0.342914 0.0221034 0.0277563 0.0798272
2 0.283978 0.579127 0.0437409 0.0614076 0.0787853
2 0.272564 0.379003 0.0362558 0.0314423 0.0772749
2 0.27217 0.378596 0.0360988 0.0311978 0.0766563
4 0.414618 0.183454 0.211007 0.0995062 0.0737009
4 0.409294 0.187863 0.230431 0.11133 0.0736635
4 0.414578 0.188458 0.257345 0.127737 0.0735206
0 0.751512 0.654637 0.111066 0.151508 0.0731938
2 0.284277 0.337841 0.0320023 0.042236 0.0697513
4 0.41937 0.176809 0.180675 0.0875887 0.0690957
5 0.750879 0.342865 0.0240207 0.0289212 0.0684958
4 0.692128 0.273 0.207506 0.161481 0.0683507
4 0.664183 0.737312 0.181313 0.072162 0.0680498
5 0.751562 0.341524 0.0283898 0.0319485 0.0661985
2 0.689537 0.256563 0.199759 0.130038 0.0652543
2 0.269219 0.418321 0.0373509 0.0387673 0.064566
5 0.28509 0.57798 0.0469196 0.0619475 0.0641003
4 0.409686 0.211044 0.265055 0.175192 0.0632558
2 0.737814 0.573843 0.0442648 0.0347131 0.062629
4 0.406622 0.178096 0.217851 0.0930174 0.0623461
2 0.272605 0.378416 0.0356928 0.0319222 0.0623222
2 0.285211 0.579086 0.0439664 0.0634278 0.0621574
5 0.28646 0.579094 0.050332 0.0666638 0.0608845
5 0.750946 0.342677 0.0222084 0.0273394 0.0586541
2 0.284986 0.338089 0.0307327 0.0418389 0.0584038
2 0.271705 0.377911 0.0344851 0.0316486 0.0581318
2 0.272932 0.37759 0.0365991 0.0325726 0.0580121
2 0.272002 0.377154 0.0333882 0.0324531 0.0558755
2 0.27237 0.378032 0.0356989 0.0320831 0.0554848
2 0.287225 0.579115 0.0482057 0.0651023 0.0537194
4 0.428014 0.194301 0.306772 0.138451 0.0535314
2 0.272393 0.377209 0.0360898 0.0330592 0.0528825
4 0.706597 0.284093 0.227039 0.162426 0.0528309
4 0.703918 0.280278 0.232849 0.167563 0.0507515
2 0.269571 0.419452 0.0365428 0.0376673 0.0491598
2 0.738222 0.57404 0.0433482 0.0360093 0.0476966
2 0.270983 0.419863 0.0378878 0.0418842 0.0476799
2 0.27135 0.379282 0.0405816 0.0364472 0.0466787
2 0.286664 0.579394 0.0475658 0.0638303 0.0464397
2 0.738067 0.574126 0.0428062 0.0322391 0.0460871
2 0.27067 0.419003 0.036279 0.0380875 0.0458592
5 0.750048 0.342123 0.0279686 0.0316997 0.0454232
0 0.400763 0.235987 0.258369 0.225663 0.0453268
2 0.737805 0.57458 0.0412923 0.0319766 0.0453122
5 0.751295 0.342368 0.0289222 0.0345299 0.0447668
2 0.285278 0.33789 0.0315863 0.041658 0.0444927
4 0.653232 0.738091 0.159686 0.070528 0.044439
4 0.710235 0.289979 0.230496 0.174765 0.0443948
2 0.269287 0.41723 0.0373117 0.0384952 0.0441062
2 0.272001 0.376955 0.0346946 0.033666 0.0432754
5 0.461502 0.630469 0.0182234 0.0260783 0.0422136
2 0.26986 0.418332 0.0363579 0.0383916 0.0417124
5 0.461555 0.631154 0.0204562 0.0268631 0.0407931
4 0.668552 0.735737 0.204592 0.074423 0.0402367
2 0.738392 0.573008 0.0470591 0.0396831 0.0399027
0 0.752104 0.665289 0.114717 0.173978 0.0385536
5 0.46174 0.630552 0.0180411 0.0245179 0.0383051
5 0.461461 0.631163 0.019507 0.0279621 0.0382393
2 0.271484 0.379827 0.0435482 0.0375332 0.0380003
0 0.406139 0.226718 0.274471 0.208715 0.0379841
2 0.738325 0.574268 0.0415963 0.0302796 0.0376429
2 0.737846 0.575383 0.0394145 0.0291284 0.0375471
2 0.284024 0.337611 0.0329823 0.04252 0.0367874
5 0.284942 0.338673 0.029625 0.0390349 0.0365927
2 0.267973 0.418302 0.0421138 0.0424868 0.0364012
2 0.517405 0.16874 0.0358341 0.0301142 0.0363548
5 0.282942 0.57718 0.0423075 0.0571987 0.0361833
0 0.698314 0.27319 0.207906 0.115628 0.0360084
2 0.738533 0.575333 0.0414888 0.0292658 0.0359618
0 0.505582 0.540019 0.385433 0.327336 0.0353842
4 0.453064 0.185421 0.343318 0.11616 0.0353401
5 0.394875 0.43669 0.0791078 0.0986402 0.034757
5 0.749946 0.342683 0.0261687 0.0307675 0.0346375
4 0.479169 0.190615 0.415753 0.12635 0.0344393
0 0.69339 0.261463 0.208192 0.128255 0.0340475
0 0.751643 0.652656 0.11183 0.142984 0.0330107
0 0.700336 0.277983 0.211952 0.123939 0.0327918
2 0.737967 0.575 0.0418738 0.0327094 0.0323247
2 0.517044 0.169611 0.0375258 0.0328091 0.0321067
0 0.499819 0.520527 0.370895 0.33857 0.031718
4 0.405691 0.191408 0.241365 0.124015 0.0308885
2 0.284228 0.338759 0.0318402 0.0397475 0.0307443
0 0.411881 0.230132 0.281213 0.213552 0.0304118
5 0.461491 0.631572 0.0218381 0.028538 0.0298589
4 0.707233 0.289798 0.238731 0.193045 0.0296048
2 0.270878 0.41894 0.0389157 0.041585 0.0295703
4 0.687708 0.252571 0.17722 0.126585 0.0291754
2 0.273766 0.378275 0.0398662 0.0336401 0.0288628
0 0.508352 0.558182 0.396406 0.318439 0.0286067
1 0.480013 0.818377 0.533279 0.117103 0.028461
5 0.287959 0.578462 0.0522798 0.0702537 0.0278639
4 0.42619 0.183566 0.197125 0.100541 0.0275723
2 0.269877 0.419942 0.0369356 0.0406985 0.0273208
4 0.408383 0.198414 0.26008 0.151134 0.0272674
0 0.393363 0.243906 0.242015 0.241246 0.0272491
5 0.284802 0.338281 0.0375208 0.0463901 0.0272257
0 0.531428 0.438469 0.590929 0.620872 0.0266886
5 0.380053 0.702238 0.0335874 0.0345324 0.0266475
5 0.379701 0.702992 0.0326805 0.0325922 0.0262125
2 0.81569 0.538564 0.0363712 0.0498197 0.0259894
5 0.45512 0.633007 0.0397375 0.0394221 0.0253982
4 0.699152 0.285493 0.223955 0.172085 0.0251651
5 0.28854 0.579279 0.0503381 0.067472 0.0249745
2 0.736808 0.573713 0.0391523 0.030119 0.0245963
5 0.461737 0.631241 0.0193092 0.0264402 0.0236882
4 0.671062 0.734308 0.221597 0.0858791 0.0234716
2 0.274818 0.377378 0.0420135 0.0360624 0.0228833
0 0.749525 0.650353 0.115356 0.145256 0.0227762
5 0.379636 0.70292 0.0343167 0.0331241 0.0227466
0 0.513438 0.539976 0.38147 0.339731 0.0223922
4 0.665566 0.735798 0.198474 0.0859137 0.0215096
0 0.518911 0.56202 0.401776 0.319832 0.0214175
2 0.270159 0.41813 0.0377465 0.0401258 0.0212382
4 0.692986 0.291943 0.216197 0.210489 0.020964
2 0.285903 0.579452 0.0437882 0.0626146 0.0206288
5 0.395086 0.433625 0.07766 0.0964198 0.0202359
4 0.678708 0.730311 0.227749 0.0858983 0.0199695
4 0.409125 0.172556 0.191385 0.0835811 0.0199619
5 0.380546 0.701579 0.0344458 0.0361904 0.0197954
2 0.284258 0.338053 0.0287854 0.0394282 0.0196585
5 0.380248 0.70088 0.0346289 0.037062 0.0196145
0 0.507745 0.515004 0.364132 0.361561 0.0195515
2 0.516796 0.168798 0.0362282 0.0297689 0.0194693
2 0.283904 0.337314 0.0402797 0.0513984 0.0193924
2 0.358498 0.257522 0.156649 0.231316 0.01919
5 0.380151 0.702257 0.0350681 0.0354193 0.0189869
2 0.267765 0.419212 0.0404662 0.0413017 0.0188209
2 0.516925 0.167684 0.0355113 0.0288145 0.0187552
0 0.381734 0.246197 0.215169 0.244145 0.0186044
1 0.472439 0.817592 0.544571 0.117765 0.0181882
2 0.284331 0.33863 0.0265661 0.0371446 0.0180616
2 0.269235 0.416535 0.0456623 0.0475184 0.0179871
0 0.751861 0.66498 0.116509 0.168312 0.0177709
5 0.288518 0.578485 0.0581151 0.073338 0.0177088
2 0.268267 0.417348 0.0472602 0.0460663 0.0176586
2 0.737037 0.573825 0.041484 0.0318398 0.017235
2 0.273061 0.376694 0.0399695 0.0360764 0.0171895
2 0.810675 0.384717 0.039784 0.0529843 0.0168528
5 0.463435 0.632582 0.0247349 0.0335722 0.0164224
2 0.271493 0.42098 0.0435001 0.0494225 0.0162943
5 0.380325 0.700987 0.0351239 0.0373352 0.0162686
2 0.517181 0.168077 0.0348946 0.0289816 0.0162018
4 0.418517 0.171783 0.174643 0.0820392 0.0159757
2 0.272943 0.379134 0.0439505 0.0361869 0.0156086
5 0.745898 0.627234 0.0207027 0.026737 0.0155569
5 0.286338 0.578206 0.0553343 0.0676239 0.0153525
4 0.689837 0.258639 0.180308 0.137465 0.0153366
5 0.379813 0.701873 0.0345305 0.034578 0.0152362
5 0.395236 0.437028 0.0766984 0.095649 0.0151789
2 0.28475 0.339097 0.0260219 0.036083 0.0150206
0 0.406164 0.20215 0.242533 0.147039 0.0150088
2 0.516625 0.169537 0.0372617 0.0315035 0.0148647
5 0.462028 0.631326 0.0278868 0.0335473 0.0148491
0 0.71429 0.328065 0.242749 0.261208 0.0148428
5 0.395211 0.436649 0.0785836 0.0988193 0.0146829
2 0.271182 0.379052 0.0404102 0.0390183 0.0143355
0 0.675827 0.733665 0.20859 0.0761329 0.0138928
2 0.809219 0.383523 0.0380853 0.0491165 0.0136683
5 0.745657 0.627319 0.0217132 0.0272654 0.0136084
2 0.517066 0.17159 0.0407896 0.0403211 0.0133771
2 0.349316 0.683961 0.0436481 0.0572114 0.013343
2 0.735665 0.57478 0.0423245 0.0322128 0.0131705
2 0.28327 0.337111 0.0412333 0.051178 0.0129962
0 0.751584 0.672704 0.119859 0.178308 0.0128334
4 0.697768 0.277781 0.251091 0.18969 0.0128156
5 0.463249 0.63231 0.0298486 0.0374644 0.0127226
2 0.270289 0.41672 0.0391692 0.04133 0.0124683
5 0.746244 0.626817 0.0228953 0.0279905 0.0124282
0 0.496531 0.192561 0.471324 0.125415 0.0123037
4 0.397377 0.200919 0.228463 0.143985 0.0122245
5 0.749683 0.342819 0.0293378 0.0337753 0.0119157
2 0.35959 0.255265 0.150778 0.228614 0.0118796
5 0.745942 0.626818 0.0263553 0.0306929 0.0118701
2 0.270709 0.376536 0.0341654 0.0348626 0.0117106
4 0.69802 0.274695 0.23229 0.16095 0.0116502
0 0.410627 0.202033 0.239308 0.144422 0.0116152
0 0.707575 0.336374 0.248819 0.296931 0.0115962
0 0.496078 0.494617 0.358441 0.355184 0.0115098
5 0.449841 0.636048 0.0467406 0.04307 0.0112806
0 0.747693 0.649822 0.118092 0.142516 0.0112147
5 0.379018 0.703326 0.0335284 0.031156 0.0110555
2 0.518203 0.16875 0.0413822 0.032299 0.0109148
2 0.809664 0.384276 0.0379469 0.0488493 0.01087
4 0.641058 0.736946 0.15873 0.0743621 0.0108433
4 0.713477 0.298071 0.228931 0.173985 0.0106949
2 0.34813 0.680635 0.0452006 0.0570618 0.0106348
2 0.815706 0.538998 0.0406207 0.0525252 0.0106272
0 0.524187 0.589016 0.444466 0.299748 0.0105992
5 0.38095 0.699046 0.0375383 0.0438767 0.0105831
5 0.394482 0.441164 0.0781125 0.0997601 0.0105533
0 0.390093 0.240048 0.245979 0.235097 0.0105357
5 0.44676 0.637134 0.054202 0.0490634 0.010329
4 0.709517 0.282071 0.206078 0.11646 0.010155
4 0.656692 0.735905 0.186088 0.0857263 0.0101368
5 0.379445 0.703025 0.0333213 0.031365 0.0101084
2 0.272054 0.376359 0.0395375 0.0370595 0.0100183
2 0.817844 0.538321 0.038461 0.0539197 0.0100059
