1 0.468106 0.515299 0.577602 0.736697 0.892491
1 0.470397 0.51751 0.583986 0.740642 0.888962
1 0.4719 0.51178 0.582809 0.747229 0.885201
1 0.468438 0.512029 0.574424 0.742879 0.878859
1 0.471597 0.510017 0.579521 0.74368 0.841348
1 0.46864 0.507302 0.574061 0.729749 0.81519
1 0.46894 0.512972 0.594127 0.746781 0.812947
1 0.471303 0.513182 0.58131 0.736016 0.698996
5 0.608001 0.464748 0.0374364 0.0485498 0.664241
5 0.608127 0.464417 0.0372267 0.0500326 0.61367
5 0.608097 0.46457 0.0378922 0.0479766 0.547761
5 0.607847 0.464305 0.0359338 0.0462624 0.506012
5 0.608101 0.464044 0.039119 0.0491614 0.499823
1 0.469494 0.50561 0.574704 0.719387 0.498906
1 0.470051 0.514766 0.588719 0.745414 0.447366
5 0.60826 0.464662 0.0410863 0.050958 0.437245
5 0.608305 0.464094 0.0357349 0.047025 0.431553
5 0.60758 0.463469 0.033836 0.0463082 0.394435
5 0.607694 0.463825 0.0326078 0.0456742 0.307065
5 0.60822 0.464574 0.0397785 0.0530773 0.297469
5 0.608016 0.463666 0.0332489 0.0464883 0.241942
5 0.607617 0.464064 0.0330941 0.0456214 0.182508
5 0.607882 0.463157 0.0448749 0.05419 0.173461
5 0.607985 0.462954 0.0475871 0.0562756 0.172526
5 0.609838 0.464262 0.0475315 0.0569679 0.163875
5 0.606044 0.464382 0.0398028 0.0503155 0.147211
5 0.609644 0.465455 0.0471094 0.0595792 0.116429
1 0.46812 0.519907 0.576688 0.718982 0.0940555
1 0.469905 0.509766 0.57835 0.735409 0.0924796
5 0.605362 0.464094 0.0370307 0.0488693 0.0858271
5 0.620117 0.821265 0.0328825 0.033824 0.0845623
1 0.46963 0.508099 0.594294 0.741552 0.0831598
5 0.620629 0.820203 0.0327837 0.0330966 0.0791881
5 0.620907 0.820609 0.0324819 0.0336892 0.0762865
5 0.620659 0.820161 0.0338742 0.0346342 0.0760778
5 0.620871 0.819653 0.0386415 0.0408096 0.0618999
5 0.619781 0.821558 0.0332261 0.0343313 0.0598065
5 0.620528 0.8207 0.0292742 0.0300843 0.058403
5 0.62016 0.820607 0.0290323 0.0290795 0.0547361
5 0.61952 0.82107 0.0340377 0.0360746 0.054197
5 0.620511 0.821406 0.0290742 0.0296819 0.0531841
5 0.619942 0.821361 0.0290672 0.0288142 0.0526415
2 0.501647 0.0724722 0.0432197 0.0833022 0.0517918
2 0.501037 0.0726391 0.0476787 0.0863796 0.0503072
2 0.500284 0.072928 0.0453136 0.0838684 0.0485243
2 0.503204 0.072398 0.0472776 0.0867009 0.0445186
5 0.619801 0.821882 0.0378304 0.0399436 0.0434787
5 0.467917 0.359464 0.0176345 0.0201061 0.04307
5 0.605887 0.464198 0.0462315 0.0549638 0.0416179
5 0.607852 0.462804 0.0502863 0.0578344 0.0403532
1 0.472417 0.512989 0.584238 0.739253 0.0399516
5 0.610444 0.464484 0.0525195 0.0608504 0.0391679
5 0.467128 0.359435 0.0188474 0.0232333 0.0378026
5 0.467383 0.360532 0.0202665 0.0206293 0.03596
5 0.466773 0.360254 0.0207248 0.022796 0.0355392
5 0.466159 0.359932 0.024815 0.0239395 0.0335057
5 0.608278 0.466995 0.0404328 0.0573903 0.0310878
5 0.462985 0.360368 0.0299689 0.0276886 0.0303959
2 0.502726 0.0724123 0.0472205 0.0852498 0.0302421
5 0.610468 0.46699 0.0515329 0.0658322 0.029611
5 0.618854 0.820459 0.0353289 0.0382836 0.0266558
5 0.468178 0.360014 0.0275248 0.0250898 0.0255832
5 0.618587 0.821679 0.0351505 0.0375055 0.0252448
2 0.504354 0.0717864 0.0526897 0.0883625 0.0225164
5 0.468362 0.362091 0.0303556 0.0267436 0.0214165
5 0.455475 0.35934 0.0483958 0.0374883 0.0206819
5 0.621304 0.818599 0.049889 0.0514611 0.0204696
5 0.456213 0.360233 0.0456499 0.0345182 0.0201301
5 0.457008 0.361882 0.0448049 0.0346424 0.0196299
5 0.462744 0.361818 0.0344471 0.0327834 0.018666
1 0.462446 0.276938 0.560447 0.27962 0.0179799
5 0.521491 0.35676 0.0269033 0.0288665 0.0172287
5 0.46581 0.362224 0.0314901 0.0317535 0.0167511
1 0.465579 0.277681 0.550569 0.283645 0.0165442
5 0.622176 0.819097 0.0448004 0.0467198 0.0163045
2 0.492469 0.0728808 0.0640766 0.0890154 0.0161134
0 0.483805 0.353555 0.134137 0.10021 0.0155735
5 0.521246 0.357869 0.0310302 0.0338783 0.0149839
5 0.618058 0.820166 0.0442763 0.0456447 0.0141426
2 0.494442 0.0738601 0.0587336 0.0868136 0.0141355
0 0.484408 0.345416 0.137432 0.117519 0.0134422
5 0.521804 0.355654 0.0286478 0.0311404 0.0127025
5 0.620888 0.819858 0.049347 0.0535634 0.0112011
5 0.453362 0.358794 0.0480694 0.0400895 0.01075
5 0.520953 0.358216 0.0269486 0.0292456 0.0104586
0 0.488034 0.344506 0.144327 0.127856 0.0103528
0 0.488417 0.353741 0.143464 0.117467 0.0103421
5 0.60889 0.468979 0.047138 0.0646733 0.0102471
