3 0.517631 0.496792 0.385928 0.526783 0.394534
3 0.518209 0.493429 0.391618 0.523228 0.351748
3 0.509933 0.500564 0.397521 0.527331 0.350257
5 0.415511 0.603642 0.028136 0.031819 0.349584
3 0.511925 0.496487 0.392643 0.52666 0.331644
3 0.508588 0.497382 0.392199 0.533892 0.326511
5 0.415848 0.603946 0.0289092 0.0329855 0.316712
5 0.415241 0.603991 0.027108 0.0309499 0.312499
3 0.515761 0.502253 0.389215 0.523086 0.307062
3 0.514329 0.492016 0.394392 0.525182 0.295554
5 0.41513 0.604011 0.027113 0.0308683 0.289849
5 0.415925 0.603769 0.0284718 0.0327068 0.278135
5 0.415181 0.603506 0.0289759 0.0325237 0.271243
3 0.509733 0.491047 0.393727 0.541199 0.269667
5 0.415549 0.603169 0.0309483 0.0356691 0.264791
5 0.416028 0.603329 0.0314155 0.0353738 0.236038
5 0.414858 0.603884 0.0273994 0.0312269 0.226202
5 0.415287 0.604066 0.0268283 0.0310836 0.185583
5 0.415088 0.60301 0.0301245 0.0359756 0.183574
5 0.414345 0.603461 0.0305027 0.0350814 0.170463
3 0.515876 0.48532 0.403107 0.524402 0.168791
5 0.415464 0.603247 0.0354314 0.0397362 0.136262
5 0.4144 0.603518 0.0303642 0.0346582 0.120909
5 0.413575 0.602644 0.0342946 0.0367813 0.099323
3 0.516685 0.508392 0.345057 0.43343 0.0914651
3 0.529626 0.508289 0.332333 0.438625 0.0887523
5 0.415712 0.602865 0.0354928 0.0398896 0.0854713
5 0.414784 0.601841 0.0351822 0.0399553 0.0820859
3 0.520223 0.484967 0.406068 0.523153 0.0575331
5 0.417965 0.6031 0.039052 0.0399407 0.0489499
3 0.504918 0.503986 0.397074 0.535502 0.0374484
5 0.417536 0.603374 0.0400979 0.0418853 0.0339993
3 0.520152 0.490524 0.338399 0.44037 0.0319228
5 0.0199034 0.0669946 0.0398068 0.0687806 0.0313785
5 0.020758 0.0658712 0.0415161 0.07333 0.0293293
5 0.0217927 0.0678183 0.0435854 0.0706931 0.0287685
5 0.418918 0.602869 0.0437039 0.0425546 0.0262573
5 0.413242 0.603144 0.0350738 0.0404733 0.0223014
5 0.0208973 0.0697034 0.0417946 0.0704147 0.0220207
5 0.0227091 0.0667496 0.0454182 0.074745 0.019484
5 0.0231088 0.070995 0.0462176 0.0770682 0.0163067
5 0.0239103 0.0683999 0.0478206 0.076668 0.0155107
3 0.531364 0.49426 0.328863 0.443023 0.0139538
5 0.0201955 0.0732397 0.040391 0.068667 0.0138564
5 0.0189334 0.0692239 0.0378669 0.0663727 0.0130307
5 0.38344 0.481656 0.0191997 0.0229649 0.011992
5 0.384774 0.482117 0.0228431 0.027526 0.0108082
5 0.382781 0.481822 0.0248518 0.0287427 0.010671
