3 0.508081 0.526438 0.342519 0.394141 0.31288
3 0.50382 0.526175 0.358131 0.39699 0.255216
3 0.509009 0.528079 0.353599 0.394022 0.254875
3 0.511246 0.528071 0.354981 0.397491 0.252562
3 0.507806 0.525533 0.357956 0.39653 0.248735
3 0.50681 0.527899 0.34139 0.39877 0.245351
3 0.507047 0.5268 0.35584 0.395258 0.208159
3 0.50642 0.528571 0.357134 0.395738 0.205681
3 0.507738 0.526747 0.360015 0.398074 0.185092
3 0.504579 0.525483 0.341885 0.395346 0.184475
2 0.465924 0.626112 0.0567739 0.030066 0.175781
3 0.505399 0.525655 0.344347 0.392837 0.171905
2 0.465474 0.625678 0.05802 0.0321408 0.16463
5 0.595319 0.522347 0.0440001 0.0386867 0.1485
5 0.595322 0.521479 0.0438722 0.0399418 0.139108
5 0.595603 0.521542 0.0453343 0.0404858 0.13907
2 0.466045 0.626304 0.0574123 0.0312964 0.119946
5 0.595284 0.521997 0.0451704 0.0384166 0.116679
2 0.465541 0.624663 0.0632233 0.0360135 0.10921
5 0.594697 0.522584 0.0428076 0.0364689 0.107064
2 0.466349 0.62334 0.0654779 0.0393286 0.103551
2 0.46628 0.626419 0.0614171 0.0349894 0.093906
2 0.4669 0.624297 0.0629888 0.0350033 0.0936936
5 0.594315 0.522215 0.0415436 0.0345065 0.0934374
2 0.464989 0.625711 0.0531323 0.0276537 0.088425
2 0.46555 0.626307 0.0558628 0.02911 0.0859762
2 0.463879 0.625503 0.0513031 0.0268404 0.0585066
5 0.466009 0.626775 0.0575641 0.0336426 0.058281
5 0.595566 0.519347 0.0518022 0.0487659 0.0578899
5 0.596598 0.518756 0.0542558 0.0488221 0.0561052
5 0.595032 0.522754 0.0419485 0.0346091 0.0512713
5 0.595716 0.521959 0.0478938 0.0385929 0.050833
5 0.595281 0.51842 0.0523007 0.0511292 0.0501804
2 0.46705 0.621442 0.0708846 0.0442161 0.0484057
5 0.596396 0.519621 0.0515376 0.0472255 0.0469078
5 0.594537 0.522948 0.0414956 0.0323295 0.0456416
5 0.466713 0.626309 0.0626022 0.0396718 0.0448968
5 0.465484 0.62737 0.0556683 0.0300053 0.0411463
2 0.469375 0.623947 0.0645495 0.0384893 0.036335
5 0.594471 0.522998 0.0460719 0.0411906 0.0310176
2 0.465918 0.623839 0.0602671 0.0330654 0.0306856
2 0.469933 0.625974 0.0628742 0.0375204 0.0295838
0 0.505013 0.529811 0.358311 0.398207 0.0290001
2 0.591304 0.523148 0.0411574 0.0325745 0.0281135
5 0.594882 0.523144 0.0510822 0.0498531 0.0276422
5 0.563807 0.382812 0.0338721 0.0446435 0.0260906
5 0.595666 0.520765 0.0546465 0.0533487 0.0258934
2 0.592407 0.522715 0.0414222 0.0343891 0.0255576
5 0.563352 0.382592 0.0317405 0.0409954 0.0253472
5 0.540445 0.611162 0.0457465 0.0538805 0.0223112
5 0.562597 0.382242 0.0295968 0.039833 0.0218993
5 0.561892 0.38152 0.0315985 0.0379863 0.0214862
2 0.460255 0.62489 0.0426403 0.0243713 0.0211053
5 0.562508 0.381847 0.0304589 0.0380813 0.0201264
5 0.563293 0.382299 0.0326954 0.0408246 0.0195311
5 0.562245 0.382151 0.02928 0.0380595 0.0194788
5 0.562107 0.381767 0.0293633 0.0373217 0.0186434
2 0.463704 0.627343 0.0532741 0.0288112 0.0181391
2 0.541102 0.612344 0.0441913 0.0495166 0.0178844
5 0.562575 0.380809 0.0313677 0.0386293 0.0171146
2 0.540166 0.613796 0.0445075 0.0488943 0.0166484
5 0.562101 0.3821 0.0309506 0.0399971 0.0161363
5 0.54014 0.61264 0.0497312 0.0580583 0.0153636
5 0.380321 0.519203 0.0193627 0.025821 0.0151127
5 0.379805 0.519305 0.0179893 0.0227176 0.0145589
2 0.54139 0.611041 0.0444972 0.0513281 0.0136078
5 0.561488 0.380669 0.033394 0.0398366 0.0130697
5 0.37937 0.519655 0.02069 0.0255757 0.0130269
2 0.467405 0.615759 0.0724002 0.0605669 0.012716
5 0.593694 0.523831 0.0457855 0.0389603 0.0126346
5 0.378989 0.518844 0.0202641 0.0246468 0.0125384
2 0.538613 0.618592 0.0394544 0.0373405 0.0123105
2 0.470566 0.62645 0.0654806 0.044162 0.0122859
5 0.540897 0.609947 0.0432493 0.0482196 0.0119565
2 0.461627 0.624197 0.043967 0.0239912 0.0118746
5 0.38002 0.520666 0.0190279 0.0230418 0.0116307
5 0.380962 0.518104 0.022584 0.0256637 0.0114899
5 0.595985 0.517975 0.0575755 0.0516073 0.0114736
2 0.538448 0.617421 0.0425074 0.0437002 0.0113682
2 0.471393 0.619109 0.0738154 0.0522619 0.0113638
5 0.564582 0.382996 0.0393705 0.0492084 0.0112231
5 0.94939 0.0423295 0.0533871 0.075731 0.0107795
5 0.617582 0.625929 0.0251154 0.0240842 0.0106853
5 0.37995 0.519954 0.0171271 0.0216753 0.0106702
5 0.56284 0.380657 0.0346438 0.0416062 0.0106066
