2 0.548502 0.725282 0.080746 0.0770201 0.318725
2 0.55098 0.724958 0.0795451 0.0771615 0.302738
2 0.584945 0.253684 0.0754886 0.088246 0.231151
3 0.532637 0.498544 0.325037 0.362011 0.22029
3 0.502594 0.505699 0.42412 0.50787 0.214863
2 0.427756 0.671886 0.0308667 0.0336839 0.188233
3 0.526838 0.497273 0.335954 0.371279 0.183393
2 0.427075 0.672466 0.0343105 0.0372451 0.182388
2 0.427948 0.671732 0.0308852 0.0340745 0.178155
2 0.585181 0.255306 0.0736155 0.084308 0.17602
3 0.533539 0.490076 0.325986 0.376399 0.175103
2 0.581843 0.25277 0.0816034 0.0911078 0.174385
2 0.427873 0.672719 0.0301508 0.034063 0.173051
3 0.50745 0.497346 0.444021 0.517121 0.17273
2 0.551254 0.725904 0.0766274 0.0776524 0.172649
2 0.549937 0.725904 0.0810263 0.0768912 0.158249
3 0.499081 0.502762 0.430773 0.50953 0.157476
2 0.419836 0.583599 0.0630879 0.12494 0.15459
2 0.547619 0.725909 0.0787498 0.0772167 0.150708
3 0.499668 0.50881 0.430331 0.507631 0.150488
2 0.427453 0.673612 0.0305578 0.0341245 0.150338
2 0.547633 0.726211 0.0834145 0.0774454 0.148653
2 0.500378 0.65087 0.0298167 0.0314776 0.145211
2 0.41812 0.584929 0.0652362 0.120406 0.140366
3 0.529843 0.491999 0.331072 0.373882 0.139718
3 0.503158 0.496013 0.448061 0.517895 0.13598
2 0.427677 0.67278 0.0295299 0.032901 0.133062
2 0.427788 0.673474 0.0291768 0.0327197 0.132891
3 0.505484 0.512161 0.426927 0.510075 0.132232
2 0.551191 0.724525 0.0802783 0.0776311 0.125581
2 0.428096 0.671086 0.0323839 0.0349801 0.123151
2 0.427752 0.672776 0.0327978 0.0370112 0.120894
2 0.426605 0.671574 0.0352137 0.0382289 0.118903
3 0.487636 0.501363 0.429953 0.512394 0.118572
2 0.500498 0.650704 0.0301449 0.0319221 0.116641
2 0.426337 0.672699 0.0372785 0.0388083 0.112112
2 0.428352 0.67086 0.0299017 0.0337129 0.101212
2 0.420807 0.584953 0.0589325 0.127264 0.101034
2 0.428145 0.671852 0.0329165 0.0366069 0.100392
2 0.587895 0.255258 0.0644413 0.0813451 0.100085
2 0.418561 0.58613 0.0653452 0.125789 0.0919233
2 0.581239 0.255441 0.0820966 0.0878884 0.0910364
2 0.418544 0.583467 0.0604057 0.11138 0.0906983
2 0.500469 0.649945 0.0281668 0.0294919 0.0866091
2 0.500629 0.649503 0.0287452 0.0301044 0.0859838
2 0.427691 0.673755 0.0356181 0.0413184 0.0859371
2 0.587789 0.25444 0.0681919 0.0856588 0.0858169
2 0.500197 0.650731 0.027932 0.0290572 0.0811434
2 0.427992 0.673685 0.0351682 0.0411855 0.0800585
2 0.421949 0.582125 0.0660434 0.13008 0.0784348
2 0.500942 0.649985 0.0288333 0.0302599 0.0766169
2 0.500655 0.650054 0.0271895 0.0289913 0.0762379
5 0.482104 0.558541 0.0434516 0.0404613 0.075893
2 0.427943 0.673387 0.0366779 0.0407766 0.0704939
2 0.501344 0.65 0.0287775 0.0314869 0.0697187
2 0.584838 0.25322 0.0774237 0.0925664 0.0677694
5 0.481668 0.559334 0.0426239 0.0388377 0.0677008
2 0.501143 0.650717 0.0290358 0.0312304 0.0664025
2 0.552453 0.725371 0.0777083 0.0780895 0.0647006
2 0.42005 0.582362 0.0625341 0.117215 0.0640441
2 0.500455 0.650681 0.026992 0.0280963 0.0639282
3 0.486823 0.492743 0.437045 0.521197 0.0625243
3 0.48796 0.507502 0.425472 0.504725 0.0591861
2 0.58219 0.251782 0.081243 0.092788 0.0586187
3 0.509565 0.4726 0.478264 0.560772 0.0576973
5 0.483235 0.558143 0.0429764 0.0410689 0.0569132
2 0.499832 0.649937 0.0291445 0.030763 0.0544511
5 0.482867 0.559198 0.0438851 0.0408779 0.0530903
5 0.480538 0.558518 0.0442643 0.0408636 0.0505105
2 0.422738 0.584666 0.0606643 0.127694 0.0504587
5 0.482534 0.557352 0.0434227 0.0424853 0.0499909
5 0.481399 0.558963 0.0431237 0.0395466 0.0491729
2 0.499851 0.650379 0.0285829 0.0297991 0.0486975
2 0.599253 0.352554 0.112649 0.161378 0.0467939
2 0.584586 0.351306 0.0780935 0.151738 0.0457653
2 0.43448 0.301467 0.20102 0.130149 0.0425468
2 0.419474 0.584026 0.0660695 0.130401 0.0414335
2 0.550479 0.725806 0.0804961 0.0777407 0.0408459
2 0.439538 0.291756 0.20298 0.135114 0.0384851
2 0.501199 0.651098 0.0342508 0.036022 0.0376531
2 0.582297 0.349356 0.0789387 0.154986 0.0338205
2 0.501422 0.648668 0.0314542 0.0327173 0.0329503
2 0.543 0.725444 0.0896685 0.0758213 0.03091
5 0.480599 0.559323 0.0429105 0.0373097 0.0302216
2 0.416959 0.585452 0.0704869 0.138915 0.0290171
5 0.482281 0.559217 0.0478235 0.0444477 0.0288526
5 0.48318 0.556924 0.0433363 0.0431278 0.028685
2 0.434771 0.293848 0.204818 0.13458 0.0279486
3 0.519496 0.462486 0.486917 0.576499 0.0270832
2 0.598481 0.350825 0.112391 0.164352 0.0266567
5 0.481421 0.557236 0.0473469 0.0438148 0.0261107
2 0.604275 0.357162 0.129862 0.168722 0.0256321
2 0.584084 0.38379 0.069988 0.0744762 0.0252654
2 0.585457 0.382873 0.0684768 0.0769798 0.0234388
2 0.438353 0.298635 0.197228 0.122322 0.0221727
5 0.483447 0.558211 0.050295 0.0466331 0.0214293
2 0.428202 0.670636 0.0360042 0.03858 0.021413
2 0.607296 0.352665 0.140107 0.175048 0.0205025
2 0.421675 0.580166 0.0665933 0.124296 0.0197255
2 0.422411 0.600626 0.0514905 0.0824063 0.0196681
5 0.481051 0.559799 0.0422448 0.0360751 0.0193044
3 0.533108 0.50958 0.318254 0.334065 0.0192627
2 0.58492 0.354514 0.0714071 0.151016 0.0191499
5 0.484091 0.557259 0.0492269 0.0460396 0.0189657
2 0.585626 0.359192 0.0702366 0.143465 0.0186573
2 0.589713 0.255816 0.0650412 0.0806645 0.0183713
2 0.419966 0.587994 0.0683694 0.140196 0.0182134
2 0.4219 0.586253 0.0554571 0.115757 0.0171937
2 0.586188 0.366635 0.0702177 0.1151 0.016953
2 0.587787 0.254116 0.0726228 0.0924369 0.0163773
5 0.547697 0.426714 0.0295725 0.0356465 0.0163287
2 0.585507 0.258037 0.0707454 0.0800881 0.0162437
2 0.583186 0.383697 0.0670601 0.0717098 0.0161307
2 0.422413 0.606143 0.0514997 0.0704675 0.0160952
2 0.542494 0.726903 0.0917142 0.0760194 0.0154636
2 0.581169 0.354254 0.0670562 0.151643 0.0149145
5 0.546453 0.424659 0.0262341 0.0311348 0.0148708
2 0.584025 0.383472 0.0653359 0.0734593 0.0148667
2 0.554123 0.724269 0.0768827 0.077759 0.014342
2 0.419689 0.587477 0.0625986 0.118124 0.0140343
2 0.428489 0.675023 0.0466164 0.0530942 0.0131761
2 0.421893 0.598953 0.0578882 0.0890092 0.0130953
3 0.52195 0.508542 0.339453 0.361621 0.0130307
5 0.546784 0.426354 0.0244203 0.0294555 0.0127077
2 0.417322 0.576211 0.0531951 0.0904625 0.0125931
2 0.610386 0.349697 0.146847 0.178562 0.0122235
5 0.547677 0.426115 0.0301002 0.0354589 0.0120391
2 0.409016 0.415404 0.0439671 0.051641 0.0117741
2 0.583682 0.367732 0.0695567 0.109955 0.0117308
2 0.606727 0.361364 0.14256 0.186461 0.0116616
2 0.426932 0.670468 0.0432286 0.0416471 0.011615
2 0.582755 0.358423 0.0671491 0.142307 0.0114978
2 0.550481 0.724275 0.105458 0.0835678 0.0113938
5 0.547166 0.426876 0.0281136 0.0353739 0.0113701
2 0.499603 0.6495 0.0359948 0.035036 0.0111908
2 0.588645 0.257051 0.0606404 0.0791211 0.0108833
2 0.542 0.724864 0.110401 0.0814841 0.0107072
2 0.409897 0.415415 0.0470029 0.0551959 0.0105851
5 0.54665 0.425429 0.0251903 0.0298896 0.0105689
2 0.409281 0.416228 0.0448172 0.0535024 0.0103763
2 0.409172 0.417255 0.0467083 0.0591051 0.01036
2 0.589983 0.255282 0.0676665 0.0839002 0.0103539
2 0.417773 0.581249 0.0741773 0.142923 0.0103325
2 0.57999 0.350173 0.0686022 0.153187 0.0101074
5 0.546415 0.424662 0.0258831 0.0301652 0.0100304
