5 0.538432 0.630717 0.0407849 0.0567204 0.456992
0 0.528496 0.491799 0.347444 0.433782 0.437595
0 0.529996 0.491253 0.345511 0.437511 0.412733
5 0.538405 0.630141 0.0404147 0.0542695 0.402717
0 0.530306 0.490399 0.342377 0.434579 0.393763
5 0.538254 0.628872 0.0399826 0.0524137 0.37582
0 0.527743 0.492472 0.351604 0.437298 0.375247
5 0.538588 0.629768 0.0392898 0.0531749 0.363547
5 0.538552 0.630604 0.0406902 0.0560713 0.345185
5 0.53853 0.631002 0.0442366 0.0596384 0.32303
0 0.531395 0.488119 0.343089 0.433449 0.320257
5 0.538402 0.628787 0.041212 0.0536509 0.262984
5 0.537884 0.629487 0.0387308 0.0525742 0.238571
5 0.53846 0.630192 0.0389492 0.0549126 0.237774
5 0.591769 0.571892 0.0327391 0.0353683 0.229546
0 0.528669 0.487714 0.347837 0.436415 0.217431
5 0.591478 0.571574 0.033437 0.0353299 0.204432
5 0.538911 0.630671 0.0456693 0.0604166 0.194072
5 0.537609 0.628418 0.0423389 0.0544233 0.191149
5 0.5913 0.571839 0.0309414 0.0332672 0.180687
0 0.525762 0.49489 0.348173 0.433636 0.179299
5 0.591209 0.573662 0.0309347 0.0339187 0.177907
5 0.538475 0.630006 0.0443492 0.057522 0.177273
5 0.591792 0.572503 0.0319362 0.0336178 0.175618
5 0.591638 0.572571 0.0313196 0.0331672 0.163781
0 0.521231 0.496646 0.360167 0.441962 0.154711
5 0.591473 0.573071 0.0303068 0.0327861 0.153434
5 0.591565 0.572175 0.0346334 0.0363969 0.150763
5 0.591665 0.572583 0.0300522 0.032389 0.148516
5 0.538369 0.630503 0.0383578 0.0526256 0.148276
5 0.591495 0.57313 0.0309493 0.0331264 0.148161
5 0.590671 0.571248 0.035242 0.0371032 0.146266
5 0.591318 0.573131 0.0337076 0.036719 0.137038
5 0.655657 0.574466 0.0223652 0.0251924 0.117433
5 0.53804 0.63003 0.0369685 0.0523098 0.116073
5 0.591431 0.573158 0.0295871 0.0314475 0.109467
5 0.590793 0.572941 0.033857 0.0363454 0.104849
5 0.636045 0.409465 0.0357431 0.0380379 0.0986542
5 0.636176 0.409659 0.0357246 0.0382763 0.0962964
5 0.431023 0.448765 0.0283886 0.0357323 0.0924424
5 0.432106 0.454987 0.0342304 0.0515931 0.0895319
5 0.634684 0.408739 0.0336517 0.03562 0.0886229
0 0.536533 0.526165 0.320872 0.363652 0.0869856
5 0.635299 0.409268 0.0347665 0.0367914 0.0863704
5 0.423229 0.380005 0.025399 0.0290009 0.0840223
5 0.63493 0.408957 0.0326538 0.0345751 0.0798113
5 0.423274 0.380011 0.0211457 0.0252503 0.0787524
5 0.636583 0.410199 0.0380048 0.0411773 0.0787381
5 0.65518 0.575177 0.0236186 0.0263335 0.0752405
5 0.423503 0.380028 0.0223566 0.0266953 0.0744591
5 0.592127 0.57102 0.0405648 0.0427296 0.0728448
5 0.635377 0.408199 0.0347983 0.0380786 0.0726046
5 0.635813 0.409081 0.036079 0.0371845 0.0723987
5 0.431259 0.448682 0.0285034 0.0355714 0.0713043
5 0.655189 0.574751 0.0218687 0.0245552 0.0693532
5 0.635771 0.408779 0.0343014 0.0351105 0.0685161
5 0.591336 0.573233 0.0379175 0.0417679 0.0682449
5 0.65553 0.57493 0.0199783 0.022874 0.0679604
5 0.635215 0.409629 0.0347579 0.0363593 0.0657055
5 0.42354 0.38049 0.0250468 0.0299447 0.065419
0 0.530247 0.512468 0.328267 0.380263 0.063924
5 0.42307 0.380921 0.0223744 0.027407 0.0627264
5 0.637506 0.410789 0.0424381 0.0464948 0.0626194
0 0.538433 0.523247 0.317349 0.365177 0.0616498
5 0.431854 0.448522 0.0295852 0.0359994 0.0609306
0 0.550439 0.530173 0.294977 0.354077 0.0607476
5 0.431045 0.448557 0.0260789 0.03264 0.0581923
5 0.42302 0.380156 0.0207431 0.0254929 0.0576516
5 0.42309 0.380791 0.0223761 0.0271738 0.0571131
5 0.655718 0.574731 0.0214197 0.0248809 0.0548012
5 0.431506 0.448407 0.0273528 0.0340112 0.0534766
5 0.427366 0.528041 0.0313279 0.0355999 0.0522578
5 0.65518 0.574505 0.0212781 0.0233714 0.0516079
5 0.655509 0.574612 0.0242996 0.0268649 0.0513234
5 0.640521 0.413663 0.0512996 0.0537431 0.0505452
5 0.423326 0.379922 0.0195511 0.0243379 0.0501637
5 0.657547 0.574168 0.02798 0.0291194 0.0494419
0 0.556839 0.526796 0.282804 0.357389 0.0493021
5 0.43513 0.463641 0.0463311 0.0768458 0.04829
5 0.655259 0.574192 0.0208254 0.023715 0.0470928
5 0.655952 0.574066 0.0255245 0.0277809 0.0464544
5 0.423049 0.380575 0.0187933 0.0232885 0.0461772
5 0.657217 0.573854 0.0266125 0.0295354 0.0445932
5 0.657305 0.57533 0.0270704 0.0287879 0.044581
5 0.538053 0.627534 0.0440482 0.0558305 0.0441102
5 0.433135 0.464098 0.0405902 0.0749122 0.0437337
5 0.433062 0.45492 0.0397633 0.0582127 0.0437006
5 0.422708 0.379866 0.020287 0.0255364 0.0420813
5 0.634418 0.40822 0.0351808 0.0376796 0.0408303
5 0.655532 0.574023 0.0189576 0.0221993 0.0405205
5 0.423228 0.380143 0.0224948 0.0260755 0.0401472
5 0.430409 0.449897 0.0323434 0.0395996 0.0387548
0 0.532149 0.488352 0.353479 0.442411 0.0379277
5 0.424751 0.528053 0.0353703 0.0366573 0.0359227
5 0.537625 0.630862 0.0359266 0.0506347 0.0359063
5 0.637974 0.410216 0.0426474 0.0466182 0.0356628
5 0.426912 0.528376 0.0322714 0.034647 0.0352063
5 0.432042 0.447308 0.0339912 0.0385099 0.0343427
0 0.529235 0.503546 0.325541 0.379111 0.0337815
2 0.550176 0.294391 0.0203759 0.0239728 0.033589
5 0.426789 0.528714 0.0350234 0.0369745 0.0335868
5 0.435351 0.465059 0.0464983 0.075613 0.0328861
5 0.641087 0.412144 0.0504862 0.0516165 0.0320734
5 0.427668 0.528061 0.0343911 0.0359941 0.0316731
5 0.436304 0.462828 0.0478877 0.0774986 0.0312795
5 0.424038 0.381382 0.0271668 0.0307325 0.0311101
5 0.481647 0.331846 0.0309834 0.0311825 0.0295989
5 0.635975 0.408372 0.0386411 0.0421922 0.0289271
5 0.426331 0.527532 0.0352508 0.0391619 0.0279413
2 0.54975 0.294015 0.0192457 0.0221794 0.0278252
5 0.482173 0.332449 0.0330955 0.0344084 0.0272115
5 0.591571 0.570712 0.0404427 0.0443633 0.0267015
5 0.430169 0.448525 0.0279071 0.0350567 0.0265581
5 0.43191 0.447472 0.0367173 0.0423873 0.0263231
5 0.428455 0.527828 0.033437 0.036596 0.0261493
5 0.483486 0.33334 0.0273209 0.0304509 0.0260123
5 0.538845 0.629197 0.0477781 0.0604178 0.0256147
5 0.433894 0.465633 0.044028 0.0749223 0.0253068
0 0.516582 0.492718 0.312082 0.395935 0.0251662
5 0.483693 0.332953 0.0274636 0.0293832 0.0251167
5 0.433139 0.449401 0.0402843 0.0482776 0.0250115
5 0.648029 0.416679 0.0704927 0.0638366 0.0249603
5 0.482006 0.332017 0.0290897 0.0303465 0.0238665
0 0.474929 0.486991 0.220091 0.404387 0.0236318
5 0.427297 0.529039 0.0393539 0.0419221 0.0231275
5 0.424847 0.528661 0.0354777 0.0361533 0.022715
5 0.437271 0.463488 0.0538171 0.0813968 0.0223671
2 0.648107 0.418004 0.0742589 0.0632894 0.0219436
5 0.424695 0.528911 0.0376419 0.0386146 0.0214745
2 0.549482 0.294278 0.0205773 0.0232584 0.021014
2 0.549948 0.294353 0.0168989 0.0197571 0.0203894
5 0.482744 0.332446 0.0266597 0.0276401 0.0200933
2 0.549933 0.294648 0.0168997 0.0210569 0.0196766
5 0.587983 0.571964 0.0398877 0.0439835 0.0193187
5 0.429597 0.448326 0.0302934 0.0377745 0.019073
5 0.424386 0.527413 0.0395976 0.0420709 0.0189519
5 0.430712 0.465497 0.0428375 0.0801759 0.0185367
5 0.483308 0.332975 0.0250505 0.0278889 0.0184982
5 0.657852 0.576077 0.0295998 0.0331728 0.0178129
5 0.538247 0.631432 0.0392227 0.0553938 0.017651
5 0.422465 0.528114 0.0413927 0.0417784 0.0176378
5 0.647798 0.416094 0.0707596 0.0592227 0.0173752
0 0.44373 0.483485 0.154499 0.398499 0.0167756
5 0.437473 0.46455 0.0502285 0.0771567 0.0167674
5 0.591308 0.574215 0.0365113 0.0427806 0.0161687
2 0.549393 0.294811 0.020452 0.0245728 0.0161631
0 0.473135 0.481887 0.214155 0.407059 0.0159021
5 0.591415 0.573944 0.0365336 0.0426387 0.0155087
5 0.422908 0.529018 0.0399478 0.04053 0.0150976
5 0.479468 0.330442 0.0352554 0.0329849 0.0147546
0 0.529406 0.520959 0.336973 0.369647 0.0145436
0 0.575178 0.526011 0.251582 0.360614 0.0144073
0 0.53728 0.360496 0.333289 0.180083 0.0143239
5 0.480737 0.331563 0.0304405 0.0300573 0.0142938
0 0.537037 0.366866 0.333104 0.193751 0.0142604
5 0.654664 0.572799 0.0257755 0.0275905 0.0140946
5 0.574821 0.366805 0.084873 0.0598968 0.0140468
2 0.55012 0.294546 0.0200273 0.022537 0.0137455
2 0.649313 0.420196 0.0676121 0.0501961 0.0136977
5 0.638243 0.410362 0.0415024 0.0465118 0.0135521
0 0.443925 0.479788 0.151808 0.402596 0.0134242
5 0.422495 0.379226 0.0309734 0.0340795 0.0132369
5 0.422261 0.529552 0.0439215 0.044911 0.0129686
5 0.573853 0.365267 0.089324 0.053991 0.012788
2 0.550356 0.295306 0.0225916 0.0282464 0.012432
5 0.464037 0.371139 0.0258666 0.0282565 0.012269
2 0.647967 0.426323 0.0778803 0.0773174 0.0121831
5 0.646079 0.414465 0.0652534 0.0577222 0.0119609
0 0.572763 0.53271 0.252751 0.348526 0.0117713
5 0.538266 0.631355 0.0357998 0.0511291 0.0116403
5 0.484172 0.332738 0.0364326 0.0389401 0.0115698
5 0.483602 0.332184 0.0316148 0.0368512 0.0114444
5 0.516112 0.365088 0.0353504 0.0397316 0.0112899
0 0.531639 0.491118 0.354822 0.441435 0.01104
5 0.537016 0.627391 0.0469535 0.059052 0.0110124
0 0.518934 0.500744 0.329936 0.400707 0.0109904
5 0.48407 0.332762 0.0318943 0.0387604 0.0109241
0 0.536472 0.37738 0.341721 0.210684 0.0102203
0 0.536732 0.38289 0.339829 0.22315 0.0101481
