4 0.550911 0.540539 0.427847 0.5327 0.354901
2 0.447915 0.458297 0.0733572 0.0808465 0.346478
4 0.545859 0.535353 0.434644 0.53415 0.30271
2 0.44723 0.458125 0.0730591 0.0803216 0.287317
2 0.445867 0.457915 0.0692609 0.0769625 0.2649
4 0.547691 0.542204 0.430972 0.536803 0.261221
2 0.444924 0.456899 0.0679544 0.0773528 0.244494
4 0.548221 0.533729 0.436382 0.532994 0.236543
4 0.542482 0.533649 0.43699 0.529225 0.220604
2 0.447692 0.457207 0.0717719 0.076417 0.215791
2 0.446986 0.457752 0.0752301 0.0834203 0.204009
4 0.54205 0.527722 0.446698 0.531543 0.184773
0 0.536969 0.51802 0.457206 0.540532 0.179716
4 0.537258 0.524607 0.449388 0.528881 0.132204
0 0.532299 0.51377 0.461811 0.527083 0.124022
2 0.447707 0.456426 0.0742258 0.0781345 0.124005
4 0.541968 0.541524 0.435123 0.539015 0.11712
4 0.553269 0.548497 0.425619 0.531143 0.110045
2 0.446393 0.458579 0.0752235 0.0825308 0.104296
2 0.445512 0.457117 0.0680704 0.0746191 0.100376
2 0.439827 0.45642 0.0569622 0.0754189 0.088322
2 0.440893 0.457755 0.0582098 0.0744954 0.071764
4 0.447028 0.45725 0.0734143 0.0797509 0.0497177
4 0.447828 0.45463 0.0742724 0.0765555 0.0408989
2 0.446266 0.459834 0.0706745 0.0784635 0.0345373
2 0.41401 0.414076 0.219322 0.244516 0.0316095
2 0.44298 0.459383 0.0630192 0.0760659 0.0244212
2 0.447829 0.455584 0.0815733 0.0851669 0.0228907
0 0.522422 0.521646 0.448417 0.524718 0.0221241
4 0.523414 0.513892 0.351158 0.406328 0.0211394
4 0.520674 0.523157 0.337044 0.419385 0.0159776
2 0.414049 0.406719 0.216916 0.23807 0.014468
4 0.545732 0.526866 0.369693 0.421669 0.0127228
2 0.446795 0.374461 0.0651126 0.0644706 0.0111132
2 0.413329 0.418349 0.215828 0.243889 0.0110064
2 0.447095 0.454421 0.0703085 0.0753057 0.0109607
2 0.426585 0.408557 0.230681 0.235247 0.0109325
3 0.546794 0.51475 0.382497 0.402731 0.010706
2 0.427239 0.415325 0.23133 0.245062 0.0102945
