1 0.475606 0.474639 0.440988 0.43769 0.495879
5 0.551622 0.470514 0.0412656 0.0528738 0.125904
5 0.572786 0.646466 0.0261305 0.0339942 0.0816313
5 0.568163 0.508245 0.0288249 0.0359274 0.0755584
5 0.372144 0.590657 0.0352424 0.0369654 0.0588147
5 0.466457 0.385364 0.0335835 0.0378509 0.0562471
5 0.348572 0.524528 0.0278288 0.0332509 0.0442389
5 0.624749 0.457038 0.0204188 0.0232074 0.0389686
5 0.563571 0.503114 0.0401019 0.0475788 0.0384371
5 0.531895 0.508282 0.0224584 0.0260132 0.0299989
5 0.366397 0.587324 0.0549101 0.0491779 0.0280795
5 0.346793 0.521443 0.0384271 0.0451508 0.0230745
5 0.570045 0.647661 0.041097 0.053003 0.0226641
5 0.371953 0.425412 0.0236935 0.0275695 0.0202908
5 0.549916 0.476576 0.0680884 0.086403 0.0201209
5 0.536173 0.497114 0.039147 0.0505152 0.0189892
5 0.623229 0.455911 0.028808 0.0340819 0.0119602
3 0.534784 0.546545 0.264022 0.272617 0.0112115
5 0.319992 0.584417 0.0352788 0.0469214 0.0101761
