1 0.616129 0.433791 0.490391 0.640479 0.361455
3 0.634686 0.302117 0.215362 0.30831 0.227873
3 0.619 0.43268 0.489452 0.641227 0.168373
5 0.760379 0.437146 0.0279425 0.0386113 0.0579044
5 0.57773 0.609979 0.0401545 0.0616437 0.0555038
0 0.609851 0.338291 0.101604 0.138419 0.0532007
0 0.738531 0.663963 0.218969 0.174563 0.0456844
0 0.648763 0.259898 0.166724 0.174892 0.0438796
0 0.689422 0.304413 0.322526 0.360177 0.0386801
5 0.0281741 0.0394877 0.0563483 0.0785474 0.0366571
1 0.467345 0.448503 0.19582 0.58176 0.0357318
5 0.799797 0.336219 0.0382562 0.0511448 0.0297689
3 0.622862 0.358483 0.13846 0.181897 0.0270839
5 0.624155 0.192728 0.0214079 0.0235087 0.0256997
0 0.764141 0.431526 0.197739 0.632361 0.0181726
0 0.672369 0.198953 0.147021 0.139876 0.0173818
0 0.623147 0.373395 0.112882 0.153454 0.016574
4 0.641107 0.253295 0.183823 0.198794 0.0154477
3 0.664219 0.235246 0.25047 0.209253 0.0148729
1 0.616834 0.604229 0.481928 0.297964 0.0131198
1 0.467669 0.369996 0.183332 0.248313 0.0115805
0 0.600039 0.265589 0.0930717 0.144303 0.0111669
0 0.68321 0.162395 0.120194 0.078143 0.0111561
0 0.634352 0.278228 0.127031 0.102939 0.0107796
