1 0.439535 0.563598 0.671713 0.845595 0.724175
5 0.2114 0.457466 0.0325515 0.0358124 0.215596
5 0.207044 0.455187 0.0501752 0.0490681 0.125261
5 0.232407 0.399899 0.0399266 0.0482448 0.117313
5 0.451988 0.700739 0.0252282 0.0305274 0.113162
5 0.476487 0.336454 0.0233385 0.0250615 0.06193
5 0.453283 0.700593 0.0395622 0.0413733 0.0615392
5 0.459815 0.32302 0.0247522 0.0272349 0.0605968
5 0.0186951 0.0373534 0.0373903 0.0738515 0.0476916
5 0.46572 0.327136 0.0407358 0.034524 0.0384574
5 0.567148 0.180752 0.0282861 0.0303171 0.0237466
5 0.229263 0.847238 0.0632697 0.0707685 0.0236006
5 0.473606 0.33465 0.03465 0.0368785 0.0224504
5 0.228334 0.407393 0.0684436 0.0800241 0.018504
5 0.219949 0.444592 0.0660407 0.0768495 0.0126517
5 0.77102 0.564192 0.0287612 0.030982 0.0102548
