0 0.418529 0.483046 0.32376 0.374685 0.36017
2 0.328921 0.396782 0.144643 0.180021 0.128389
0 0.325902 0.480351 0.158928 0.381613 0.100033
5 0.51408 0.924193 0.0475384 0.12112 0.0727274
1 0.439979 0.509191 0.17247 0.164804 0.0481497
1 0.458055 0.463627 0.22124 0.326183 0.0468154
0 0.331549 0.418537 0.153513 0.140478 0.0353007
1 0.423932 0.563366 0.305828 0.234927 0.0278043
2 0.292211 0.478665 0.0321953 0.0568991 0.023019
5 0.352544 0.581619 0.22727 0.189132 0.0148165
5 0.289771 0.478505 0.0306459 0.0547983 0.0102588
