4 0.496616 0.499672 0.408709 0.532144 0.83287
2 0.561095 0.384322 0.042566 0.0468946 0.0992715
2 0.526924 0.409874 0.0291982 0.0453061 0.0844371
2 0.597926 0.412192 0.0345222 0.0515316 0.0792181
4 0.5583 0.280118 0.054721 0.0659906 0.0666611
2 0.591798 0.476003 0.0256611 0.039325 0.0662675
2 0.492467 0.38636 0.0309336 0.0511471 0.0339643
2 0.614514 0.684476 0.028664 0.0475566 0.0328066
2 0.48496 0.443941 0.0310947 0.0308626 0.0243924
2 0.572513 0.348217 0.0343981 0.028078 0.0241838
2 0.322497 0.565306 0.0190394 0.0265884 0.0223227
2 0.556777 0.27916 0.0527318 0.0622023 0.0183973
2 0.36042 0.604812 0.0383485 0.0630367 0.0153619
2 0.618425 0.691961 0.0478878 0.0643186 0.0126735
2 0.499664 0.750455 0.074816 0.0280398 0.0126174
