3 0.546379 0.669198 0.360355 0.41999 0.473097
1 0.349977 0.594373 0.10413 0.405673 0.339806
1 0.533181 0.401175 0.340746 0.134706 0.302775
5 0.602874 0.347957 0.0169664 0.0209677 0.261304
5 0.614885 0.324142 0.0184943 0.0237914 0.0930464
3 0.53195 0.562931 0.27883 0.196102 0.085184
5 0.60551 0.350188 0.0293195 0.0291416 0.0414044
5 0.622781 0.362369 0.0176308 0.0157045 0.0335441
3 0.482701 0.62665 0.221737 0.352558 0.0191432
3 0.509998 0.395338 0.419936 0.141178 0.0169518
1 0.511772 0.856555 0.256582 0.0469472 0.0148773
5 0.610984 0.324787 0.0334435 0.0304674 0.0133627
1 0.69956 0.597528 0.0472346 0.316745 0.0122045
