5 0.525083 0.516166 0.157692 0.206059 0.917125
0 0.527054 0.506121 0.462898 0.610071 0.86147
5 0.427928 0.540042 0.0349376 0.0468886 0.258254
5 0.428646 0.455229 0.0392157 0.0614382 0.175219
5 0.471314 0.391842 0.0416792 0.0523796 0.106662
5 0.613573 0.255145 0.0205542 0.0267747 0.0772978
5 0.610916 0.325531 0.0263877 0.0334494 0.0680124
5 0.463946 0.748574 0.0299783 0.038166 0.0537689
5 0.692453 0.510968 0.0283683 0.0356451 0.0515757
5 0.60123 0.680976 0.0258077 0.0331596 0.0464745
5 0.606651 0.628846 0.0398774 0.0488376 0.0414927
1 0.524219 0.511822 0.148749 0.207063 0.0393657
5 0.512743 0.346102 0.0314317 0.0390972 0.0369494
5 0.627485 0.549471 0.0357582 0.0480845 0.0367133
5 0.671765 0.336119 0.0182206 0.0258554 0.0361441
5 0.507772 0.238236 0.0204373 0.0247545 0.0347551
5 0.651564 0.29147 0.0198926 0.0266608 0.0329685
5 0.404455 0.471438 0.0303594 0.0377723 0.0309186
5 0.731364 0.49075 0.0198575 0.0279758 0.0303499
5 0.633835 0.676175 0.0260789 0.0322434 0.0268264
5 0.651368 0.326402 0.0192795 0.025029 0.0247769
5 0.641852 0.383003 0.0336081 0.0453784 0.0225556
5 0.519515 0.656767 0.0273565 0.0384528 0.0222859
5 0.554319 0.664956 0.0260745 0.0341829 0.0216485
5 0.465291 0.612622 0.0311773 0.0409319 0.0211873
2 0.651415 0.290812 0.021639 0.02742 0.0209723
5 0.589748 0.275168 0.0239362 0.028041 0.0204758
5 0.577375 0.709968 0.0284619 0.0317451 0.0166284
5 0.570482 0.254538 0.0200107 0.0240301 0.0160143
5 0.532874 0.560015 0.130953 0.121033 0.0156707
5 0.638814 0.508879 0.0501267 0.051073 0.0141819
5 0.529892 0.982559 0.0305808 0.0335517 0.0108265
5 0.694312 0.342383 0.0175307 0.0220909 0.0107396
