2 0.534877 0.641503 0.0551597 0.0557572 0.726039
2 0.601232 0.443671 0.0495758 0.0595772 0.686705
2 0.47685 0.606781 0.0450309 0.0667515 0.670167
2 0.459877 0.545151 0.04621 0.0545114 0.653215
2 0.372622 0.39885 0.0497265 0.0647507 0.653088
2 0.603077 0.550425 0.0582916 0.0560959 0.652098
2 0.494627 0.461484 0.0327199 0.0472713 0.633004
2 0.506362 0.502399 0.0383677 0.0395998 0.596614
2 0.46073 0.446515 0.0349312 0.0501486 0.574979
2 0.521031 0.295066 0.0390768 0.0403958 0.553766
2 0.649172 0.442467 0.0410957 0.0602646 0.55142
2 0.548245 0.480798 0.0380723 0.0466782 0.544205
2 0.548289 0.524495 0.0495015 0.0499147 0.538889
2 0.368475 0.609475 0.0433412 0.0506764 0.504739
2 0.524614 0.428118 0.0343966 0.0374578 0.491878
2 0.511659 0.231218 0.0529046 0.0568625 0.488209
2 0.370385 0.512716 0.0574278 0.0469071 0.47239
2 0.421308 0.441032 0.0445668 0.0465511 0.450941
2 0.539497 0.385674 0.0406073 0.0369794 0.446182
2 0.571029 0.70371 0.0345662 0.0479357 0.402047
2 0.488451 0.378445 0.0346473 0.035656 0.387071
2 0.368503 0.558671 0.0438347 0.042462 0.35529
2 0.623672 0.338371 0.0333513 0.0362237 0.342027
2 0.404682 0.364128 0.0429217 0.0507558 0.337076
2 0.35579 0.448139 0.034812 0.0407938 0.301681
2 0.504683 0.340884 0.0396058 0.0450996 0.300265
2 0.4469 0.311307 0.0519146 0.0860599 0.263185
2 0.619243 0.273944 0.0509796 0.0587499 0.234879
2 0.545988 0.346987 0.0343276 0.0407351 0.207625
2 0.534428 0.72392 0.0345349 0.0384202 0.202518
2 0.409913 0.714174 0.0375364 0.0429706 0.177647
2 0.485757 0.733739 0.0397782 0.0498411 0.176979
2 0.670269 0.404068 0.0392396 0.0398338 0.175207
2 0.699466 0.438916 0.0473805 0.0478887 0.162934
2 0.520435 0.347029 0.0759599 0.0582449 0.137002
2 0.376069 0.681981 0.0524724 0.0535847 0.121198
2 0.441304 0.333664 0.0587568 0.0540914 0.112894
2 0.661239 0.426424 0.0496525 0.0790113 0.0846836
2 0.670238 0.590519 0.0249738 0.0359467 0.0642564
2 0.655199 0.6472 0.0364336 0.0475173 0.0618252
2 0.359662 0.647477 0.0312879 0.0319073 0.0574663
2 0.38632 0.694142 0.0831283 0.0718696 0.0444216
2 0.482941 0.454542 0.0348617 0.0552716 0.0363359
2 0.472811 0.739161 0.066527 0.0588743 0.0347227
2 0.680757 0.594797 0.0478419 0.0470955 0.0338266
2 0.721623 0.519019 0.0363868 0.0394727 0.0331098
2 0.617753 0.26863 0.0755778 0.0793434 0.0320664
2 0.690735 0.42974 0.0646125 0.0767539 0.0313965
2 0.681116 0.410249 0.062781 0.0541586 0.0313061
2 0.614857 0.715995 0.0470332 0.052026 0.0272748
2 0.371509 0.660109 0.0563053 0.0531552 0.025127
2 0.368851 0.42838 0.0576757 0.0816551 0.0227239
2 0.558703 0.748549 0.047505 0.0417254 0.0224772
4 0.509968 0.490835 0.493854 0.598086 0.0172184
2 0.363609 0.635229 0.0447933 0.0609228 0.0168557
2 0.564967 0.724305 0.0455302 0.0790475 0.0161517
2 0.607406 0.258921 0.116488 0.105792 0.0145592
2 0.436698 0.447388 0.0845967 0.0615184 0.0144328
2 0.434663 0.349035 0.0574849 0.0536254 0.0110176
