2 0.553655 0.364295 0.102737 0.162555 0.550048
2 0.146426 0.147417 0.0465549 0.0745436 0.531305
2 0.377038 0.371357 0.114154 0.124543 0.459168
2 0.191429 0.107548 0.0525559 0.0664305 0.395597
2 0.613919 0.52168 0.0355777 0.0380353 0.372275
2 0.558441 0.521384 0.0348377 0.0348307 0.274843
2 0.296063 0.253575 0.0512227 0.116689 0.242603
2 0.244688 0.166911 0.0433632 0.0573376 0.234062
2 0.698724 0.589869 0.0289899 0.0311124 0.193472
2 0.460514 0.409283 0.0502897 0.0878858 0.193264
2 0.226523 0.200748 0.326871 0.394659 0.188073
2 0.18161 0.201839 0.0363611 0.0380971 0.171117
