2 0.411717 0.57835 0.0368775 0.052082 0.53626
2 0.238834 0.480005 0.0310718 0.0491194 0.436235
2 0.81886 0.451591 0.0737614 0.0687139 0.348952
2 0.780423 0.578678 0.385476 0.36905 0.342354
2 0.0361344 0.654459 0.069278 0.206616 0.328662
2 0.917226 0.750164 0.141717 0.14454 0.267044
2 0.57329 0.581538 0.0410021 0.0643308 0.264974
2 0.227028 0.657746 0.127209 0.201611 0.254808
2 0.585915 0.578826 0.039605 0.0617984 0.254549
2 0.210599 0.890347 0.41799 0.219306 0.250341
2 0.65563 0.558239 0.0444778 0.0587619 0.249991
2 0.448813 0.5757 0.0253593 0.0458703 0.230509
2 0.122626 0.65166 0.0930009 0.141244 0.208399
2 0.4042 0.272704 0.0367965 0.0656356 0.192638
2 0.504667 0.161274 0.19393 0.073026 0.169284
0 0.818027 0.882507 0.348444 0.234986 0.168663
2 0.503978 0.423752 0.148105 0.0871059 0.160219
2 0.269696 0.496318 0.0276008 0.0471466 0.156
2 0.229708 0.490424 0.0322725 0.0462879 0.155032
