5 0.459451 0.390587 0.0367711 0.032199 0.283016
1 0.522308 0.458906 0.450291 0.543279 0.274229
3 0.521618 0.462121 0.452285 0.537843 0.173162
3 0.576661 0.472969 0.198041 0.290634 0.145665
5 0.509104 0.503192 0.020889 0.0243591 0.115567
5 0.47497 0.360095 0.0221399 0.020831 0.0482036
1 0.527094 0.29765 0.435999 0.226734 0.0455459
5 0.533466 0.584529 0.0222943 0.0255876 0.0413224
0 0.612842 0.508516 0.0573568 0.067606 0.0270666
1 0.375145 0.438428 0.167811 0.414516 0.0249717
5 0.60713 0.535765 0.0197316 0.0186733 0.0232899
5 0.506529 0.504608 0.0315628 0.0343401 0.020608
3 0.567143 0.400324 0.193938 0.195669 0.0181614
0 0.605064 0.504742 0.0892041 0.0994255 0.0171324
1 0.693241 0.475102 0.121386 0.42589 0.0140082
5 0.611658 0.509174 0.0444489 0.0462038 0.0135434
1 0.431 0.482375 0.119086 0.137525 0.0113763
