3 0.473813 0.584634 0.351172 0.438972 0.302703
1 0.250443 0.511049 0.137479 0.63406 0.129705
5 0.433517 0.915413 0.0234823 0.0291431 0.120455
1 0.451919 0.541613 0.494958 0.690349 0.0819882
0 0.406746 0.7817 0.297258 0.231469 0.0763202
0 0.478913 0.539447 0.436369 0.693327 0.0641568
5 0.414265 0.911399 0.0182984 0.027826 0.0462313
5 0.349779 0.796123 0.0172737 0.0208046 0.0384011
1 0.414586 0.295198 0.40471 0.211644 0.0254091
1 0.312805 0.542362 0.264742 0.680663 0.0242639
1 0.624239 0.556711 0.164208 0.703543 0.0187224
5 0.312247 0.618182 0.0426314 0.0523797 0.01466
5 0.423412 0.91348 0.037731 0.0353883 0.0143092
