5 0.669952 0.461547 0.0389693 0.0468826 0.453843
5 0.576193 0.626474 0.0276907 0.034776 0.365598
5 0.523964 0.626002 0.0334412 0.0385527 0.328206
3 0.540831 0.486447 0.327318 0.406274 0.314128
5 0.432278 0.532373 0.04545 0.0548068 0.313783
5 0.508156 0.321432 0.0192752 0.0243118 0.112208
5 0.66433 0.398737 0.0266846 0.0292158 0.0823414
5 0.502076 0.660393 0.0266944 0.0252692 0.0821078
5 0.649056 0.504606 0.0202264 0.0229006 0.074128
5 0.482488 0.621207 0.0227302 0.0247582 0.0635053
5 0.487897 0.629293 0.0316924 0.0388758 0.0633334
5 0.523061 0.406266 0.0203902 0.0293332 0.0461872
0 0.666331 0.471104 0.0825588 0.35493 0.0393768
5 0.405602 0.465672 0.0273442 0.0350832 0.0388291
5 0.543565 0.300042 0.0228417 0.0248503 0.0382734
5 0.493006 0.634355 0.0250094 0.0267183 0.0373599
5 0.498168 0.403806 0.0252567 0.0288463 0.031513
5 0.432639 0.443633 0.0306236 0.0354773 0.0299151
3 0.526111 0.475207 0.204627 0.254841 0.0253105
5 0.581356 0.625173 0.0420508 0.0463146 0.0200933
5 0.49109 0.459195 0.0219849 0.0242108 0.018651
5 0.443556 0.549175 0.0691693 0.07953 0.0127497
5 0.435284 0.430803 0.035201 0.05114 0.0109545
