0 0.533915 0.487239 0.321548 0.431133 0.439133
5 0.538556 0.628456 0.0476622 0.060878 0.377556
5 0.592215 0.571093 0.0332893 0.0400603 0.29024
5 0.436661 0.461307 0.0568432 0.0838013 0.213295
2 0.592051 0.571245 0.031525 0.0377181 0.213167
5 0.637999 0.411374 0.0438744 0.049943 0.196029
2 0.653864 0.574444 0.0212222 0.0269263 0.155747
5 0.423055 0.379397 0.0259609 0.0313443 0.110557
5 0.482702 0.332299 0.0370341 0.0367671 0.0817321
5 0.429304 0.527903 0.0358624 0.0398971 0.0359045
5 0.653213 0.573021 0.0274165 0.0353333 0.0298967
5 0.464878 0.369969 0.0269033 0.032685 0.0294899
0 0.436828 0.488006 0.143061 0.408914 0.0239608
3 0.555114 0.514638 0.180342 0.370572 0.0237983
5 0.659111 0.41385 0.0918766 0.0595152 0.02226
0 0.5362 0.36331 0.324533 0.182856 0.0211174
5 0.550506 0.292912 0.0280081 0.0323988 0.0140351
5 0.434243 0.490045 0.0688213 0.168449 0.0133354
5 0.394601 0.501264 0.0268018 0.0300307 0.0104041
5 0.513908 0.358954 0.0324589 0.0331928 0.0102126
5 0.472345 0.346754 0.0341235 0.0430675 0.0100602
