3 0.504063 0.525479 0.360506 0.437043 0.543936
5 0.44501 0.612463 0.0298054 0.039908 0.202237
5 0.623505 0.505961 0.0302062 0.0389447 0.131459
3 0.589807 0.499805 0.190875 0.35235 0.0864035
2 0.623541 0.506256 0.0323966 0.0415778 0.0863675
2 0.501766 0.692168 0.0422286 0.0474452 0.0691708
2 0.458825 0.688261 0.0360073 0.040539 0.0598556
2 0.638003 0.464212 0.0940136 0.197952 0.0470476
2 0.640301 0.61094 0.030772 0.0359518 0.0382953
2 0.409818 0.387228 0.0276992 0.032873 0.0379217
5 0.409603 0.387114 0.0312988 0.0343401 0.0330571
2 0.557778 0.633832 0.0296159 0.0363111 0.017781
4 0.5363 0.381268 0.0634527 0.145876 0.0174293
5 0.447038 0.610966 0.042268 0.0584247 0.0164314
2 0.631557 0.417484 0.0825209 0.0985741 0.0142539
2 0.484811 0.691237 0.0830077 0.0551796 0.0129989
2 0.380263 0.608799 0.0833035 0.110265 0.0127857
