3 0.458157 0.455965 0.514202 0.524623 0.704031
3 0.459293 0.453488 0.517235 0.530886 0.697028
3 0.456515 0.460527 0.511409 0.529347 0.691732
3 0.458461 0.457549 0.513413 0.526023 0.672367
3 0.458403 0.454186 0.511453 0.525545 0.671871
3 0.45898 0.455576 0.516753 0.533951 0.649265
3 0.456979 0.458875 0.509257 0.52736 0.62778
3 0.458867 0.456114 0.512267 0.526737 0.621325
3 0.457096 0.457336 0.51564 0.535848 0.428974
3 0.458985 0.455992 0.514746 0.52461 0.424612
3 0.438761 0.462006 0.479598 0.528642 0.301594
0 0.0534237 0.933946 0.106847 0.128896 0.0645464
3 0.462148 0.45453 0.510416 0.525078 0.06199
5 0.0540834 0.943095 0.10348 0.113811 0.0584035
5 0.594088 0.365925 0.0172992 0.0216721 0.054649
0 0.0543693 0.935792 0.108257 0.128416 0.0507256
0 0.054396 0.936112 0.107981 0.127776 0.0462803
0 0.053939 0.933877 0.107878 0.129651 0.0402379
5 0.0551025 0.948839 0.106861 0.0986244 0.0344271
5 0.592068 0.365928 0.0188117 0.0229217 0.0337899
5 0.593917 0.366279 0.0189687 0.0240835 0.0320277
2 0.0527904 0.937749 0.102097 0.124502 0.0284847
4 0.0504426 0.935326 0.100042 0.129349 0.0261496
4 0.0496721 0.935461 0.0993441 0.129078 0.0217365
5 0.592397 0.366703 0.0209552 0.0251613 0.018403
4 0.464605 0.233173 0.160257 0.0784198 0.0181987
0 0.0590098 0.923292 0.11802 0.151314 0.0167262
0 0.0491602 0.934205 0.0983203 0.12813 0.0154084
4 0.0501167 0.93761 0.099489 0.123566 0.0138653
4 0.458965 0.235799 0.170626 0.084664 0.0130582
0 0.0549093 0.933907 0.109402 0.125035 0.0129499
0 0.0665987 0.92121 0.131141 0.155497 0.0128333
2 0.320387 0.321435 0.0170014 0.019041 0.0122944
0 0.0526742 0.0768519 0.104151 0.153704 0.0118171
4 0.478478 0.229324 0.124825 0.0657137 0.0111227
0 0.0758758 0.934386 0.151752 0.131228 0.0109761
4 0.489805 0.679445 0.199253 0.0643782 0.01093
4 0.383869 0.257064 0.141245 0.101035 0.0106224
4 0.389313 0.258594 0.141258 0.100001 0.0104652
4 0.46964 0.232014 0.153491 0.0649257 0.0101435
0 0.0573283 0.916181 0.114507 0.166143 0.0100924
