0 0.623142 0.432691 0.497634 0.629037 0.405328
0 0.620381 0.431571 0.500814 0.641262 0.370444
0 0.642401 0.435114 0.461729 0.618491 0.357269
0 0.622242 0.435827 0.498442 0.624191 0.267345
0 0.624457 0.438229 0.491117 0.61952 0.260028
0 0.620028 0.432076 0.497116 0.639974 0.236549
1 0.613765 0.440552 0.488991 0.622608 0.165329
0 0.676475 0.268734 0.267387 0.298451 0.157819
0 0.671266 0.282909 0.266207 0.320572 0.152018
0 0.621981 0.44191 0.496977 0.621622 0.144765
5 0.62308 0.190199 0.0232567 0.0267141 0.127606
0 0.620031 0.437452 0.495109 0.623144 0.127383
0 0.620021 0.43376 0.493559 0.637301 0.112221
0 0.677774 0.256606 0.265979 0.275645 0.11028
5 0.622567 0.190057 0.0259673 0.0289674 0.0856287
0 0.675224 0.298652 0.295003 0.363475 0.0814347
0 0.678996 0.276697 0.283015 0.319147 0.0746266
0 0.660712 0.27117 0.231364 0.282107 0.070211
0 0.678379 0.254563 0.279982 0.2948 0.0667972
2 0.0420284 0.038101 0.0794238 0.076202 0.0648798
5 0.623026 0.190089 0.0273792 0.0295117 0.0645512
0 0.667791 0.261966 0.243162 0.283574 0.0615324
0 0.672695 0.232848 0.252271 0.230401 0.0565364
2 0.0443123 0.0386986 0.0839271 0.0773972 0.0541059
5 0.572713 0.607358 0.0598478 0.0673005 0.0516335
5 0.572435 0.606509 0.0602905 0.0667644 0.0516285
0 0.673067 0.246033 0.277908 0.26575 0.0456859
5 0.572621 0.605509 0.0615649 0.0711794 0.0442445
5 0.572049 0.606255 0.0628574 0.0676248 0.0422482
5 0.57311 0.607325 0.0570985 0.0689747 0.0404266
0 0.645831 0.223074 0.371588 0.207166 0.0395886
5 0.572759 0.607453 0.0590625 0.0690717 0.0366561
0 0.690281 0.294409 0.36289 0.348045 0.0360507
0 0.681724 0.257637 0.35939 0.277738 0.0359974
0 0.669207 0.252141 0.247364 0.250912 0.035588
0 0.644223 0.220454 0.39806 0.201467 0.035536
5 0.573529 0.605658 0.0591003 0.0738527 0.0352882
0 0.666812 0.28391 0.251987 0.30915 0.0346089
0 0.670262 0.255183 0.384501 0.270526 0.0345549
0 0.652671 0.288053 0.422062 0.325567 0.0339646
2 0.0435111 0.0394506 0.0848084 0.0775198 0.0322744
2 0.0449844 0.0397843 0.0852257 0.0770445 0.032132
1 0.466004 0.46432 0.205944 0.674981 0.0319722
0 0.652188 0.272258 0.212026 0.260145 0.0308974
5 0.622158 0.189766 0.0289099 0.0310983 0.0301704
0 0.645844 0.250781 0.418995 0.259387 0.0295309
0 0.65468 0.226061 0.358193 0.216448 0.0294483
2 0.0377099 0.0377695 0.0691457 0.0755389 0.0281288
5 0.573499 0.606281 0.0595587 0.0728037 0.0278902
0 0.682027 0.289395 0.380366 0.33422 0.0261857
1 0.4634 0.448219 0.206596 0.661762 0.0255348
0 0.662713 0.205507 0.246436 0.172385 0.0249112
5 0.760279 0.437602 0.0296575 0.0352558 0.0248263
5 0.759026 0.43762 0.0394918 0.0459037 0.023294
0 0.665801 0.205625 0.232626 0.167707 0.0231152
5 0.572459 0.240036 0.0170545 0.0206956 0.0213464
5 0.760755 0.438373 0.0358871 0.0436498 0.0204938
1 0.464081 0.449079 0.206135 0.628614 0.0204151
5 0.573365 0.607028 0.0561425 0.0681445 0.020188
1 0.462026 0.425256 0.17688 0.40993 0.0195757
0 0.633637 0.270495 0.194358 0.284437 0.0195395
5 0.572414 0.606333 0.0677982 0.0729017 0.0192802
5 0.760121 0.437533 0.0316661 0.0368089 0.0176034
5 0.571575 0.606119 0.0671037 0.0709621 0.0174327
2 0.0398146 0.0383291 0.0712065 0.0758674 0.0169223
1 0.458863 0.407319 0.166035 0.386921 0.0162352
5 0.758349 0.437066 0.0403547 0.043095 0.0162093
2 0.704927 0.648111 0.0246857 0.0270759 0.0159176
0 0.627955 0.276244 0.178709 0.261839 0.0156421
0 0.665813 0.221979 0.238847 0.186664 0.0155694
5 0.623779 0.191941 0.0256914 0.0306086 0.0150361
0 0.697487 0.318788 0.350464 0.397265 0.0142025
0 0.640065 0.267029 0.207953 0.265358 0.0137414
1 0.505694 0.455676 0.278968 0.591464 0.0136657
5 0.677563 0.139415 0.018695 0.0219332 0.0135632
5 0.572257 0.605025 0.0650992 0.0862431 0.01336
0 0.620384 0.222116 0.449803 0.20666 0.0133215
0 0.67834 0.322091 0.291638 0.397653 0.0121521
1 0.46735 0.43886 0.19211 0.450036 0.0120101
1 0.529461 0.446967 0.323043 0.626252 0.0117042
5 0.690349 0.700417 0.0191265 0.0238919 0.0116415
5 0.714232 0.171915 0.0201091 0.02628 0.0116234
5 0.254203 0.194905 0.020148 0.0245457 0.0114043
5 0.75922 0.438452 0.0454438 0.0531685 0.0113795
5 0.70371 0.647766 0.0317397 0.0316291 0.0110636
1 0.49181 0.407674 0.195792 0.396881 0.0104052
2 0.0333048 0.0379249 0.0592061 0.075814 0.0101513
