1 0.545377 0.455779 0.546737 0.742959 0.855545
1 0.545651 0.459544 0.55179 0.747661 0.853346
1 0.543367 0.462806 0.55183 0.749812 0.845189
1 0.545804 0.458018 0.553069 0.745887 0.839059
1 0.546044 0.462342 0.551706 0.746348 0.837971
1 0.544716 0.459717 0.546885 0.74294 0.833851
1 0.543847 0.462254 0.550914 0.750259 0.787481
1 0.546667 0.46743 0.551618 0.725053 0.719341
5 0.5975 0.797757 0.0970838 0.0948856 0.318674
1 0.544856 0.460194 0.552708 0.74899 0.315574
5 0.595797 0.79788 0.09878 0.0974354 0.304716
5 0.598838 0.797437 0.102904 0.0968776 0.288752
5 0.597198 0.796486 0.103464 0.0978549 0.257768
