0 0.483403 0.488747 0.804193 0.977493 0.703227
0 0.484159 0.476613 0.800092 0.9523 0.663445
0 0.488953 0.488325 0.800166 0.975997 0.611972
0 0.503171 0.476474 0.775535 0.944778 0.601025
0 0.511918 0.488484 0.760982 0.975714 0.529744
0 0.489189 0.478006 0.797175 0.953854 0.524688
0 0.485439 0.456469 0.794545 0.900594 0.347721
5 0.901687 0.46021 0.0370503 0.040175 0.32862
5 0.902311 0.460415 0.0383949 0.0424487 0.320638
5 0.901883 0.46078 0.0340526 0.0376639 0.316619
5 0.901663 0.460498 0.0344977 0.0386013 0.314686
5 0.901688 0.459886 0.0375822 0.0405867 0.30833
5 0.902403 0.460631 0.0376583 0.0416493 0.29865
5 0.356337 0.510342 0.0321497 0.0400071 0.28602
5 0.356118 0.510461 0.0311861 0.0374908 0.272054
5 0.356047 0.510282 0.031165 0.0386125 0.271272
5 0.356649 0.510072 0.032511 0.0397668 0.269882
5 0.356095 0.509193 0.0368067 0.0411763 0.21188
5 0.35507 0.509081 0.0388864 0.0422217 0.205748
5 0.902098 0.459726 0.0412373 0.0430663 0.18216
5 0.521982 0.0746515 0.0427057 0.0496138 0.168603
5 0.522415 0.0741254 0.0432136 0.0508692 0.166069
0 0.505031 0.490804 0.823584 0.971219 0.161947
5 0.903717 0.460092 0.0423174 0.0465143 0.152712
5 0.522301 0.0747293 0.0445472 0.0490742 0.139737
5 0.521754 0.0745118 0.0411951 0.0493588 0.126925
5 0.520728 0.0744961 0.0447068 0.0514352 0.125853
5 0.902952 0.461439 0.0423263 0.0457575 0.125772
5 0.521165 0.0745912 0.040793 0.0489637 0.124788
5 0.903722 0.461365 0.0425174 0.0476207 0.122366
5 0.521038 0.0740829 0.0445386 0.0482314 0.11684
5 0.901191 0.459189 0.0429756 0.0446133 0.115232
0 0.505277 0.489115 0.826264 0.965729 0.113949
5 0.520612 0.074906 0.0436657 0.0525718 0.113035
0 0.502628 0.455508 0.774416 0.89489 0.102863
5 0.353359 0.508629 0.0459562 0.0503757 0.100407
3 0.842579 0.75345 0.314841 0.491571 0.0967485
5 0.519892 0.0738087 0.0483439 0.0513381 0.0925533
5 0.901863 0.461836 0.0424945 0.0474868 0.0872945
5 0.353622 0.510184 0.0473955 0.0548312 0.0850043
0 0.545098 0.486955 0.676748 0.970826 0.0842371
5 0.357731 0.509647 0.044764 0.0464855 0.073712
5 0.35867 0.508877 0.0447671 0.050549 0.0723938
5 0.356445 0.511924 0.0401116 0.0539264 0.066019
3 0.833459 0.756347 0.332523 0.485299 0.0613912
3 0.827432 0.791408 0.345137 0.417184 0.0579573
5 0.356816 0.511284 0.0421161 0.0550537 0.0568276
5 0.352643 0.506971 0.0502268 0.0518985 0.0563747
3 0.840698 0.783642 0.318605 0.432716 0.0560692
3 0.84556 0.73626 0.307739 0.527481 0.050798
5 0.524368 0.0743344 0.0574618 0.0571667 0.038155
5 0.35688 0.508745 0.0501908 0.0498306 0.0335905
5 0.522495 0.0742 0.047032 0.0604096 0.033274
5 0.523389 0.0739682 0.0467979 0.0613564 0.0307808
3 0.840414 0.730133 0.319171 0.539733 0.029739
5 0.52526 0.0717849 0.0579009 0.0650691 0.0275732
3 0.88471 0.766734 0.229824 0.466533 0.0262178
3 0.883509 0.747628 0.23235 0.504743 0.0257302
3 0.592357 0.119022 0.418235 0.227682 0.0223135
0 0.488898 0.459151 0.791498 0.906509 0.0195486
5 0.523467 0.0723851 0.059853 0.0586043 0.0190931
5 0.905313 0.458552 0.0580067 0.0578533 0.017384
0 0.179294 0.449883 0.22098 0.871146 0.0158253
3 0.820728 0.730389 0.358543 0.539223 0.0157843
5 0.905006 0.461083 0.0568 0.0525824 0.0153556
5 0.521933 0.072207 0.0533959 0.0610118 0.0153424
3 0.819267 0.763375 0.361466 0.470199 0.0152698
3 0.835392 0.794602 0.329216 0.410795 0.0145414
0 0.211733 0.448645 0.268756 0.871711 0.0130086
0 0.47576 0.475236 0.809793 0.938359 0.0127702
5 0.520967 0.0750495 0.0533208 0.0667215 0.0123348
0 0.536465 0.474445 0.695067 0.943409 0.0118736
5 0.354899 0.506705 0.056146 0.0637638 0.0118242
3 0.602414 0.092807 0.375832 0.179253 0.0112242
0 0.707372 0.474759 0.345576 0.922395 0.0108583
5 0.355532 0.51218 0.0651754 0.0677673 0.0107622
3 0.617943 0.117723 0.367407 0.232684 0.0106918
5 0.520964 0.0722942 0.0586484 0.0655471 0.0103637
