0 0.563842 0.634174 0.520883 0.599677 0.365855
0 0.563089 0.623855 0.523192 0.578082 0.358386
0 0.562513 0.62591 0.531391 0.591238 0.344453
0 0.563423 0.63199 0.530703 0.598557 0.339908
5 0.78143 0.513214 0.031092 0.0343432 0.308994
0 0.562251 0.633629 0.526876 0.605921 0.296323
0 0.560074 0.626563 0.524349 0.612396 0.293783
5 0.780882 0.513479 0.0313757 0.0340976 0.288586
0 0.562323 0.629815 0.530506 0.603414 0.266678
0 0.556581 0.629952 0.525645 0.607973 0.208586
5 0.781368 0.513076 0.0332431 0.0350894 0.19691
5 0.78177 0.513235 0.0361178 0.0363814 0.187999
5 0.78129 0.51272 0.0367763 0.0374631 0.183993
0 0.56363 0.625374 0.532309 0.611042 0.166527
5 0.781038 0.512901 0.0332722 0.0348621 0.161492
0 0.552573 0.62827 0.525871 0.608336 0.110489
5 0.781456 0.511763 0.0371249 0.0401565 0.0914114
5 0.28156 0.492506 0.021721 0.0269994 0.0459961
5 0.348147 0.839446 0.0305859 0.0361752 0.0432442
5 0.782518 0.515061 0.0408709 0.0426173 0.0402761
5 0.34928 0.839006 0.0368734 0.0394233 0.0378424
5 0.196056 0.479834 0.0283954 0.0369624 0.037556
5 0.404937 0.309495 0.0978401 0.075719 0.0372649
5 0.281896 0.492355 0.0252907 0.0297653 0.0369607
5 0.195955 0.479321 0.0320313 0.0389582 0.0367206
5 0.196811 0.478807 0.0320179 0.0422152 0.0344671
5 0.405179 0.309988 0.0992487 0.0753256 0.0335168
5 0.195792 0.479268 0.0337548 0.0393321 0.0311413
5 0.780728 0.511119 0.0404697 0.0403118 0.0308442
5 0.195496 0.479376 0.031447 0.039088 0.03045
5 0.349061 0.838205 0.0376573 0.0389858 0.0289324
5 0.406775 0.306461 0.100612 0.0753462 0.0285274
5 0.195875 0.478654 0.0350646 0.0422502 0.0273149
5 0.784911 0.511472 0.04191 0.0421898 0.0250962
0 0.606624 0.43633 0.444247 0.213685 0.024989
0 0.565192 0.62687 0.519198 0.594242 0.0244155
5 0.348759 0.839528 0.0328186 0.0384349 0.022762
0 0.605308 0.456228 0.441483 0.250722 0.0222604
5 0.348458 0.8392 0.0345542 0.0392496 0.0212609
5 0.282216 0.493245 0.02632 0.0331549 0.020662
5 0.406819 0.308034 0.103133 0.0742059 0.020541
5 0.783418 0.514553 0.047851 0.0460259 0.0201933
5 0.280664 0.49238 0.0264896 0.0314407 0.0196775
5 0.781503 0.51542 0.0405551 0.044019 0.0196434
0 0.588216 0.411737 0.353985 0.15812 0.0186892
5 0.350229 0.839312 0.0396602 0.0433883 0.0182113
0 0.59851 0.437164 0.456195 0.212832 0.0181315
0 0.604389 0.412623 0.364627 0.160377 0.017896
0 0.591126 0.440895 0.474964 0.221558 0.0173137
0 0.588701 0.456983 0.471335 0.251719 0.0163082
5 0.405441 0.312094 0.0877126 0.0736262 0.0161046
5 0.280292 0.491893 0.0281873 0.0322758 0.0154315
0 0.577916 0.462065 0.496111 0.264065 0.0145449
5 0.349082 0.838058 0.0405571 0.0406849 0.0131891
3 0.599817 0.419088 0.391706 0.170241 0.0130406
0 0.568512 0.480325 0.527953 0.332122 0.0126803
5 0.352951 0.83583 0.0466087 0.0466254 0.0123728
5 0.194159 0.478296 0.0445767 0.0485742 0.0122747
5 0.348843 0.839449 0.0359231 0.0418446 0.0122053
5 0.195116 0.478236 0.0417609 0.0499913 0.011455
5 0.407164 0.306768 0.0983689 0.0821781 0.0114239
0 0.59254 0.513014 0.462399 0.362207 0.0113951
0 0.53594 0.44076 0.612618 0.52374 0.0109708
0 0.522426 0.442659 0.603791 0.796139 0.0107693
0 0.583576 0.417048 0.392051 0.168259 0.0107144
0 0.570557 0.416054 0.38443 0.171085 0.0102497
