0 0.523417 0.630474 0.426791 0.508835 0.191102
5 0.254244 0.746422 0.037545 0.0372436 0.16312
5 0.255527 0.746385 0.0355742 0.0369631 0.15305
0 0.520969 0.624409 0.425982 0.515689 0.152495
0 0.516238 0.628184 0.410121 0.482446 0.146572
0 0.518312 0.630861 0.421566 0.500919 0.125946
0 0.508956 0.608418 0.397646 0.469865 0.122795
5 0.254994 0.745823 0.0399359 0.0375808 0.107962
5 0.254276 0.745306 0.0408146 0.0388826 0.104956
5 0.255095 0.746193 0.0400856 0.0374961 0.0981083
5 0.482946 0.282565 0.0186351 0.0224623 0.0967705
0 0.517187 0.610279 0.408331 0.506305 0.0895231
0 0.517304 0.628429 0.411401 0.473468 0.08904
5 0.253752 0.745972 0.038913 0.0379756 0.0838124
3 0.512897 0.60857 0.404801 0.466715 0.082007
0 0.511776 0.628497 0.411359 0.472424 0.0741403
3 0.489346 0.591781 0.346596 0.411128 0.0722576
3 0.509485 0.609976 0.408322 0.469279 0.0676908
3 0.495519 0.590839 0.363548 0.408206 0.060373
0 0.526178 0.631375 0.447627 0.544012 0.0571871
3 0.455765 0.604392 0.283338 0.383947 0.0502657
0 0.510499 0.631305 0.426133 0.499166 0.0490736
3 0.475408 0.592148 0.313933 0.4102 0.0460952
3 0.4944 0.591104 0.331731 0.396767 0.0457145
3 0.436887 0.615524 0.240581 0.35809 0.0446778
2 0.308863 0.797784 0.177187 0.139198 0.0444333
1 0.452695 0.327322 0.360421 0.145439 0.0413452
3 0.506772 0.589738 0.392034 0.42264 0.0402633
5 0.252683 0.744751 0.0431907 0.0385572 0.0401363
3 0.471096 0.596292 0.315812 0.399114 0.0397725
3 0.511427 0.588583 0.340168 0.398607 0.0388404
5 0.25408 0.749048 0.038483 0.0456015 0.0380413
5 0.483901 0.283217 0.027258 0.0287765 0.0372351
3 0.497804 0.588265 0.338962 0.393763 0.0364097
3 0.483967 0.590684 0.353742 0.410354 0.0336933
5 0.254927 0.745739 0.045851 0.0434289 0.0333801
0 0.47284 0.331511 0.505117 0.166983 0.0326992
3 0.437929 0.622306 0.242194 0.342997 0.0318743
1 0.44658 0.313276 0.380677 0.134553 0.031435
3 0.45819 0.593517 0.290159 0.409177 0.0310612
1 0.472582 0.332126 0.500818 0.168781 0.0295514
2 0.336712 0.80705 0.21421 0.143988 0.0277759
3 0.457728 0.615169 0.287573 0.364153 0.0271897
1 0.436658 0.326805 0.38533 0.148109 0.0248939
3 0.490284 0.591072 0.369695 0.407292 0.0248934
1 0.462578 0.325947 0.35068 0.151855 0.0248042
2 0.259227 0.774817 0.0566713 0.10138 0.0225916
3 0.498564 0.552974 0.308911 0.321225 0.021906
3 0.503517 0.576078 0.302413 0.363053 0.0214465
2 0.331875 0.804892 0.206511 0.138648 0.0212612
0 0.473243 0.346356 0.5102 0.203285 0.0210854
0 0.474111 0.335428 0.500038 0.175097 0.0207556
5 0.724934 0.873063 0.0258088 0.0278501 0.0204059
3 0.44218 0.600814 0.256918 0.400299 0.0200938
1 0.470729 0.338402 0.510512 0.185901 0.0200338
0 0.486381 0.628459 0.394639 0.481024 0.0195329
3 0.507473 0.585953 0.32205 0.387748 0.0192283
3 0.407107 0.628526 0.184085 0.341975 0.0189735
0 0.504622 0.588209 0.385735 0.427304 0.0185311
5 0.26495 0.774428 0.070819 0.108388 0.0184604
3 0.480245 0.592361 0.306527 0.396461 0.0183148
3 0.50706 0.595026 0.330499 0.392822 0.017231
3 0.411817 0.637467 0.193462 0.349405 0.0170372
1 0.430831 0.311705 0.404039 0.130034 0.0168519
0 0.774744 0.827326 0.153705 0.150337 0.0163294
0 0.480443 0.352244 0.501938 0.213577 0.0162907
0 0.469629 0.349026 0.5069 0.207663 0.0162742
3 0.502166 0.549963 0.312007 0.318393 0.0162295
1 0.458612 0.316581 0.363421 0.144008 0.0162216
0 0.514835 0.550732 0.398419 0.445328 0.0159588
5 0.724985 0.872957 0.024351 0.028136 0.0156714
3 0.524562 0.585479 0.296737 0.390904 0.0155211
1 0.451983 0.343787 0.398005 0.137341 0.0154168
5 0.767334 0.538848 0.026799 0.0368626 0.0147109
3 0.47367 0.608921 0.320776 0.376153 0.0146514
2 0.31605 0.79486 0.206076 0.151996 0.0146184
3 0.505911 0.573348 0.307362 0.362675 0.0144156
1 0.433282 0.343891 0.427081 0.145778 0.014237
0 0.504664 0.532575 0.392007 0.340471 0.0142183
0 0.516689 0.635278 0.4499 0.513488 0.0141818
5 0.483143 0.282125 0.0245215 0.0304627 0.0125959
0 0.479369 0.395242 0.498902 0.291918 0.0122583
5 0.766715 0.538798 0.0256781 0.037273 0.0115907
0 0.499268 0.532367 0.389989 0.332179 0.0115267
5 0.767978 0.539478 0.0228357 0.0338091 0.0106963
5 0.482974 0.283525 0.0257042 0.0326045 0.010689
0 0.660442 0.62524 0.238861 0.648749 0.0105241
0 0.474217 0.396568 0.497515 0.296191 0.0104023
5 0.724912 0.874059 0.0314781 0.0354365 0.0103994
1 0.46814 0.361309 0.512659 0.230434 0.0102736
0 0.488345 0.397982 0.481506 0.29814 0.0101956
1 0.464391 0.345281 0.39222 0.146408 0.0100899
3 0.48686 0.555897 0.301514 0.322062 0.0100044
