1 0.490291 0.350583 0.350138 0.671865 0.167512
0 0.470942 0.087764 0.319021 0.126522 0.162067
0 0.464663 0.0903195 0.313671 0.13136 0.152259
0 0.486136 0.355993 0.357789 0.659608 0.137539
0 0.471536 0.0786101 0.320581 0.10539 0.131406
1 0.485211 0.349909 0.358298 0.649438 0.130159
1 0.490447 0.348437 0.351426 0.672919 0.129322
0 0.485185 0.354053 0.3593 0.653934 0.122695
1 0.485714 0.365581 0.369537 0.686275 0.118364
1 0.486564 0.354839 0.357239 0.662339 0.117306
0 0.465958 0.0763456 0.31614 0.100187 0.116369
0 0.487209 0.355508 0.357554 0.661097 0.107143
1 0.490985 0.349515 0.349137 0.676806 0.0975447
0 0.477571 0.0869355 0.320586 0.125301 0.09551
1 0.4879 0.357338 0.355924 0.665301 0.0934861
0 0.47668 0.0812814 0.323337 0.110312 0.065277
0 0.458971 0.0911275 0.303453 0.133439 0.0578046
0 0.485569 0.114008 0.358033 0.188545 0.0524034
5 0.430856 0.101742 0.0213508 0.0224047 0.0523294
0 0.461506 0.0762956 0.302795 0.100987 0.0407409
1 0.500111 0.494142 0.334765 0.383664 0.0397989
5 0.462747 0.3075 0.0182838 0.0224196 0.0378928
0 0.486309 0.113448 0.362793 0.187741 0.0377411
1 0.498905 0.493018 0.333023 0.385718 0.0355383
5 0.529677 0.665882 0.0224778 0.0291622 0.0352286
0 0.487228 0.144848 0.36222 0.243172 0.0344321
5 0.622476 0.465953 0.0218311 0.0278334 0.034051
0 0.485471 0.205631 0.355048 0.358811 0.0323872
1 0.498232 0.488003 0.332583 0.3977 0.0319985
5 0.431273 0.101167 0.0257996 0.0246784 0.0312451
0 0.499446 0.0915576 0.27958 0.132743 0.0308964
0 0.484621 0.197579 0.360732 0.341367 0.0300944
5 0.371211 0.405468 0.0235619 0.023463 0.0300583
0 0.48629 0.119725 0.361475 0.205028 0.0288596
5 0.621757 0.466267 0.0263096 0.0324338 0.0286588
0 0.47273 0.0699684 0.306083 0.0914371 0.0283595
0 0.486166 0.146305 0.36114 0.246926 0.0271003
0 0.48603 0.151165 0.359653 0.260065 0.0268636
0 0.476919 0.109525 0.303843 0.165513 0.0267072
3 0.501523 0.505639 0.334046 0.366203 0.0262497
0 0.465362 0.0650417 0.307278 0.0817509 0.0255964
4 0.425798 0.0733771 0.173915 0.100481 0.0255567
0 0.468021 0.106349 0.29721 0.156823 0.0242991
0 0.486253 0.213702 0.359721 0.372427 0.0237548
5 0.461552 0.307365 0.0215041 0.0248896 0.0232295
5 0.622588 0.466925 0.0271694 0.0354505 0.0228798
5 0.375227 0.430355 0.0207995 0.0200989 0.022389
0 0.457537 0.0817194 0.201911 0.115621 0.0207747
3 0.49828 0.503143 0.334278 0.369212 0.0204551
5 0.450862 0.15518 0.0178043 0.0205991 0.0201778
0 0.485778 0.117019 0.296333 0.179582 0.0201458
5 0.622266 0.465976 0.0267338 0.0316331 0.0199912
0 0.447645 0.0796101 0.190106 0.112023 0.0190524
5 0.4303 0.102382 0.0259738 0.0256264 0.0181602
5 0.621682 0.465909 0.0299104 0.0333943 0.0169512
4 0.437722 0.0720482 0.179374 0.0970632 0.016661
5 0.462428 0.307069 0.0237292 0.0276739 0.0164304
4 0.416319 0.0653005 0.147261 0.0758249 0.0156735
0 0.454518 0.477612 0.247972 0.422069 0.01546
5 0.538594 0.347391 0.0220636 0.0242135 0.0136324
5 0.528283 0.66548 0.029748 0.0348398 0.0135762
3 0.482212 0.217526 0.285059 0.30486 0.0132671
1 0.403914 0.279729 0.199784 0.508681 0.0132591
3 0.496802 0.534952 0.344047 0.305801 0.0128892
0 0.483088 0.12208 0.376087 0.209367 0.0128684
0 0.500515 0.0869524 0.288122 0.120316 0.0126989
1 0.499665 0.503663 0.334991 0.369758 0.0125127
0 0.473523 0.0742995 0.307452 0.0997807 0.0124645
0 0.459036 0.107052 0.297029 0.160059 0.0122989
5 0.539028 0.346629 0.024031 0.0255353 0.0122741
4 0.414343 0.0631609 0.147285 0.0760329 0.0121292
5 0.353075 0.925926 0.0289045 0.0287006 0.0119965
5 0.630267 0.469367 0.0360719 0.0437124 0.011528
3 0.500466 0.532689 0.340553 0.311443 0.0110631
0 0.505022 0.121352 0.263312 0.186856 0.0110135
0 0.386404 0.0925494 0.150082 0.152425 0.0109263
0 0.463007 0.0634498 0.298342 0.0792753 0.0108483
4 0.527434 0.0754076 0.173933 0.100355 0.0106854
0 0.41716 0.0738243 0.148554 0.100001 0.0106415
5 0.640174 0.47481 0.0515175 0.0816781 0.0105455
5 0.639596 0.432128 0.0500507 0.176409 0.0105254
4 0.423413 0.0633737 0.169356 0.0713449 0.0105127
5 0.622749 0.468126 0.0316961 0.0396592 0.0103171
5 0.460696 0.307249 0.0253902 0.0292283 0.0102446
0 0.543977 0.0994972 0.201392 0.146614 0.010214
