3 0.446545 0.429614 0.369612 0.51309 0.678978
3 0.441605 0.429103 0.380105 0.510544 0.613466
3 0.44551 0.428971 0.379481 0.511121 0.59034
3 0.446859 0.430261 0.374735 0.512472 0.584149
3 0.446998 0.4265 0.373041 0.51542 0.557607
3 0.442265 0.429419 0.379868 0.514325 0.532804
3 0.443731 0.430852 0.377363 0.515752 0.482596
3 0.444633 0.426036 0.374976 0.517975 0.388148
3 0.446418 0.431905 0.373377 0.518189 0.321625
3 0.446864 0.431673 0.375434 0.515308 0.211168
3 0.440478 0.430595 0.381523 0.513539 0.152904
5 0.38093 0.455458 0.0185316 0.022738 0.0716091
3 0.435871 0.489952 0.305301 0.348572 0.0675727
3 0.429972 0.46845 0.298211 0.38933 0.0544496
3 0.428756 0.445353 0.297585 0.402192 0.0536024
3 0.432523 0.480354 0.301678 0.320379 0.0508209
5 0.382125 0.455914 0.0198667 0.0222048 0.0462481
3 0.442185 0.502834 0.321324 0.331935 0.0375394
5 0.381117 0.459276 0.0211203 0.0259277 0.0358109
3 0.43023 0.493966 0.291828 0.286661 0.0347884
3 0.448005 0.426418 0.365907 0.515954 0.0328927
3 0.418721 0.430016 0.270006 0.420473 0.0323425
3 0.417425 0.433035 0.275409 0.418052 0.0314729
3 0.376105 0.433882 0.205204 0.409784 0.0246495
3 0.428889 0.509167 0.297452 0.31675 0.0242518
5 0.382797 0.458328 0.021575 0.0254193 0.0232136
2 0.49725 0.214122 0.0219336 0.0234444 0.0214903
4 0.336835 0.615861 0.167385 0.109645 0.0198214
3 0.418436 0.452214 0.265828 0.403536 0.0186578
3 0.486094 0.416555 0.104856 0.104246 0.0184008
3 0.370943 0.430815 0.191034 0.390587 0.0178914
3 0.429801 0.433876 0.294171 0.417377 0.0178182
5 0.320201 0.467878 0.0152148 0.0160073 0.0178078
3 0.424136 0.501182 0.285511 0.34322 0.0175347
3 0.432365 0.276869 0.395981 0.215167 0.0150348
3 0.497195 0.415357 0.0833469 0.102193 0.0147865
3 0.480183 0.417967 0.116256 0.105837 0.0136484
4 0.557812 0.278063 0.076924 0.0765731 0.0134639
3 0.420989 0.486748 0.26709 0.256133 0.0128353
2 0.574721 0.386961 0.0308001 0.0468668 0.0126091
3 0.432846 0.475391 0.29102 0.315209 0.0124837
3 0.437173 0.27152 0.376782 0.208105 0.012197
5 0.43168 0.888283 0.0347927 0.0401575 0.0119522
4 0.55824 0.279311 0.0806674 0.0814079 0.0118477
5 0.431409 0.889127 0.0321634 0.0372935 0.0117871
3 0.439095 0.273518 0.380634 0.209797 0.0114956
4 0.327257 0.616225 0.152379 0.0939193 0.0113295
3 0.375105 0.420869 0.192262 0.426794 0.010606
2 0.575404 0.388688 0.0307129 0.0493101 0.0104816
4 0.344441 0.604095 0.184623 0.141107 0.0104712
4 0.547274 0.253571 0.118214 0.126981 0.0101681
4 0.534636 0.245731 0.136368 0.133115 0.0101328
2 0.497894 0.214377 0.0247985 0.0258149 0.0100498
2 0.497125 0.214416 0.0240352 0.0274103 0.0100312
