4 0.373472 0.517739 0.42424 0.580793 0.370643
4 0.384171 0.527384 0.45033 0.599093 0.347082
4 0.369687 0.51901 0.418087 0.582141 0.340396
4 0.382426 0.525651 0.442762 0.593068 0.270252
4 0.37511 0.524265 0.431527 0.58526 0.22297
4 0.380107 0.528223 0.441524 0.595893 0.220748
4 0.382113 0.52546 0.442242 0.602239 0.193419
3 0.384922 0.530069 0.446529 0.604287 0.183008
3 0.381569 0.526328 0.443455 0.607663 0.146604
3 0.383583 0.531047 0.449577 0.597405 0.136471
5 0.383871 0.798265 0.0344544 0.0343482 0.0216231
3 0.48945 0.46831 0.0602779 0.0750644 0.0202475
3 0.340787 0.670124 0.0865671 0.0739042 0.0199175
3 0.34061 0.670916 0.0866799 0.0729358 0.018445
1 0.577442 0.533102 0.0798679 0.375877 0.0155212
3 0.370593 0.492645 0.321983 0.437902 0.0145095
2 0.234797 0.358161 0.0308652 0.0383567 0.0136352
1 0.570751 0.525046 0.09494 0.365273 0.0136095
2 0.495602 0.357672 0.0340764 0.0317081 0.0131342
3 0.490157 0.551804 0.246973 0.557642 0.0130496
2 0.495097 0.357623 0.0342069 0.0301357 0.0120588
2 0.495531 0.358054 0.0318094 0.0305103 0.011719
3 0.370444 0.466259 0.330485 0.392632 0.0114123
5 0.381895 0.80263 0.045121 0.0483057 0.0114023
3 0.340535 0.669467 0.0875307 0.0754123 0.0111686
2 0.495862 0.358074 0.0308483 0.0282117 0.0111007
5 0.382918 0.801022 0.0381866 0.0423706 0.0106906
2 0.412018 0.265753 0.0186868 0.0247488 0.0105445
3 0.409932 0.666021 0.387303 0.338476 0.0105141
3 0.382324 0.462659 0.294993 0.35188 0.0103377
3 0.369514 0.442676 0.325387 0.408264 0.0100824
