2 0.627062 0.380544 0.0787355 0.0682856 0.741913
2 0.626913 0.379919 0.0791017 0.0691431 0.714921
2 0.624906 0.378911 0.0799543 0.0706932 0.667475
2 0.626425 0.380213 0.0791367 0.0706146 0.667072
2 0.624724 0.379554 0.0782961 0.0698467 0.659966
2 0.62598 0.379232 0.081715 0.0728389 0.659081
2 0.625099 0.379708 0.0778341 0.0706363 0.639328
2 0.625194 0.379724 0.0787788 0.0702292 0.605716
2 0.624438 0.378216 0.0783011 0.0695722 0.43969
2 0.623749 0.379056 0.0774634 0.0696206 0.435434
2 0.674216 0.44887 0.0488576 0.0512723 0.386559
2 0.673678 0.449345 0.0465142 0.0498094 0.367941
2 0.673998 0.449379 0.0463323 0.050881 0.363011
2 0.674416 0.449788 0.0471872 0.0507054 0.355897
2 0.674312 0.448736 0.0493957 0.0529356 0.315558
2 0.675093 0.449375 0.0480505 0.0514151 0.303417
2 0.370258 0.392934 0.034635 0.0416519 0.292659
2 0.673643 0.449604 0.0456971 0.0503099 0.29045
2 0.67387 0.449698 0.0466287 0.0504897 0.286472
2 0.371038 0.392802 0.0332875 0.041109 0.24728
2 0.624792 0.379963 0.0768491 0.0709093 0.240936
2 0.370769 0.392999 0.0334807 0.0418212 0.239583
2 0.673158 0.448068 0.0470941 0.050922 0.226524
2 0.371118 0.392422 0.0363387 0.0443512 0.195143
2 0.674444 0.448512 0.048495 0.0524949 0.191263
2 0.628402 0.379272 0.0850308 0.0788931 0.189036
2 0.673885 0.447865 0.0458023 0.0502339 0.187961
2 0.371539 0.392328 0.0347996 0.0433821 0.173773
2 0.37101 0.393077 0.0320836 0.0410654 0.172361
2 0.485943 0.415575 0.0332922 0.0316021 0.135665
2 0.371705 0.392489 0.0416627 0.04426 0.107398
2 0.623995 0.380868 0.0769017 0.0702205 0.105216
2 0.485517 0.41588 0.0343357 0.0340061 0.0984051
2 0.370472 0.393982 0.0412883 0.0477764 0.0856923
2 0.486558 0.414679 0.0355213 0.0347975 0.08372
2 0.486255 0.415537 0.0328812 0.031493 0.0818739
2 0.372532 0.391846 0.0397547 0.0451609 0.0801627
2 0.485915 0.415828 0.0361915 0.0342988 0.0799884
2 0.408379 0.485519 0.0292454 0.0356429 0.0713478
2 0.369762 0.393768 0.0385272 0.0472322 0.0629715
2 0.408442 0.485687 0.029671 0.0359732 0.0573922
2 0.486596 0.414481 0.0356598 0.0342473 0.0545942
2 0.674728 0.447883 0.05363 0.0566126 0.0533832
2 0.408681 0.485625 0.0295948 0.0360135 0.0489648
2 0.372516 0.390917 0.0420061 0.0481326 0.0468628
2 0.673841 0.449304 0.0545997 0.0564172 0.046391
2 0.368207 0.393307 0.0460664 0.0502621 0.0457828
2 0.408638 0.485813 0.0294391 0.0365978 0.0400129
3 0.49411 0.518065 0.544534 0.516326 0.037516
2 0.367912 0.39305 0.0463996 0.0505809 0.0371207
2 0.673698 0.448668 0.0556339 0.0590234 0.0351656
2 0.6228 0.379771 0.0760885 0.0726195 0.0341605
2 0.629491 0.375791 0.0906285 0.0863791 0.0320397
2 0.485157 0.415936 0.0423223 0.0370659 0.0298244
1 0.487787 0.518923 0.549391 0.511729 0.0282611
1 0.489947 0.518927 0.544497 0.501088 0.0244961
3 0.494369 0.519656 0.534414 0.511278 0.024264
2 0.408785 0.484671 0.0344683 0.0418006 0.0233207
2 0.408989 0.484597 0.0341361 0.0415302 0.0228885
5 0.379433 0.560631 0.021702 0.0256294 0.0199775
3 0.493036 0.517893 0.548211 0.515264 0.0199219
5 0.38081 0.560754 0.0238837 0.0280631 0.0187891
2 0.628707 0.375614 0.0891271 0.0833195 0.0187471
4 0.493947 0.51917 0.540089 0.511988 0.0163647
1 0.49269 0.519088 0.542601 0.513219 0.0158338
1 0.491519 0.51961 0.539727 0.506773 0.0156325
2 0.485416 0.415822 0.0433492 0.0401107 0.0153804
2 0.673708 0.447056 0.0555241 0.0548529 0.0136982
2 0.384511 0.503839 0.015441 0.0181138 0.0136524
5 0.380039 0.56024 0.0275922 0.0313132 0.0133641
2 0.627495 0.380178 0.0838336 0.0768626 0.0127598
4 0.491805 0.520575 0.535226 0.506892 0.0118893
2 0.485028 0.414454 0.0435038 0.0419856 0.0118819
2 0.626743 0.376362 0.0806801 0.0726723 0.0113491
2 0.488328 0.414662 0.0437777 0.0364343 0.0108006
