4 0.428033 0.358027 0.564638 0.703442 0.752746
4 0.426558 0.357481 0.565512 0.707027 0.75105
4 0.424608 0.354412 0.564239 0.706425 0.720658
4 0.426022 0.357163 0.56116 0.70226 0.702013
4 0.427495 0.357215 0.564291 0.703153 0.694701
4 0.426493 0.35825 0.561788 0.704364 0.686085
4 0.423947 0.358082 0.561819 0.703544 0.675662
4 0.423791 0.357538 0.558791 0.703613 0.673637
4 0.422182 0.353802 0.561168 0.702674 0.653495
4 0.425386 0.353774 0.556759 0.703136 0.643511
2 0.333739 0.27949 0.063047 0.0818707 0.494604
2 0.33537 0.278345 0.068516 0.0808324 0.49295
2 0.416699 0.163065 0.037582 0.0430147 0.469514
2 0.41703 0.162902 0.0374628 0.0425969 0.442305
2 0.416642 0.163395 0.0369123 0.0444309 0.416295
2 0.417071 0.162999 0.0381333 0.0434545 0.390452
2 0.416965 0.163119 0.0389583 0.0450878 0.346881
2 0.470648 0.104306 0.0349895 0.0466291 0.345822
2 0.469805 0.104658 0.0349248 0.0463652 0.320116
2 0.334521 0.278721 0.0632444 0.0801392 0.307442
2 0.333935 0.279978 0.0618766 0.0815668 0.306148
2 0.336015 0.280513 0.0698451 0.0836231 0.303666
2 0.336048 0.277797 0.0690728 0.0795053 0.287973
2 0.331114 0.278949 0.0549191 0.0805824 0.284562
2 0.335084 0.279274 0.0675583 0.0824711 0.281434
2 0.417028 0.163259 0.0391853 0.0449288 0.259802
2 0.488753 0.454966 0.034407 0.0399084 0.258684
