1 0.494543 0.567814 0.436792 0.590278 0.909544
1 0.496684 0.569138 0.429277 0.586588 0.899848
1 0.494317 0.566117 0.437853 0.58822 0.899843
1 0.495023 0.565912 0.431249 0.587371 0.898997
1 0.498036 0.569239 0.429226 0.584835 0.878655
1 0.495356 0.56603 0.431152 0.585378 0.867707
1 0.493593 0.567136 0.434824 0.589207 0.862284
1 0.494783 0.568291 0.436685 0.592443 0.861151
1 0.495666 0.566902 0.432757 0.584958 0.841729
1 0.494131 0.56753 0.436181 0.586588 0.829067
5 0.667871 0.368476 0.0188912 0.0253998 0.1571
5 0.668249 0.36799 0.0185448 0.0266394 0.150847
5 0.449497 0.425106 0.0207991 0.0233567 0.132282
5 0.449309 0.425402 0.0252662 0.0270769 0.101153
5 0.449192 0.425548 0.0262357 0.0289072 0.0777682
5 0.448836 0.425789 0.0280136 0.0309484 0.0569765
3 0.139976 0.636088 0.0864305 0.123082 0.0281834
5 0.660191 0.366891 0.0306356 0.0368666 0.0275724
5 0.116142 0.484463 0.0771653 0.124548 0.0264233
2 0.395088 0.0342941 0.112649 0.0669273 0.024091
3 0.142357 0.636344 0.0823211 0.122368 0.0233444
3 0.142096 0.636425 0.0843005 0.122456 0.0230051
5 0.669672 0.367103 0.0218939 0.0273595 0.0216039
5 0.669182 0.36715 0.0227971 0.0278297 0.0208601
5 0.656857 0.366577 0.0282586 0.036063 0.0206329
5 0.449521 0.42766 0.0314152 0.0340811 0.0190788
5 0.114483 0.481369 0.0823801 0.132869 0.0176047
3 0.144071 0.639101 0.0783345 0.11502 0.0173782
5 0.393678 0.0338235 0.117373 0.0660356 0.0156773
2 0.393967 0.0335246 0.112914 0.0670492 0.0137092
5 0.117647 0.487057 0.0727272 0.115638 0.011087
5 0.451171 0.427911 0.035515 0.0366385 0.01033
