1 0.46766 0.385626 0.419022 0.611854 0.75093
1 0.469926 0.387251 0.426498 0.611079 0.73465
1 0.469164 0.384692 0.424161 0.612377 0.72964
1 0.4701 0.383921 0.419616 0.611172 0.717925
1 0.468069 0.384681 0.417125 0.611965 0.707019
1 0.468527 0.384519 0.418384 0.609528 0.69409
1 0.470994 0.38701 0.423694 0.610208 0.682617
1 0.469361 0.386494 0.422898 0.60887 0.678757
1 0.467451 0.383883 0.41354 0.611517 0.664312
1 0.468312 0.382871 0.414955 0.612366 0.584679
5 0.438671 0.267301 0.0193303 0.02194 0.405257
5 0.439213 0.340245 0.0204816 0.0258634 0.394619
5 0.465538 0.202381 0.0180312 0.0215422 0.357748
5 0.455081 0.373482 0.0178255 0.021363 0.353806
5 0.439226 0.340017 0.0212455 0.0258906 0.34289
5 0.494273 0.471497 0.0232544 0.0281039 0.3333
5 0.438793 0.266652 0.0249002 0.027038 0.322961
5 0.5238 0.349669 0.0215523 0.0232224 0.290464
5 0.494682 0.471186 0.0255103 0.0292947 0.282103
5 0.466168 0.201539 0.0225716 0.0261254 0.235718
5 0.428547 0.303809 0.0202191 0.020176 0.230105
5 0.428452 0.304426 0.0172661 0.0181484 0.227132
5 0.525102 0.349143 0.0238587 0.0246969 0.217401
5 0.437947 0.339736 0.0270422 0.0302972 0.206826
5 0.495644 0.471034 0.0310828 0.0350664 0.193342
5 0.523557 0.349489 0.0266574 0.0291859 0.177127
5 0.4381 0.266218 0.0290606 0.0285958 0.17173
5 0.438172 0.26676 0.0260865 0.0255454 0.165246
5 0.495748 0.471402 0.0299346 0.034777 0.16328
5 0.437408 0.401126 0.0208602 0.0230542 0.163148
5 0.524699 0.349391 0.027254 0.0297038 0.148148
5 0.494321 0.470159 0.0322673 0.0376462 0.140631
5 0.493419 0.470493 0.0337791 0.0365921 0.139158
5 0.492793 0.470681 0.0319079 0.0348975 0.138605
5 0.438194 0.339476 0.0281372 0.0312343 0.13551
5 0.454881 0.372727 0.0240147 0.0252038 0.131256
5 0.524594 0.3487 0.0307689 0.0301726 0.12488
5 0.525301 0.348561 0.0310777 0.0310517 0.106463
5 0.495475 0.470239 0.0362625 0.0403593 0.0984536
5 0.492609 0.469615 0.0356807 0.0408057 0.0960401
5 0.464743 0.20304 0.0261094 0.026056 0.0928059
5 0.429892 0.301789 0.0268765 0.0260953 0.0804543
5 0.456625 0.372786 0.0252451 0.025403 0.0780967
5 0.465408 0.203692 0.0256223 0.0301194 0.0769055
5 0.465106 0.201619 0.0293442 0.0290764 0.072656
5 0.440601 0.264264 0.0332334 0.0338737 0.0703885
5 0.495511 0.47306 0.0392617 0.0455622 0.0695051
5 0.456703 0.371921 0.0285084 0.030098 0.0621671
5 0.437088 0.401461 0.0252082 0.02717 0.0609538
5 0.454029 0.375415 0.0261843 0.0291384 0.058376
5 0.438958 0.399983 0.0264281 0.0277738 0.0583508
5 0.436981 0.400139 0.0301819 0.0320211 0.0502961
5 0.44043 0.266045 0.0313662 0.0295985 0.049666
5 0.438556 0.269046 0.0256259 0.0308215 0.0486068
5 0.465066 0.203598 0.0307058 0.0329722 0.0465842
5 0.437236 0.401967 0.0267679 0.0298222 0.0463933
5 0.495955 0.473589 0.0432368 0.0482847 0.0452797
5 0.438638 0.338465 0.030957 0.0354893 0.0429448
5 0.467616 0.20181 0.0288624 0.02766 0.0398125
5 0.467615 0.199741 0.0310898 0.0322894 0.0397749
5 0.440798 0.339333 0.0317662 0.0328414 0.0393653
5 0.434909 0.336333 0.0318186 0.0353344 0.0383188
5 0.496202 0.47328 0.0415975 0.0466072 0.036981
5 0.456111 0.375339 0.0310406 0.031981 0.0343184
5 0.429754 0.303515 0.0258932 0.0231703 0.0335717
5 0.453064 0.373698 0.0290444 0.0253477 0.0331012
5 0.440473 0.399392 0.0350154 0.0268461 0.032835
5 0.521307 0.349323 0.0340138 0.0304323 0.0289827
5 0.521528 0.349466 0.0357453 0.0345112 0.0284282
5 0.437306 0.402044 0.0296804 0.0324569 0.027299
3 0.46637 0.303604 0.156651 0.242166 0.0265003
3 0.465633 0.305141 0.180672 0.241962 0.0264037
5 0.426491 0.302774 0.0292213 0.0237975 0.0223536
3 0.465416 0.323102 0.14203 0.209624 0.0223287
5 0.448058 0.363021 0.0352421 0.0280585 0.021049
3 0.468021 0.299457 0.173775 0.257119 0.0200329
3 0.469106 0.301265 0.200522 0.263197 0.0181803
5 0.441303 0.339606 0.0324767 0.033483 0.0172979
5 0.521845 0.348636 0.0382759 0.0366801 0.0143427
5 0.426355 0.304507 0.0281779 0.0243518 0.0140383
5 0.530687 0.31188 0.0221439 0.020344 0.0139744
5 0.499869 0.471335 0.0502832 0.0506245 0.0130501
3 0.463761 0.319748 0.13801 0.21376 0.0126806
3 0.46283 0.319791 0.221443 0.214931 0.0124889
5 0.437005 0.269382 0.0336257 0.0342021 0.0119491
5 0.46712 0.203559 0.0341552 0.0350036 0.0108805
5 0.530517 0.314285 0.0261783 0.0243396 0.010551
3 0.46308 0.306881 0.25596 0.246294 0.0103099
5 0.439394 0.401896 0.0402629 0.0381696 0.0102454
1 0.330534 0.266916 0.136248 0.331974 0.0100369
