0 0.522076 0.503688 0.47326 0.59903 0.929266
0 0.522097 0.504221 0.475932 0.595273 0.928913
0 0.521905 0.503476 0.471248 0.603513 0.926638
0 0.522869 0.501949 0.475562 0.601391 0.920847
0 0.523108 0.502886 0.476812 0.602027 0.920741
0 0.523548 0.501698 0.476116 0.602172 0.911633
0 0.522336 0.503943 0.47716 0.59626 0.908232
0 0.522106 0.502258 0.477601 0.60016 0.900454
0 0.522212 0.501216 0.478158 0.603282 0.881506
0 0.521296 0.504401 0.478904 0.59784 0.859263
5 0.522759 0.510677 0.160799 0.208698 0.270828
5 0.525301 0.511052 0.162294 0.208687 0.239802
5 0.522292 0.51128 0.160518 0.209062 0.196513
5 0.524765 0.512964 0.161677 0.207325 0.135392
5 0.525638 0.513232 0.166228 0.215846 0.113517
5 0.523377 0.511868 0.161898 0.211477 0.113136
5 0.520574 0.510403 0.168682 0.210018 0.0954715
5 0.463568 0.748669 0.033885 0.0387581 0.0819052
5 0.464076 0.748922 0.0320736 0.0378609 0.0763187
3 0.522757 0.503907 0.130969 0.174218 0.0730901
3 0.524426 0.511735 0.134498 0.171508 0.0520614
5 0.464488 0.748525 0.0397102 0.0415015 0.0506786
3 0.518303 0.503703 0.119601 0.169757 0.0421462
3 0.518879 0.508348 0.124963 0.163805 0.0406279
5 0.463848 0.74906 0.0317911 0.0382161 0.0345492
5 0.46346 0.74891 0.0337352 0.0389087 0.034117
5 0.463657 0.749408 0.0392631 0.0454527 0.033538
5 0.519588 0.511306 0.168666 0.214116 0.0319341
5 0.63493 0.676361 0.0230184 0.0282689 0.0316887
3 0.52154 0.497246 0.128897 0.185564 0.0296913
5 0.627078 0.547911 0.0338665 0.0497568 0.0270173
5 0.627569 0.548206 0.0334934 0.048763 0.0265452
5 0.614892 0.254305 0.0265729 0.0330224 0.0245859
2 0.572832 0.231391 0.0182977 0.0202569 0.024319
5 0.603105 0.682216 0.0257476 0.0306731 0.0219214
5 0.522823 0.509304 0.16116 0.207813 0.0219018
5 0.634381 0.675721 0.0270328 0.0308609 0.0207254
3 0.517212 0.498737 0.116457 0.184057 0.0204965
5 0.603469 0.682206 0.0264923 0.0328415 0.0203966
5 0.616122 0.25344 0.0293679 0.0357167 0.0188177
5 0.522672 0.512037 0.16781 0.215733 0.0186063
5 0.626719 0.548211 0.0310199 0.0489531 0.018309
5 0.634752 0.675916 0.0264668 0.0312308 0.0181548
5 0.572131 0.774279 0.019681 0.021664 0.0179487
5 0.46293 0.748092 0.0526579 0.0561819 0.0168704
5 0.464071 0.749349 0.0440784 0.046609 0.0167572
5 0.46489 0.747811 0.0395611 0.043737 0.0167084
5 0.577931 0.709089 0.025237 0.0310079 0.0165753
1 0.514649 0.503853 0.11958 0.166901 0.0159709
3 0.530855 0.503787 0.143442 0.182751 0.0157472
5 0.602506 0.682141 0.0243998 0.0299237 0.0154486
5 0.528754 0.981564 0.028338 0.0275855 0.0153449
2 0.653514 0.290569 0.0241433 0.0320175 0.0152684
5 0.572681 0.775451 0.0189755 0.0231546 0.0140444
5 0.605927 0.624853 0.0419576 0.0520056 0.0139733
5 0.606796 0.624545 0.0412452 0.0534181 0.0137528
5 0.635383 0.676753 0.0269463 0.0326908 0.0134197
5 0.634225 0.675822 0.0286654 0.0327341 0.013403
2 0.733664 0.491211 0.02217 0.0275705 0.0126438
5 0.519189 0.565619 0.167573 0.330713 0.0124567
5 0.507611 0.238645 0.021117 0.0254785 0.0123879
5 0.634563 0.676692 0.0312209 0.0367334 0.0122568
2 0.61458 0.254724 0.0230528 0.0283174 0.0122525
5 0.572579 0.742032 0.0235875 0.0262664 0.0118984
5 0.520793 0.753352 0.0221911 0.0264943 0.0115442
5 0.605905 0.62548 0.0407801 0.051695 0.0114846
5 0.577981 0.708802 0.0263939 0.0333943 0.0110766
5 0.542783 0.782531 0.0191913 0.0212665 0.0110562
5 0.626254 0.548495 0.0397845 0.0531522 0.0109761
1 0.513032 0.498832 0.117427 0.184331 0.0108969
2 0.670635 0.667885 0.02561 0.0327668 0.0106185
2 0.615468 0.253796 0.0271938 0.0325846 0.010512
2 0.654966 0.288142 0.0281868 0.0373195 0.0104493
5 0.52837 0.982 0.0313471 0.0319198 0.0103916
5 0.62763 0.547656 0.0367042 0.0496276 0.0103646
5 0.602455 0.682078 0.0238049 0.030175 0.0101393
