3 0.51493 0.536465 0.570351 0.700629 0.79862
3 0.515988 0.536621 0.571608 0.7003 0.774791
3 0.512722 0.537371 0.565938 0.696574 0.769133
3 0.504205 0.529316 0.554526 0.702548 0.75554
3 0.512482 0.534722 0.57028 0.701379 0.737772
3 0.482842 0.52663 0.507295 0.708893 0.734429
3 0.509458 0.530826 0.56385 0.700191 0.733481
3 0.511368 0.536615 0.564593 0.702002 0.730544
3 0.502456 0.53243 0.547645 0.709414 0.715495
3 0.501353 0.53641 0.550903 0.698842 0.264715
5 0.62754 0.529409 0.0287871 0.0321707 0.249789
5 0.28765 0.638607 0.0220638 0.02583 0.239955
5 0.288407 0.638556 0.0248398 0.0267226 0.217833
5 0.628086 0.529212 0.0293085 0.0310209 0.197028
3 0.503627 0.527626 0.5448 0.71592 0.174278
5 0.627994 0.529664 0.0315783 0.0340978 0.11844
5 0.287852 0.637067 0.0268563 0.0304858 0.106279
5 0.291452 0.637224 0.0346553 0.0317624 0.0997701
5 0.627552 0.529065 0.0325872 0.0341998 0.0996315
5 0.289142 0.63882 0.028497 0.0308504 0.0976729
5 0.288654 0.639139 0.0265172 0.0307207 0.0885805
5 0.629056 0.530251 0.0368877 0.0392649 0.0607229
5 0.43841 0.432688 0.0219568 0.0304445 0.0489115
5 0.627514 0.529869 0.0368134 0.036192 0.0441844
1 0.788472 0.548306 0.080034 0.439446 0.042501
1 0.788154 0.563207 0.081506 0.475958 0.0394548
5 0.294544 0.638031 0.0420061 0.0312078 0.0389055
1 0.776673 0.528067 0.121657 0.519967 0.0378176
5 0.628631 0.529612 0.0376631 0.0398941 0.035335
1 0.787886 0.524878 0.0806141 0.412996 0.0334558
1 0.776454 0.538341 0.124995 0.550892 0.0320439
5 0.447717 0.58137 0.0235441 0.0289277 0.0318394
1 0.780143 0.489203 0.104696 0.426856 0.0294675
1 0.778543 0.504667 0.113974 0.524789 0.0289599
5 0.438946 0.432867 0.0227303 0.0303632 0.0286364
5 0.447952 0.581271 0.024909 0.0299779 0.0276631
1 0.779595 0.500845 0.108027 0.482268 0.0276101
5 0.449127 0.581213 0.0253007 0.0304949 0.0234664
5 0.448782 0.580819 0.023897 0.029702 0.0229873
1 0.787739 0.571686 0.0835716 0.517472 0.0222603
1 0.78629 0.499914 0.0827049 0.367768 0.0217924
5 0.296521 0.636264 0.0444394 0.0350414 0.0213395
3 0.566374 0.721676 0.242812 0.286719 0.0211202
5 0.628266 0.531682 0.042564 0.0444316 0.019915
1 0.779333 0.467747 0.102369 0.393202 0.0198915
1 0.776608 0.544476 0.126748 0.559473 0.0197557
3 0.4432 0.390785 0.342723 0.311021 0.0188058
3 0.548373 0.720509 0.277689 0.287668 0.0176371
3 0.465158 0.37829 0.294008 0.291955 0.0147295
1 0.731021 0.538254 0.195564 0.706874 0.0146351
1 0.775509 0.441701 0.111931 0.355536 0.0146123
1 0.721273 0.570338 0.215974 0.637408 0.0143427
3 0.514458 0.533836 0.568397 0.701761 0.0136142
3 0.445121 0.413277 0.345628 0.370029 0.0132068
5 0.626832 0.529071 0.0359825 0.0346391 0.0124776
3 0.572062 0.716562 0.206859 0.276046 0.0123185
5 0.437246 0.432329 0.0264896 0.0331501 0.0122248
2 0.316976 0.828913 0.0209206 0.0275341 0.0114024
1 0.776365 0.560388 0.129056 0.539426 0.0114008
3 0.556226 0.718954 0.294808 0.293128 0.0109796
5 0.295364 0.638134 0.0444129 0.0372706 0.010855
3 0.444636 0.429487 0.371018 0.400805 0.0103863
1 0.784544 0.470088 0.0856177 0.323065 0.0103152
3 0.540792 0.693355 0.372692 0.370087 0.0101835
3 0.494614 0.690375 0.461382 0.37363 0.0100092
