1 0.582358 0.487717 0.432155 0.547837 0.863582
1 0.577141 0.484866 0.424412 0.545551 0.854667
1 0.57962 0.483361 0.428154 0.543959 0.848739
1 0.576522 0.487424 0.423117 0.54562 0.825388
1 0.578762 0.487608 0.429067 0.54527 0.799143
1 0.576807 0.48147 0.431344 0.544762 0.79149
1 0.575311 0.48706 0.42416 0.543166 0.77469
1 0.57636 0.486691 0.431749 0.545177 0.711395
1 0.577333 0.486462 0.429096 0.543624 0.704632
1 0.577034 0.485782 0.431036 0.544076 0.582044
5 0.631849 0.658323 0.0255317 0.0290053 0.258699
5 0.631857 0.658291 0.0252764 0.0299662 0.253591
5 0.632198 0.657791 0.0244834 0.0286147 0.253392
