4 0.474194 0.479924 0.834354 0.838068 0.439699
4 0.473897 0.478932 0.833914 0.849564 0.412752
4 0.46115 0.481831 0.781691 0.833305 0.385243
4 0.457755 0.481901 0.780221 0.853446 0.369987
4 0.463864 0.492577 0.787783 0.796219 0.353443
4 0.457107 0.494709 0.761033 0.847875 0.312322
4 0.453784 0.496322 0.759343 0.858861 0.310578
4 0.475397 0.491246 0.84001 0.802766 0.290687
4 0.465393 0.502496 0.7724 0.807364 0.243876
4 0.46154 0.523451 0.768126 0.881992 0.151656
5 0.360666 0.336406 0.0309557 0.0364552 0.0949577
5 0.360402 0.336303 0.0330608 0.0388035 0.0935219
5 0.361277 0.336212 0.0349026 0.0411361 0.0852987
5 0.360696 0.336221 0.0354422 0.0416742 0.0660241
5 0.35981 0.335447 0.0341569 0.0384598 0.0600963
5 0.360722 0.336005 0.0337842 0.0379925 0.0539741
5 0.362508 0.336203 0.0376225 0.0407871 0.0361018
5 0.363023 0.33638 0.0401749 0.0466851 0.0326299
2 0.856026 0.324027 0.0253561 0.0270449 0.0247781
1 0.894547 0.4735 0.0784137 0.507865 0.0152815
5 0.36253 0.335719 0.0379827 0.0410768 0.0152135
1 0.426061 0.93755 0.411588 0.118833 0.0148176
1 0.896764 0.494339 0.0765578 0.536915 0.0130545
1 0.443928 0.938589 0.422296 0.116748 0.0129863
3 0.737244 0.544808 0.335433 0.603231 0.0116272
3 0.784687 0.542562 0.281249 0.670412 0.0105717
3 0.738105 0.626488 0.32975 0.446214 0.0104417
1 0.893387 0.460879 0.0794397 0.473561 0.0103657
5 0.303768 0.155051 0.0276155 0.0316449 0.0103426
