3 0.512648 0.487746 0.417306 0.457563 0.228982
3 0.522434 0.495021 0.397723 0.448103 0.208946
3 0.517326 0.49991 0.386721 0.443182 0.203257
3 0.523274 0.498202 0.382279 0.447089 0.199236
3 0.52889 0.498492 0.383113 0.444077 0.198836
3 0.527136 0.497074 0.377341 0.447015 0.191804
3 0.51871 0.494321 0.428244 0.455457 0.172117
3 0.511011 0.478727 0.457281 0.483237 0.171927
3 0.524113 0.501188 0.388624 0.443714 0.154532
2 0.427881 0.672926 0.0327966 0.0380769 0.137581
3 0.50897 0.466652 0.474022 0.515176 0.121384
2 0.427134 0.67223 0.0373893 0.0428349 0.106398
2 0.42898 0.672553 0.0366952 0.0409038 0.0791145
2 0.428372 0.673033 0.0314911 0.0358134 0.0744322
2 0.421943 0.584025 0.0570051 0.122156 0.0591854
2 0.427739 0.672154 0.0376516 0.0418422 0.0508264
2 0.429005 0.672615 0.0367211 0.0399327 0.048079
2 0.421152 0.584366 0.053336 0.117141 0.048055
2 0.428553 0.671116 0.0374112 0.0462494 0.0432561
5 0.500888 0.651156 0.0352306 0.0377045 0.0425093
2 0.421872 0.58337 0.0531897 0.11745 0.0414724
5 0.501447 0.651183 0.0332704 0.0357313 0.0412689
2 0.411638 0.412938 0.0534667 0.055958 0.0358686
5 0.501475 0.650261 0.0293408 0.0332925 0.0316999
5 0.500935 0.650458 0.0308197 0.0341668 0.0316037
4 0.516623 0.553531 0.406067 0.352725 0.0287451
2 0.418395 0.586693 0.0605656 0.134848 0.0287377
2 0.420343 0.584107 0.0575645 0.123228 0.0284498
2 0.421351 0.582903 0.0529314 0.117883 0.0279967
4 0.5163 0.53953 0.413824 0.378827 0.0275661
2 0.420058 0.585205 0.0578481 0.119437 0.0265814
2 0.430016 0.670816 0.0404309 0.0478337 0.0265154
5 0.50096 0.649846 0.0349818 0.0377174 0.0248004
5 0.501606 0.649633 0.0336778 0.0368162 0.0240007
3 0.543348 0.48536 0.313812 0.291361 0.0221892
3 0.529397 0.393514 0.536691 0.378692 0.0221863
2 0.411533 0.412785 0.0523112 0.0555443 0.0195051
2 0.425468 0.584546 0.0635022 0.116407 0.0189059
3 0.531794 0.381775 0.535857 0.38083 0.0187406
3 0.546444 0.460477 0.299187 0.283812 0.0187222
2 0.428769 0.673848 0.0359343 0.0410439 0.0179403
2 0.421293 0.583341 0.0562996 0.119135 0.0168208
2 0.559756 0.727265 0.0709809 0.08191 0.0163789
4 0.515903 0.561415 0.412366 0.341079 0.0160029
3 0.527596 0.403774 0.526546 0.397696 0.0159507
2 0.429528 0.672895 0.0418963 0.0442631 0.0158972
2 0.426734 0.670542 0.0409922 0.0483095 0.0150944
2 0.411722 0.412557 0.0500164 0.0566258 0.0150106
2 0.412419 0.41235 0.0556966 0.0529781 0.0147649
5 0.502669 0.648196 0.044083 0.042944 0.0135388
2 0.577836 0.640337 0.0278583 0.0305095 0.0135082
2 0.411045 0.414154 0.0644386 0.0718646 0.0123509
2 0.425635 0.584141 0.0660711 0.120009 0.0121917
2 0.564844 0.732507 0.139842 0.0949137 0.0117076
2 0.577335 0.640747 0.0240681 0.0264519 0.0115687
2 0.411689 0.412768 0.0526831 0.0547531 0.0115378
2 0.413058 0.41193 0.0583564 0.0573958 0.0111058
2 0.40981 0.413241 0.0603026 0.074605 0.0109101
3 0.538122 0.457688 0.310188 0.2847 0.0109026
2 0.554555 0.729715 0.064099 0.0857733 0.0108861
3 0.538394 0.32726 0.5546 0.254795 0.0103056
2 0.412381 0.409818 0.0605291 0.0679001 0.0101488
