3 0.508346 0.524322 0.350738 0.400902 0.360564
3 0.507371 0.524456 0.350181 0.395136 0.340589
3 0.506571 0.522215 0.35372 0.393432 0.318683
3 0.507869 0.522225 0.35702 0.399713 0.307709
3 0.50714 0.525525 0.356693 0.392632 0.278708
3 0.505531 0.524841 0.360088 0.398739 0.256911
3 0.507214 0.523464 0.358861 0.391793 0.248197
3 0.532192 0.524758 0.41679 0.401486 0.241773
3 0.508133 0.525231 0.362278 0.398836 0.217064
2 0.464537 0.627507 0.0464865 0.0359129 0.205348
3 0.505073 0.524371 0.354803 0.394618 0.204646
2 0.464406 0.627352 0.0457269 0.0364308 0.173775
2 0.464371 0.627192 0.048442 0.0382169 0.166695
2 0.464595 0.627229 0.0489371 0.0369471 0.163656
2 0.46432 0.627333 0.0468178 0.0395239 0.154185
2 0.465058 0.626767 0.0499065 0.0398969 0.107849
5 0.464139 0.626134 0.0481871 0.0379362 0.0673105
2 0.386013 0.52059 0.0331202 0.0424869 0.0651729
2 0.386001 0.520855 0.0339297 0.0425646 0.0646345
2 0.385584 0.520926 0.0350463 0.0417798 0.0626653
2 0.385589 0.520835 0.0341176 0.0416954 0.0575355
5 0.463359 0.626147 0.0487753 0.0379603 0.0470167
5 0.463652 0.625577 0.0532354 0.0390091 0.0458259
3 0.519205 0.501435 0.286184 0.31443 0.0397536
2 0.385058 0.520227 0.0389193 0.0432833 0.0395183
5 0.595452 0.520473 0.0441562 0.0413042 0.0389083
3 0.5152 0.50575 0.283197 0.306774 0.0378106
2 0.385721 0.520727 0.0365177 0.0420329 0.0367294
5 0.595512 0.520223 0.0454313 0.0411175 0.0318534
5 0.462883 0.627201 0.0558597 0.0411174 0.0317092
3 0.517002 0.505283 0.296055 0.312872 0.0313819
2 0.595186 0.52155 0.0433103 0.0405261 0.0303392
5 0.609308 0.666358 0.0443145 0.0433113 0.0297016
2 0.595662 0.520833 0.0460846 0.0414322 0.0268204
5 0.607738 0.66642 0.0457877 0.042512 0.0265585
5 0.608592 0.667589 0.0437662 0.0435798 0.0245719
3 0.516948 0.505745 0.278905 0.299408 0.0228299
2 0.386583 0.520628 0.0394856 0.0452712 0.0208023
5 0.597233 0.519333 0.0501077 0.0436323 0.020301
5 0.595127 0.518588 0.0487169 0.0453945 0.0198009
2 0.609524 0.66726 0.0436105 0.0433271 0.0189391
5 0.608369 0.666864 0.0432408 0.0450351 0.0182838
5 0.596128 0.519244 0.0494965 0.0437441 0.018029
3 0.520779 0.491175 0.290562 0.284062 0.016022
5 0.46495 0.628663 0.0628913 0.0495905 0.0159831
2 0.386853 0.519852 0.0399808 0.0458171 0.0155626
5 0.386584 0.520188 0.0387848 0.0437897 0.0135022
5 0.610607 0.666235 0.0512085 0.0476609 0.0129833
2 0.562239 0.381612 0.0406656 0.0433377 0.0126951
2 0.609328 0.666578 0.0471403 0.045685 0.0126837
5 0.593846 0.517776 0.0515612 0.0502719 0.0115817
3 0.512714 0.50706 0.283005 0.31532 0.0114268
5 0.598028 0.517622 0.0558646 0.046776 0.0111767
5 0.951444 0.0431519 0.0669074 0.0759915 0.0110141
3 0.523294 0.500684 0.281425 0.312928 0.0108184
2 0.562636 0.382326 0.0412557 0.0427695 0.0104118
2 0.535194 0.626544 0.0333698 0.0319669 0.0100892
