3 0.478205 0.468753 0.335215 0.427882 0.765233
3 0.477093 0.469263 0.332123 0.427722 0.753596
3 0.476489 0.469218 0.333935 0.426497 0.753075
3 0.476438 0.466811 0.334374 0.423516 0.725812
3 0.476746 0.467054 0.333324 0.424877 0.725494
3 0.477794 0.466838 0.336796 0.428304 0.716963
3 0.478469 0.466909 0.33657 0.423973 0.715952
3 0.476408 0.467076 0.336701 0.425755 0.7113
3 0.476581 0.467693 0.334458 0.430187 0.67909
3 0.476957 0.466765 0.341483 0.431775 0.661141
5 0.342382 0.568648 0.0429041 0.050704 0.477779
5 0.341881 0.567433 0.0420862 0.0516675 0.427397
5 0.342029 0.567931 0.0421733 0.0513703 0.425322
5 0.342313 0.567539 0.039663 0.0522354 0.366037
5 0.342484 0.568821 0.0472484 0.0556012 0.345413
5 0.341606 0.568163 0.0477225 0.0546283 0.336736
5 0.341232 0.567597 0.0417907 0.0531001 0.316079
5 0.341068 0.567333 0.0418444 0.0511235 0.305763
