4 0.490081 0.494818 0.43957 0.573583 0.596031
4 0.491997 0.494594 0.449466 0.575459 0.590636
4 0.485978 0.490135 0.430929 0.562835 0.571318
4 0.491159 0.492462 0.450702 0.571116 0.566231
4 0.490129 0.491096 0.44025 0.568573 0.561383
4 0.490776 0.491956 0.450776 0.56229 0.538096
4 0.487624 0.490697 0.439474 0.56148 0.501804
4 0.490947 0.49338 0.443162 0.570716 0.494592
4 0.49163 0.491628 0.444298 0.56805 0.466187
4 0.490806 0.489975 0.445043 0.553877 0.44692
2 0.386622 0.415297 0.219006 0.231423 0.168307
2 0.373518 0.404225 0.106906 0.213094 0.150138
2 0.416329 0.413622 0.281915 0.231451 0.128456
2 0.402316 0.428352 0.252489 0.271699 0.106899
2 0.426421 0.429679 0.307883 0.277051 0.0999409
2 0.612173 0.53907 0.189825 0.226166 0.0985256
2 0.617716 0.542905 0.175066 0.215329 0.083908
2 0.545289 0.361157 0.179205 0.236881 0.0781968
2 0.460247 0.314661 0.141421 0.17436 0.071891
2 0.374171 0.413409 0.108846 0.226419 0.0650586
2 0.378459 0.411163 0.208472 0.22386 0.0623268
2 0.369231 0.416803 0.192471 0.238165 0.0549712
2 0.378995 0.404286 0.1266 0.212749 0.0511961
2 0.620706 0.538301 0.16584 0.227358 0.0508463
2 0.529572 0.376707 0.305195 0.263005 0.0508114
2 0.519174 0.370079 0.387087 0.289809 0.0476743
2 0.604922 0.548909 0.203749 0.198985 0.0467976
0 0.614649 0.535967 0.194567 0.231115 0.0457129
2 0.561682 0.360053 0.199064 0.22706 0.0456629
2 0.613731 0.560602 0.175754 0.175187 0.0445709
2 0.665401 0.567682 0.080763 0.187586 0.0445564
2 0.369945 0.404405 0.103652 0.214739 0.0436496
2 0.440434 0.412401 0.321337 0.236294 0.0427665
2 0.363098 0.434024 0.177732 0.284621 0.0401978
2 0.543808 0.392148 0.307553 0.308642 0.0400795
2 0.513652 0.352392 0.333076 0.266553 0.0400593
2 0.547569 0.37829 0.258374 0.257234 0.0390585
2 0.41531 0.411085 0.275618 0.231093 0.0390233
2 0.512709 0.367149 0.370283 0.313591 0.0384711
2 0.61968 0.538969 0.171871 0.230678 0.0378346
2 0.550877 0.409602 0.271651 0.324153 0.0377705
2 0.367823 0.415216 0.112355 0.229616 0.036131
2 0.514993 0.380924 0.388003 0.309014 0.0342375
0 0.599218 0.536273 0.227018 0.23265 0.031291
2 0.518566 0.363179 0.378462 0.281356 0.0288885
2 0.536542 0.347128 0.150286 0.208439 0.02844
2 0.444567 0.426378 0.340019 0.282682 0.0281156
2 0.493594 0.377907 0.404722 0.321487 0.0268887
2 0.452269 0.318286 0.14285 0.178959 0.0267429
2 0.377823 0.398303 0.104658 0.194031 0.0233976
2 0.574282 0.562146 0.139734 0.170073 0.0222545
0 0.630648 0.539986 0.155012 0.230015 0.0213799
2 0.523032 0.371954 0.332376 0.261532 0.0209316
2 0.489132 0.332959 0.274734 0.232258 0.0204303
2 0.557278 0.560926 0.129771 0.159961 0.0201223
2 0.444424 0.410246 0.327443 0.244096 0.0194683
2 0.463479 0.321347 0.140589 0.188785 0.0180744
2 0.508173 0.346083 0.335091 0.252892 0.0177936
2 0.372323 0.400593 0.0921501 0.200376 0.0177336
2 0.47947 0.333401 0.263056 0.230735 0.0174811
2 0.565818 0.560519 0.125288 0.163912 0.0168865
2 0.551394 0.430872 0.338223 0.388785 0.0166741
2 0.565095 0.438014 0.344739 0.408221 0.0165499
2 0.457963 0.293775 0.0989135 0.140378 0.0164869
2 0.448033 0.310091 0.154011 0.167885 0.0160174
2 0.556232 0.414819 0.270253 0.328487 0.0155359
2 0.368468 0.411769 0.193968 0.227357 0.0144731
2 0.509513 0.393359 0.39114 0.315648 0.0143782
2 0.501656 0.368765 0.335258 0.324402 0.0143121
2 0.477732 0.379059 0.385343 0.321509 0.0142054
2 0.560818 0.559985 0.130857 0.168124 0.0141708
2 0.664484 0.56296 0.0806648 0.186986 0.0136844
0 0.634924 0.539062 0.14591 0.229164 0.0134335
5 0.887129 0.0473345 0.225699 0.094669 0.0131754
2 0.554313 0.373548 0.261663 0.245958 0.0128954
2 0.666491 0.571851 0.0757306 0.167355 0.0127634
2 0.542021 0.374329 0.275727 0.246202 0.0124283
2 0.410661 0.470417 0.277164 0.364017 0.0108184
