2 0.604571 0.466855 0.04176 0.056679 0.660213
2 0.604152 0.466751 0.0410415 0.0556653 0.643204
2 0.604232 0.466052 0.0410221 0.0550952 0.63782
2 0.603354 0.466838 0.0441148 0.0553201 0.613706
2 0.604617 0.467487 0.0438389 0.0556026 0.59318
2 0.604194 0.466382 0.0408942 0.0551288 0.570024
2 0.475378 0.354603 0.0511623 0.0578415 0.548099
2 0.474889 0.355055 0.0529687 0.0584766 0.513035
2 0.475233 0.354754 0.0509528 0.0564778 0.506691
2 0.474875 0.355698 0.0514848 0.0570024 0.504304
2 0.556904 0.675896 0.0438532 0.0508614 0.501182
2 0.4748 0.643804 0.041818 0.0433127 0.493908
2 0.556431 0.675541 0.0442194 0.0521472 0.483572
2 0.556748 0.675879 0.0409229 0.0515215 0.467065
2 0.556956 0.676327 0.0413772 0.0511944 0.457339
2 0.475214 0.643918 0.0434002 0.0443272 0.452732
2 0.474732 0.64403 0.0424391 0.0432003 0.441519
2 0.556113 0.67594 0.0402065 0.0514893 0.42677
2 0.475314 0.644441 0.0428047 0.0440804 0.424975
2 0.476345 0.355487 0.0510119 0.0565273 0.407016
2 0.557709 0.676074 0.0400971 0.0506429 0.406447
2 0.475127 0.356023 0.0533656 0.05689 0.385519
2 0.474569 0.355405 0.0525446 0.0577368 0.384073
2 0.473695 0.353665 0.0522869 0.0553767 0.357828
2 0.556923 0.675728 0.0445177 0.0519935 0.353559
2 0.556685 0.676435 0.0457999 0.0508675 0.334658
2 0.603914 0.466173 0.0468122 0.0589555 0.328765
2 0.393042 0.500256 0.0622527 0.0481722 0.314257
2 0.603291 0.466455 0.0479342 0.0587648 0.312574
2 0.476021 0.356185 0.0493118 0.0542467 0.305893
2 0.475111 0.643518 0.0465674 0.0465503 0.301008
2 0.476036 0.354405 0.0505764 0.0610515 0.293733
2 0.388178 0.636947 0.0520125 0.0465012 0.288779
2 0.393689 0.499827 0.0611014 0.0488462 0.279512
2 0.378047 0.467527 0.0360705 0.0332885 0.27654
2 0.4742 0.643201 0.0475295 0.0449921 0.269458
2 0.39257 0.500439 0.0636604 0.0484862 0.264026
2 0.387773 0.63643 0.0554621 0.0485886 0.262723
2 0.557179 0.675803 0.0432912 0.0517819 0.255958
2 0.377601 0.468102 0.0344875 0.0332865 0.254723
2 0.476168 0.643911 0.0468672 0.0474014 0.25434
