3 0.508422 0.496863 0.403498 0.522434 0.683837
3 0.509162 0.492006 0.404246 0.528023 0.665117
3 0.508673 0.491833 0.405998 0.523279 0.66495
3 0.50723 0.496863 0.407604 0.521556 0.652694
3 0.510684 0.492741 0.402696 0.525153 0.65172
3 0.510582 0.491522 0.403403 0.532072 0.644603
3 0.504929 0.497284 0.395105 0.524246 0.63998
3 0.508673 0.492426 0.397288 0.524454 0.62994
3 0.508124 0.493188 0.397404 0.531659 0.589708
3 0.505572 0.494738 0.401583 0.528351 0.577118
5 0.41474 0.603314 0.0251811 0.0303665 0.303895
5 0.415175 0.602872 0.0265512 0.0310392 0.291767
5 0.415629 0.602065 0.0323641 0.0353006 0.208552
5 0.415831 0.60272 0.03153 0.0353547 0.16983
5 0.413538 0.602739 0.0322833 0.0354393 0.162767
5 0.413966 0.602225 0.0331077 0.0366221 0.144812
5 0.414768 0.601868 0.0326282 0.03841 0.126911
5 0.415848 0.601484 0.0365064 0.0406366 0.0920675
5 0.413582 0.601484 0.0359355 0.0414071 0.088007
3 0.524801 0.484314 0.346547 0.400474 0.0584685
5 0.0216884 0.06847 0.0430663 0.0746496 0.0519799
5 0.0204195 0.0660095 0.0408391 0.0671372 0.0428265
3 0.525557 0.490994 0.357754 0.399645 0.0418446
5 0.0199832 0.0664621 0.0399194 0.0684893 0.0381319
5 0.0221644 0.0671226 0.0443287 0.0769326 0.0356741
5 0.019879 0.0668109 0.039758 0.0627035 0.0311305
5 0.415133 0.604821 0.0384671 0.0452323 0.0295023
3 0.506354 0.46166 0.331433 0.349914 0.0291715
5 0.0191635 0.066069 0.0383271 0.0633185 0.0288938
5 0.0196634 0.0685526 0.0393268 0.0610531 0.0272889
5 0.0224725 0.0676036 0.044945 0.0730804 0.02664
5 0.0192873 0.0679913 0.0385469 0.0620363 0.0259416
3 0.521487 0.476736 0.326097 0.360522 0.0238631
3 0.527084 0.509217 0.332235 0.429874 0.0233904
3 0.51094 0.462078 0.312312 0.330514 0.0219717
5 0.0221581 0.0659373 0.0443161 0.0732978 0.0216045
5 0.0238307 0.0699965 0.0476615 0.0799162 0.0194748
5 0.493584 0.330074 0.0213205 0.0256104 0.0184895
3 0.531473 0.522588 0.329272 0.430214 0.0178716
5 0.493147 0.330015 0.019872 0.0228094 0.0147277
5 0.415108 0.604756 0.0435333 0.0471581 0.0143624
3 0.525522 0.496566 0.322471 0.406335 0.0139459
3 0.526612 0.500321 0.361815 0.376672 0.0139173
3 0.503129 0.467987 0.330412 0.323533 0.011986
3 0.513573 0.439962 0.294336 0.294316 0.0109748
3 0.520132 0.447878 0.31592 0.310219 0.0107617
5 0.414779 0.605426 0.0437548 0.0474385 0.0104198
3 0.496423 0.370612 0.407717 0.283703 0.0101006
