3 0.533244 0.506748 0.502904 0.58679 0.599407
3 0.530991 0.507208 0.502655 0.589133 0.578428
3 0.531608 0.506553 0.500039 0.585582 0.550949
3 0.532434 0.505471 0.497137 0.594774 0.547916
3 0.533888 0.504994 0.492577 0.593317 0.53946
3 0.534557 0.50492 0.499096 0.59193 0.516957
3 0.53422 0.50492 0.49754 0.59306 0.483751
3 0.532858 0.505723 0.491881 0.589618 0.479234
3 0.532602 0.505354 0.495165 0.59109 0.46706
5 0.444118 0.715871 0.0450291 0.0463442 0.45506
3 0.533532 0.505591 0.493442 0.58901 0.426466
5 0.444159 0.716368 0.0422167 0.0433018 0.407333
5 0.4443 0.715968 0.0441621 0.0450854 0.404974
5 0.444378 0.716666 0.0416539 0.042913 0.363338
5 0.443988 0.714696 0.0485157 0.0492779 0.355489
5 0.444282 0.716687 0.0406683 0.0421396 0.326573
5 0.723506 0.543444 0.0320764 0.0346931 0.313269
5 0.72386 0.543698 0.0286068 0.0324695 0.306128
5 0.444323 0.71701 0.0375806 0.0410188 0.293334
5 0.723841 0.543351 0.0319289 0.0349587 0.293086
5 0.444273 0.715639 0.0468665 0.0468552 0.284999
5 0.723505 0.543754 0.0289459 0.0319176 0.276234
5 0.640409 0.594784 0.0295493 0.0348854 0.249514
5 0.443878 0.713452 0.0530636 0.0548188 0.241161
5 0.640768 0.594651 0.0335147 0.0350753 0.227194
5 0.640558 0.594765 0.0278566 0.0321457 0.221993
5 0.723196 0.544289 0.0347093 0.0363796 0.220071
5 0.445124 0.713353 0.0522104 0.0555762 0.199017
5 0.641149 0.594413 0.0338524 0.037478 0.198699
5 0.72288 0.544155 0.0348099 0.0367514 0.191745
5 0.640913 0.59504 0.0385131 0.0412982 0.163839
5 0.444277 0.715495 0.0467542 0.0459379 0.158299
5 0.640698 0.595487 0.0349963 0.0394639 0.152189
5 0.638431 0.593981 0.0378053 0.0407779 0.143522
5 0.639049 0.594661 0.0381333 0.0401125 0.136053
5 0.445399 0.712748 0.0579126 0.0560391 0.120906
5 0.446074 0.713547 0.0556036 0.0535206 0.112633
5 0.442863 0.712589 0.0571949 0.0584641 0.109955
5 0.720961 0.542416 0.0429822 0.0412861 0.0999801
5 0.639323 0.595325 0.0409573 0.0445454 0.0938416
5 0.72162 0.543728 0.0435081 0.0392913 0.0876246
5 0.640881 0.592198 0.0394058 0.0466565 0.0755747
5 0.726025 0.540796 0.044378 0.0443035 0.0684272
5 0.724362 0.540637 0.0411127 0.0481299 0.0672488
5 0.641915 0.591811 0.0406492 0.0467825 0.0545282
5 0.336572 0.555386 0.0217994 0.0241597 0.0541437
5 0.336452 0.554802 0.0264007 0.0283243 0.049361
5 0.722208 0.544097 0.0464785 0.0438833 0.0491789
5 0.723543 0.540465 0.0408578 0.0480411 0.0438871
5 0.394723 0.298276 0.134252 0.141238 0.0379196
5 0.445841 0.714442 0.0586016 0.0554886 0.0366488
5 0.725782 0.542147 0.0437667 0.0400168 0.0351702
2 0.395844 0.297648 0.128347 0.141349 0.0320318
3 0.554508 0.364305 0.414256 0.254762 0.0316782
3 0.540596 0.370962 0.412438 0.251266 0.031138
5 0.337733 0.554787 0.0305338 0.031731 0.02903
5 0.637889 0.590758 0.0439887 0.0493005 0.0287288
3 0.558178 0.361243 0.395545 0.253593 0.0260877
5 0.338318 0.554315 0.0314559 0.0335829 0.0260748
2 0.393933 0.296925 0.130222 0.137803 0.0245204
3 0.535599 0.372836 0.408627 0.256713 0.0244432
5 0.425791 0.763792 0.0269749 0.0299102 0.0203501
5 0.448245 0.711861 0.056651 0.0583209 0.0191538
3 0.520151 0.393954 0.384732 0.238365 0.0182061
3 0.54708 0.365737 0.410722 0.259169 0.0180447
3 0.55484 0.356927 0.412634 0.247752 0.0171272
3 0.557733 0.368677 0.396692 0.269102 0.0163375
5 0.529021 0.781744 0.0739962 0.0381239 0.014762
3 0.558214 0.352217 0.399247 0.250154 0.0137824
5 0.428537 0.760414 0.0364553 0.0365661 0.0134943
3 0.523569 0.386051 0.390197 0.241616 0.0124102
5 0.334385 0.554678 0.0331417 0.0334786 0.0123544
5 0.644435 0.593373 0.0499185 0.0456494 0.0122796
3 0.484381 0.595427 0.278682 0.31783 0.0119985
2 0.401132 0.276422 0.11058 0.10287 0.0116059
5 0.645508 0.592673 0.048563 0.0453148 0.0112459
5 0.523929 0.780728 0.0798619 0.0400886 0.0112411
3 0.429741 0.415821 0.216265 0.202542 0.0105731
3 0.48017 0.58556 0.267204 0.240561 0.0101234
