2 0.813527 0.685555 0.0215999 0.0361083 0.147398
2 0.735386 0.424491 0.0190859 0.0308703 0.127699
2 0.685967 0.364247 0.030339 0.0399233 0.114609
3 0.501407 0.501128 0.739865 0.962086 0.112235
2 0.660652 0.445283 0.0428556 0.0567993 0.085967
2 0.760671 0.363226 0.0166243 0.0279374 0.066928
2 0.715633 0.361272 0.0158608 0.0282213 0.0422804
2 0.788025 0.36124 0.0220306 0.0346182 0.0370922
2 0.782873 0.454444 0.021682 0.0325397 0.0364895
5 0.559081 0.526055 0.0235634 0.0344126 0.031215
2 0.778725 0.749478 0.0251311 0.0377445 0.0282282
2 0.696219 0.362091 0.0422378 0.0429658 0.0217257
0 0.21962 0.433201 0.179767 0.736655 0.0204841
2 0.6239 0.847891 0.0219562 0.0308353 0.0184164
2 0.695377 0.760365 0.022842 0.0316563 0.0174443
3 0.407537 0.493637 0.343955 0.62435 0.0131115
2 0.657929 0.446521 0.0569155 0.0816826 0.0122452
4 0.602092 0.872232 0.439204 0.254347 0.0121014
2 0.791022 0.458085 0.0303138 0.035721 0.0115645
