1 0.361068 0.570306 0.378706 0.641117 0.305058
0 0.553023 0.563518 0.162051 0.556474 0.201878
1 0.745379 0.55639 0.211071 0.707273 0.121958
1 0.449475 0.550314 0.215635 0.576685 0.0954672
0 0.590189 0.555079 0.0670876 0.346354 0.0662453
4 0.59791 0.529803 0.0743836 0.355695 0.0319002
5 0.22276 0.5032 0.0348756 0.0371148 0.0315632
0 0.442301 0.570256 0.413178 0.64146 0.02834
0 0.5225 0.733578 0.212599 0.278522 0.02746
5 0.319605 0.584688 0.035332 0.0403077 0.0233581
0 0.602452 0.569022 0.107131 0.555924 0.02185
1 0.364921 0.743762 0.347053 0.280741 0.0161741
4 0.581557 0.405883 0.102292 0.249882 0.0140357
5 0.597266 0.47694 0.0233894 0.0251539 0.0129659
1 0.347829 0.386819 0.362484 0.283881 0.0102156
