5 0.397841 0.455869 0.0526045 0.0683449 0.587671
2 0.459261 0.355149 0.0447424 0.0419892 0.41443
5 0.629303 0.384856 0.036146 0.0418552 0.284949
0 0.541286 0.489454 0.361509 0.428248 0.251635
5 0.682214 0.464273 0.0410973 0.0436438 0.238576
5 0.694025 0.524841 0.033602 0.0392902 0.175581
5 0.525105 0.572786 0.0315734 0.0345726 0.155334
5 0.564505 0.332894 0.0527695 0.0467516 0.149459
5 0.459528 0.354498 0.0503699 0.0501245 0.126565
5 0.396609 0.530707 0.0281293 0.0319664 0.104032
2 0.694235 0.524959 0.0273859 0.0346933 0.10086
3 0.539204 0.502669 0.351659 0.387047 0.0895299
5 0.486546 0.334155 0.0296241 0.0345227 0.0607512
3 0.529868 0.48232 0.207711 0.243792 0.0350268
5 0.523268 0.572444 0.0464363 0.0474755 0.021475
0 0.657026 0.505002 0.134508 0.394889 0.0169359
5 0.49167 0.336965 0.0485962 0.0521275 0.0116013
