2 0.337912 0.600795 0.0943613 0.0971412 0.830007
2 0.723612 0.294202 0.0773849 0.124085 0.617052
2 0.417921 0.0926879 0.129997 0.185376 0.593649
2 0.657486 0.140533 0.082387 0.205899 0.544261
2 0.259615 0.287372 0.0343517 0.0476739 0.390706
2 0.484078 0.137215 0.0702505 0.249556 0.353883
2 0.376256 0.20703 0.0395391 0.0318243 0.334103
2 0.471318 0.523744 0.173351 0.0916665 0.249743
2 0.49607 0.15462 0.0471541 0.185364 0.247693
2 0.323963 0.232891 0.0232491 0.0365676 0.230995
2 0.54106 0.470515 0.035779 0.0455439 0.21984
2 0.264033 0.469683 0.0312766 0.0478197 0.196083
2 0.533171 0.244749 0.0230051 0.0348614 0.193329
2 0.406917 0.665748 0.0417384 0.0501907 0.184431
2 0.54392 0.521731 0.205562 0.139226 0.174613
2 0.548313 0.0804343 0.106812 0.123544 0.158259
2 0.492111 0.53388 0.245261 0.123637 0.118009
2 0.377243 0.282828 0.0209324 0.0299048 0.0964357
2 0.562119 0.540086 0.160108 0.0918186 0.0706774
2 0.665571 0.286054 0.0254615 0.0374812 0.0599976
2 0.470316 0.2639 0.0315338 0.0357516 0.0502286
2 0.455488 0.11579 0.119285 0.226047 0.0472195
2 0.413024 0.213118 0.0182826 0.0235967 0.0398717
2 0.406035 0.670082 0.0567986 0.0677645 0.0352237
2 0.474597 0.334138 0.0222895 0.0315732 0.0321632
2 0.404044 0.301382 0.0230381 0.0309393 0.0296278
4 0.659742 0.140153 0.0997935 0.22986 0.0281736
1 0.509174 0.485888 0.626926 0.971776 0.0215912
2 0.458524 0.310105 0.0218785 0.0313157 0.0215553
2 0.481429 0.13421 0.272692 0.259576 0.0194708
2 0.554762 0.102261 0.0951424 0.0723996 0.0174779
2 0.414826 0.656791 0.0388967 0.0686207 0.0159196
2 0.395304 0.484312 0.0265586 0.037243 0.0134836
2 0.323019 0.420546 0.0293478 0.0441019 0.0128383
2 0.421575 0.638181 0.0231873 0.0355366 0.0120272
2 0.463121 0.315036 0.0246199 0.0338913 0.0106198
