5 0.480357 0.399872 0.190629 0.256047 0.553012
2 0.244326 0.223224 0.0611645 0.194911 0.187068
2 0.825722 0.879672 0.067782 0.0880894 0.169409
5 0.824803 0.881152 0.0666175 0.0930449 0.0893733
2 0.264293 0.280482 0.0620889 0.068809 0.087917
5 0.653624 0.0796679 0.0215856 0.0334289 0.08118
2 0.166259 0.52634 0.254011 0.456125 0.0718348
2 0.167412 0.0551747 0.0208167 0.0308855 0.0583688
5 0.401145 0.606063 0.0837945 0.287556 0.0582854
2 0.260524 0.242983 0.0610746 0.150834 0.0567037
2 0.734608 0.912828 0.0299203 0.0343683 0.0425118
5 0.167123 0.0557521 0.0253771 0.0393528 0.0333076
5 0.0841118 0.899476 0.0792152 0.0806672 0.0329733
2 0.396694 0.58885 0.107258 0.356473 0.0284678
2 0.270817 0.276757 0.0508375 0.0463345 0.0276984
2 0.250251 0.284219 0.0308037 0.0553336 0.0276183
5 0.382294 0.248128 0.0852604 0.377594 0.0236628
5 0.265691 0.279586 0.0607655 0.0658485 0.021094
5 0.146387 0.914277 0.0362791 0.0502271 0.0193941
5 0.186887 0.0938953 0.019115 0.0265967 0.0191753
5 0.768552 0.899669 0.0347682 0.0466265 0.0169973
5 0.734909 0.371794 0.0197541 0.0308843 0.0165503
5 0.628087 0.714927 0.0297914 0.042802 0.0157677
2 0.401114 0.593396 0.0740445 0.273258 0.0136959
0 0.104906 0.28538 0.132956 0.57076 0.0132315
2 0.469106 0.399634 0.170025 0.240016 0.0128364
2 0.306982 0.0868897 0.0169608 0.0280909 0.0116149
5 0.651515 0.0779546 0.0322629 0.0464505 0.0114898
