2 0.466534 0.715149 0.0951223 0.143656 0.747163
2 0.466182 0.715079 0.0947346 0.144587 0.743149
2 0.466936 0.716189 0.0944145 0.149185 0.577623
2 0.467774 0.71401 0.0944663 0.145902 0.549948
2 0.465958 0.716151 0.0938475 0.148295 0.399398
2 0.468266 0.715147 0.0924539 0.144043 0.386675
2 0.467837 0.713809 0.0934514 0.147168 0.204717
2 0.470005 0.714983 0.0945691 0.145308 0.190165
2 0.468455 0.714194 0.0989393 0.148301 0.149811
2 0.46681 0.715598 0.0880279 0.14832 0.123946
2 0.466448 0.710782 0.0908064 0.140895 0.121231
2 0.463131 0.710088 0.0851765 0.140406 0.098176
2 0.473057 0.716144 0.103541 0.152798 0.0693728
2 0.470127 0.716729 0.100999 0.159361 0.0658481
3 0.482454 0.461574 0.964909 0.836646 0.0533108
3 0.475386 0.472729 0.93617 0.859483 0.0433203
0 0.488624 0.502107 0.977249 0.907552 0.0421771
3 0.476803 0.498517 0.936753 0.900459 0.0377514
3 0.445417 0.501289 0.88568 0.903641 0.0353054
2 0.474656 0.717913 0.107136 0.166427 0.0326293
3 0.443631 0.496923 0.882868 0.890725 0.0320545
3 0.477856 0.49433 0.934691 0.885928 0.0305386
2 0.461916 0.709822 0.0758588 0.140981 0.0297321
3 0.422831 0.516796 0.337834 0.380635 0.0261177
3 0.493097 0.508008 0.982621 0.879107 0.0245644
0 0.1006 0.0620618 0.200427 0.123134 0.0243949
0 0.115079 0.0591797 0.230157 0.117734 0.0235473
3 0.472657 0.36406 0.945313 0.630197 0.0214985
2 0.234887 0.389831 0.0273881 0.0285905 0.0206331
3 0.309493 0.658783 0.261949 0.359518 0.0202082
2 0.234919 0.390027 0.0314338 0.0325635 0.0201842
2 0.465373 0.71423 0.0953064 0.145841 0.0177382
2 0.470081 0.715074 0.104909 0.154901 0.0168461
2 0.469147 0.714339 0.103097 0.149657 0.0168446
3 0.441932 0.514487 0.364133 0.400553 0.0159664
2 0.234639 0.389676 0.0304309 0.0305787 0.0156265
3 0.421945 0.528349 0.34069 0.398095 0.0154011
3 0.459854 0.30021 0.918117 0.500856 0.014999
3 0.308441 0.669143 0.262626 0.367092 0.0144921
3 0.323301 0.6603 0.266598 0.375989 0.0136058
2 0.234013 0.389742 0.0357598 0.0340981 0.0131255
3 0.535163 0.52255 0.823299 0.927072 0.0126374
3 0.417408 0.50812 0.822085 0.909045 0.0120121
2 0.467128 0.713646 0.102797 0.145422 0.0103664
