3 0.61433 0.41733 0.343967 0.488888 0.613213
3 0.6163 0.416583 0.338195 0.487164 0.582448
3 0.619674 0.4159 0.339919 0.488999 0.580806
3 0.61647 0.416456 0.336601 0.484477 0.55875
3 0.621825 0.415166 0.341838 0.491053 0.54606
3 0.619007 0.415662 0.338272 0.48673 0.541047
3 0.62169 0.414095 0.344668 0.483976 0.514362
3 0.616063 0.417366 0.337139 0.482747 0.483817
3 0.618097 0.416786 0.338095 0.482746 0.452192
3 0.620605 0.415572 0.341572 0.483657 0.401048
3 0.623147 0.391741 0.243803 0.280138 0.0448222
2 0.0263615 0.0445814 0.0521111 0.0891628 0.0363563
2 0.0260797 0.0404409 0.0521594 0.0808818 0.0336491
3 0.625626 0.417355 0.261116 0.311699 0.0325734
2 0.0289062 0.0393811 0.0578124 0.0780245 0.0317711
2 0.0275456 0.0394109 0.0550912 0.0788219 0.0314329
3 0.619935 0.366168 0.229818 0.240598 0.0260568
2 0.0264206 0.0392084 0.0527794 0.0784168 0.0257493
3 0.6311 0.394707 0.240736 0.270645 0.0254646
3 0.63568 0.420704 0.24265 0.290952 0.0222775
2 0.0265234 0.0411721 0.0530469 0.0823441 0.0205981
2 0.0254454 0.0400998 0.0508909 0.0801997 0.0205638
3 0.612366 0.393851 0.229311 0.285472 0.0203793
2 0.0254128 0.0387954 0.0508257 0.0775909 0.0195805
2 0.0268414 0.0394408 0.0535239 0.078525 0.0184497
3 0.61141 0.365526 0.221873 0.242112 0.0144064
3 0.624613 0.374257 0.238707 0.232364 0.0131456
2 0.716944 0.366999 0.0250114 0.033581 0.0126113
3 0.612741 0.414153 0.244102 0.307863 0.0123339
3 0.62767 0.43044 0.26489 0.306874 0.012284
2 0.024726 0.042471 0.049452 0.084942 0.0119185
