0 0.502325 0.474039 0.751994 0.912476 0.637413
0 0.481123 0.472186 0.791017 0.908064 0.627844
0 0.481254 0.479692 0.800985 0.920468 0.590138
0 0.501892 0.480479 0.758376 0.92057 0.570328
0 0.550528 0.477687 0.669659 0.919923 0.522901
0 0.555491 0.477337 0.653234 0.912663 0.513721
0 0.483388 0.466413 0.802402 0.902175 0.460811
0 0.489195 0.478312 0.808489 0.916045 0.43071
0 0.490241 0.469645 0.799999 0.907313 0.330756
0 0.503501 0.46578 0.757077 0.898105 0.199588
5 0.355538 0.509459 0.0268005 0.029486 0.143661
5 0.355585 0.509352 0.027798 0.0301387 0.139304
5 0.355694 0.509321 0.0305616 0.0327971 0.127254
5 0.356144 0.508798 0.0305532 0.0327074 0.119553
5 0.899788 0.459769 0.0348198 0.037751 0.0689
0 0.515152 0.474508 0.852066 0.914843 0.0676532
0 0.554953 0.461046 0.663483 0.894702 0.0645392
5 0.899519 0.460566 0.0344391 0.0381854 0.062087
5 0.355716 0.508918 0.0379796 0.0407715 0.0619011
5 0.35689 0.508216 0.0363181 0.0417193 0.0592701
0 0.521019 0.470444 0.843177 0.905695 0.0505652
0 0.481752 0.501155 0.781892 0.850038 0.0477964
5 0.899748 0.460066 0.0319216 0.0354154 0.046442
5 0.899525 0.460487 0.0318316 0.03681 0.0331391
0 0.490047 0.465826 0.808535 0.90453 0.0310133
5 0.900328 0.459385 0.0377944 0.0388913 0.0305687
5 0.356091 0.507477 0.047616 0.0457945 0.0292766
5 0.358395 0.508935 0.0421263 0.0447767 0.0268337
5 0.521607 0.0753062 0.0488207 0.0505286 0.0241061
0 0.490047 0.500542 0.787142 0.849836 0.0231821
0 0.466452 0.258191 0.783036 0.48955 0.0225646
5 0.900761 0.461015 0.0374521 0.0408505 0.0214615
5 0.900398 0.461437 0.0423893 0.0443461 0.0202503
3 0.357152 0.462947 0.256703 0.369291 0.0186329
3 0.380095 0.470029 0.287242 0.39485 0.0184744
3 0.352655 0.439702 0.240281 0.316944 0.0177271
5 0.521372 0.0747315 0.0426758 0.0452094 0.0176114
0 0.481429 0.253795 0.763702 0.479713 0.0156306
1 0.193461 0.440896 0.228886 0.829717 0.0151833
5 0.353109 0.510137 0.0459221 0.040841 0.0149231
3 0.372622 0.452523 0.273218 0.352267 0.013775
0 0.490577 0.421924 0.810114 0.822977 0.0137037
0 0.486062 0.34145 0.805425 0.657814 0.0126425
5 0.521018 0.0762677 0.0443639 0.0512554 0.0126217
3 0.393131 0.463468 0.337743 0.437894 0.0124263
5 0.353701 0.513257 0.0472738 0.0517983 0.0123797
5 0.89912 0.46143 0.0439397 0.0463248 0.0122983
5 0.518613 0.0754039 0.0637161 0.0604712 0.0121051
5 0.900443 0.461516 0.0457218 0.0459797 0.0116238
5 0.351667 0.513405 0.0477337 0.0500063 0.0114603
5 0.35361 0.512885 0.0474481 0.0496792 0.0113221
5 0.520822 0.0775414 0.0729272 0.0638889 0.0113145
5 0.51864 0.0762147 0.0667565 0.0594463 0.0111635
3 0.39252 0.438006 0.329541 0.431332 0.0103285
5 0.521049 0.0739783 0.0478601 0.0492013 0.0103271
1 0.191727 0.451271 0.221353 0.7545 0.0103156
