4 0.549266 0.535062 0.534716 0.703293 0.445162
4 0.550754 0.535884 0.531913 0.702072 0.384736
4 0.549449 0.536441 0.528571 0.703766 0.37889
4 0.54971 0.534618 0.534357 0.703964 0.364634
4 0.548667 0.536339 0.537614 0.707276 0.319835
4 0.551174 0.534399 0.535576 0.70799 0.256063
4 0.551593 0.535547 0.532525 0.703742 0.247246
4 0.550179 0.535758 0.532054 0.707972 0.245941
3 0.552459 0.53424 0.534918 0.709832 0.2276
4 0.54923 0.537026 0.530788 0.709102 0.225483
2 0.393051 0.308312 0.0256488 0.0275268 0.0253651
2 0.690608 0.299371 0.020061 0.0217862 0.0206294
2 0.685979 0.331156 0.0194014 0.0227635 0.0202978
2 0.393465 0.307509 0.0288996 0.0342941 0.0198624
2 0.613904 0.250859 0.0362419 0.0281074 0.0189709
2 0.35686 0.339998 0.0187416 0.0213862 0.0179178
3 0.551069 0.518907 0.252727 0.286926 0.0171729
2 0.686 0.330463 0.0212365 0.025718 0.0160988
3 0.540367 0.504919 0.232089 0.261126 0.0158268
2 0.685278 0.331139 0.0227309 0.0266474 0.015421
2 0.685651 0.33104 0.0218531 0.0243548 0.0153486
3 0.529927 0.503512 0.209852 0.26204 0.0153018
2 0.392766 0.307 0.0305666 0.0357376 0.0146192
2 0.392879 0.308219 0.0276157 0.0286889 0.0145456
4 0.430261 0.805462 0.0424189 0.045453 0.0142557
2 0.619397 0.254102 0.0342963 0.0239798 0.0138392
3 0.572922 0.520355 0.306419 0.294324 0.0137486
2 0.616663 0.251777 0.0396797 0.0279159 0.0126426
2 0.740758 0.460104 0.0191303 0.0257743 0.0122678
2 0.615696 0.250064 0.0437658 0.0282711 0.0118836
3 0.53768 0.491245 0.222387 0.228369 0.0116472
3 0.533072 0.508126 0.220557 0.265544 0.0116226
2 0.333772 0.513939 0.0211697 0.0278921 0.0114672
3 0.562773 0.504864 0.282807 0.263947 0.0114528
4 0.48035 0.739654 0.0479426 0.0423229 0.0107915
2 0.333066 0.514545 0.02105 0.0246399 0.0107219
2 0.616468 0.252509 0.0450134 0.0334261 0.0103591
