3 0.507919 0.439362 0.511815 0.628424 0.886805
3 0.509448 0.439997 0.513871 0.626796 0.883848
3 0.506103 0.43931 0.503619 0.622746 0.882631
3 0.510749 0.439538 0.511494 0.626287 0.877431
3 0.507963 0.438951 0.502949 0.620062 0.873544
3 0.509688 0.439892 0.508393 0.624181 0.873278
3 0.508952 0.438919 0.506991 0.625625 0.868036
3 0.50897 0.438851 0.50793 0.625208 0.866802
3 0.509443 0.439195 0.50843 0.619984 0.862186
3 0.510804 0.438991 0.512169 0.627438 0.846817
5 0.825638 0.467475 0.0212326 0.026154 0.0409015
5 0.825292 0.468465 0.0261278 0.0316911 0.0244137
5 0.825493 0.467532 0.0275255 0.0328184 0.0243585
5 0.826698 0.4676 0.0248481 0.0291216 0.0147947
