3 0.434792 0.565761 0.610654 0.671276 0.869668
3 0.436461 0.563521 0.608687 0.671298 0.861957
3 0.438501 0.567031 0.613705 0.675088 0.857213
3 0.439671 0.566174 0.612447 0.673191 0.84997
3 0.435153 0.562971 0.61243 0.67153 0.831789
3 0.439996 0.563788 0.616444 0.674029 0.827613
3 0.442751 0.564467 0.619466 0.674835 0.825013
3 0.43428 0.567851 0.609076 0.668823 0.822475
3 0.43675 0.568498 0.608062 0.667959 0.821293
3 0.439915 0.568648 0.612843 0.668761 0.587756
3 0.43552 0.56422 0.60752 0.670512 0.032147
1 0.693293 0.513428 0.087579 0.442895 0.0247452
1 0.693815 0.512119 0.0869582 0.440678 0.0206918
1 0.688976 0.518892 0.0983426 0.47404 0.0113066
