1 0.44537 0.510261 0.575037 0.707453 0.87784
1 0.44835 0.510835 0.575286 0.713471 0.875503
1 0.445403 0.50984 0.575929 0.710344 0.872081
1 0.447646 0.511445 0.574195 0.713674 0.86523
1 0.444981 0.509274 0.57445 0.708967 0.859707
1 0.443169 0.510253 0.58035 0.712242 0.850748
1 0.445462 0.509305 0.575983 0.706961 0.849146
1 0.442849 0.509686 0.578436 0.706404 0.846118
1 0.445724 0.509802 0.573789 0.705167 0.842862
1 0.441821 0.510815 0.578761 0.710874 0.837982
5 0.460786 0.697119 0.0370956 0.0399074 0.314438
5 0.461847 0.697597 0.0366225 0.0402014 0.298019
5 0.46147 0.697511 0.03716 0.0409873 0.26238
5 0.460466 0.697391 0.036698 0.0403226 0.261588
5 0.559663 0.227157 0.0359544 0.038146 0.248192
5 0.461184 0.698134 0.0438872 0.0467288 0.236412
5 0.461382 0.697821 0.0435508 0.0471633 0.225269
5 0.559013 0.22716 0.0336581 0.0370269 0.219023
5 0.559854 0.226878 0.0379203 0.0398412 0.209655
5 0.558387 0.226624 0.0379721 0.0398586 0.19686
5 0.559164 0.227724 0.0301261 0.0339581 0.190869
5 0.191497 0.478762 0.0259735 0.0315321 0.188074
5 0.558849 0.227332 0.041419 0.042944 0.187195
5 0.191535 0.479355 0.0292482 0.0344786 0.186059
5 0.558268 0.227271 0.0365556 0.0389737 0.17369
5 0.19262 0.478099 0.0300674 0.0354547 0.170779
5 0.462523 0.697629 0.0448378 0.045587 0.167955
5 0.558934 0.227566 0.0360778 0.0396229 0.167323
5 0.190856 0.47766 0.0317444 0.0356331 0.166149
5 0.191869 0.477175 0.034799 0.0387374 0.159868
5 0.558007 0.226516 0.0426698 0.0442508 0.158165
5 0.460388 0.695835 0.0441322 0.0467228 0.151721
5 0.45997 0.695849 0.0426139 0.0456275 0.140769
5 0.458256 0.696073 0.0454973 0.0463646 0.139063
5 0.192211 0.479217 0.0316238 0.0364167 0.137416
5 0.1898 0.478039 0.0335945 0.0378101 0.128317
5 0.190199 0.477555 0.0352448 0.0423022 0.122547
5 0.462884 0.69783 0.0495919 0.0546616 0.117064
5 0.189865 0.476647 0.0358133 0.0386749 0.114949
5 0.462492 0.696919 0.0457797 0.0488014 0.10722
5 0.458439 0.696041 0.0455411 0.0474564 0.105462
5 0.558387 0.224179 0.0472169 0.0487533 0.0690878
5 0.623247 0.296756 0.0302911 0.0319349 0.0549763
5 0.62237 0.297349 0.024747 0.0269735 0.0531605
5 0.191121 0.473748 0.0421289 0.0484539 0.0518413
5 0.458621 0.695246 0.0501151 0.0498391 0.0497518
5 0.621869 0.296061 0.0306372 0.0323671 0.0454511
5 0.622113 0.294202 0.0380604 0.0365658 0.0443043
5 0.622379 0.29526 0.0364579 0.0371329 0.0425818
5 0.623149 0.294519 0.0334975 0.0353334 0.0413449
5 0.458695 0.697237 0.0510543 0.0558237 0.0387678
5 0.625856 0.295435 0.0375105 0.0417724 0.0334552
5 0.463768 0.69678 0.0513099 0.0566146 0.0304398
5 0.552894 0.226082 0.0502513 0.0489818 0.0303029
5 0.19278 0.474808 0.0446405 0.0546807 0.0294808
5 0.625549 0.294414 0.03423 0.0383265 0.0263528
5 0.553661 0.226124 0.0530829 0.0489953 0.0237658
5 0.557432 0.224127 0.0517919 0.0510354 0.0231954
5 0.560025 0.225193 0.0506537 0.0548228 0.0222733
5 0.563635 0.229058 0.0557743 0.0498976 0.0128745
1 0.474529 0.795097 0.406321 0.1432 0.0124174
1 0.479352 0.797957 0.41585 0.138043 0.0123482
5 0.623424 0.29416 0.0424734 0.0437495 0.0118687
