3 0.423356 0.47032 0.448905 0.583886 0.875782
3 0.419272 0.471054 0.442944 0.583898 0.864009
3 0.419537 0.470683 0.439457 0.581461 0.846538
3 0.418721 0.470017 0.439565 0.582238 0.845666
3 0.419783 0.472017 0.440412 0.583286 0.84419
3 0.420609 0.470166 0.441128 0.580769 0.825897
3 0.422059 0.470996 0.443502 0.580556 0.825555
3 0.419826 0.470679 0.438736 0.582759 0.800381
3 0.42052 0.468549 0.440112 0.579031 0.798747
3 0.421767 0.471555 0.439318 0.578185 0.776584
5 0.179879 0.375759 0.0412375 0.0598892 0.0302151
5 0.179874 0.376047 0.0461074 0.0640208 0.0275458
5 0.179558 0.375478 0.0419811 0.0606057 0.0256003
5 0.179551 0.376657 0.0444602 0.0623083 0.0223715
5 0.179594 0.376486 0.0402076 0.0594028 0.0204585
5 0.179791 0.377116 0.0395322 0.0581298 0.0150996
2 0.592995 0.412061 0.0194148 0.02026 0.0148881
5 0.179887 0.377285 0.0416183 0.0612564 0.0148116
5 0.179715 0.377481 0.0400535 0.0588346 0.0122909
5 0.17986 0.376339 0.0455167 0.065602 0.011251
