1 0.586256 0.438248 0.423387 0.545171 0.870224
1 0.585952 0.438834 0.421491 0.547891 0.866366
1 0.58578 0.439519 0.4243 0.543872 0.85551
1 0.586163 0.440634 0.422255 0.550678 0.841129
1 0.583988 0.438376 0.422363 0.546058 0.837211
1 0.583068 0.438583 0.428286 0.54555 0.830714
1 0.583894 0.438994 0.422597 0.548062 0.830466
1 0.582599 0.437802 0.427181 0.545344 0.824923
1 0.583683 0.440986 0.422752 0.550232 0.816756
1 0.583083 0.440073 0.427468 0.5495 0.810529
5 0.616858 0.106435 0.0233916 0.0229475 0.0325728
5 0.617099 0.106162 0.0250317 0.0257827 0.0265333
5 0.61767 0.1065 0.0240361 0.0240025 0.0262605
5 0.617718 0.106164 0.0259424 0.0262273 0.022171
