3 0.439238 0.471696 0.446409 0.470899 0.890207
3 0.437455 0.469606 0.447892 0.475046 0.888766
3 0.440799 0.470878 0.448858 0.474582 0.87523
3 0.441113 0.474756 0.446127 0.470579 0.874461
3 0.440009 0.472906 0.447355 0.466631 0.871391
3 0.4413 0.476002 0.44863 0.470511 0.870328
3 0.440558 0.473121 0.446442 0.472082 0.869579
3 0.441858 0.474285 0.446002 0.465962 0.868278
3 0.439486 0.470156 0.446757 0.474668 0.864697
3 0.44154 0.473996 0.447368 0.4663 0.861948
5 0.50543 0.505299 0.0216789 0.0265498 0.0311598
5 0.505442 0.505264 0.0260229 0.0315096 0.023311
5 0.237671 0.603958 0.0259128 0.0316985 0.0125229
5 0.237412 0.603706 0.0269449 0.0310474 0.0119335
5 0.237007 0.603907 0.0257517 0.0308322 0.0115444
5 0.503837 0.504914 0.030983 0.0334776 0.0113169
5 0.237735 0.603909 0.0253525 0.0307117 0.0112541
5 0.507196 0.504532 0.0291662 0.0345019 0.0111987
5 0.503748 0.505716 0.0288462 0.0321187 0.0108085
