3 0.497714 0.439974 0.36856 0.429563 0.829515
3 0.497343 0.440426 0.369755 0.429101 0.801667
3 0.497579 0.440141 0.369876 0.427661 0.781597
3 0.498435 0.439931 0.36864 0.430421 0.758013
3 0.500336 0.440162 0.367527 0.429438 0.75246
3 0.49953 0.440264 0.367621 0.42819 0.732475
3 0.499747 0.440073 0.368988 0.430829 0.70829
3 0.499981 0.439485 0.376571 0.428465 0.658066
3 0.500258 0.439631 0.373131 0.427446 0.61862
3 0.50114 0.439338 0.376003 0.430522 0.560763
3 0.465925 0.429738 0.240605 0.28045 0.0861091
3 0.461243 0.429445 0.226229 0.279456 0.0855167
3 0.466232 0.430998 0.24753 0.264868 0.0294847
3 0.466931 0.427623 0.217848 0.241182 0.0227402
3 0.459305 0.42941 0.220378 0.254821 0.0214527
1 0.502926 0.60475 0.37044 0.106404 0.020635
1 0.340123 0.446538 0.0539674 0.289342 0.0188661
1 0.339377 0.441522 0.0555602 0.269822 0.0175962
1 0.339117 0.401271 0.0593457 0.229543 0.0131233
3 0.459494 0.431984 0.210493 0.251542 0.0126925
3 0.436759 0.428628 0.18007 0.277996 0.012562
1 0.339537 0.391424 0.0589124 0.211864 0.0124971
0 0.506086 0.917259 0.745754 0.164486 0.011738
1 0.487203 0.601425 0.402443 0.111694 0.0106379
1 0.498039 0.605217 0.336837 0.106742 0.0100741
