1 0.480747 0.552594 0.500138 0.564177 0.366226
1 0.482859 0.55149 0.498744 0.560522 0.343905
5 0.488552 0.573561 0.0344187 0.0356526 0.312455
5 0.555326 0.560726 0.0243988 0.028424 0.303974
5 0.55636 0.560633 0.026669 0.0302235 0.295633
5 0.488893 0.573585 0.0303263 0.033684 0.284539
5 0.488519 0.573103 0.0303511 0.0344403 0.272201
3 0.47864 0.545577 0.493582 0.543935 0.26131
1 0.483307 0.551704 0.500727 0.561797 0.257493
3 0.480659 0.548078 0.498871 0.550845 0.254967
5 0.489005 0.573273 0.028776 0.0322206 0.245712
5 0.488186 0.572126 0.0346738 0.0365255 0.219589
3 0.477388 0.545346 0.498974 0.544873 0.217221
5 0.554878 0.560402 0.0279254 0.0293906 0.201858
3 0.480717 0.549713 0.498213 0.556331 0.194519
1 0.481331 0.55012 0.500027 0.557417 0.194156
1 0.481573 0.55024 0.499309 0.555168 0.189975
5 0.489274 0.572604 0.0340517 0.036121 0.189225
5 0.545692 0.585318 0.0187462 0.0214844 0.140248
5 0.556195 0.559883 0.0318114 0.0335047 0.14012
5 0.55347 0.561075 0.031406 0.0331023 0.133531
3 0.477599 0.548825 0.501303 0.553046 0.122967
5 0.490517 0.574161 0.0398244 0.0395291 0.114301
5 0.555712 0.55885 0.0333708 0.0327835 0.110374
5 0.491557 0.572251 0.03831 0.0374339 0.0957656
5 0.492385 0.572223 0.0413918 0.0400622 0.0786614
5 0.557483 0.582931 0.0351697 0.0318633 0.063667
5 0.557598 0.563625 0.0364613 0.041374 0.0571192
5 0.485282 0.572231 0.0441098 0.043124 0.0486989
5 0.557203 0.560469 0.0360873 0.0379054 0.0453259
5 0.561005 0.587799 0.0271518 0.029429 0.0446027
5 0.560899 0.582739 0.0307103 0.0371864 0.0439597
3 0.57269 0.496699 0.2824 0.347884 0.0392613
5 0.485504 0.571501 0.0458977 0.0442332 0.0384763
5 0.556938 0.562034 0.0402072 0.0446546 0.0375821
5 0.549712 0.585954 0.0336898 0.0315016 0.0374272
5 0.484947 0.572291 0.0443519 0.0455969 0.0371324
1 0.478099 0.554422 0.497036 0.566183 0.0300688
3 0.563616 0.501708 0.27355 0.332606 0.0278922
5 0.563526 0.587503 0.0280714 0.0331343 0.0237731
5 0.545175 0.585908 0.0320499 0.0321005 0.0233335
5 0.361284 0.623802 0.0219996 0.0232232 0.0224429
5 0.549495 0.58326 0.0465549 0.0459289 0.0183785
3 0.553536 0.493309 0.284376 0.312479 0.0163827
3 0.520884 0.496607 0.348475 0.296631 0.0159588
3 0.572767 0.505194 0.276304 0.330673 0.0158533
3 0.578351 0.488405 0.270979 0.329767 0.015695
3 0.532513 0.501691 0.331934 0.317719 0.0155998
1 0.444665 0.733076 0.401777 0.185736 0.0150285
1 0.449174 0.757195 0.40549 0.151931 0.0145277
3 0.572064 0.507451 0.252913 0.302244 0.01449
1 0.458289 0.761775 0.442337 0.142438 0.0141657
5 0.488142 0.575541 0.0454359 0.0535269 0.0114779
1 0.451966 0.73824 0.449208 0.180756 0.0112648
5 0.361559 0.623059 0.0279787 0.030947 0.0108217
1 0.438084 0.732632 0.399466 0.182422 0.0106081
1 0.421531 0.73035 0.366489 0.189159 0.0103943
1 0.417277 0.73327 0.360609 0.179012 0.0102147
