2 0.624554 0.380008 0.0759777 0.0713661 0.77054
2 0.624444 0.380129 0.0766625 0.0690359 0.768946
2 0.624139 0.379984 0.0741527 0.0685121 0.761613
2 0.624083 0.379491 0.0758716 0.0688381 0.760828
2 0.624498 0.37967 0.0765321 0.0687304 0.747891
2 0.624807 0.38062 0.0752381 0.0700373 0.72509
2 0.623452 0.378707 0.0763816 0.0689907 0.721266
2 0.673754 0.448136 0.0460831 0.0490486 0.615883
2 0.623976 0.379341 0.0761483 0.071106 0.595222
2 0.674082 0.448485 0.0457553 0.0496138 0.57768
2 0.67388 0.448441 0.0452776 0.0496939 0.569572
2 0.673651 0.448391 0.0457537 0.0496007 0.542972
2 0.673718 0.448315 0.0454725 0.0501619 0.518357
2 0.673763 0.448559 0.045587 0.0494003 0.505767
2 0.624292 0.379567 0.0740075 0.065978 0.499731
2 0.67422 0.447927 0.0466503 0.0515542 0.497709
2 0.673795 0.448182 0.0461212 0.0510345 0.448038
2 0.371204 0.39218 0.0340762 0.0411561 0.444852
2 0.371437 0.392174 0.0316738 0.0405606 0.432402
2 0.371465 0.392242 0.0314877 0.0407688 0.432318
2 0.674084 0.448112 0.0474455 0.0517542 0.416676
2 0.371085 0.392115 0.0327338 0.0411703 0.40726
2 0.67373 0.448256 0.0458211 0.0510322 0.406841
2 0.624712 0.380545 0.0731993 0.0662432 0.37814
2 0.623426 0.379363 0.076551 0.0678357 0.376174
2 0.371517 0.391434 0.0331867 0.0417333 0.348418
2 0.674128 0.447967 0.0461012 0.0504201 0.325793
2 0.370983 0.391692 0.0346539 0.0428238 0.309931
2 0.486106 0.414414 0.0336918 0.0315384 0.260814
2 0.486295 0.414445 0.0330177 0.0317332 0.232866
2 0.624567 0.378174 0.0844863 0.0702521 0.222753
2 0.486027 0.413412 0.0362495 0.0330698 0.184928
2 0.486425 0.413716 0.0351277 0.0333113 0.181232
2 0.486132 0.414771 0.0359202 0.0332278 0.173424
2 0.624487 0.380254 0.0742629 0.068199 0.171197
2 0.485862 0.414937 0.035921 0.033746 0.155855
2 0.372431 0.392239 0.0372835 0.0428826 0.117501
2 0.372318 0.391509 0.0373829 0.0445965 0.0982747
2 0.623332 0.37648 0.0809491 0.0683013 0.0875921
2 0.369831 0.392968 0.0396234 0.0484838 0.0494001
2 0.672763 0.447637 0.0526053 0.0553003 0.046686
4 0.496287 0.517508 0.539211 0.503945 0.044207
2 0.484201 0.414123 0.0410869 0.035095 0.0413359
2 0.372814 0.3915 0.0387302 0.046978 0.0407434
2 0.379117 0.560995 0.0218505 0.0249487 0.035888
4 0.497229 0.517381 0.537172 0.510404 0.0352588
4 0.499937 0.517742 0.545051 0.511189 0.0350308
4 0.493681 0.516287 0.533791 0.507145 0.0340559
4 0.500559 0.518441 0.548295 0.506437 0.0318676
2 0.673039 0.447592 0.0526321 0.0525364 0.0296595
2 0.484211 0.413316 0.0415577 0.0377838 0.0263861
2 0.370729 0.392365 0.0416054 0.0499789 0.0247954
2 0.488633 0.413637 0.0412543 0.0375409 0.0242694
4 0.493998 0.515641 0.542707 0.513004 0.0237015
2 0.67538 0.449137 0.0515213 0.0594806 0.0231744
2 0.488564 0.415925 0.0420972 0.0385484 0.0220665
2 0.380372 0.561045 0.0232775 0.0267153 0.0216219
4 0.499122 0.516914 0.546839 0.514217 0.0209005
4 0.49885 0.517822 0.542435 0.511784 0.0207902
2 0.484405 0.413674 0.0424384 0.0390178 0.0153394
2 0.367083 0.391516 0.0454378 0.0481709 0.0149439
2 0.378243 0.561281 0.0269849 0.0298384 0.0148737
4 0.493838 0.515433 0.544419 0.517296 0.0144321
2 0.367015 0.391436 0.0451436 0.0479829 0.0142306
2 0.40999 0.487506 0.0305748 0.0346493 0.0128925
2 0.627113 0.377638 0.0883891 0.0765611 0.0118547
2 0.409212 0.486801 0.0314877 0.0352311 0.0117391
2 0.37198 0.392566 0.0449868 0.055224 0.0112686
2 0.489855 0.414343 0.0399036 0.0410967 0.0107778
2 0.409986 0.487146 0.0304194 0.0360854 0.0106044
4 0.492835 0.517117 0.540256 0.506146 0.0100778
2 0.379758 0.561526 0.0257769 0.0313667 0.010041
