1 0.507603 0.493699 0.412053 0.53303 0.739564
1 0.503121 0.491458 0.413876 0.54206 0.733083
1 0.502231 0.491594 0.413872 0.540399 0.724198
1 0.503239 0.494295 0.420886 0.531622 0.699109
1 0.508378 0.494055 0.414856 0.529484 0.692196
1 0.503044 0.494734 0.415499 0.530923 0.653713
1 0.50297 0.494691 0.414815 0.5315 0.616634
1 0.504954 0.494434 0.418901 0.529033 0.586952
1 0.503382 0.494495 0.418417 0.531165 0.541032
1 0.503504 0.494862 0.424082 0.531985 0.467809
1 0.508215 0.491894 0.406382 0.543973 0.228916
3 0.469499 0.419597 0.313905 0.3062 0.0162761
3 0.46947 0.428452 0.266692 0.282282 0.0114541
3 0.526311 0.4499 0.307476 0.254034 0.01145
