5 0.474957 0.50485 0.105296 0.134603 0.883613
5 0.474348 0.50581 0.103909 0.135022 0.882742
5 0.474263 0.506149 0.102434 0.134057 0.87484
5 0.474589 0.504993 0.104121 0.134224 0.864687
5 0.47398 0.506707 0.103373 0.137862 0.837814
5 0.475046 0.506208 0.100653 0.13597 0.795371
5 0.565395 0.266195 0.0676773 0.0814498 0.764665
5 0.565885 0.266345 0.0688224 0.079679 0.743336
5 0.565713 0.266314 0.0690747 0.0799776 0.74247
5 0.679672 0.669584 0.0634864 0.083273 0.732436
5 0.565094 0.26617 0.0677723 0.0818832 0.72404
5 0.679401 0.669114 0.0643523 0.0855302 0.71776
5 0.537938 0.759469 0.0968638 0.0741509 0.687274
5 0.5652 0.266252 0.0670965 0.0809938 0.681016
5 0.538408 0.759049 0.0942633 0.0740273 0.672305
5 0.538602 0.760033 0.0946538 0.0706678 0.660314
5 0.565432 0.265641 0.071115 0.0822178 0.658632
5 0.679138 0.669709 0.0614572 0.0832132 0.656257
5 0.679773 0.669113 0.0630045 0.0854626 0.64487
5 0.539373 0.758924 0.0960975 0.0713122 0.639946
5 0.677919 0.669171 0.0590752 0.0861273 0.632148
5 0.538622 0.760073 0.0979796 0.072475 0.628053
5 0.6776 0.669828 0.0581406 0.0825153 0.624844
5 0.679093 0.669793 0.0614941 0.0816984 0.601045
5 0.564955 0.265799 0.0657276 0.0796776 0.589354
5 0.539415 0.759676 0.0970224 0.0721526 0.579996
5 0.537285 0.759857 0.0924279 0.0766232 0.563539
5 0.565064 0.266641 0.0705663 0.0826426 0.542596
5 0.679344 0.669652 0.0622392 0.0825858 0.487938
0 0.567278 0.511648 0.477468 0.590607 0.450472
5 0.537772 0.760485 0.0951139 0.0761288 0.443357
5 0.678546 0.670196 0.0599763 0.0844279 0.401375
5 0.475526 0.504397 0.104255 0.136663 0.399908
0 0.565319 0.513335 0.482423 0.583451 0.383784
5 0.475169 0.506451 0.103557 0.138023 0.373154
5 0.679717 0.669574 0.0634163 0.0847908 0.370781
0 0.570595 0.512819 0.486813 0.591506 0.370199
5 0.538216 0.759903 0.0930755 0.0712732 0.356471
5 0.679801 0.669205 0.0630794 0.0845477 0.355518
0 0.56902 0.509879 0.501324 0.5872 0.338686
5 0.539782 0.760094 0.0924024 0.0708405 0.336527
5 0.537823 0.760185 0.0943271 0.0718701 0.335263
5 0.565586 0.266145 0.0717126 0.0814378 0.333428
0 0.564793 0.513215 0.486228 0.586904 0.315201
5 0.566469 0.266641 0.0699547 0.080122 0.290802
0 0.563419 0.513918 0.488026 0.591362 0.261926
5 0.537871 0.757589 0.0919928 0.0729828 0.242625
0 0.557961 0.512316 0.48162 0.582203 0.226995
3 0.554032 0.516849 0.473781 0.572909 0.218561
5 0.563941 0.265715 0.0731731 0.0837098 0.216248
5 0.475418 0.505789 0.102137 0.133711 0.212455
3 0.558252 0.517652 0.48504 0.584261 0.195088
5 0.474517 0.504085 0.103568 0.136135 0.194019
0 0.557767 0.517461 0.486275 0.586587 0.18042
3 0.47283 0.505398 0.0956528 0.131714 0.161865
5 0.56644 0.266843 0.0722158 0.0825531 0.12009
5 0.564849 0.266452 0.0738021 0.0833433 0.119947
3 0.47495 0.505445 0.10266 0.139282 0.0772524
1 0.528694 0.145028 0.399997 0.122904 0.0765821
5 0.565816 0.267156 0.0642194 0.0771516 0.0691118
5 0.22909 0.380706 0.0343519 0.0474832 0.0673966
5 0.679103 0.66732 0.0602823 0.0796189 0.0581557
3 0.487286 0.669696 0.307102 0.238422 0.0576949
5 0.541726 0.75852 0.0907302 0.0697238 0.0576195
1 0.524731 0.146015 0.409072 0.125652 0.0531144
5 0.678492 0.668849 0.0611462 0.084921 0.0517257
5 0.229246 0.382175 0.0326629 0.047963 0.0496458
3 0.472152 0.505108 0.0927813 0.134031 0.0481898
1 0.525905 0.146288 0.393993 0.121144 0.0479284
3 0.472835 0.504765 0.0978641 0.133855 0.0463913
5 0.229084 0.382101 0.0304165 0.044858 0.0437895
5 0.228215 0.382003 0.035616 0.0502044 0.0411569
1 0.516347 0.175897 0.504139 0.163546 0.0402814
5 0.22845 0.381555 0.0305311 0.0452355 0.0402482
0 0.486235 0.673442 0.30296 0.23188 0.0399355
5 0.230001 0.381475 0.0364674 0.0495403 0.0396093
0 0.634764 0.456294 0.255096 0.369345 0.0392169
1 0.525564 0.143766 0.384475 0.117723 0.0381663
0 0.626738 0.463002 0.263916 0.372204 0.0380573
5 0.537235 0.760402 0.0875893 0.0708094 0.0374706
5 0.536749 0.759353 0.0961872 0.074027 0.0362142
5 0.228539 0.38221 0.0346488 0.0464563 0.0354553
0 0.477292 0.674761 0.277154 0.225702 0.0338889
1 0.265989 0.620709 0.138358 0.536973 0.0338119
0 0.623605 0.462873 0.267894 0.384267 0.0323651
0 0.478778 0.673692 0.282285 0.231348 0.0311442
1 0.530937 0.170709 0.474677 0.146899 0.0302292
5 0.231008 0.381441 0.0425409 0.0542903 0.0302153
5 0.230037 0.382397 0.0354858 0.0470161 0.0287
5 0.228643 0.380904 0.0344745 0.0462542 0.0280789
1 0.260921 0.614307 0.127507 0.483534 0.0279539
1 0.516527 0.20445 0.498899 0.214504 0.0272443
1 0.524721 0.166549 0.454509 0.140494 0.0260091
1 0.264334 0.608268 0.137288 0.490146 0.024839
0 0.634678 0.460044 0.256324 0.387675 0.0248316
1 0.525096 0.143825 0.383052 0.113276 0.0247488
1 0.263851 0.619591 0.131124 0.51909 0.0243934
1 0.555606 0.891505 0.41753 0.160918 0.0235568
1 0.269248 0.615925 0.136569 0.606177 0.023126
3 0.49551 0.667578 0.296341 0.247885 0.0224912
5 0.229787 0.380802 0.0383054 0.0488286 0.0218728
1 0.529724 0.14928 0.39436 0.129764 0.0213664
3 0.497801 0.665199 0.299607 0.24855 0.0211855
1 0.259065 0.587609 0.124958 0.464034 0.0209881
1 0.518408 0.144819 0.378029 0.124707 0.0207684
1 0.471063 0.17682 0.607651 0.185112 0.0201321
3 0.512482 0.375505 0.530063 0.362608 0.0198708
3 0.488981 0.673523 0.305129 0.242945 0.0193987
1 0.512429 0.149845 0.377521 0.119505 0.0185188
1 0.754054 0.645501 0.136355 0.503736 0.0182751
1 0.529599 0.195998 0.484728 0.197194 0.0176482
1 0.757195 0.648774 0.127343 0.540336 0.0173407
1 0.538768 0.166825 0.467257 0.15401 0.016977
1 0.577281 0.89222 0.376529 0.160463 0.0168802
5 0.67734 0.668245 0.0733143 0.0935713 0.0158706
1 0.55311 0.891488 0.408921 0.157211 0.0151768
5 0.230167 0.382188 0.0388184 0.0518379 0.0150729
1 0.272861 0.634001 0.13377 0.601999 0.0150417
1 0.502201 0.21077 0.540716 0.227078 0.0149394
5 0.563932 0.265322 0.0732191 0.0832032 0.0145941
5 0.564641 0.268112 0.062963 0.072984 0.0145034
1 0.266448 0.603609 0.132809 0.56328 0.0139959
1 0.25764 0.535211 0.122695 0.511127 0.0138937
1 0.756601 0.647908 0.126852 0.54757 0.0135825
1 0.476769 0.871006 0.434603 0.164987 0.0130501
1 0.460354 0.871236 0.402478 0.168178 0.013028
1 0.485937 0.154088 0.340308 0.120115 0.0126087
1 0.53058 0.154987 0.417377 0.13282 0.012269
1 0.539009 0.892393 0.442992 0.158384 0.0118898
0 0.639109 0.456577 0.241066 0.366198 0.0117229
1 0.530483 0.189339 0.464537 0.183984 0.0116546
1 0.537033 0.890962 0.448219 0.161498 0.0116394
0 0.494112 0.668309 0.28345 0.228625 0.0115726
0 0.457727 0.669718 0.245313 0.233816 0.0114935
1 0.2771 0.649327 0.134751 0.570427 0.0113471
0 0.633039 0.460056 0.252586 0.368082 0.0112428
1 0.524088 0.159252 0.405227 0.132302 0.0110103
1 0.255894 0.483048 0.120768 0.548176 0.0106633
1 0.526318 0.153248 0.417074 0.132017 0.0106411
1 0.494763 0.878465 0.431668 0.161084 0.0101869
