2 0.591607 0.469407 0.0661152 0.0965913 0.653058
2 0.594544 0.469064 0.0736585 0.0960864 0.629855
2 0.593412 0.468598 0.0708985 0.096757 0.610379
2 0.590463 0.469875 0.0644318 0.0960246 0.593058
2 0.593994 0.468868 0.0720908 0.096817 0.586059
2 0.594245 0.469126 0.0717788 0.0943624 0.574045
2 0.588231 0.469344 0.065171 0.0946418 0.553553
2 0.586753 0.46972 0.0522262 0.0946782 0.546748
2 0.585439 0.469396 0.0529444 0.0965245 0.492583
2 0.592147 0.469065 0.070916 0.0961354 0.416369
2 0.665635 0.719641 0.0371562 0.0534513 0.40654
2 0.586293 0.553896 0.0920721 0.0853852 0.386469
2 0.59023 0.512513 0.0917812 0.199686 0.383442
2 0.587265 0.554068 0.0972066 0.0868557 0.368199
2 0.58645 0.469135 0.0584406 0.0952038 0.366672
2 0.665182 0.720059 0.0354594 0.0540312 0.361007
2 0.665317 0.719726 0.0358289 0.0529856 0.352845
2 0.665564 0.719687 0.0373696 0.0534586 0.341269
2 0.589083 0.552666 0.103833 0.0895502 0.340599
2 0.664579 0.719418 0.0398624 0.0584838 0.331559
2 0.66465 0.719863 0.0379536 0.0538802 0.317894
2 0.664592 0.71941 0.0407823 0.0550301 0.311247
2 0.665663 0.719888 0.0395204 0.0550465 0.309807
2 0.587935 0.509157 0.103277 0.18876 0.308074
2 0.581811 0.55483 0.0835936 0.0850412 0.304179
2 0.593098 0.46798 0.0761859 0.0987799 0.274536
2 0.593918 0.470349 0.0797238 0.102801 0.273243
2 0.586821 0.554107 0.0923707 0.0806833 0.269241
2 0.586056 0.554908 0.0754511 0.0807822 0.25453
2 0.581398 0.555694 0.0829818 0.0845955 0.233847
2 0.590638 0.551522 0.100619 0.0869605 0.21549
2 0.587766 0.553818 0.0986736 0.0831016 0.214108
2 0.592725 0.550011 0.0984288 0.0961248 0.209111
2 0.66538 0.719504 0.0428211 0.0560879 0.19737
2 0.664587 0.718972 0.0382779 0.0605642 0.190414
2 0.587743 0.513126 0.100121 0.181788 0.186347
2 0.592635 0.512716 0.0899674 0.198956 0.181388
2 0.591609 0.512536 0.10451 0.196437 0.168181
2 0.620402 0.551525 0.0393015 0.0903401 0.162957
2 0.609043 0.549986 0.0634646 0.0865653 0.14309
2 0.619947 0.549416 0.0394833 0.0842074 0.133193
2 0.580443 0.553893 0.0775273 0.0811803 0.132387
2 0.619294 0.54973 0.0368795 0.0861554 0.111753
2 0.595133 0.467896 0.0785915 0.0991357 0.111495
2 0.589013 0.510266 0.114969 0.192367 0.107995
2 0.621882 0.549973 0.0353773 0.0853245 0.0942186
2 0.586983 0.533615 0.108138 0.140245 0.0927131
2 0.620456 0.549422 0.0354417 0.0840951 0.079736
2 0.664197 0.71902 0.0494802 0.0672624 0.0777631
2 0.664714 0.718984 0.0489239 0.0666588 0.0739583
2 0.573051 0.551928 0.0671138 0.0800775 0.0654938
2 0.585885 0.469214 0.048795 0.0947409 0.0648471
2 0.593427 0.514851 0.0855263 0.202773 0.0641365
1 0.659025 0.54928 0.530485 0.617842 0.0598258
2 0.618047 0.551165 0.0553561 0.0904505 0.0505474
2 0.616055 0.551435 0.0643925 0.0945794 0.0435368
2 0.592008 0.470075 0.0685111 0.096495 0.043416
2 0.583793 0.553142 0.0864766 0.0875381 0.0427199
1 0.662141 0.548075 0.540218 0.613595 0.0411776
2 0.597573 0.467992 0.0877957 0.102362 0.0409698
2 0.588168 0.470246 0.0438628 0.0921463 0.0407077
1 0.65942 0.550159 0.532359 0.625535 0.0403054
2 0.572186 0.553127 0.0641425 0.0782543 0.0402107
2 0.585079 0.547065 0.101856 0.111002 0.0400031
1 0.664893 0.546846 0.543554 0.609391 0.038434
2 0.593959 0.484429 0.0804256 0.133561 0.0372386
1 0.657352 0.55109 0.532963 0.63021 0.0346378
1 0.66419 0.551539 0.540675 0.626878 0.0321067
2 0.57063 0.55301 0.0604093 0.0769965 0.0289779
2 0.598236 0.514713 0.0961424 0.205593 0.0282876
2 0.621308 0.54942 0.0487763 0.0900948 0.0261386
1 0.661357 0.551242 0.539437 0.628816 0.0251592
2 0.665946 0.718384 0.0466967 0.0638639 0.0228268
2 0.563486 0.552108 0.0525347 0.0782448 0.0225047
2 0.598757 0.480405 0.0894809 0.128255 0.0220834
2 0.591175 0.513878 0.0817968 0.199031 0.0219952
1 0.655979 0.550947 0.53768 0.625438 0.021612
1 0.66415 0.552064 0.539356 0.621278 0.0194475
5 0.650595 0.8227 0.0230287 0.0221829 0.0192951
2 0.559735 0.552174 0.0362547 0.074957 0.0187913
2 0.589193 0.524888 0.118412 0.159072 0.0183648
2 0.621952 0.547293 0.0318055 0.0813482 0.0181228
2 0.612734 0.550041 0.0569295 0.0869654 0.0162426
1 0.661248 0.551415 0.539831 0.623445 0.0161709
2 0.621718 0.547247 0.0365557 0.0924616 0.0160132
2 0.605304 0.550449 0.0653652 0.0849013 0.015056
2 0.594216 0.467329 0.0666533 0.0935594 0.0115993
2 0.558776 0.551597 0.0419829 0.0771212 0.0110859
2 0.748199 0.548439 0.0232689 0.0329078 0.0107087
