3 0.518246 0.456687 0.529357 0.504 0.505635
3 0.517483 0.455938 0.532917 0.50707 0.416673
3 0.518842 0.456574 0.530028 0.507148 0.398349
3 0.51949 0.4546 0.53697 0.509329 0.394147
3 0.520265 0.454297 0.536453 0.506751 0.348295
3 0.520941 0.455441 0.537319 0.50953 0.343599
0 0.518088 0.456831 0.532274 0.506492 0.307213
3 0.520574 0.458261 0.525094 0.502631 0.297748
3 0.519836 0.452516 0.534082 0.509664 0.276768
4 0.519489 0.454119 0.535567 0.511048 0.129469
3 0.517406 0.45666 0.532842 0.508601 0.0635451
5 0.526098 0.291043 0.0430145 0.0302431 0.0391609
5 0.526818 0.290854 0.0432358 0.0333937 0.0326193
5 0.527515 0.291129 0.0425082 0.0332342 0.0266479
5 0.527158 0.29065 0.0467751 0.0360898 0.0204252
5 0.527622 0.291259 0.0429969 0.0348025 0.019471
0 0.529383 0.258578 0.428167 0.0994578 0.0123611
5 0.527364 0.29115 0.0465245 0.0367079 0.0112243
0 0.538624 0.260194 0.396317 0.101332 0.0107368
