3 0.399765 0.370551 0.419754 0.585076 0.837866
3 0.399406 0.371816 0.419082 0.578512 0.829862
3 0.399871 0.373768 0.425237 0.579579 0.818984
3 0.400283 0.367395 0.422652 0.58843 0.818696
3 0.400218 0.370087 0.421588 0.579203 0.81743
3 0.400691 0.366423 0.42349 0.601181 0.767139
3 0.404675 0.362811 0.416058 0.596312 0.763965
3 0.401064 0.366865 0.421958 0.596213 0.759522
3 0.40423 0.368596 0.414088 0.584608 0.751066
3 0.400528 0.374594 0.422272 0.569983 0.658245
3 0.404482 0.36194 0.41954 0.612257 0.0527312
3 0.341851 0.289547 0.27914 0.344388 0.0453207
3 0.333976 0.304702 0.276909 0.313014 0.0344174
3 0.34449 0.305254 0.293382 0.351986 0.0264934
3 0.336151 0.291148 0.270233 0.325131 0.0213773
3 0.343123 0.27226 0.26636 0.315604 0.0158519
3 0.45379 0.451029 0.0934079 0.0726552 0.0122639
2 0.477391 0.0499658 0.0204303 0.0254862 0.0113722
