3 0.479504 0.481344 0.472115 0.564458 0.892871
3 0.480868 0.479813 0.465912 0.56141 0.889996
3 0.482214 0.481869 0.471923 0.564138 0.886367
3 0.477098 0.479805 0.477535 0.563998 0.857986
3 0.479609 0.480706 0.478447 0.56521 0.853722
3 0.480132 0.477062 0.469013 0.566264 0.847246
3 0.484899 0.479708 0.489693 0.565737 0.826593
3 0.478627 0.474958 0.478501 0.560384 0.768754
3 0.474261 0.47411 0.484137 0.564956 0.767944
3 0.476434 0.473805 0.474692 0.567979 0.718898
1 0.494033 0.164482 0.334317 0.0765875 0.398781
1 0.491909 0.16529 0.321092 0.0728255 0.338257
1 0.49091 0.163529 0.331892 0.0806225 0.260321
