4 0.622589 0.413011 0.504217 0.648848 0.857122
4 0.622904 0.415443 0.503492 0.646068 0.838638
4 0.626139 0.412575 0.508887 0.649587 0.829383
4 0.622907 0.41418 0.505643 0.651553 0.821709
4 0.627545 0.413863 0.503894 0.64965 0.819867
4 0.626913 0.415766 0.508821 0.648252 0.793223
4 0.626795 0.414894 0.508185 0.652794 0.782558
4 0.626483 0.415715 0.502736 0.64793 0.780449
4 0.627892 0.414003 0.504621 0.650265 0.701317
4 0.626335 0.416117 0.497817 0.643676 0.332884
4 0.624699 0.413962 0.494054 0.643093 0.187006
4 0.619634 0.130033 0.17757 0.0670027 0.0217857
2 0.580775 0.225796 0.0227321 0.0394458 0.0215213
2 0.579233 0.219967 0.0266968 0.0517984 0.0213935
2 0.580012 0.220253 0.0266384 0.0526426 0.020851
2 0.578913 0.218751 0.0257255 0.0527611 0.0195709
2 0.579804 0.222911 0.0253945 0.0440371 0.0194782
2 0.424296 0.536213 0.0194149 0.0267962 0.017445
2 0.594392 0.275132 0.0305686 0.0369617 0.017215
2 0.767144 0.626943 0.0351853 0.0414126 0.0170546
2 0.765009 0.627697 0.0334961 0.03962 0.0151
4 0.631165 0.128275 0.185013 0.0629379 0.0135777
4 0.609012 0.131296 0.173383 0.0699241 0.0132741
5 0.0378191 0.968019 0.0742834 0.0639618 0.0126255
2 0.546178 0.233476 0.0263523 0.0232945 0.0126155
5 0.0379863 0.968677 0.0711926 0.0626465 0.0125504
2 0.57798 0.215321 0.0236377 0.0447147 0.0119913
2 0.732425 0.649821 0.039979 0.051881 0.0114799
4 0.664318 0.127332 0.171723 0.0670772 0.0114297
2 0.54205 0.341371 0.0327337 0.0392162 0.0113148
2 0.759439 0.238506 0.0267895 0.0358199 0.0112205
2 0.767633 0.627191 0.0358262 0.0409518 0.0111551
2 0.733293 0.648933 0.0426641 0.053772 0.0109457
2 0.593761 0.274741 0.0307359 0.0376205 0.0109238
2 0.594967 0.274706 0.0298932 0.0357116 0.0108243
4 0.675467 0.127641 0.163723 0.0681875 0.0104239
