0 0.500933 0.616962 0.457638 0.510482 0.554134
0 0.494489 0.617105 0.469643 0.514485 0.548522
0 0.500641 0.621598 0.456995 0.506368 0.507913
0 0.508014 0.619015 0.438606 0.502438 0.480483
0 0.499125 0.618588 0.456777 0.506987 0.467686
0 0.50966 0.623884 0.433071 0.492753 0.434286
0 0.505867 0.616252 0.43717 0.502376 0.39119
0 0.49762 0.610076 0.458947 0.516766 0.382985
0 0.506599 0.622624 0.432015 0.489153 0.250185
3 0.472107 0.59118 0.319882 0.390255 0.199399
0 0.503256 0.586103 0.458226 0.577156 0.154842
3 0.491019 0.595001 0.337901 0.402625 0.14466
3 0.472016 0.576023 0.308901 0.363601 0.136956
3 0.454052 0.580462 0.27334 0.360973 0.11513
3 0.490741 0.581857 0.32523 0.378201 0.112208
2 0.673545 0.510914 0.129153 0.347329 0.111787
2 0.669111 0.483581 0.13211 0.296145 0.0893177
2 0.671395 0.50327 0.127706 0.335676 0.0886415
0 0.503219 0.597361 0.454365 0.537496 0.0774278
3 0.467695 0.591615 0.314659 0.426378 0.0758493
0 0.486014 0.577327 0.488728 0.594229 0.074259
2 0.678715 0.528596 0.117736 0.380236 0.0733894
2 0.66732 0.49441 0.142579 0.31937 0.070201
0 0.48443 0.562608 0.498346 0.610535 0.0667019
2 0.253175 0.745777 0.0340029 0.0321651 0.0619926
3 0.453283 0.564775 0.266338 0.336262 0.061566
3 0.495905 0.592491 0.327545 0.39942 0.0582253
1 0.473627 0.316998 0.414906 0.140262 0.054785
2 0.661134 0.458367 0.148577 0.269241 0.0503117
3 0.448446 0.584935 0.262975 0.383316 0.0494358
3 0.485819 0.594206 0.337335 0.450467 0.0475066
0 0.482359 0.557776 0.499596 0.632664 0.046034
2 0.253657 0.744933 0.0351929 0.03539 0.0443278
2 0.253242 0.744644 0.0417219 0.0402736 0.0435319
1 0.474997 0.3166 0.419433 0.142338 0.0429615
3 0.497643 0.58144 0.306519 0.376579 0.0417821
0 0.755514 0.835681 0.128231 0.139699 0.0414638
2 0.675636 0.524 0.119431 0.37408 0.0414118
3 0.468088 0.611553 0.314836 0.431988 0.0397153
3 0.432999 0.57729 0.241529 0.35131 0.0393319
0 0.654316 0.429773 0.163475 0.244397 0.0386821
0 0.654121 0.413089 0.160027 0.266657 0.034924
0 0.758897 0.837503 0.134228 0.144223 0.0339707
0 0.644665 0.392248 0.168579 0.261374 0.0336858
2 0.184433 0.690757 0.0531268 0.0920232 0.0325438
5 0.25362 0.744046 0.0415266 0.038001 0.0321647
5 0.518691 0.437504 0.0160154 0.0182598 0.0319457
0 0.481531 0.560491 0.501874 0.63456 0.0310757
2 0.252491 0.746039 0.0370237 0.0341006 0.0296353
1 0.466461 0.317893 0.387977 0.14148 0.0286513
0 0.481616 0.560237 0.504149 0.632125 0.0274586
3 0.484739 0.553525 0.292337 0.322174 0.0273057
2 0.682659 0.529378 0.109128 0.383025 0.0270764
3 0.430027 0.586597 0.235803 0.368245 0.0269189
3 0.510618 0.588416 0.298918 0.384713 0.0267276
5 0.254367 0.74485 0.0396739 0.0358762 0.0263527
3 0.470618 0.543587 0.271212 0.298205 0.0261651
2 0.679517 0.514367 0.116051 0.355179 0.0247905
0 0.502617 0.581674 0.460251 0.591089 0.023955
3 0.447928 0.600365 0.261934 0.389519 0.0229753
2 0.333206 0.81491 0.242727 0.150085 0.0229375
3 0.466772 0.620992 0.306609 0.39234 0.0221588
2 0.252208 0.746116 0.0398487 0.0375913 0.0218659
2 0.307183 0.798384 0.208889 0.153537 0.0212093
2 0.184177 0.689673 0.0481791 0.087814 0.0206564
5 0.48246 0.282053 0.0184467 0.0190742 0.0205739
3 0.48487 0.619834 0.33759 0.463376 0.0203007
0 0.6828 0.546554 0.109122 0.412409 0.0199544
0 0.759879 0.838922 0.146402 0.153557 0.0194067
2 0.315336 0.803718 0.222274 0.163863 0.0192157
3 0.488694 0.596444 0.328516 0.443453 0.0190705
5 0.492283 0.453622 0.0140242 0.0160246 0.0186536
0 0.760764 0.840505 0.146589 0.151963 0.0182983
5 0.695145 0.558407 0.0188259 0.0223118 0.0181477
0 0.648223 0.40479 0.170302 0.244036 0.0178378
5 0.693641 0.543224 0.0251214 0.0585539 0.0175344
3 0.510664 0.576157 0.294702 0.365135 0.0174522
0 0.758268 0.83378 0.149492 0.150127 0.0168989
5 0.695027 0.568821 0.0192863 0.0227244 0.016489
0 0.659681 0.44712 0.151006 0.258872 0.016152
0 0.663394 0.47649 0.153004 0.297371 0.0155146
2 0.183863 0.689712 0.0500979 0.0888094 0.0155056
5 0.252711 0.74322 0.0475849 0.0440306 0.0148073
2 0.252267 0.74354 0.0454656 0.0435014 0.0145228
3 0.433839 0.563639 0.237467 0.331891 0.0144241
2 0.184433 0.691672 0.0536949 0.0945396 0.0142996
5 0.341619 0.820826 0.259792 0.143339 0.0138078
3 0.508248 0.598838 0.298811 0.4204 0.0136891
5 0.331036 0.799423 0.247547 0.19255 0.0136556
2 0.278533 0.793277 0.18401 0.177266 0.0134767
5 0.492375 0.429694 0.0145019 0.0169294 0.0134724
3 0.487582 0.515029 0.283433 0.251501 0.0132107
1 0.478953 0.329948 0.373399 0.13253 0.0131167
5 0.569717 0.480422 0.0149131 0.0146798 0.0130433
3 0.497505 0.559055 0.281117 0.335731 0.0129628
1 0.474016 0.307713 0.36362 0.124275 0.0127663
2 0.688439 0.54825 0.0984099 0.418655 0.0126843
5 0.696034 0.545101 0.0213948 0.039248 0.0125437
3 0.482045 0.630754 0.325516 0.428182 0.0125007
3 0.430475 0.598906 0.234599 0.373503 0.0122742
1 0.486208 0.316648 0.416048 0.146568 0.012236
1 0.440267 0.319279 0.361083 0.146606 0.0121385
2 0.319668 0.811967 0.228107 0.156335 0.011887
0 0.631983 0.390805 0.1861 0.273273 0.0118284
1 0.476875 0.330345 0.381511 0.134432 0.011657
3 0.450527 0.541409 0.244142 0.292902 0.011537
0 0.760127 0.838606 0.150922 0.147714 0.0115042
0 0.605973 0.376142 0.22624 0.256237 0.0112763
2 0.182614 0.686648 0.0393227 0.0790166 0.011244
1 0.465029 0.330945 0.354902 0.141778 0.0111226
5 0.698149 0.544438 0.0201444 0.0215702 0.0110932
0 0.675635 0.539783 0.121524 0.3938 0.0110184
0 0.760619 0.833931 0.149269 0.137254 0.0109687
2 0.339453 0.825838 0.260134 0.172659 0.0108261
5 0.354497 0.82805 0.284753 0.145582 0.0107919
1 0.48197 0.308763 0.367032 0.128435 0.010588
0 0.63062 0.378489 0.181749 0.246261 0.0102346
2 0.767988 0.5391 0.0233901 0.034937 0.0101991
5 0.231196 0.618471 0.038036 0.250525 0.0100038
