3 0.587767 0.490389 0.493321 0.465511 0.814488
3 0.587332 0.487885 0.494843 0.461031 0.809635
3 0.587831 0.487628 0.491343 0.458342 0.808583
3 0.588753 0.493659 0.492753 0.473884 0.796834
3 0.589431 0.489495 0.495053 0.465508 0.796008
3 0.589471 0.486108 0.496729 0.458917 0.77388
3 0.590113 0.490442 0.493205 0.471829 0.773248
3 0.590031 0.487443 0.499498 0.464988 0.760047
3 0.588843 0.494545 0.494865 0.482165 0.729425
3 0.590752 0.489396 0.495138 0.471763 0.725595
1 0.527796 0.6807 0.318294 0.107152 0.100634
1 0.531282 0.675583 0.323806 0.111998 0.0939552
1 0.550228 0.671499 0.339731 0.117417 0.0664348
1 0.54207 0.679276 0.317815 0.105046 0.0649735
5 0.623529 0.753766 0.0310993 0.0377015 0.0621931
5 0.623252 0.753556 0.0341678 0.0387431 0.0531254
1 0.513326 0.677281 0.298803 0.111645 0.0447393
5 0.623563 0.753886 0.0285482 0.0357176 0.043377
5 0.623047 0.753828 0.0334381 0.0384944 0.042331
1 0.508869 0.682018 0.287534 0.107544 0.0400917
5 0.623451 0.753599 0.0349159 0.0402553 0.0310937
5 0.623522 0.754057 0.0294123 0.0369003 0.0307535
1 0.582566 0.66813 0.390384 0.12275 0.0289218
5 0.62457 0.753339 0.0349405 0.0404219 0.0147665
1 0.579192 0.676544 0.311833 0.104124 0.0144019
1 0.375942 0.496548 0.0712203 0.281747 0.0130385
1 0.49061 0.677635 0.289925 0.113587 0.0129924
5 0.624339 0.753457 0.0338051 0.0381994 0.0129178
1 0.527394 0.67013 0.145922 0.105673 0.0124396
5 0.624389 0.751017 0.0400366 0.046395 0.0119854
1 0.525908 0.659564 0.142332 0.0804623 0.0113378
1 0.486699 0.682673 0.2594 0.106252 0.010966
1 0.377683 0.499628 0.0747705 0.30276 0.0108752
