2 0.455805 0.39469 0.0980195 0.15894 0.780091
2 0.321069 0.509205 0.10698 0.126169 0.779183
2 0.285428 0.270294 0.110875 0.0862363 0.761899
2 0.286512 0.269982 0.111434 0.085925 0.740016
2 0.456695 0.394366 0.0993194 0.158073 0.733861
2 0.217768 0.553823 0.0939377 0.16278 0.721496
2 0.457064 0.390958 0.0987543 0.156381 0.705853
2 0.318826 0.508745 0.104133 0.126555 0.693862
2 0.217768 0.550751 0.0951232 0.157959 0.690365
2 0.218086 0.550619 0.0941148 0.156704 0.685788
2 0.286056 0.270885 0.111027 0.0862357 0.68517
2 0.218204 0.552779 0.0929686 0.161944 0.665435
2 0.286593 0.270943 0.112243 0.0834207 0.664778
2 0.386567 0.216232 0.055392 0.133005 0.663573
2 0.285686 0.271394 0.108906 0.0800993 0.663052
2 0.284423 0.271204 0.11055 0.0874321 0.650695
2 0.370963 0.695245 0.122549 0.103986 0.640828
2 0.578178 0.670908 0.0906154 0.0556784 0.632679
2 0.224131 0.551112 0.0975597 0.16902 0.613335
2 0.371935 0.69556 0.128739 0.105558 0.610749
2 0.38605 0.21718 0.0554165 0.135055 0.60032
2 0.609504 0.905373 0.0876314 0.0907478 0.59095
2 0.597875 0.907232 0.111296 0.0985085 0.585877
2 0.578713 0.669691 0.0918027 0.0580689 0.585582
2 0.371761 0.695797 0.127475 0.104559 0.584036
2 0.38895 0.941181 0.0488827 0.104472 0.573015
2 0.59965 0.909126 0.119284 0.105737 0.572269
2 0.38924 0.940587 0.0505732 0.105725 0.561301
2 0.387845 0.940511 0.0579525 0.109665 0.557317
2 0.389079 0.940545 0.0499405 0.109025 0.556383
2 0.577936 0.67026 0.0897591 0.0569025 0.543467
2 0.387297 0.941027 0.0526436 0.107601 0.53706
2 0.284327 0.269849 0.106575 0.0848781 0.536707
2 0.370619 0.696282 0.120838 0.103416 0.530257
2 0.456428 0.390643 0.0974994 0.158875 0.529541
2 0.387549 0.214924 0.0548456 0.13373 0.525049
2 0.318639 0.509682 0.105389 0.129594 0.524002
2 0.507915 0.214305 0.133519 0.108123 0.523545
2 0.578177 0.671416 0.0926723 0.0560825 0.521052
2 0.455658 0.389349 0.094596 0.152391 0.517608
2 0.461587 0.393352 0.0997949 0.164588 0.513659
2 0.387369 0.940812 0.051945 0.103846 0.510442
2 0.553441 0.571801 0.0982159 0.162503 0.506761
2 0.222886 0.550595 0.0975003 0.171491 0.504163
2 0.577865 0.670065 0.0907225 0.0598349 0.499099
2 0.32104 0.510339 0.106128 0.127007 0.490228
2 0.387334 0.940945 0.0588171 0.109808 0.474405
2 0.733816 0.657569 0.104862 0.113205 0.471504
2 0.385698 0.215007 0.0530467 0.13552 0.466145
2 0.704378 0.333809 0.0550722 0.0626855 0.46509
2 0.458941 0.393457 0.102037 0.16604 0.464997
2 0.386965 0.215604 0.0577047 0.135737 0.457409
2 0.600242 0.909677 0.117308 0.103554 0.453605
2 0.704137 0.333539 0.0525692 0.0620585 0.452742
2 0.506355 0.215019 0.135221 0.110864 0.452308
2 0.732625 0.65816 0.0988841 0.112609 0.444748
2 0.387494 0.940339 0.0513685 0.10466 0.439762
2 0.620274 0.903121 0.0635478 0.081392 0.434329
2 0.386879 0.216722 0.0592089 0.133543 0.432674
2 0.620928 0.903818 0.0647054 0.0810455 0.431296
2 0.604318 0.552611 0.264112 0.21229 0.424255
2 0.507262 0.212854 0.138585 0.105658 0.415045
2 0.283421 0.270177 0.105296 0.0847848 0.411926
2 0.606141 0.558777 0.255429 0.194813 0.406224
2 0.680021 0.587145 0.0911861 0.111733 0.404527
2 0.32089 0.510368 0.104047 0.130918 0.401374
2 0.510129 0.21546 0.131942 0.107985 0.398347
2 0.620843 0.902387 0.0652771 0.0819686 0.397047
2 0.70385 0.33402 0.0554966 0.0652942 0.395013
2 0.320629 0.508884 0.105384 0.129913 0.392463
2 0.385889 0.215598 0.0549809 0.13634 0.386223
2 0.703382 0.332432 0.052776 0.06108 0.376861
2 0.578239 0.668554 0.092719 0.0620695 0.376063
2 0.703725 0.33225 0.0513814 0.0616125 0.372279
2 0.703802 0.333248 0.0521168 0.0621844 0.371039
2 0.732831 0.658908 0.102916 0.11635 0.370856
2 0.620399 0.904307 0.0707032 0.0831857 0.36538
2 0.620454 0.904625 0.0662395 0.0828731 0.364605
2 0.599624 0.909281 0.113582 0.106393 0.360993
2 0.258615 0.171243 0.0701188 0.0963746 0.348022
2 0.259985 0.171203 0.0717133 0.0967237 0.343441
2 0.50463 0.21246 0.147385 0.108102 0.333134
2 0.319929 0.508584 0.103761 0.132667 0.332491
2 0.561665 0.573595 0.112891 0.171815 0.329819
2 0.679078 0.587799 0.0880741 0.106669 0.327148
2 0.686344 0.927395 0.0456238 0.0509985 0.325937
2 0.680998 0.586933 0.0887285 0.112905 0.325333
2 0.68572 0.926946 0.0464771 0.0521047 0.320786
2 0.455514 0.393524 0.0928264 0.158059 0.319963
2 0.510055 0.212227 0.133693 0.104553 0.319487
2 0.73617 0.655837 0.109523 0.117479 0.318374
2 0.37048 0.694772 0.122028 0.101 0.317535
2 0.257361 0.172545 0.0719411 0.0990448 0.314537
2 0.618237 0.90241 0.0671525 0.0854155 0.312296
2 0.455885 0.389132 0.0963027 0.15177 0.311648
2 0.702902 0.33134 0.0540564 0.0648229 0.306258
2 0.319981 0.509908 0.101508 0.130684 0.305226
2 0.285102 0.271627 0.113454 0.0759819 0.303883
2 0.579843 0.667454 0.0919417 0.064471 0.301142
2 0.576318 0.669728 0.0929548 0.0634613 0.300255
2 0.386871 0.941293 0.0569693 0.104885 0.298953
2 0.218777 0.546753 0.0890692 0.153915 0.291875
2 0.283948 0.271044 0.104854 0.0839444 0.285933
2 0.600071 0.909874 0.114261 0.105344 0.283859
2 0.679881 0.58905 0.0887445 0.107003 0.281413
2 0.733608 0.658044 0.105396 0.116095 0.279316
2 0.458225 0.393459 0.122924 0.171044 0.274558
2 0.686105 0.926699 0.0462611 0.051127 0.274322
2 0.593345 0.552067 0.280296 0.222127 0.274294
2 0.57671 0.66975 0.0900738 0.0590569 0.273126
2 0.387679 0.213573 0.0543179 0.131381 0.269087
2 0.358884 0.695639 0.0985637 0.103988 0.269031
2 0.602937 0.564592 0.226659 0.172876 0.268692
2 0.613977 0.54933 0.320202 0.223243 0.266854
2 0.456133 0.391992 0.135533 0.171111 0.263003
2 0.256291 0.173312 0.0678003 0.0959675 0.257358
2 0.73195 0.658303 0.0991909 0.112608 0.257067
2 0.551962 0.569945 0.103143 0.157489 0.251457
2 0.221626 0.550622 0.115353 0.17332 0.251099
2 0.686885 0.927011 0.0470352 0.0510816 0.242145
2 0.805692 0.70718 0.0576208 0.101111 0.241507
2 0.218147 0.551333 0.0950421 0.167421 0.241229
2 0.141869 0.732287 0.0657341 0.0601791 0.241009
2 0.39004 0.213233 0.05103 0.129162 0.23896
2 0.686195 0.925397 0.0463753 0.0505632 0.232987
2 0.68768 0.926222 0.0479781 0.0519893 0.231569
2 0.141449 0.733015 0.0634753 0.0599124 0.230883
2 0.45651 0.392152 0.0954807 0.155662 0.227307
2 0.364511 0.695056 0.107436 0.101007 0.222213
2 0.579504 0.666965 0.0952719 0.0655489 0.221778
2 0.600276 0.568791 0.252531 0.183595 0.221445
2 0.357499 0.696417 0.0938288 0.103406 0.220799
2 0.221992 0.549559 0.106888 0.1704 0.219838
2 0.704988 0.332894 0.0624583 0.0710862 0.217406
2 0.704538 0.33187 0.0566657 0.0671365 0.216616
2 0.218057 0.545458 0.0896499 0.15289 0.215441
2 0.734245 0.656611 0.102195 0.111346 0.215018
2 0.613522 0.549425 0.253187 0.212057 0.214837
2 0.389067 0.942129 0.0465106 0.103323 0.213187
2 0.806683 0.709507 0.0576766 0.0991227 0.211921
2 0.140802 0.732479 0.0652681 0.0581318 0.211914
2 0.387096 0.939957 0.0586418 0.107472 0.209869
2 0.30261 0.184511 0.150999 0.109717 0.207864
2 0.283188 0.270709 0.116243 0.0801539 0.206378
2 0.687049 0.925817 0.0497854 0.0539976 0.204148
2 0.703043 0.330752 0.0534305 0.0634616 0.202711
2 0.577506 0.671276 0.0920617 0.0571241 0.19759
2 0.848093 0.381871 0.0436538 0.0574749 0.194784
2 0.847784 0.383219 0.0456105 0.0569821 0.193404
2 0.325035 0.184913 0.11047 0.103968 0.192824
2 0.593768 0.568888 0.23551 0.177699 0.192527
2 0.681964 0.58466 0.0949423 0.1196 0.190138
2 0.687432 0.925319 0.0503237 0.0550314 0.188954
2 0.73827 0.613003 0.161191 0.234181 0.18741
2 0.460633 0.392524 0.11043 0.165676 0.187361
2 0.806183 0.707847 0.0550521 0.0966185 0.182581
2 0.140326 0.733415 0.0649859 0.058973 0.179367
2 0.7255 0.6195 0.17296 0.235568 0.177404
2 0.260292 0.170983 0.0700019 0.0952366 0.176752
2 0.847916 0.38252 0.0450321 0.056104 0.173641
2 0.386165 0.213792 0.0517906 0.133808 0.173158
2 0.806105 0.70959 0.0576475 0.100353 0.171781
2 0.494499 0.218822 0.106015 0.106463 0.170981
2 0.388877 0.938859 0.0553778 0.10368 0.170841
2 0.581524 0.566541 0.201155 0.168823 0.170471
2 0.286955 0.271213 0.111388 0.0937391 0.170264
2 0.456214 0.631525 0.119718 0.0595085 0.167702
2 0.552529 0.57041 0.0927401 0.16173 0.167566
2 0.260808 0.172386 0.0704963 0.0930325 0.167281
2 0.547655 0.363876 0.0746046 0.107161 0.16585
2 0.846984 0.381558 0.0453989 0.0599624 0.16527
2 0.36784 0.696631 0.115295 0.104535 0.165201
2 0.231639 0.548287 0.14878 0.175567 0.164931
2 0.5086 0.213968 0.127534 0.110902 0.16453
2 0.218703 0.550851 0.103692 0.174042 0.163791
2 0.547192 0.364511 0.0796846 0.106635 0.163592
2 0.603654 0.556977 0.262906 0.206049 0.163471
2 0.847097 0.38177 0.0447952 0.0571632 0.163469
2 0.322755 0.184433 0.0995914 0.103153 0.163078
2 0.455923 0.393104 0.109148 0.167309 0.162519
2 0.716737 0.615981 0.208021 0.226712 0.161596
2 0.847839 0.38263 0.0457095 0.0586165 0.159236
2 0.562175 0.568422 0.254991 0.177415 0.157142
2 0.505229 0.217662 0.126193 0.109328 0.154922
2 0.59769 0.907749 0.115928 0.107591 0.152528
2 0.847865 0.38245 0.0493337 0.0606772 0.151063
2 0.641383 0.546987 0.296366 0.221873 0.149828
2 0.702804 0.332783 0.0576371 0.0691882 0.147457
2 0.546351 0.360631 0.0710706 0.10649 0.142692
2 0.600737 0.908818 0.120189 0.106579 0.139199
2 0.547335 0.362015 0.0790034 0.110172 0.138214
2 0.548262 0.363046 0.0751909 0.105726 0.136968
2 0.226431 0.556534 0.0991933 0.163759 0.13653
2 0.685521 0.482593 0.0437796 0.0852914 0.135714
2 0.446763 0.631822 0.0929744 0.0549696 0.134087
2 0.683566 0.481085 0.040526 0.0836652 0.133265
2 0.327441 0.185541 0.0982377 0.10188 0.132685
2 0.528177 0.567999 0.255835 0.182468 0.130328
2 0.218459 0.551451 0.0976746 0.159217 0.127193
2 0.687711 0.925212 0.0517189 0.054716 0.125839
2 0.576608 0.668037 0.0915985 0.0655186 0.125589
2 0.4561 0.631417 0.119269 0.059037 0.12452
2 0.303322 0.185508 0.156373 0.11077 0.123877
2 0.681475 0.582095 0.0927265 0.123116 0.121894
2 0.139677 0.732623 0.0662668 0.0614143 0.121184
2 0.258594 0.171977 0.0806787 0.102128 0.120654
2 0.552044 0.569667 0.102911 0.162631 0.11895
2 0.749294 0.627265 0.174112 0.261045 0.118197
2 0.385588 0.217378 0.0609475 0.135606 0.118022
2 0.80691 0.709693 0.0591527 0.0974643 0.11593
2 0.683299 0.482304 0.0427065 0.0824916 0.112992
2 0.38768 0.942566 0.049572 0.103731 0.112643
2 0.727953 0.613006 0.162407 0.220287 0.112566
2 0.464352 0.397473 0.100116 0.163795 0.112239
2 0.372448 0.696509 0.129028 0.107773 0.112104
2 0.654857 0.482775 0.103975 0.0927734 0.111225
2 0.137027 0.732737 0.0740887 0.0623561 0.110987
2 0.25444 0.172816 0.0740717 0.100284 0.105427
2 0.511255 0.211604 0.129268 0.100716 0.104875
2 0.755668 0.645425 0.163505 0.176617 0.10464
2 0.599715 0.90752 0.113265 0.096959 0.104547
2 0.848423 0.383222 0.0495678 0.060305 0.104334
2 0.679865 0.583459 0.0862641 0.119802 0.103373
2 0.732066 0.659795 0.100728 0.11775 0.102898
2 0.137838 0.733586 0.0714679 0.0619003 0.102164
2 0.512619 0.208051 0.127839 0.0959752 0.101388
2 0.7533 0.634434 0.178225 0.245809 0.101104
2 0.846522 0.380517 0.0498328 0.0684342 0.0999235
2 0.323412 0.507531 0.109778 0.133637 0.0986833
2 0.846443 0.381257 0.0469585 0.0583494 0.0982455
2 0.864355 0.318271 0.0449546 0.0850778 0.0979609
2 0.372856 0.705864 0.123303 0.115225 0.0978176
2 0.702761 0.617559 0.195976 0.235552 0.0977494
2 0.685846 0.480634 0.0392699 0.0835878 0.0973621
2 0.218259 0.544795 0.0915285 0.159287 0.0943459
2 0.554085 0.570133 0.0910604 0.163585 0.0940202
2 0.32219 0.511175 0.11587 0.13768 0.0936502
2 0.447527 0.631983 0.0952632 0.0542714 0.0934638
2 0.533358 0.56785 0.230834 0.177955 0.0934222
2 0.548488 0.365525 0.0779866 0.103517 0.0919416
2 0.804451 0.702576 0.0633439 0.110514 0.0919368
2 0.65435 0.54757 0.245672 0.2108 0.091485
2 0.455006 0.389137 0.0887798 0.154377 0.0899133
2 0.544953 0.359948 0.0677302 0.102092 0.0893371
2 0.86377 0.317521 0.0401184 0.082215 0.0891993
2 0.72977 0.656857 0.0999012 0.111918 0.0873755
2 0.436605 0.63113 0.079414 0.0537859 0.0873274
2 0.445821 0.629371 0.0906385 0.058389 0.0870509
2 0.601267 0.559922 0.263998 0.207451 0.0867176
2 0.577076 0.667862 0.094122 0.0713732 0.086249
2 0.514103 0.61648 0.242722 0.118968 0.0840019
2 0.44154 0.631222 0.086701 0.0543741 0.0824004
2 0.44248 0.629378 0.0832516 0.0576246 0.0817999
2 0.739424 0.632287 0.151296 0.265293 0.0807944
2 0.634298 0.499393 0.0802221 0.0986509 0.0799043
2 0.510231 0.218267 0.132929 0.106284 0.079544
2 0.260835 0.172547 0.074501 0.0958769 0.0791315
2 0.863477 0.317285 0.037637 0.0812176 0.078553
2 0.720579 0.620036 0.162105 0.23821 0.0785483
2 0.705646 0.333393 0.0676761 0.0705409 0.0774278
2 0.62216 0.903458 0.0615995 0.0826783 0.0753221
2 0.140336 0.732354 0.0645575 0.0566103 0.0729754
2 0.510329 0.571079 0.237958 0.180409 0.0724228
2 0.320973 0.185632 0.120299 0.103793 0.0718568
2 0.740891 0.527855 0.0756065 0.0473368 0.071795
2 0.554606 0.569663 0.0984088 0.154111 0.0711722
2 0.572709 0.571937 0.134055 0.162016 0.06915
2 0.622615 0.551913 0.228733 0.210217 0.0684179
2 0.693276 0.597425 0.200259 0.212752 0.0681703
2 0.506816 0.219682 0.135746 0.126016 0.0681399
2 0.68505 0.480725 0.0510051 0.0862257 0.0678498
2 0.68526 0.927736 0.0552677 0.0583382 0.0667039
2 0.846764 0.379687 0.0518059 0.0707769 0.0665645
2 0.734078 0.661222 0.10026 0.112888 0.0664029
2 0.496404 0.410138 0.22271 0.214739 0.0660446
2 0.713598 0.614202 0.198797 0.225856 0.0655393
2 0.487665 0.221244 0.0901707 0.102621 0.0652649
2 0.322038 0.51024 0.101209 0.133271 0.0646712
2 0.456712 0.63013 0.129783 0.0625638 0.0644097
2 0.35552 0.694323 0.0877949 0.100853 0.0642701
2 0.68474 0.482116 0.0552295 0.0896412 0.0636636
2 0.252063 0.170671 0.0756297 0.0984346 0.0636325
2 0.649241 0.486557 0.104098 0.0946155 0.0629865
2 0.370939 0.303468 0.0329769 0.0333633 0.0629425
2 0.733169 0.660378 0.102879 0.11584 0.06264
2 0.323792 0.507141 0.0977687 0.129644 0.0623677
2 0.683599 0.481679 0.0417229 0.0864852 0.0618367
2 0.742258 0.526995 0.0715171 0.0470984 0.0611703
2 0.322381 0.184544 0.10235 0.101764 0.0607772
2 0.80157 0.702121 0.0644894 0.104931 0.0606441
2 0.511271 0.208299 0.130816 0.0991432 0.0604953
2 0.646048 0.491696 0.104194 0.103888 0.0600374
2 0.54907 0.365058 0.0788197 0.105477 0.0599461
2 0.692323 0.928203 0.0676573 0.0610157 0.0595745
2 0.496267 0.399329 0.224877 0.192565 0.0589976
2 0.861539 0.316722 0.0440453 0.0825106 0.0588946
2 0.649528 0.486316 0.112827 0.0986032 0.058521
2 0.806945 0.709714 0.0560166 0.0971079 0.0585104
2 0.735206 0.65514 0.114246 0.11763 0.0580234
2 0.219435 0.527714 0.0834215 0.119611 0.0574226
