4 0.493642 0.485476 0.707802 0.965839 0.821453
4 0.493807 0.47824 0.706976 0.942079 0.796172
4 0.491741 0.484064 0.705212 0.962532 0.792801
4 0.499037 0.487238 0.716814 0.961797 0.785111
4 0.493761 0.483632 0.704155 0.952465 0.782744
4 0.501024 0.482928 0.713702 0.962036 0.776078
4 0.493198 0.491238 0.701856 0.982476 0.731284
4 0.497415 0.453261 0.717526 0.886542 0.685683
4 0.502525 0.492148 0.703868 0.979641 0.620337
4 0.493837 0.4416 0.706101 0.861172 0.592072
4 0.490375 0.49846 0.698164 0.973783 0.582557
2 0.424229 0.767193 0.0989824 0.0884042 0.340032
2 0.424577 0.766857 0.100098 0.0876991 0.313832
2 0.423814 0.766244 0.101194 0.0882233 0.293272
2 0.424347 0.766598 0.10163 0.0907117 0.262555
