5 0.657708 0.347288 0.0378715 0.0508516 0.364423
5 0.657974 0.345464 0.0406862 0.0523124 0.359721
5 0.657282 0.345152 0.0416919 0.0518113 0.352772
5 0.658149 0.346625 0.0360088 0.048745 0.348392
5 0.658037 0.347154 0.035574 0.0479657 0.330585
5 0.657833 0.347362 0.037104 0.0504572 0.327185
1 0.440849 0.46027 0.870163 0.840664 0.326426
5 0.455707 0.367103 0.0410115 0.0446166 0.326003
5 0.455367 0.36739 0.0429468 0.0450312 0.323217
1 0.47245 0.444426 0.928314 0.804297 0.32194
1 0.436983 0.470823 0.868122 0.858313 0.321345
5 0.455704 0.365934 0.0455844 0.0472831 0.312329
5 0.455922 0.368528 0.0403695 0.0452871 0.309549
1 0.476484 0.444522 0.932124 0.809338 0.297581
5 0.656394 0.346269 0.0530669 0.063952 0.290318
5 0.455604 0.366255 0.0360652 0.0384266 0.287695
1 0.490011 0.441632 0.980022 0.797378 0.280657
5 0.456137 0.366111 0.0482276 0.0530957 0.270577
5 0.455477 0.367431 0.0356112 0.0384961 0.269262
5 0.655733 0.347114 0.0510525 0.0602407 0.26783
5 0.659115 0.3476 0.0485872 0.0618268 0.266794
5 0.590467 0.300046 0.0340021 0.0392461 0.251552
