0 0.536415 0.462154 0.370216 0.497915 0.300824
0 0.528694 0.463754 0.381178 0.501658 0.275685
0 0.529466 0.476057 0.401141 0.525429 0.25535
0 0.532863 0.448501 0.369931 0.465782 0.217429
0 0.534851 0.468107 0.374237 0.511926 0.216608
0 0.530249 0.473706 0.381084 0.523552 0.1886
0 0.533976 0.482894 0.40111 0.540407 0.18263
0 0.538297 0.488164 0.422034 0.551109 0.168539
0 0.543541 0.480073 0.402414 0.534267 0.117359
0 0.537506 0.474956 0.376805 0.522366 0.107986
0 0.540812 0.472825 0.372593 0.515907 0.0982939
0 0.53165 0.488516 0.415311 0.548166 0.0933026
0 0.529152 0.458825 0.396366 0.486709 0.0714898
0 0.552701 0.449112 0.341316 0.46431 0.0360427
0 0.523586 0.363412 0.383875 0.294854 0.0229882
0 0.523742 0.479373 0.401495 0.526363 0.0229708
0 0.515392 0.394068 0.399191 0.35691 0.0226558
0 0.53415 0.36857 0.356177 0.306355 0.0216345
5 0.63678 0.42595 0.0395337 0.0463917 0.0148498
5 0.638367 0.426574 0.0382137 0.0445482 0.0129548
5 0.599494 0.584466 0.0167435 0.017739 0.0119428
5 0.639417 0.427317 0.0431642 0.0479443 0.0112453
