3 0.535698 0.574451 0.380751 0.387965 0.535795
3 0.534088 0.577209 0.376231 0.388769 0.529856
3 0.535857 0.576747 0.372112 0.389473 0.524695
3 0.536985 0.574256 0.377003 0.389895 0.522281
3 0.531229 0.586479 0.368357 0.372564 0.483096
3 0.539082 0.571142 0.377393 0.39459 0.474147
3 0.53716 0.575439 0.372797 0.392751 0.457456
3 0.53323 0.586364 0.364139 0.373402 0.448808
3 0.528357 0.577273 0.371505 0.390096 0.447594
3 0.535711 0.582473 0.368963 0.382135 0.324906
0 0.542394 0.358588 0.2792 0.160011 0.0796328
3 0.50594 0.489219 0.434447 0.566961 0.0793159
0 0.549641 0.371674 0.272366 0.150127 0.049401
3 0.506101 0.502358 0.437667 0.536711 0.0475057
3 0.95336 0.431088 0.0932791 0.747104 0.047091
0 0.56028 0.362526 0.228715 0.151126 0.0453052
3 0.953143 0.459895 0.0937147 0.681506 0.0412354
3 0.504918 0.518299 0.441291 0.492749 0.0393139
3 0.514761 0.520318 0.425111 0.49558 0.0389163
3 0.519238 0.514068 0.407593 0.517721 0.0356569
3 0.952444 0.481598 0.0951127 0.65577 0.0324323
0 0.516472 0.358209 0.345528 0.178927 0.0322366
0 0.566736 0.371543 0.229118 0.149718 0.0321767
3 0.953301 0.413469 0.0933976 0.767279 0.0304892
3 0.524094 0.521353 0.41516 0.490057 0.0274513
0 0.539124 0.342932 0.281334 0.143686 0.0261978
3 0.614494 0.524001 0.204395 0.24026 0.0212571
3 0.61409 0.53678 0.208903 0.276786 0.0170321
0 0.519159 0.337071 0.336377 0.137976 0.0164187
0 0.523311 0.372555 0.333966 0.152226 0.0155884
3 0.533568 0.563958 0.389906 0.411805 0.0155056
4 0.516926 0.512482 0.424891 0.471145 0.0154024
0 0.557725 0.352572 0.22995 0.144959 0.0138595
0 0.55284 0.388307 0.278855 0.130577 0.01331
3 0.948453 0.494645 0.103094 0.67877 0.0114337
3 0.94936 0.46789 0.101281 0.678757 0.0111257
3 0.58466 0.518097 0.269631 0.273883 0.0105209
3 0.949278 0.427718 0.101443 0.737635 0.0102596
