3 0.516531 0.525056 0.410428 0.448042 0.234846
3 0.517737 0.532731 0.401006 0.433245 0.225227
5 0.62288 0.598631 0.0263063 0.0311516 0.218313
3 0.515355 0.521228 0.407976 0.451452 0.216551
3 0.516179 0.530499 0.399016 0.437972 0.215102
5 0.419861 0.621257 0.0272768 0.0299496 0.200072
5 0.513404 0.694476 0.102756 0.0696227 0.199425
5 0.419755 0.621131 0.0302972 0.0324781 0.186001
3 0.51672 0.521963 0.421045 0.44685 0.179797
3 0.510262 0.518054 0.422713 0.462093 0.177824
3 0.507609 0.51217 0.429729 0.467353 0.156507
5 0.622972 0.598863 0.0286192 0.0337781 0.155495
5 0.515972 0.701119 0.10881 0.085017 0.152115
5 0.511756 0.695281 0.101231 0.0633192 0.151307
5 0.419432 0.621596 0.0269611 0.0292162 0.151224
5 0.510211 0.690207 0.0957238 0.0558012 0.146123
5 0.513647 0.699029 0.103179 0.0684145 0.143633
5 0.51529 0.700395 0.107155 0.0705505 0.141396
5 0.655141 0.482498 0.0255012 0.0331453 0.140387
5 0.419503 0.621026 0.0312548 0.0323605 0.138813
3 0.510223 0.516474 0.42498 0.457086 0.127929
0 0.506003 0.507828 0.443593 0.48397 0.125622
5 0.405366 0.433487 0.0305316 0.0437472 0.125351
5 0.512442 0.690612 0.0933849 0.0540838 0.116539
2 0.621703 0.598562 0.0297389 0.0322696 0.116007
5 0.655275 0.482579 0.0289727 0.0341464 0.109782
2 0.623604 0.527367 0.0295386 0.0332991 0.107877
5 0.498014 0.701385 0.0698979 0.0515914 0.107863
3 0.513201 0.536069 0.418383 0.446423 0.107409
5 0.405133 0.432942 0.0291195 0.0435297 0.104914
5 0.609553 0.650506 0.031799 0.0373696 0.10449
5 0.62287 0.598007 0.0302329 0.0329138 0.102799
3 0.514946 0.545062 0.405691 0.430803 0.0982658
2 0.404329 0.52612 0.0303083 0.0381837 0.0972438
5 0.422017 0.656489 0.0405878 0.0372578 0.0967066
2 0.623379 0.526156 0.0313468 0.0363314 0.095856
5 0.655953 0.48224 0.028399 0.0368664 0.0952221
5 0.405204 0.432663 0.0313305 0.0450904 0.0950787
2 0.403707 0.525921 0.0319633 0.0387351 0.0922566
2 0.668691 0.411376 0.0570926 0.0595096 0.0921392
0 0.505006 0.509392 0.443332 0.472983 0.09155
2 0.4041 0.526805 0.0341621 0.0418692 0.0912625
2 0.381345 0.378782 0.0398543 0.0435334 0.0873934
5 0.609211 0.650582 0.0341883 0.038614 0.0855015
3 0.538739 0.52213 0.319714 0.286664 0.0834017
5 0.668422 0.409846 0.0710965 0.0686845 0.0827146
3 0.518879 0.525697 0.404901 0.438424 0.0823065
5 0.655787 0.483217 0.028957 0.0362295 0.0822788
5 0.610003 0.649093 0.034428 0.040488 0.0810832
5 0.655184 0.480909 0.0327697 0.0371062 0.08105
2 0.421697 0.656213 0.0410383 0.0383641 0.0799388
0 0.500476 0.501215 0.457244 0.491746 0.0792397
5 0.514912 0.697864 0.106005 0.0841193 0.0773253
2 0.669224 0.409962 0.0574515 0.0619286 0.0763748
2 0.381971 0.378929 0.0389775 0.0429048 0.0760201
2 0.403832 0.525611 0.0351074 0.0418229 0.0737345
5 0.403665 0.432445 0.0324047 0.0434492 0.0706735
0 0.525641 0.541415 0.38164 0.415192 0.0701279
5 0.610113 0.651628 0.0354572 0.0412473 0.0694887
5 0.404394 0.432317 0.0375944 0.0528133 0.0688422
2 0.669487 0.410563 0.059702 0.0641965 0.0683962
0 0.520731 0.542897 0.38737 0.413827 0.0675902
5 0.404886 0.431832 0.0370021 0.0517432 0.0657269
5 0.623782 0.598394 0.0337203 0.0373921 0.064896
2 0.622846 0.525501 0.0335564 0.0375404 0.0645477
5 0.525923 0.691831 0.0529999 0.0327392 0.0636851
2 0.669201 0.411648 0.053777 0.05842 0.0631646
2 0.381765 0.378183 0.0403831 0.0445794 0.0618929
2 0.381681 0.37742 0.043183 0.0470359 0.0616521
5 0.423216 0.655823 0.0473649 0.0404663 0.0604703
5 0.609354 0.65101 0.0382115 0.0427827 0.0600335
5 0.404858 0.52696 0.0395226 0.0488896 0.0596481
2 0.622332 0.523992 0.0346679 0.0405653 0.05937
3 0.532765 0.512391 0.306228 0.296774 0.0579817
2 0.668753 0.410327 0.0606304 0.0621241 0.057907
5 0.610114 0.648951 0.040069 0.0474205 0.0571753
2 0.381443 0.378285 0.0402969 0.0445302 0.05676
5 0.610661 0.648381 0.040389 0.0465939 0.0565069
5 0.623382 0.599432 0.0356811 0.0378803 0.0563058
0 0.495541 0.505234 0.464993 0.484643 0.0555641
5 0.421699 0.65669 0.0403745 0.0373371 0.0553753
5 0.608885 0.649 0.0348708 0.038055 0.055272
2 0.621028 0.597741 0.0323574 0.0337645 0.0549937
3 0.533076 0.521606 0.292054 0.292622 0.0530294
5 0.488922 0.704539 0.0495927 0.0486839 0.0530148
5 0.655708 0.48101 0.0341561 0.0394024 0.0529052
2 0.573107 0.500786 0.0246281 0.0364277 0.0524262
2 0.622077 0.598817 0.0332495 0.0345851 0.0504584
5 0.668276 0.41062 0.0687087 0.0655552 0.0501264
5 0.400306 0.430276 0.0431081 0.0504794 0.0497547
5 0.401788 0.431083 0.0466547 0.0539631 0.0487378
5 0.489144 0.70443 0.0495181 0.046972 0.0486952
5 0.420368 0.646307 0.0385545 0.0475711 0.0486834
2 0.572984 0.501431 0.0245807 0.0371254 0.0484276
5 0.40118 0.429855 0.0402358 0.050506 0.0478363
2 0.382037 0.377561 0.04371 0.0472514 0.047
2 0.401513 0.525214 0.0380048 0.0423658 0.0469622
5 0.404357 0.523986 0.0406851 0.0460129 0.0462247
3 0.530927 0.51141 0.280322 0.306244 0.0453182
2 0.401642 0.524434 0.038154 0.0432157 0.0425223
5 0.423094 0.656428 0.0474699 0.0430125 0.0416278
5 0.511423 0.693604 0.102625 0.0742056 0.0409713
2 0.421543 0.655926 0.0417413 0.0390073 0.0403714
5 0.403559 0.523779 0.0376158 0.043548 0.039615
2 0.669082 0.410693 0.062034 0.0635175 0.0393412
5 0.400805 0.429613 0.0401118 0.0456481 0.0392799
5 0.669951 0.410686 0.0735008 0.0684227 0.0383315
5 0.405202 0.527304 0.0362655 0.0471228 0.0375801
5 0.653071 0.567998 0.0257213 0.0332889 0.0342964
5 0.50928 0.692619 0.0962804 0.077189 0.0333924
2 0.62331 0.521207 0.0346728 0.0429682 0.0333704
5 0.609995 0.65068 0.0442429 0.0496963 0.0333604
2 0.670394 0.41028 0.0665448 0.0695824 0.0323285
3 0.547931 0.52498 0.299938 0.284236 0.0316801
2 0.613227 0.565148 0.0349578 0.0341883 0.0315098
2 0.669015 0.408657 0.0647845 0.0689237 0.031329
5 0.382757 0.376122 0.0490883 0.04996 0.0302437
2 0.66969 0.408719 0.065909 0.0693217 0.0301562
0 0.502464 0.501235 0.440188 0.451612 0.0297398
2 0.669811 0.408968 0.0622585 0.0673188 0.029512
5 0.416705 0.618613 0.0423022 0.0400254 0.0293854
5 0.420793 0.636793 0.0390848 0.041485 0.0287588
5 0.382655 0.376462 0.0476344 0.0484237 0.0287476
0 0.493423 0.502323 0.464477 0.494553 0.0284069
2 0.613937 0.565612 0.0348069 0.0339647 0.0282992
5 0.423645 0.619729 0.0442884 0.0390359 0.0275049
5 0.424701 0.647015 0.0516627 0.0593554 0.0269129
5 0.487428 0.702815 0.0478771 0.0459774 0.0267357
5 0.507725 0.6968 0.0910375 0.070205 0.0265212
3 0.542711 0.524445 0.311874 0.280372 0.025312
2 0.624989 0.526499 0.0335301 0.0379769 0.0251909
0 0.504264 0.30883 0.35918 0.171803 0.0250171
2 0.621253 0.520949 0.0384044 0.0463954 0.0245884
2 0.382829 0.378337 0.0447399 0.0533422 0.0245691
2 0.624604 0.524787 0.0343871 0.0396271 0.0241839
5 0.420321 0.61739 0.0400255 0.0463164 0.0240464
5 0.416679 0.619597 0.0411625 0.0363643 0.0239353
5 0.652715 0.481822 0.036763 0.0384214 0.0238455
2 0.583914 0.445006 0.0239198 0.0290212 0.0235966
2 0.379688 0.37715 0.0461504 0.0512597 0.0235173
5 0.526354 0.68975 0.0729474 0.0567139 0.0230069
4 0.489726 0.0456352 0.527553 0.0903407 0.022258
2 0.613513 0.563086 0.0357913 0.0329703 0.0221947
2 0.584456 0.444757 0.0216492 0.0270942 0.0215987
2 0.573064 0.502867 0.0292276 0.0438819 0.0215953
2 0.357296 0.545347 0.0302211 0.0370887 0.021431
5 0.623624 0.597061 0.0347131 0.0360214 0.0212963
4 0.491137 0.0294384 0.45994 0.058265 0.020236
5 0.652815 0.48035 0.0388443 0.0398487 0.0198415
0 0.516716 0.298902 0.333289 0.176231 0.0197866
5 0.383444 0.376862 0.0499922 0.0550956 0.0196317
5 0.419546 0.618101 0.0414653 0.0462564 0.0195657
5 0.485473 0.704845 0.0427075 0.0442527 0.0192486
0 0.502389 0.526875 0.442502 0.460238 0.0190355
2 0.357137 0.546705 0.0256951 0.0357495 0.0182057
0 0.492844 0.276343 0.355686 0.165271 0.0177738
3 0.509571 0.490187 0.436525 0.418293 0.0177207
4 0.51576 0.047769 0.523409 0.0946462 0.0175119
2 0.38219 0.378399 0.0453731 0.0542096 0.0175055
2 0.379654 0.376615 0.0450305 0.0503866 0.0172928
5 0.486138 0.705337 0.0441563 0.0448857 0.0171766
3 0.503553 0.513461 0.244031 0.309854 0.0170908
5 0.529874 0.685124 0.0582573 0.0538777 0.0167134
3 0.551983 0.524877 0.292617 0.278506 0.0165313
5 0.408157 0.526571 0.0472232 0.0488621 0.0164016
5 0.612649 0.644942 0.038399 0.0474465 0.0161612
5 0.40186 0.522455 0.0407698 0.0447592 0.0160895
5 0.399193 0.428173 0.042501 0.045366 0.0157039
5 0.654669 0.568952 0.0316112 0.0398313 0.0156284
4 0.515793 0.0297552 0.458148 0.0588637 0.0154616
5 0.423837 0.62039 0.04301 0.0423591 0.0152008
2 0.575283 0.500828 0.0274996 0.038767 0.0147001
4 0.458082 0.0287085 0.477799 0.0569421 0.0143803
0 0.464036 0.493573 0.537363 0.538918 0.0141747
0 0.598966 0.535622 0.220753 0.317944 0.0141505
5 0.400316 0.429576 0.0474502 0.062872 0.0137708
2 0.61201 0.56569 0.0369265 0.0347425 0.0136397
2 0.575238 0.502097 0.0276435 0.0418147 0.0136085
2 0.356636 0.547299 0.0280068 0.0371947 0.0134655
5 0.655298 0.567574 0.0299017 0.0390408 0.0134623
3 0.50836 0.521847 0.254626 0.298395 0.0133173
4 0.457089 0.0469913 0.536997 0.0927945 0.0132106
2 0.612 0.565866 0.037105 0.0347443 0.0129173
5 0.533214 0.674184 0.0370104 0.035165 0.0128888
0 0.589551 0.530079 0.234222 0.298229 0.0120538
0 0.494533 0.501632 0.458711 0.503007 0.0119352
2 0.675614 0.540185 0.0278754 0.0329965 0.0117763
0 0.521216 0.550687 0.390845 0.412596 0.0116737
5 0.408167 0.525307 0.0484344 0.051905 0.0115398
2 0.570919 0.501089 0.0320766 0.0382213 0.0114964
0 0.518025 0.706914 0.310394 0.117137 0.0114852
0 0.590812 0.537348 0.24142 0.319549 0.0114106
5 0.653646 0.567259 0.0289014 0.0363687 0.0113049
2 0.573006 0.498246 0.0306427 0.0410196 0.0112683
0 0.582979 0.535028 0.25181 0.308471 0.0112402
3 0.543547 0.520875 0.273123 0.28062 0.0110822
0 0.510978 0.277644 0.33667 0.176756 0.0109673
3 0.535064 0.525985 0.275017 0.282028 0.0109347
3 0.47792 0.453602 0.509031 0.487671 0.0108878
5 0.651599 0.482172 0.0352925 0.0384691 0.0108766
2 0.41992 0.655512 0.049732 0.0419631 0.0103185
2 0.57089 0.501057 0.0330761 0.0410672 0.010193
