2 0.606831 0.586551 0.0451132 0.0996278 0.719787
2 0.63275 0.394485 0.0605986 0.119038 0.700916
2 0.482483 0.608729 0.0313086 0.07939 0.664299
2 0.827279 0.148621 0.0465384 0.0797954 0.56986
2 0.614939 0.494468 0.0470946 0.0623751 0.504974
2 0.531708 0.468165 0.0600245 0.0782986 0.489743
2 0.768287 0.47369 0.0837085 0.146113 0.485455
2 0.475648 0.553153 0.0738969 0.0516783 0.296302
2 0.458007 0.556222 0.0408243 0.049348 0.213137
2 0.719059 0.320219 0.303091 0.2745 0.212751
2 0.785317 0.597698 0.0339954 0.0446978 0.209124
2 0.616281 0.69841 0.0311157 0.043025 0.208615
2 0.668885 0.151376 0.0437498 0.0863717 0.204275
2 0.332484 0.574809 0.04595 0.0462331 0.192062
2 0.539791 0.120383 0.0468953 0.0791352 0.178056
2 0.722036 0.640559 0.0702426 0.055965 0.168618
2 0.481163 0.604886 0.0533766 0.0955868 0.162285
2 0.549317 0.673341 0.10615 0.129842 0.14048
2 0.51094 0.509069 0.0247488 0.0437482 0.111151
2 0.437866 0.147418 0.0524976 0.0592659 0.0944372
2 0.500974 0.554731 0.130999 0.100819 0.089227
2 0.576681 0.701279 0.0391756 0.0540454 0.0740114
2 0.398288 0.134644 0.0403445 0.0700864 0.0667692
2 0.50549 0.587166 0.105523 0.0957564 0.0575197
2 0.529576 0.580437 0.0533676 0.0461153 0.0511526
2 0.743264 0.639657 0.113009 0.083643 0.0453797
2 0.366925 0.142541 0.0277361 0.0348053 0.0406656
4 0.456028 0.413317 0.8898 0.825683 0.0375253
2 0.573513 0.692001 0.0510858 0.0865489 0.0365124
2 0.614369 0.68355 0.0462245 0.0899712 0.0356334
2 0.418702 0.140595 0.0950278 0.0833882 0.0345
2 0.292479 0.646686 0.0408876 0.0819964 0.0342376
2 0.386693 0.147007 0.0722815 0.0886894 0.0341356
2 0.763163 0.136284 0.0488284 0.0895078 0.033363
2 0.484282 0.534985 0.0756851 0.0746055 0.0321966
2 0.726315 0.659325 0.0782197 0.106986 0.0319538
2 0.719542 0.347041 0.140848 0.196613 0.0295555
2 0.345635 0.41938 0.379939 0.484285 0.0293389
2 0.357105 0.658065 0.18616 0.172765 0.0283313
2 0.485511 0.467762 0.023917 0.0314607 0.0266331
2 0.527368 0.125139 0.0810475 0.0971053 0.0259341
2 0.55196 0.558464 0.0297618 0.0607038 0.0253437
2 0.593456 0.675335 0.0833351 0.121032 0.0242472
2 0.410082 0.158065 0.129488 0.127411 0.0224683
2 0.533266 0.56181 0.0674326 0.0903853 0.0210363
2 0.820201 0.138803 0.0737064 0.111351 0.0198394
2 0.420619 0.379085 0.0730856 0.125348 0.0193907
2 0.489479 0.447934 0.027615 0.0489436 0.0192339
2 0.787347 0.650606 0.0648201 0.0671076 0.0186921
4 0.431992 0.503578 0.295811 0.446056 0.0153693
2 0.372082 0.163097 0.0430467 0.0868283 0.0140747
2 0.70456 0.372536 0.0839418 0.129119 0.0118132
2 0.801736 0.546032 0.0496655 0.0457254 0.0113251
2 0.310034 0.557788 0.0409472 0.0783199 0.0112983
2 0.745262 0.137775 0.0937306 0.0996531 0.0112335
2 0.733709 0.694489 0.0502786 0.0577383 0.0105913
2 0.484494 0.452642 0.0406804 0.07566 0.010279
