3 0.470738 0.500443 0.941476 0.926223 0.200912
5 0.590767 0.333339 0.0429246 0.0627695 0.100794
2 0.348859 0.978063 0.0160017 0.0253299 0.0889328
2 0.188972 0.493136 0.0170972 0.0310079 0.0550769
4 0.500844 0.477413 0.890034 0.888415 0.0517217
2 0.668826 0.785772 0.0198617 0.0275675 0.0515821
2 0.535118 0.84021 0.017728 0.0271767 0.0429724
2 0.282271 0.426855 0.0164702 0.0281775 0.0382591
5 0.253069 0.452982 0.0172633 0.0276701 0.0347343
3 0.397394 0.374977 0.151123 0.223022 0.0316608
2 0.734304 0.784065 0.020346 0.0316896 0.0302729
2 0.614501 0.772504 0.0214484 0.0263902 0.0295732
5 0.206596 0.452058 0.0171518 0.0271393 0.0236579
0 0.471504 0.40747 0.943008 0.749654 0.0233254
4 0.527896 0.831942 0.890839 0.301792 0.0230871
2 0.724982 0.715334 0.0149617 0.0227434 0.0211259
2 0.178753 0.566381 0.0175941 0.0277461 0.0202909
2 0.25561 0.401265 0.0187717 0.0325048 0.019201
2 0.221968 0.702933 0.0199795 0.0316333 0.0184976
5 0.281542 0.427609 0.0152879 0.0283846 0.0166416
2 0.663881 0.747982 0.0204512 0.0293429 0.0160579
3 0.476443 0.474821 0.347086 0.482911 0.0158768
2 0.201052 0.487603 0.0197352 0.0289619 0.0155403
2 0.193586 0.40534 0.0174548 0.0248606 0.0153298
2 0.865571 0.438151 0.0178624 0.0276327 0.0150618
2 0.707078 0.787878 0.0161311 0.0259549 0.0144055
2 0.819891 0.593121 0.0162693 0.0282617 0.0135118
5 0.178178 0.459697 0.0140037 0.0269881 0.0135067
3 0.252217 0.590557 0.14025 0.213594 0.0124529
5 0.257565 0.742117 0.0170267 0.0264732 0.0123699
2 0.630083 0.813831 0.0201515 0.0284499 0.0120086
5 0.13577 0.627238 0.0162356 0.0242 0.0119492
5 0.235013 0.452237 0.0211757 0.0316568 0.0119143
2 0.741097 0.708157 0.0164586 0.027106 0.0107081
0 0.1779 0.547363 0.331641 0.758533 0.0106384
5 0.223422 0.701676 0.0216513 0.0322468 0.0104219
