0 0.645631 0.386448 0.543647 0.630222 0.732027
3 0.602171 0.222757 0.351239 0.274858 0.0510878
2 0.684392 0.312532 0.252931 0.294861 0.0380395
0 0.643705 0.250813 0.381683 0.285846 0.0287523
0 0.688961 0.312929 0.37669 0.301618 0.0254237
2 0.52589 0.218662 0.176864 0.212433 0.0235578
5 0.649998 0.585612 0.239456 0.255736 0.0189407
0 0.421082 0.40294 0.136574 0.564549 0.0157618
5 0.843504 0.468508 0.0872275 0.0956242 0.0119614
0 0.755406 0.342826 0.269807 0.224841 0.0118481
0 0.469718 0.401274 0.172405 0.461671 0.0112922
0 0.53568 0.465061 0.296669 0.338742 0.0108977
