3 0.61181 0.38355 0.449351 0.598438 0.829645
5 0.563786 0.690333 0.0181806 0.0237883 0.303157
5 0.560252 0.289943 0.0233586 0.029143 0.179929
5 0.66082 0.674191 0.0278979 0.0325045 0.153069
5 0.554921 0.717501 0.0182698 0.018327 0.0280242
5 0.452732 0.676338 0.0231723 0.0278597 0.0254697
5 0.548986 0.694152 0.018737 0.0271982 0.0229132
5 0.544885 0.697037 0.0158189 0.0268517 0.0216619
5 0.536394 0.693826 0.0206279 0.0261074 0.0203258
5 0.625231 0.490324 0.0219494 0.0270701 0.0155807
5 0.636076 0.687232 0.0254142 0.0340691 0.0127157
2 0.516976 0.266554 0.0166546 0.0215534 0.0116398
