1 0.471015 0.463547 0.551955 0.561116 0.587125
1 0.470094 0.463221 0.548852 0.560152 0.583844
1 0.470143 0.464667 0.555028 0.561534 0.578186
1 0.469973 0.463787 0.554731 0.561595 0.577084
1 0.468676 0.464486 0.552649 0.561933 0.539775
1 0.469771 0.463435 0.552656 0.562125 0.53896
1 0.467491 0.46706 0.55716 0.562996 0.536038
1 0.471303 0.465849 0.554382 0.560409 0.518842
1 0.472153 0.464793 0.55119 0.557912 0.51653
1 0.466812 0.468189 0.557732 0.561815 0.165426
5 0.655327 0.539707 0.0246213 0.026877 0.116541
5 0.655698 0.539411 0.0244703 0.0265453 0.113247
5 0.65555 0.539261 0.0269566 0.0284458 0.0984536
5 0.655546 0.539506 0.027109 0.0297226 0.0963634
2 0.384171 0.656279 0.0232974 0.029023 0.0798067
5 0.589979 0.580449 0.0302111 0.031657 0.0789707
5 0.590002 0.580956 0.0272203 0.0289742 0.0767679
5 0.590236 0.580286 0.0283788 0.0293487 0.0694596
5 0.589913 0.580165 0.030899 0.0315417 0.0628735
2 0.384773 0.656159 0.0256467 0.0298052 0.0463877
5 0.590948 0.582252 0.0384126 0.0409356 0.0406142
5 0.590529 0.582548 0.0374564 0.040182 0.0315767
5 0.593232 0.580109 0.0455495 0.0437686 0.0240544
2 0.384402 0.655707 0.0287885 0.0308111 0.0234511
2 0.384183 0.655709 0.0272175 0.031105 0.0231692
5 0.588189 0.580659 0.0391426 0.0377102 0.0223411
5 0.653201 0.539409 0.0351184 0.0339554 0.0153799
5 0.588686 0.580179 0.0405448 0.0395133 0.0143088
5 0.656415 0.542358 0.0337431 0.0402752 0.0135805
5 0.592755 0.58066 0.0479074 0.0424301 0.0124384
5 0.0212358 0.270238 0.0424716 0.0981856 0.0120554
5 0.593815 0.58276 0.0461635 0.0465662 0.011849
0 0.570945 0.541548 0.107337 0.128819 0.0110938
5 0.656437 0.542352 0.032505 0.0400196 0.0109944
