4 0.430182 0.429149 0.459256 0.478884 0.698948
4 0.428569 0.456311 0.461386 0.39786 0.675167
4 0.427089 0.437047 0.466352 0.469616 0.635683
4 0.425697 0.481329 0.470218 0.373553 0.630231
4 0.430263 0.447479 0.459859 0.453203 0.624108
4 0.431948 0.465689 0.461514 0.309367 0.544523
4 0.415492 0.50184 0.495486 0.421279 0.517559
4 0.428156 0.49003 0.474837 0.35452 0.502746
4 0.418912 0.471237 0.484649 0.442863 0.493565
4 0.415606 0.524738 0.501674 0.433547 0.401018
4 0.345843 0.439305 0.274846 0.239729 0.371445
4 0.424084 0.472041 0.476628 0.315738 0.368925
4 0.386607 0.438544 0.360127 0.242527 0.36426
4 0.376089 0.437373 0.333961 0.236673 0.268312
4 0.343152 0.436493 0.265279 0.237926 0.260371
4 0.430655 0.434174 0.456944 0.49727 0.247265
4 0.347694 0.438023 0.282654 0.241809 0.181168
2 0.474434 0.479963 0.0167601 0.0216853 0.163064
2 0.468043 0.40082 0.0233363 0.0260797 0.150256
2 0.497353 0.282568 0.02159 0.0229379 0.142667
4 0.432054 0.447987 0.458434 0.293636 0.142032
4 0.369166 0.433986 0.367137 0.265157 0.128018
4 0.323396 0.434102 0.233384 0.236836 0.12671
4 0.427327 0.422784 0.460445 0.258674 0.123041
4 0.350194 0.439514 0.320799 0.25996 0.122845
4 0.330749 0.438117 0.255162 0.238421 0.120908
4 0.344039 0.427446 0.264639 0.222517 0.107652
4 0.388434 0.438317 0.371707 0.244529 0.0965305
2 0.503268 0.482652 0.0161451 0.0207841 0.0957382
2 0.45569 0.432623 0.0191337 0.0221465 0.0895925
2 0.497525 0.281844 0.0238356 0.0242297 0.0877184
4 0.376552 0.424716 0.33297 0.21684 0.0855758
2 0.451357 0.531004 0.02185 0.0264514 0.0845567
2 0.494992 0.542825 0.0178479 0.0215763 0.0834732
4 0.429107 0.361942 0.461962 0.358806 0.08205
4 0.410629 0.437565 0.414596 0.239961 0.0784952
4 0.331906 0.436678 0.27407 0.238792 0.0767294
4 0.324007 0.426052 0.233112 0.221608 0.0761416
2 0.4387 0.450875 0.0180494 0.0220769 0.072224
2 0.473973 0.480702 0.0187009 0.0214141 0.0709166
4 0.422335 0.43806 0.451319 0.247627 0.0693364
2 0.535047 0.310488 0.0174563 0.0199022 0.0662437
4 0.295141 0.444302 0.257386 0.282456 0.0609711
2 0.468217 0.399999 0.0264601 0.0303318 0.0584031
2 0.46826 0.401185 0.0265697 0.0322735 0.0547822
2 0.455801 0.431864 0.0188633 0.0249363 0.0525696
2 0.451435 0.53058 0.0246593 0.0296252 0.0461728
4 0.295283 0.516433 0.286192 0.416644 0.0435832
4 0.29093 0.453422 0.268457 0.286694 0.0434906
2 0.491449 0.494315 0.0154096 0.0208774 0.0405895
2 0.497651 0.281767 0.0254245 0.0286394 0.0388798
2 0.468806 0.400566 0.0281168 0.0289112 0.036731
4 0.429819 0.37949 0.460304 0.386237 0.0354976
4 0.361271 0.443798 0.34869 0.259924 0.0333571
2 0.38232 0.459395 0.0208722 0.0254219 0.0328892
4 0.385999 0.527625 0.460476 0.441023 0.0327656
4 0.429077 0.37934 0.463185 0.328143 0.0325068
4 0.286864 0.430542 0.158771 0.234 0.0324827
2 0.247321 0.472257 0.0186229 0.0216021 0.0321465
2 0.366725 0.498702 0.0194264 0.0350402 0.0320752
4 0.396871 0.421275 0.382592 0.211981 0.0320322
2 0.497296 0.283515 0.0251439 0.0300154 0.0310456
2 0.512222 0.556535 0.0187286 0.0215601 0.0305972
2 0.367771 0.499104 0.0209269 0.03599 0.0290343
2 0.450989 0.531155 0.0260893 0.0285163 0.0285157
0 0.0719205 0.849847 0.143841 0.300307 0.0275447
2 0.467038 0.400801 0.0304577 0.0301724 0.0262548
2 0.49486 0.54195 0.0181846 0.0241266 0.0260088
0 0.0760645 0.86812 0.152129 0.263182 0.0252872
4 0.428482 0.439161 0.451509 0.263797 0.0248848
2 0.500796 0.484614 0.0217177 0.0237545 0.0232129
2 0.368589 0.500202 0.0218593 0.0383618 0.0225531
2 0.497286 0.281209 0.0268573 0.0283132 0.0223791
4 0.406273 0.531363 0.507892 0.446409 0.0222376
2 0.45692 0.431803 0.0248566 0.0249264 0.0221757
2 0.382698 0.459181 0.0196675 0.0238069 0.0208697
4 0.287584 0.425045 0.156003 0.223433 0.0207513
2 0.440775 0.450073 0.0179914 0.0250929 0.0198002
0 0.091001 0.869001 0.182002 0.261808 0.0197872
4 0.287578 0.435321 0.167296 0.237813 0.0195488
4 0.340409 0.437298 0.266651 0.239517 0.0192818
2 0.497688 0.283524 0.0253402 0.0302283 0.0191263
2 0.47404 0.478431 0.0228541 0.0270948 0.0187296
4 0.589584 0.43234 0.150599 0.389328 0.0184965
4 0.320517 0.437102 0.28843 0.235705 0.0183508
2 0.451116 0.531558 0.0264824 0.0338359 0.0182479
4 0.380483 0.470199 0.421629 0.311729 0.0176544
2 0.24645 0.473153 0.0186822 0.0238326 0.0176079
2 0.473396 0.479977 0.0226557 0.0299646 0.0175732
2 0.438881 0.221882 0.0176264 0.0177415 0.0175112
2 0.451285 0.530925 0.0278103 0.0322536 0.0170292
2 0.468577 0.401641 0.0296622 0.032478 0.016926
2 0.501951 0.483458 0.0186244 0.026731 0.0166513
2 0.457134 0.433433 0.0246737 0.0260793 0.0164367
4 0.406714 0.572628 0.51358 0.36643 0.0163944
4 0.24459 0.519111 0.196636 0.496433 0.0155829
4 0.550444 0.453509 0.227265 0.474916 0.0153548
4 0.594835 0.41904 0.139452 0.390543 0.0150559
2 0.382368 0.459506 0.0215686 0.0258291 0.0146525
4 0.614448 0.382733 0.087085 0.194406 0.0144542
4 0.411706 0.528411 0.508855 0.442617 0.0140287
2 0.483955 0.485823 0.0242745 0.0272667 0.0137556
4 0.329673 0.385715 0.237311 0.139756 0.013419
2 0.468825 0.399923 0.0296227 0.0313692 0.0133907
2 0.517746 0.43972 0.0165546 0.0231873 0.0130396
4 0.518414 0.522919 0.279537 0.280233 0.0127126
4 0.416062 0.441792 0.446599 0.258681 0.0124163
4 0.320846 0.387043 0.222081 0.143629 0.0122286
4 0.590749 0.439931 0.148833 0.419377 0.012071
4 0.564645 0.26648 0.146701 0.120245 0.0120305
4 0.288933 0.433211 0.180404 0.236309 0.0120301
4 0.379978 0.5295 0.457818 0.44658 0.0119128
4 0.248398 0.502804 0.206044 0.481547 0.0114632
4 0.57566 0.444937 0.174706 0.374677 0.0114454
4 0.428971 0.335118 0.461097 0.29422 0.0111824
2 0.503275 0.550535 0.0244358 0.0285235 0.0111605
2 0.475068 0.481473 0.0247066 0.0299219 0.0110022
4 0.303306 0.525085 0.305562 0.453378 0.0108699
4 0.542432 0.517089 0.239892 0.298791 0.0108338
4 0.363388 0.386505 0.307186 0.141675 0.0107114
2 0.356408 0.503422 0.056576 0.0651173 0.0103458
5 0.0469605 0.970242 0.0921037 0.0594482 0.0102717
