0 0.497657 0.47959 0.709686 0.946639 0.913313
0 0.494928 0.476197 0.711011 0.944539 0.908114
0 0.495592 0.481309 0.715027 0.942392 0.904617
0 0.497478 0.498416 0.70945 0.958601 0.897473
0 0.494659 0.495028 0.708617 0.955719 0.885845
0 0.494624 0.497816 0.713015 0.956536 0.884077
0 0.497004 0.470615 0.708527 0.89993 0.840723
0 0.500011 0.495635 0.705081 0.962369 0.828096
0 0.493568 0.466409 0.703755 0.893674 0.801345
0 0.493129 0.469311 0.710557 0.898869 0.707049
5 0.606697 0.485393 0.0852416 0.0922647 0.153495
5 0.606229 0.483332 0.0824595 0.0846859 0.144547
5 0.606358 0.485396 0.0853926 0.0926136 0.131184
5 0.605923 0.48495 0.083473 0.0886249 0.116701
5 0.606572 0.484919 0.0869842 0.0909386 0.0916632
5 0.605656 0.484218 0.0859522 0.086244 0.0883064
5 0.60616 0.480466 0.0849756 0.0802917 0.0743954
0 0.628632 0.342504 0.10928 0.0785713 0.0622154
5 0.468771 0.434836 0.0220273 0.0299678 0.0595825
5 0.629793 0.342852 0.110896 0.0768727 0.0498924
5 0.427869 0.447561 0.029448 0.028403 0.0461456
5 0.46896 0.434557 0.0231758 0.0307898 0.0450562
0 0.62455 0.344055 0.105646 0.0757989 0.0425928
5 0.427797 0.447668 0.0336382 0.0319236 0.0405148
5 0.626117 0.343123 0.110623 0.076171 0.0385108
5 0.624125 0.344538 0.105955 0.0721175 0.0356465
5 0.62258 0.345077 0.101264 0.0684731 0.0351324
5 0.606205 0.477608 0.0839021 0.0754336 0.0344033
5 0.6063 0.48293 0.0887716 0.085017 0.0342943
0 0.637283 0.3384 0.122872 0.0885305 0.0316476
5 0.466877 0.433861 0.0315172 0.0371247 0.0297553
0 0.628841 0.338223 0.124731 0.0842913 0.0286734
5 0.427499 0.447368 0.0351079 0.0327925 0.0275675
5 0.428193 0.447935 0.0291986 0.02866 0.0269535
5 0.469283 0.434435 0.0279045 0.0342102 0.0267382
0 0.709899 0.4702 0.580203 0.9404 0.0259502
0 0.624328 0.344117 0.106473 0.078945 0.0255381
5 0.469305 0.43436 0.0283278 0.0347369 0.0221492
5 0.545753 0.514963 0.0207387 0.0257873 0.0207721
5 0.467431 0.434946 0.0323478 0.0382751 0.0199077
5 0.607112 0.485387 0.0927038 0.0945827 0.0197188
0 0.244877 0.497437 0.487033 0.980877 0.0192631
5 0.545752 0.514835 0.0219815 0.0266494 0.0189528
0 0.70583 0.493618 0.588341 0.987133 0.0178046
5 0.428243 0.447708 0.0327772 0.0315342 0.0175818
5 0.631404 0.338125 0.124045 0.0844893 0.0174857
0 0.635548 0.337784 0.11718 0.0932575 0.0168086
5 0.426862 0.448746 0.0403917 0.0433966 0.0158844
5 0.606134 0.477031 0.0823959 0.0767116 0.0147651
0 0.711349 0.497242 0.577302 0.986901 0.0142195
5 0.426411 0.448512 0.0432291 0.0467664 0.0118959
0 0.631622 0.337845 0.121672 0.0839191 0.0118309
0 0.194926 0.500333 0.389851 0.975737 0.0108933
0 0.0924181 0.477202 0.184836 0.939265 0.0108839
5 0.47026 0.436321 0.0308456 0.0433367 0.0106518
0 0.799376 0.533677 0.0942863 0.288186 0.0106194
0 0.803694 0.51268 0.0837898 0.277998 0.0102673
