3 0.501878 0.514847 0.900097 0.908285 0.617635
3 0.504261 0.523599 0.898266 0.928118 0.59147
3 0.478403 0.520121 0.946452 0.91979 0.565916
3 0.476146 0.531906 0.952291 0.936188 0.539395
3 0.523393 0.507329 0.930969 0.892021 0.452928
3 0.525078 0.515984 0.936455 0.917206 0.410092
3 0.505473 0.521517 0.893055 0.909665 0.399993
3 0.490337 0.499871 0.856487 0.887094 0.371522
3 0.497994 0.534449 0.919096 0.931102 0.282851
5 0.880235 0.121396 0.046145 0.0498725 0.271252
5 0.52092 0.0475998 0.0286349 0.0447392 0.263626
5 0.520891 0.0468571 0.0337105 0.0476541 0.259324
3 0.540781 0.528147 0.832311 0.921338 0.257846
