3 0.592952 0.496849 0.647933 0.931132 0.684629
3 0.514219 0.501792 0.817246 0.91317 0.673106
3 0.51596 0.49677 0.808426 0.943071 0.66103
3 0.503028 0.495426 0.840389 0.939367 0.656063
3 0.55498 0.497543 0.732743 0.941116 0.648833
3 0.589991 0.506795 0.658949 0.904068 0.628198
3 0.518997 0.498809 0.799532 0.945915 0.611912
3 0.554419 0.502879 0.734624 0.947291 0.595764
3 0.548302 0.501877 0.747313 0.91328 0.5608
3 0.50829 0.491062 0.836477 0.928084 0.530422
3 0.49742 0.497094 0.833118 0.944617 0.496546
3 0.49988 0.496252 0.850542 0.941427 0.440258
3 0.446483 0.485997 0.699887 0.912935 0.382978
3 0.508678 0.492537 0.856466 0.932855 0.255097
3 0.596009 0.49941 0.639066 0.935023 0.160474
3 0.388228 0.479419 0.565985 0.89508 0.0922007
5 0.873879 0.465446 0.0261548 0.0343775 0.0594351
5 0.874052 0.465652 0.0299819 0.0379893 0.0579316
2 0.873847 0.465009 0.0287769 0.0363384 0.0488764
5 0.873793 0.465325 0.03145 0.0389567 0.0369879
3 0.254126 0.405336 0.191899 0.358671 0.0355304
5 0.873873 0.466078 0.0343379 0.0397815 0.0309765
3 0.381873 0.4716 0.276372 0.412135 0.0284032
5 0.873897 0.465083 0.0323545 0.0386634 0.0271707
3 0.527806 0.534989 0.354045 0.499027 0.0269497
1 0.0734256 0.539223 0.146851 0.684497 0.024481
3 0.420921 0.435026 0.324172 0.524911 0.0243404
5 0.87513 0.465134 0.0345333 0.0399021 0.0234988
1 0.0855455 0.53952 0.171091 0.682137 0.0227607
4 0.535369 0.899268 0.278611 0.129454 0.0221114
5 0.202518 0.741884 0.08678 0.0937618 0.0220303
3 0.517342 0.51656 0.338037 0.502565 0.0210128
5 0.201485 0.742746 0.0829556 0.0963707 0.020758
1 0.0505647 0.509983 0.101129 0.690763 0.0205958
5 0.201742 0.74244 0.0842478 0.0949886 0.0205633
5 0.875352 0.465236 0.0340661 0.0383622 0.0190843
1 0.0711339 0.512467 0.142268 0.689403 0.018942
1 0.0745564 0.565188 0.149113 0.676606 0.0188708
0 0.335321 0.504747 0.0973289 0.189784 0.0187455
1 0.0508711 0.536029 0.101742 0.685932 0.0182173
1 0.0858176 0.565413 0.171635 0.678713 0.0177953
3 0.262343 0.41631 0.21875 0.380739 0.0176611
3 0.2503 0.401724 0.178749 0.343375 0.0170985
5 0.201043 0.744026 0.082705 0.100087 0.0170149
3 0.417943 0.40901 0.286379 0.54487 0.0167953
3 0.377027 0.463292 0.274733 0.468404 0.016709
5 0.201303 0.742042 0.0836173 0.094308 0.016365
2 0.202073 0.741817 0.0849981 0.093119 0.0160381
1 0.0501725 0.484179 0.100345 0.692569 0.0157877
1 0.0507411 0.560715 0.101482 0.674953 0.0143903
3 0.511997 0.501333 0.846102 0.910287 0.0142079
5 0.238484 0.402094 0.16293 0.365614 0.014194
1 0.103906 0.54574 0.171551 0.66753 0.0138701
0 0.33614 0.505539 0.102901 0.194861 0.0137727
3 0.382921 0.489592 0.236031 0.349196 0.0135536
3 0.48819 0.510084 0.337126 0.480077 0.0134314
3 0.553782 0.536936 0.369284 0.488408 0.0133877
3 0.433954 0.480963 0.698995 0.908385 0.0133574
4 0.539819 0.900038 0.274724 0.127196 0.0130859
5 0.227164 0.521491 0.0580759 0.157974 0.0129946
3 0.406872 0.460586 0.324105 0.53885 0.0121645
3 0.425526 0.454399 0.347297 0.538919 0.0119407
5 0.237222 0.554955 0.0356575 0.101326 0.0117873
3 0.257979 0.415074 0.196145 0.374492 0.0113046
5 0.238313 0.559297 0.0365903 0.132134 0.0112379
5 0.231319 0.547223 0.0473154 0.1063 0.011197
1 0.104412 0.570909 0.168837 0.671025 0.0111632
3 0.273059 0.433534 0.252348 0.417174 0.0110659
4 0.35652 0.851534 0.135051 0.0750749 0.0110124
3 0.373679 0.4826 0.22971 0.388878 0.0110044
1 0.085728 0.513213 0.171456 0.682399 0.0108813
3 0.49999 0.520749 0.345184 0.470952 0.0106458
4 0.530068 0.898428 0.309763 0.134244 0.0105004
3 0.410929 0.440324 0.295802 0.522823 0.0104459
0 0.336166 0.504981 0.0961437 0.184503 0.0103567
5 0.226383 0.495927 0.0638339 0.214108 0.0100071
