2 0.524172 0.610019 0.0747255 0.0711178 0.839802
2 0.523799 0.61028 0.0752276 0.0710716 0.816645
2 0.523634 0.610833 0.0759411 0.0712186 0.809295
2 0.52365 0.610275 0.0753279 0.0703801 0.803402
2 0.52342 0.610375 0.0755087 0.0702302 0.771603
2 0.523736 0.610924 0.0759075 0.0706889 0.754159
2 0.524267 0.609883 0.0756405 0.0727658 0.654921
2 0.524861 0.610496 0.0769141 0.0713019 0.572972
2 0.525013 0.610031 0.0769398 0.0714802 0.570956
2 0.524042 0.60996 0.0745808 0.0740473 0.548986
3 0.619376 0.475018 0.323571 0.384911 0.226954
3 0.596395 0.468312 0.284616 0.354386 0.178666
3 0.620531 0.4792 0.325846 0.38141 0.176399
3 0.599487 0.478766 0.309057 0.379569 0.152075
2 0.782488 0.655215 0.0451997 0.063134 0.101088
2 0.783142 0.657373 0.0451082 0.0658605 0.0802999
5 0.0244277 0.944268 0.0488554 0.111463 0.0689923
2 0.783047 0.654048 0.0444354 0.0585547 0.0658884
2 0.524055 0.610155 0.0745707 0.0722918 0.0644711
3 0.592833 0.44321 0.247464 0.27531 0.0634237
5 0.0233411 0.9462 0.0466822 0.1076 0.0586557
2 0.782412 0.65596 0.0437307 0.0631989 0.0558562
3 0.589032 0.441924 0.235845 0.26268 0.0527794
3 0.588874 0.440737 0.261968 0.279375 0.0519034
3 0.608026 0.458871 0.290169 0.322069 0.0498415
2 0.781427 0.654633 0.0445996 0.0609876 0.0478534
5 0.957905 0.0371038 0.0841897 0.0740517 0.0465162
5 0.0268146 0.944194 0.0528855 0.110895 0.0454742
5 0.0246744 0.945907 0.0491734 0.107658 0.0448287
2 0.783502 0.655272 0.0456463 0.0633932 0.037452
5 0.9578 0.0373275 0.0842639 0.0737892 0.0373997
2 0.78224 0.654694 0.0442624 0.0602529 0.0349881
2 0.524179 0.609612 0.0740097 0.0713234 0.0329998
3 0.633032 0.473714 0.331293 0.386094 0.0322041
5 0.0256527 0.943218 0.0513053 0.113565 0.0303242
2 0.783661 0.657884 0.046557 0.0704038 0.0302064
5 0.958428 0.0376299 0.0831441 0.0724059 0.0286399
5 0.0255723 0.943876 0.0511447 0.111636 0.0279817
5 0.0250056 0.945443 0.0498743 0.109113 0.0267783
4 0.610904 0.32539 0.429347 0.254141 0.0256846
3 0.634857 0.480983 0.330468 0.377435 0.0252087
5 0.955139 0.0370751 0.0891342 0.0735527 0.0241862
5 0.0249892 0.947621 0.0499783 0.104758 0.0221586
3 0.591097 0.43665 0.221412 0.248718 0.0216354
3 0.591825 0.435989 0.229218 0.251997 0.0204504
4 0.612355 0.48711 0.442325 0.577268 0.0188003
3 0.591023 0.44327 0.291681 0.294611 0.0183971
4 0.613025 0.506686 0.444544 0.623207 0.0182917
4 0.610909 0.323605 0.432847 0.249736 0.0178473
4 0.610441 0.350973 0.440395 0.301999 0.0167148
2 0.782293 0.656691 0.0451559 0.0657137 0.0155056
4 0.614771 0.500624 0.442546 0.606055 0.0148641
4 0.613543 0.495558 0.44454 0.59661 0.0147324
4 0.611035 0.350553 0.438538 0.301766 0.0134388
4 0.610195 0.30905 0.414668 0.218119 0.0130986
5 0.0258296 0.943972 0.0516593 0.112056 0.0124502
3 0.596983 0.43834 0.255009 0.263504 0.0121752
5 0.953623 0.0367944 0.092754 0.0735888 0.0119574
4 0.613582 0.403618 0.439786 0.409859 0.0119099
4 0.61162 0.508435 0.447897 0.623602 0.0112693
5 0.959197 0.0377089 0.0816068 0.0718636 0.0111249
3 0.608823 0.482898 0.303197 0.368202 0.0109896
2 0.783402 0.658879 0.051056 0.0749191 0.01093
5 0.956701 0.0372206 0.0865982 0.0735372 0.0106851
3 0.597054 0.482381 0.308922 0.371765 0.0104149
4 0.611321 0.307377 0.419153 0.215565 0.0101772
4 0.608275 0.356564 0.435595 0.31552 0.0100545
