1 0.548984 0.500601 0.673642 0.885804 0.913103
1 0.548155 0.501087 0.676185 0.887058 0.90088
1 0.547244 0.501742 0.679345 0.884981 0.899088
1 0.548169 0.497757 0.674421 0.879886 0.897531
1 0.548111 0.498601 0.674115 0.879371 0.890438
1 0.546942 0.497593 0.680958 0.879023 0.880617
1 0.551703 0.49707 0.680743 0.882362 0.834277
1 0.547997 0.50556 0.675047 0.890194 0.828497
1 0.546018 0.505098 0.679349 0.891946 0.820976
1 0.550024 0.504825 0.67358 0.88775 0.795265
5 0.656775 0.700924 0.0485655 0.0559939 0.335655
5 0.656651 0.700874 0.0456362 0.0540754 0.294829
5 0.656321 0.700179 0.0397353 0.0489026 0.258362
5 0.656297 0.700828 0.0446874 0.0519735 0.25828
5 0.656559 0.700157 0.0446044 0.0512283 0.250265
5 0.657307 0.700058 0.0536369 0.0606979 0.24773
5 0.656305 0.700384 0.0429017 0.0511258 0.243828
5 0.655615 0.700648 0.0484465 0.056049 0.24247
5 0.454852 0.149733 0.053446 0.0582196 0.237428
5 0.657501 0.699911 0.0498508 0.0578062 0.234757
5 0.655238 0.700541 0.0469663 0.0557763 0.225507
5 0.657736 0.700079 0.0502462 0.0585008 0.224977
5 0.657444 0.70082 0.053216 0.0608834 0.221001
5 0.454822 0.15059 0.0524385 0.0579935 0.204991
5 0.455539 0.151509 0.0589037 0.0612093 0.201462
5 0.454723 0.150914 0.055861 0.058484 0.191416
5 0.454335 0.15045 0.0555255 0.0584278 0.189925
5 0.454191 0.150541 0.0520101 0.0564908 0.18399
5 0.455214 0.148626 0.0575373 0.0599297 0.180367
5 0.454669 0.15038 0.0514171 0.0554325 0.179015
5 0.45509 0.15038 0.0524119 0.056884 0.17356
5 0.346121 0.447176 0.0457071 0.0574274 0.151095
5 0.654793 0.700719 0.0494736 0.0575469 0.151021
5 0.438236 0.256124 0.0434583 0.0478608 0.149756
5 0.438257 0.256165 0.0415443 0.0449991 0.142564
5 0.437489 0.256249 0.0391836 0.0446192 0.137989
5 0.345841 0.446796 0.0456708 0.0565061 0.137192
5 0.437663 0.255783 0.0382154 0.0431816 0.136833
5 0.454812 0.150838 0.0545468 0.0593089 0.135659
5 0.43787 0.256001 0.0381566 0.0442831 0.134423
5 0.437524 0.255623 0.0362032 0.0409356 0.130329
5 0.346002 0.447644 0.046641 0.0562545 0.129808
5 0.657295 0.702125 0.0577636 0.0656556 0.125152
5 0.438157 0.255535 0.0418224 0.0453753 0.124883
5 0.345795 0.446553 0.0447658 0.0561449 0.123882
5 0.437519 0.255794 0.0364254 0.0417604 0.120463
5 0.345605 0.446416 0.0457222 0.0566914 0.118706
5 0.345667 0.44645 0.0422918 0.0531343 0.115919
5 0.437596 0.256074 0.0347085 0.0386548 0.115806
5 0.346297 0.448209 0.0511676 0.0621177 0.110119
5 0.345805 0.446827 0.0381073 0.051161 0.10212
5 0.345516 0.44655 0.0428482 0.0537531 0.101879
5 0.453866 0.151119 0.0706462 0.0686809 0.0946988
5 0.345614 0.44726 0.0384917 0.0503516 0.0946098
5 0.34526 0.447444 0.0456464 0.0580168 0.0943422
5 0.455104 0.149603 0.0608326 0.0644894 0.0933032
5 0.345544 0.446878 0.047584 0.0604925 0.0890986
5 0.655453 0.702447 0.0577487 0.068542 0.0774386
5 0.454774 0.150933 0.0583666 0.0667714 0.057739
5 0.454681 0.151032 0.0668658 0.066629 0.0503122
5 0.655995 0.702911 0.0609946 0.0703633 0.0448112
5 0.456845 0.149187 0.0606934 0.0640155 0.043866
5 0.65704 0.699732 0.0583408 0.066798 0.0315832
5 0.453813 0.152238 0.077461 0.0744723 0.0315415
5 0.657531 0.69973 0.0595532 0.0652763 0.0244787
5 0.343414 0.446117 0.0547529 0.0649407 0.0183045
5 0.342791 0.446323 0.0539016 0.0647218 0.0168968
5 0.455575 0.150489 0.0691297 0.0751802 0.01564
5 0.438291 0.258525 0.0502222 0.0588391 0.0148186
5 0.434205 0.256879 0.047229 0.0513907 0.0147466
5 0.657313 0.703762 0.06339 0.0775663 0.0139412
5 0.653914 0.702675 0.0614514 0.0708986 0.0135196
5 0.433811 0.256745 0.0491043 0.05283 0.0121029
5 0.453346 0.149175 0.0716555 0.073539 0.0102521
