0 0.568628 0.488367 0.683497 0.97096 0.930022
0 0.570618 0.486682 0.695777 0.970034 0.929709
0 0.569801 0.467476 0.682907 0.934951 0.924804
0 0.567292 0.486914 0.682305 0.971159 0.924032
0 0.567086 0.481741 0.675452 0.957995 0.92277
0 0.569311 0.492942 0.692825 0.980065 0.921953
0 0.569392 0.484842 0.677807 0.967381 0.920321
0 0.571173 0.467084 0.694519 0.934167 0.919397
0 0.57113 0.462279 0.677853 0.924558 0.896182
0 0.563046 0.489329 0.659728 0.976105 0.821803
5 0.401512 0.88011 0.0438894 0.0454037 0.0952522
5 0.40132 0.87999 0.0450024 0.0462771 0.0930739
5 0.401663 0.880427 0.0403674 0.0423196 0.087293
5 0.402064 0.880367 0.0441242 0.0456338 0.0765574
5 0.401804 0.880341 0.040493 0.0425333 0.0724238
5 0.40207 0.880328 0.043195 0.0448934 0.0709023
5 0.401467 0.880225 0.0466439 0.047749 0.0652164
5 0.401989 0.879915 0.0478436 0.049991 0.0644442
5 0.400815 0.879945 0.0480057 0.0488735 0.0552761
5 0.400941 0.879552 0.05255 0.0525962 0.0512509
5 0.48815 0.449376 0.037644 0.0446486 0.0450106
5 0.402654 0.88056 0.0454537 0.0483439 0.0362074
5 0.488372 0.449468 0.0394993 0.0438038 0.0355448
5 0.488007 0.448849 0.0330065 0.0389171 0.0326932
5 0.565586 0.550148 0.0512168 0.0638251 0.0302751
5 0.489067 0.449777 0.0308244 0.0358423 0.0298671
5 0.565476 0.550022 0.0516703 0.0640004 0.0259485
5 0.565643 0.550818 0.0524768 0.0631726 0.0238497
5 0.487941 0.449173 0.0358895 0.040407 0.021981
5 0.488744 0.449671 0.0339078 0.0375274 0.0171763
5 0.490799 0.449917 0.0409289 0.045576 0.0171426
5 0.565587 0.550661 0.0515022 0.0627842 0.0153754
5 0.565527 0.55076 0.0507954 0.0629198 0.0131321
5 0.490165 0.449886 0.0418731 0.0453758 0.0120623
5 0.293785 0.629595 0.0922865 0.192786 0.0102491
5 0.405872 0.879936 0.055362 0.051696 0.0100062
