0 0.607079 0.580136 0.485509 0.650273 0.69979
0 0.612559 0.581321 0.481233 0.645712 0.695924
0 0.604357 0.581925 0.487594 0.651255 0.651153
0 0.609667 0.578316 0.485861 0.648393 0.594532
0 0.612116 0.580551 0.486798 0.646987 0.592107
0 0.605048 0.580107 0.487643 0.649988 0.590652
0 0.603509 0.577417 0.490841 0.64672 0.51486
0 0.608579 0.577314 0.483389 0.648259 0.444002
0 0.608119 0.574705 0.486074 0.641763 0.39657
0 0.611058 0.579696 0.484312 0.645658 0.395194
3 0.565902 0.565153 0.302377 0.371168 0.139726
3 0.558545 0.572041 0.286548 0.356831 0.114144
3 0.570678 0.539022 0.286826 0.378294 0.112406
3 0.568502 0.551394 0.290784 0.368483 0.111912
1 0.380234 0.589039 0.113867 0.58873 0.106452
1 0.383049 0.582812 0.118608 0.548285 0.104493
3 0.567103 0.579094 0.297006 0.361515 0.100539
3 0.554674 0.562747 0.270018 0.35789 0.0821316
1 0.373504 0.595626 0.102774 0.459259 0.0724803
1 0.378219 0.583978 0.11035 0.613637 0.070801
3 0.585031 0.536421 0.288964 0.365979 0.065714
1 0.384315 0.57246 0.124798 0.459336 0.0618664
3 0.573542 0.529717 0.27919 0.385706 0.0607953
3 0.557281 0.589975 0.271609 0.33286 0.0593183
1 0.373424 0.609287 0.101021 0.48433 0.0555883
1 0.373763 0.575349 0.106676 0.442249 0.0519891
3 0.555213 0.544497 0.265595 0.379922 0.0504493
3 0.584464 0.517877 0.29166 0.353649 0.0482312
1 0.378907 0.56217 0.111819 0.61653 0.0429263
3 0.544244 0.579259 0.266202 0.334058 0.0359685
3 0.588469 0.547485 0.272068 0.356794 0.0358111
3 0.575083 0.499856 0.256253 0.32941 0.0357704
1 0.324164 0.688405 0.192519 0.482104 0.03524
1 0.323899 0.706378 0.213341 0.428945 0.0343835
1 0.373587 0.603005 0.100246 0.469399 0.0318055
1 0.293795 0.694826 0.171052 0.598385 0.0297127
3 0.584348 0.491836 0.272482 0.312817 0.0295914
1 0.29382 0.683026 0.182712 0.471498 0.0295523
1 0.353185 0.712985 0.223909 0.427283 0.027347
3 0.538892 0.571452 0.255825 0.343385 0.0268757
1 0.381243 0.54291 0.118217 0.599987 0.0267637
1 0.349925 0.728723 0.212404 0.399865 0.0257747
3 0.581712 0.564239 0.281324 0.366641 0.024527
1 0.373777 0.574718 0.119157 0.427606 0.0237614
3 0.56958 0.617671 0.281088 0.276974 0.0207907
3 0.577049 0.577128 0.281166 0.367251 0.0200005
1 0.383133 0.583775 0.131378 0.406229 0.0193851
3 0.55798 0.539125 0.265338 0.407601 0.0184303
1 0.296384 0.708249 0.209792 0.422965 0.0183085
1 0.326372 0.700539 0.186089 0.596406 0.0181029
1 0.326712 0.728444 0.206652 0.395914 0.0171211
1 0.37356 0.589428 0.100822 0.426831 0.0169848
3 0.60275 0.534033 0.262112 0.352202 0.0165344
1 0.345681 0.751051 0.199903 0.359841 0.0164827
1 0.354278 0.694356 0.196989 0.467735 0.0150351
1 0.382144 0.533475 0.126197 0.549406 0.0144675
3 0.544009 0.597561 0.252756 0.296629 0.0132692
3 0.599731 0.512354 0.273314 0.329902 0.0131196
3 0.571939 0.482365 0.24033 0.28967 0.0119057
1 0.292239 0.675657 0.16257 0.648686 0.0106622
1 0.372341 0.75419 0.219638 0.366702 0.010545
3 0.557959 0.51427 0.250695 0.357785 0.0105433
3 0.553443 0.626073 0.246677 0.246673 0.0102189
