3 0.606754 0.382071 0.510004 0.667827 0.610515
3 0.605698 0.37859 0.510171 0.675557 0.568529
3 0.608979 0.378627 0.520131 0.666844 0.491703
3 0.593627 0.381817 0.487695 0.658712 0.456902
3 0.603768 0.377006 0.519381 0.685651 0.454755
3 0.605829 0.375227 0.519195 0.674357 0.397085
3 0.607784 0.372732 0.524629 0.679817 0.254999
3 0.604093 0.374343 0.523555 0.684238 0.236145
3 0.604213 0.372345 0.526556 0.686701 0.157342
1 0.605096 0.372392 0.52226 0.69035 0.0941789
1 0.66367 0.111183 0.334795 0.162801 0.0354234
1 0.671379 0.112206 0.340658 0.16469 0.0320104
1 0.662715 0.123457 0.338702 0.187945 0.0191721
1 0.669374 0.124523 0.333262 0.188009 0.0175653
1 0.652714 0.187244 0.432662 0.314632 0.0133509
3 0.604498 0.394218 0.500421 0.645503 0.0130691
3 0.545901 0.407686 0.356615 0.449606 0.0126897
1 0.68484 0.220462 0.338132 0.365384 0.0116447
1 0.695408 0.229566 0.334742 0.387381 0.0109282
1 0.679323 0.176244 0.343123 0.282092 0.0103682
1 0.694896 0.260056 0.344443 0.462176 0.0101724
