3 0.536375 0.400939 0.463647 0.597456 0.8682
3 0.533598 0.401991 0.45943 0.599608 0.867776
3 0.532977 0.402709 0.462827 0.601898 0.863745
3 0.53094 0.402573 0.46239 0.599761 0.8581
3 0.528433 0.403026 0.469234 0.603151 0.855602
3 0.534405 0.402902 0.467533 0.600615 0.851974
3 0.532481 0.401285 0.460779 0.600693 0.848484
3 0.52878 0.401576 0.466576 0.602152 0.846706
3 0.534984 0.401073 0.465839 0.60115 0.840352
3 0.536377 0.401125 0.464668 0.600998 0.81985
2 0.640689 0.523494 0.0381596 0.0379558 0.0323969
3 0.53099 0.568221 0.444134 0.269461 0.0181875
2 0.640881 0.5247 0.0390139 0.0371718 0.0167144
3 0.527993 0.569844 0.448033 0.264096 0.0150011
3 0.393004 0.525974 0.0534764 0.0755332 0.0145831
2 0.68873 0.377243 0.0282613 0.031011 0.014138
2 0.730491 0.418032 0.01823 0.0220424 0.0122613
3 0.535192 0.556005 0.3729 0.241566 0.0112538
2 0.640712 0.524538 0.0360132 0.0354371 0.0111336
3 0.392057 0.526028 0.0524405 0.0735259 0.0106043
