3 0.495055 0.661109 0.456146 0.334171 0.521926
3 0.476979 0.659842 0.421552 0.335874 0.505416
3 0.499335 0.660862 0.462796 0.336425 0.453348
3 0.482905 0.6626 0.432013 0.335299 0.420354
5 0.560464 0.573285 0.0469845 0.0403143 0.403033
3 0.469157 0.662928 0.405628 0.33216 0.382058
3 0.501357 0.658497 0.466308 0.345537 0.374681
5 0.561979 0.57306 0.0500739 0.0394247 0.371188
5 0.562419 0.573738 0.0510885 0.0405243 0.364278
3 0.502109 0.658853 0.469547 0.33457 0.346266
5 0.562267 0.572778 0.0525617 0.0409331 0.342884
5 0.558091 0.573664 0.0399273 0.0395028 0.337364
5 0.562223 0.573717 0.0526736 0.0382597 0.321263
3 0.504181 0.657798 0.47131 0.337297 0.317422
5 0.561377 0.573323 0.0474424 0.0411945 0.300396
3 0.471982 0.634362 0.399895 0.29297 0.272119
5 0.562718 0.572677 0.052066 0.0430151 0.266037
