5 0.47672 0.539324 0.0655371 0.0794728 0.834202
5 0.476525 0.53967 0.065863 0.0792279 0.831591
5 0.252296 0.563795 0.0573395 0.0674778 0.808535
5 0.476956 0.53987 0.0660093 0.080114 0.787634
5 0.252352 0.563999 0.0575629 0.0676368 0.783214
5 0.476925 0.540009 0.0663089 0.0793261 0.776053
5 0.476855 0.539669 0.0658399 0.079019 0.750148
5 0.477198 0.539809 0.0632918 0.0778823 0.744176
5 0.252103 0.563948 0.0574568 0.066976 0.742536
5 0.252276 0.563976 0.0575257 0.0673443 0.742187
5 0.477439 0.539521 0.0664679 0.0803851 0.74136
5 0.477349 0.540599 0.0638743 0.0782164 0.738345
5 0.25227 0.563946 0.0583805 0.067846 0.730383
5 0.252622 0.564241 0.0576851 0.0667872 0.719164
5 0.252531 0.564257 0.0582381 0.067829 0.659066
5 0.252311 0.563858 0.057252 0.0674597 0.643508
5 0.476989 0.539251 0.0660288 0.0805557 0.492068
5 0.252887 0.564243 0.0601401 0.0693723 0.464943
3 0.458393 0.521756 0.530423 0.549073 0.430642
5 0.619971 0.560108 0.0447851 0.0684425 0.38275
3 0.459135 0.519895 0.533093 0.554056 0.381367
3 0.459948 0.520286 0.532508 0.551496 0.357189
3 0.459213 0.520622 0.532813 0.549143 0.350889
3 0.458939 0.520498 0.530528 0.548061 0.350485
2 0.619527 0.56058 0.0445561 0.0673582 0.335041
5 0.61972 0.559927 0.0437162 0.06782 0.328024
5 0.477213 0.539823 0.0641528 0.0792424 0.302407
5 0.619036 0.559899 0.0439807 0.0671417 0.301195
5 0.620207 0.560494 0.0432489 0.0671867 0.298394
5 0.604587 0.476339 0.0358877 0.0532202 0.271256
5 0.605081 0.476384 0.0382727 0.0558192 0.263184
5 0.605076 0.476537 0.038289 0.0557883 0.250003
