3 0.4105 0.453161 0.407309 0.408424 0.887247
3 0.409114 0.453928 0.407218 0.409847 0.876919
3 0.409919 0.452903 0.406962 0.408643 0.872119
3 0.409338 0.45433 0.406285 0.410806 0.868126
3 0.410105 0.454347 0.408141 0.409614 0.849766
3 0.408192 0.454438 0.405198 0.411239 0.849733
3 0.409352 0.455089 0.407382 0.409956 0.818278
3 0.408758 0.455256 0.405465 0.410175 0.810993
3 0.408472 0.454903 0.406531 0.410688 0.810117
3 0.411439 0.453378 0.410336 0.407094 0.80926
3 0.477249 0.40533 0.222441 0.309068 0.0213753
3 0.46111 0.407933 0.247728 0.313946 0.015368
