0 0.56392 0.473677 0.593326 0.743197 0.914523
0 0.563066 0.476367 0.593949 0.738104 0.898025
0 0.566283 0.47324 0.587371 0.741402 0.892664
0 0.564536 0.476253 0.594451 0.74814 0.876358
0 0.566645 0.476718 0.587451 0.735557 0.871378
0 0.566073 0.475873 0.587023 0.749112 0.856795
0 0.561864 0.474004 0.581662 0.741747 0.843788
0 0.56206 0.477052 0.579618 0.734684 0.810989
0 0.560474 0.476577 0.583293 0.750925 0.758136
0 0.56116 0.474824 0.581314 0.743219 0.732464
5 0.467958 0.511576 0.073148 0.0843174 0.417578
5 0.468427 0.51126 0.0734834 0.0861115 0.402742
5 0.467962 0.511571 0.0735373 0.084255 0.385133
5 0.468225 0.511413 0.0748832 0.0846023 0.366346
5 0.46767 0.511208 0.0755796 0.0879505 0.353837
5 0.468 0.512059 0.0743493 0.0843225 0.336252
5 0.468109 0.51156 0.0728906 0.0852704 0.332116
5 0.51573 0.588659 0.056992 0.0723009 0.32714
5 0.516032 0.588995 0.0571343 0.0721942 0.308543
5 0.516469 0.588466 0.059789 0.0733288 0.282727
5 0.467671 0.511436 0.0733436 0.085332 0.279845
