4 0.487108 0.551279 0.238356 0.379773 0.449268
4 0.488069 0.552034 0.235431 0.375009 0.387341
0 0.513104 0.502645 0.314966 0.539253 0.343477
0 0.513305 0.501804 0.314157 0.539735 0.31788
0 0.486599 0.513694 0.368005 0.568325 0.317807
0 0.50654 0.499876 0.324856 0.535838 0.277214
0 0.507169 0.530907 0.335256 0.582942 0.268322
0 0.520387 0.505859 0.302972 0.544997 0.235017
0 0.496138 0.496948 0.344229 0.542663 0.212959
4 0.51135 0.550471 0.281777 0.389784 0.206787
0 0.522427 0.497388 0.297586 0.528616 0.19804
0 0.511173 0.497429 0.317844 0.533775 0.187904
0 0.508494 0.494927 0.322174 0.536247 0.178045
4 0.518678 0.54939 0.298944 0.38962 0.15976
4 0.482363 0.552577 0.228942 0.372468 0.148372
0 0.515211 0.515479 0.312682 0.554093 0.143502
0 0.527628 0.484683 0.286475 0.493951 0.136835
4 0.4817 0.551281 0.233639 0.374137 0.113747
0 0.643558 0.586411 0.0585759 0.371395 0.112998
0 0.644015 0.586725 0.0576193 0.373155 0.106594
0 0.510017 0.54737 0.318066 0.620973 0.0954177
0 0.503444 0.51872 0.338686 0.571526 0.0801829
0 0.438952 0.573959 0.461477 0.688357 0.0754582
5 0.420489 0.628158 0.0280749 0.0331987 0.0725647
0 0.63844 0.58422 0.0692204 0.382415 0.069255
0 0.513075 0.513247 0.315305 0.556295 0.0682105
0 0.491713 0.558447 0.358405 0.640806 0.0672968
4 0.485966 0.551833 0.226494 0.369387 0.0668449
0 0.444739 0.575643 0.454815 0.677422 0.0664445
4 0.483313 0.543357 0.226429 0.390555 0.0633753
1 0.270394 0.610338 0.261451 0.685775 0.0604647
5 0.420957 0.628053 0.0283645 0.033178 0.0595013
1 0.326482 0.601066 0.367892 0.697343 0.0575167
1 0.269966 0.614275 0.259625 0.678477 0.0466271
0 0.642209 0.599071 0.060609 0.345823 0.0425534
5 0.420496 0.628265 0.0268813 0.0310302 0.0424962
1 0.412311 0.849362 0.467642 0.197272 0.0400089
1 0.408979 0.822512 0.463858 0.246947 0.0382043
4 0.488474 0.54038 0.230617 0.403446 0.0355885
5 0.420787 0.62824 0.0272092 0.0317535 0.0339779
1 0.369623 0.819713 0.406264 0.253366 0.0331742
1 0.345293 0.589321 0.400316 0.711145 0.0322051
0 0.427165 0.556799 0.4853 0.658985 0.0312781
1 0.414941 0.544166 0.522314 0.633428 0.0302221
0 0.625812 0.573277 0.0954151 0.395747 0.0293338
4 0.519199 0.560177 0.296967 0.399454 0.0277839
0 0.638965 0.573457 0.0697276 0.38729 0.0266178
0 0.511352 0.542357 0.317269 0.61151 0.0263917
4 0.48249 0.541873 0.219922 0.348648 0.0260099
5 0.420972 0.627133 0.0339075 0.0377561 0.0259216
1 0.271913 0.601313 0.265198 0.698324 0.025492
0 0.639833 0.579545 0.0656475 0.391235 0.0241737
1 0.26986 0.621032 0.257186 0.653527 0.02395
1 0.336641 0.597598 0.387267 0.70444 0.0237526
1 0.416391 0.588798 0.537813 0.717785 0.023197
0 0.648896 0.579999 0.0770062 0.380685 0.0214163
0 0.648913 0.583319 0.0760424 0.374445 0.0197299
0 0.534886 0.435275 0.270971 0.430275 0.0188608
1 0.353029 0.793657 0.387608 0.304189 0.0188579
1 0.341128 0.565223 0.387982 0.663796 0.0181084
0 0.624027 0.572986 0.100685 0.406928 0.0176224
0 0.60163 0.557076 0.146148 0.435702 0.0169807
0 0.531695 0.457209 0.28189 0.455559 0.0167497
1 0.427209 0.822518 0.474775 0.245152 0.0153896
5 0.420748 0.627266 0.0336571 0.0376865 0.0150509
1 0.232538 0.612867 0.221942 0.687775 0.0139848
0 0.638829 0.594137 0.067485 0.371756 0.0133342
1 0.410714 0.795236 0.463704 0.300001 0.0132027
1 0.303525 0.753942 0.307019 0.38151 0.0129121
4 0.523909 0.545647 0.310398 0.405568 0.0128086
0 0.526329 0.433737 0.29048 0.433033 0.0126247
1 0.388447 0.847396 0.430819 0.205067 0.0125023
0 0.639521 0.630824 0.0390719 0.201641 0.0123877
1 0.307625 0.791933 0.310761 0.31803 0.0117905
1 0.425537 0.849335 0.500235 0.198069 0.0117632
1 0.232845 0.615407 0.217896 0.690908 0.0103666
0 0.423988 0.524889 0.491096 0.600408 0.0100588
