3 0.459495 0.496705 0.461076 0.500539 0.925091
3 0.45981 0.496481 0.466562 0.500892 0.924433
3 0.45269 0.497798 0.470447 0.502762 0.912985
3 0.455719 0.497026 0.469021 0.503088 0.904375
3 0.455429 0.496138 0.470377 0.50363 0.901567
3 0.451964 0.496999 0.468484 0.502848 0.876438
3 0.453676 0.497108 0.471093 0.50491 0.859362
3 0.454547 0.496325 0.467541 0.503176 0.848014
3 0.451621 0.496505 0.468949 0.505049 0.826695
3 0.451345 0.497463 0.471099 0.504647 0.796778
3 0.467998 0.532972 0.223496 0.267121 0.0257472
3 0.48165 0.534582 0.253003 0.261867 0.0248405
3 0.475516 0.536859 0.230228 0.274274 0.0237819
3 0.488961 0.534428 0.239233 0.25577 0.0197639
2 0.430347 0.38129 0.0168871 0.0230871 0.0109014
2 0.429375 0.381731 0.0178059 0.0233058 0.0103812
