0 0.477196 0.509686 0.580274 0.662246 0.793887
0 0.477817 0.508963 0.578972 0.659479 0.788976
0 0.477412 0.505324 0.578584 0.653222 0.778866
0 0.477918 0.505841 0.579943 0.655009 0.77721
0 0.477878 0.511381 0.58179 0.658829 0.776122
0 0.476192 0.509255 0.578657 0.662893 0.775465
0 0.478493 0.511011 0.582572 0.658399 0.769469
0 0.474321 0.508039 0.582232 0.658797 0.74352
0 0.472162 0.504813 0.581382 0.652984 0.733901
0 0.475689 0.511167 0.582716 0.659276 0.715399
5 0.571052 0.430288 0.0567274 0.0801723 0.34984
5 0.571554 0.430035 0.0569237 0.081096 0.302874
5 0.570746 0.42948 0.0521866 0.0791092 0.299987
5 0.570307 0.430678 0.0525025 0.0789308 0.295982
5 0.571346 0.43058 0.0527545 0.0802093 0.294001
5 0.572546 0.429987 0.0564816 0.080888 0.255724
5 0.385133 0.22908 0.039199 0.0344836 0.254427
