3 0.459544 0.587578 0.457885 0.605387 0.673155
3 0.461194 0.588137 0.461595 0.605589 0.655742
3 0.46189 0.588167 0.463403 0.607286 0.623469
3 0.460149 0.588233 0.457389 0.608771 0.596052
3 0.461562 0.587622 0.461875 0.607249 0.530996
3 0.46131 0.588354 0.463052 0.609975 0.485412
3 0.459082 0.589104 0.457718 0.597365 0.421904
3 0.46103 0.589307 0.46134 0.597131 0.362343
3 0.460112 0.590811 0.45989 0.597853 0.283438
3 0.459251 0.588383 0.459731 0.605918 0.271357
3 0.457114 0.454658 0.457754 0.333056 0.131027
3 0.458907 0.452606 0.45707 0.331318 0.0627851
3 0.54554 0.463725 0.285067 0.350279 0.0620273
3 0.532963 0.467017 0.2961 0.341829 0.0365105
1 0.457721 0.761306 0.453364 0.262824 0.0302645
3 0.550115 0.467571 0.267234 0.339165 0.0274414
3 0.537279 0.469206 0.284646 0.325795 0.0268008
3 0.542336 0.484431 0.280662 0.312152 0.026485
3 0.4627 0.458216 0.444757 0.33913 0.0250075
3 0.522098 0.502524 0.304067 0.272437 0.0249112
3 0.527216 0.490515 0.286552 0.298131 0.0242857
3 0.458147 0.433659 0.452599 0.291078 0.0238168
1 0.454263 0.760858 0.439985 0.261783 0.0233709
3 0.525724 0.500402 0.2903 0.278479 0.0226366
3 0.562413 0.467164 0.255896 0.358487 0.0210729
1 0.458943 0.772681 0.433145 0.247932 0.0200153
3 0.459677 0.429578 0.451527 0.284098 0.0193411
1 0.470826 0.772898 0.426986 0.247115 0.0192332
1 0.455786 0.75999 0.455765 0.264187 0.017982
3 0.520465 0.49312 0.28557 0.286309 0.0173979
1 0.47343 0.765032 0.425846 0.251492 0.014547
1 0.441131 0.792059 0.470498 0.202186 0.013888
1 0.456935 0.762839 0.43562 0.255764 0.0133221
3 0.519413 0.475083 0.288956 0.323033 0.0130274
3 0.458691 0.429453 0.45334 0.285659 0.0128616
3 0.541928 0.497621 0.282459 0.284659 0.0121036
3 0.519765 0.470135 0.294528 0.312754 0.0110983
3 0.561881 0.480531 0.249694 0.323325 0.0107688
1 0.454592 0.760254 0.4356 0.266361 0.0100992
