1 0.491837 0.504295 0.854093 0.980301 0.721899
1 0.487954 0.500999 0.863494 0.967811 0.699365
1 0.516634 0.505487 0.827035 0.981122 0.688327
1 0.505002 0.503774 0.840119 0.970075 0.674201
1 0.488148 0.501459 0.822141 0.970376 0.640103
1 0.485841 0.478142 0.847035 0.915631 0.630653
1 0.494943 0.503589 0.795399 0.977931 0.630106
1 0.482649 0.501192 0.793545 0.975058 0.580628
1 0.486819 0.481151 0.812667 0.926161 0.574615
1 0.485383 0.505903 0.773278 0.979978 0.495452
1 0.520615 0.52664 0.791956 0.943419 0.134158
5 0.386155 0.742119 0.0646926 0.0774531 0.0999331
5 0.386141 0.742409 0.0597701 0.0711981 0.0776873
5 0.384769 0.742894 0.0625437 0.0742419 0.0730804
5 0.3851 0.741942 0.0571531 0.0686941 0.0726091
5 0.386606 0.741868 0.0634799 0.0732456 0.0650095
5 0.38557 0.742229 0.0514219 0.0640802 0.0602708
5 0.385511 0.742379 0.0562631 0.0682281 0.0555053
1 0.53389 0.50856 0.805777 0.98288 0.0492779
5 0.384999 0.742291 0.0503966 0.0625596 0.0443407
5 0.385253 0.742119 0.0524592 0.0647705 0.0434989
5 0.385359 0.742132 0.0511638 0.0638585 0.0425572
5 0.295343 0.520847 0.0407894 0.0497402 0.0302789
5 0.29456 0.520839 0.0366774 0.0467471 0.0269831
5 0.38778 0.740595 0.0789681 0.0914225 0.0267525
5 0.386209 0.740096 0.0647123 0.0757946 0.0259477
5 0.766209 0.433235 0.0465901 0.0566623 0.0250303
5 0.424597 0.0277134 0.0957082 0.055086 0.0249137
5 0.29507 0.520204 0.0395513 0.0473618 0.0246634
1 0.489393 0.52446 0.795766 0.93345 0.0239975
5 0.767516 0.432778 0.0465879 0.0582545 0.0236375
5 0.429532 0.0296711 0.111053 0.059289 0.0234675
5 0.431775 0.0288071 0.0979307 0.0576142 0.0229421
5 0.436064 0.0293647 0.126195 0.0578704 0.0229269
5 0.294003 0.521289 0.034475 0.041785 0.0219327
5 0.383426 0.741054 0.0642725 0.0737317 0.020635
5 0.767449 0.432064 0.0464645 0.05709 0.0202465
5 0.294146 0.521161 0.0390744 0.0479401 0.0201377
5 0.294624 0.522587 0.0454655 0.0574401 0.0196446
5 0.294326 0.520896 0.0380901 0.0462273 0.0187633
1 0.526031 0.507331 0.830239 0.982618 0.0185527
5 0.767233 0.433174 0.0525368 0.0622085 0.0183159
5 0.383798 0.740398 0.0721605 0.079812 0.0173232
5 0.767275 0.431123 0.0485501 0.0595105 0.0169227
5 0.440576 0.0286591 0.12417 0.057242 0.0168648
5 0.383906 0.743515 0.0605976 0.0714401 0.016728
5 0.386089 0.741982 0.0759259 0.0865936 0.016445
5 0.294336 0.520014 0.0380621 0.0453103 0.0163482
5 0.468543 0.0283847 0.213885 0.0561269 0.0158419
5 0.428403 0.0281046 0.0972652 0.0562091 0.0158019
5 0.294083 0.520623 0.040814 0.0483266 0.0155838
5 0.386158 0.740239 0.0654543 0.0747365 0.0153231
5 0.433567 0.0298907 0.103884 0.0594894 0.0152216
5 0.766501 0.432577 0.0397412 0.0525254 0.0149091
5 0.766895 0.431597 0.0452343 0.0560705 0.0143081
5 0.505532 0.953241 0.0394506 0.0445167 0.0138512
5 0.506638 0.954138 0.0404547 0.0476837 0.0137057
5 0.766755 0.431562 0.0463737 0.0561545 0.0133339
5 0.506072 0.952834 0.0411494 0.0465775 0.0131743
5 0.506244 0.953314 0.0396042 0.0460362 0.0125828
5 0.505236 0.953882 0.0423518 0.0474054 0.0121885
5 0.765672 0.433445 0.0451869 0.0563731 0.0119231
5 0.505516 0.954151 0.0347318 0.0406368 0.0117174
5 0.766467 0.432479 0.0396571 0.0513573 0.0117122
5 0.294767 0.519015 0.0415561 0.0490199 0.0116048
5 0.4289 0.0286601 0.0916728 0.0573201 0.011305
5 0.505689 0.953561 0.0373796 0.0441525 0.0111158
5 0.485551 0.0264315 0.247562 0.052863 0.011016
5 0.430501 0.0265622 0.11454 0.0526904 0.0109781
1 0.537606 0.529239 0.798029 0.941522 0.0109723
5 0.766313 0.431947 0.0434329 0.0537273 0.010599
5 0.420749 0.0285229 0.118344 0.0570458 0.0105463
5 0.766244 0.432312 0.0426684 0.0534696 0.010388
5 0.295356 0.522284 0.0492615 0.0593288 0.0103224
