0 0.469229 0.622431 0.486084 0.560817 0.467845
0 0.468545 0.623636 0.487265 0.559416 0.421014
0 0.486308 0.619109 0.454986 0.551212 0.406501
0 0.478386 0.624329 0.471707 0.559302 0.396011
3 0.485579 0.617408 0.43885 0.557045 0.358369
3 0.481186 0.622636 0.456246 0.549036 0.358304
0 0.481653 0.621988 0.457137 0.549497 0.348227
0 0.481706 0.622585 0.453876 0.545219 0.318345
3 0.464341 0.535552 0.298765 0.327933 0.296994
0 0.483077 0.616394 0.435368 0.555742 0.279719
3 0.485087 0.620443 0.436553 0.554667 0.278917
3 0.464198 0.543614 0.306703 0.345363 0.246888
3 0.45217 0.540844 0.281842 0.336959 0.215472
3 0.477379 0.530958 0.31261 0.319427 0.152506
3 0.448298 0.546115 0.289013 0.348146 0.143116
3 0.478506 0.540471 0.310782 0.335241 0.120977
3 0.435854 0.543491 0.271952 0.342305 0.104797
3 0.463835 0.527569 0.258395 0.306986 0.0935772
0 0.474589 0.744651 0.0862778 0.101922 0.0934234
1 0.243346 0.536917 0.160076 0.688525 0.0920736
1 0.242123 0.564494 0.160959 0.671292 0.0713609
0 0.475477 0.744849 0.0865934 0.10368 0.0693916
3 0.447235 0.532165 0.250184 0.315637 0.0671728
1 0.244153 0.510857 0.160288 0.69191 0.0669829
3 0.430191 0.545953 0.278288 0.346147 0.066454
1 0.224374 0.558081 0.141383 0.651711 0.0610661
0 0.474383 0.746565 0.0886514 0.106305 0.0557762
1 0.227999 0.536242 0.133963 0.677991 0.0551461
5 0.47569 0.743373 0.0851226 0.102584 0.0538455
5 0.435215 0.916603 0.0198993 0.0239689 0.0513704
1 0.244461 0.483948 0.163072 0.693704 0.048119
0 0.473853 0.745559 0.0878612 0.106285 0.0478986
0 0.475493 0.742309 0.083111 0.0979011 0.0458639
0 0.472922 0.57421 0.455275 0.598381 0.0443902
3 0.478308 0.522075 0.276576 0.298007 0.0436464
5 0.434242 0.916392 0.0188193 0.0236049 0.0419989
1 0.222089 0.573749 0.14593 0.627048 0.0409031
1 0.244442 0.463686 0.166999 0.674847 0.0393934
1 0.264442 0.540708 0.160592 0.680955 0.0380034
1 0.229116 0.510728 0.131944 0.689322 0.0368219
0 0.474578 0.747875 0.0873527 0.108032 0.0353997
1 0.263764 0.463704 0.166844 0.675245 0.0353046
0 0.33824 0.789466 0.0994952 0.0896271 0.0345198
1 0.263669 0.513924 0.159693 0.687044 0.0328277
1 0.240741 0.585702 0.157353 0.654925 0.0310846
1 0.263809 0.486254 0.161565 0.691022 0.0305873
0 0.476531 0.745465 0.0873849 0.1035 0.0305597
0 0.364859 0.792103 0.165032 0.100197 0.0304708
0 0.47381 0.755645 0.0916638 0.12771 0.0296144
0 0.329135 0.788517 0.0806334 0.0879453 0.0296135
1 0.262816 0.464191 0.174984 0.606994 0.0294689
1 0.242984 0.478085 0.169796 0.57714 0.0284457
3 0.497239 0.530378 0.292334 0.314032 0.026088
3 0.433491 0.535148 0.245815 0.327694 0.0253607
1 0.227191 0.484632 0.13474 0.692807 0.0251646
1 0.221962 0.580174 0.147304 0.565531 0.0245488
3 0.459727 0.541101 0.299667 0.322895 0.0244998
0 0.328838 0.789559 0.0802069 0.0895809 0.0238734
0 0.47542 0.577191 0.44712 0.542611 0.0233142
1 0.266683 0.56928 0.164288 0.659911 0.022519
0 0.33625 0.785346 0.0926687 0.0796286 0.0201938
0 0.475935 0.74798 0.0926065 0.112825 0.020135
0 0.362686 0.795799 0.154518 0.110255 0.0199715
1 0.224641 0.475512 0.137483 0.651088 0.0181119
0 0.249068 0.546136 0.138906 0.687867 0.0175861
3 0.413216 0.544185 0.260501 0.342614 0.0167279
3 0.502401 0.539612 0.282011 0.324311 0.015738
5 0.434943 0.915901 0.0244628 0.0279894 0.0153824
3 0.416674 0.543639 0.256142 0.34598 0.0151124
0 0.247541 0.545423 0.132943 0.68727 0.0146758
5 0.43545 0.915478 0.0252254 0.0279886 0.0145115
1 0.239136 0.590448 0.151534 0.589324 0.0143157
0 0.245419 0.549221 0.130075 0.6848 0.0142975
0 0.328343 0.785196 0.0781155 0.0808803 0.0142454
0 0.35913 0.787871 0.152887 0.0898724 0.0141276
0 0.33044 0.789168 0.0833563 0.0899767 0.0138614
0 0.457826 0.538283 0.48526 0.675434 0.0138465
0 0.336068 0.816671 0.298594 0.162029 0.0127336
0 0.329709 0.790302 0.0722839 0.0890677 0.0125263
0 0.484117 0.572028 0.43778 0.532647 0.0123677
1 0.240281 0.472255 0.167893 0.51169 0.012342
1 0.221351 0.492875 0.141493 0.546543 0.0122685
5 0.473441 0.743798 0.0873328 0.105892 0.0122001
1 0.261076 0.469906 0.177503 0.519073 0.0119875
0 0.50204 0.558035 0.40286 0.650168 0.0118819
3 0.477547 0.544539 0.306182 0.312 0.0114015
3 0.463846 0.518587 0.249686 0.290553 0.0113574
3 0.506424 0.51999 0.242851 0.298259 0.0111583
1 0.224639 0.588828 0.142837 0.515467 0.0110219
5 0.400051 0.873644 0.0449949 0.0367018 0.0105893
