3 0.434245 0.381475 0.457762 0.494585 0.882597
3 0.433818 0.381803 0.454833 0.49382 0.867923
3 0.433634 0.383009 0.45745 0.496804 0.865742
3 0.433834 0.381437 0.457199 0.497968 0.834395
3 0.430642 0.382818 0.451225 0.49606 0.828115
3 0.432066 0.380303 0.45912 0.493542 0.812561
3 0.433868 0.381024 0.453302 0.488587 0.808919
3 0.428661 0.379852 0.451333 0.493103 0.759632
3 0.431147 0.38374 0.451052 0.49183 0.752518
3 0.429496 0.379331 0.451271 0.488134 0.679847
3 0.388142 0.38957 0.284816 0.31751 0.100382
3 0.376851 0.394742 0.275084 0.332116 0.0687556
5 0.36903 0.45403 0.02997 0.0301757 0.059548
5 0.369056 0.454084 0.0319174 0.0319097 0.0570468
3 0.389103 0.388886 0.322225 0.322415 0.0546533
3 0.383244 0.380221 0.267502 0.295396 0.0503066
2 0.605914 0.34971 0.021441 0.0261051 0.0502229
3 0.37348 0.386053 0.262883 0.308924 0.0379449
5 0.368326 0.453936 0.0353965 0.0350152 0.0345464
3 0.389771 0.379828 0.305834 0.303211 0.0305518
5 0.367517 0.454484 0.0345197 0.0320913 0.0293956
2 0.60588 0.349598 0.021895 0.0258803 0.0279195
5 0.367575 0.455416 0.035151 0.0358427 0.0257987
5 0.36786 0.453545 0.0337869 0.0322653 0.0229838
3 0.403227 0.394047 0.247125 0.290206 0.0227974
4 0.401767 0.432274 0.0306979 0.0477264 0.0226539
3 0.410074 0.390472 0.290765 0.329564 0.0212197
3 0.380375 0.376546 0.217341 0.2771 0.019192
2 0.605358 0.349451 0.0264776 0.0302857 0.0184425
3 0.367879 0.376374 0.23486 0.281972 0.0164583
3 0.413962 0.38262 0.275003 0.314238 0.0159043
4 0.400746 0.433148 0.0318301 0.0482959 0.0156725
3 0.383324 0.395668 0.249541 0.302081 0.0148631
4 0.60145 0.363909 0.106081 0.316513 0.0138049
5 0.402016 0.432082 0.0328057 0.0480403 0.0133612
3 0.400481 0.37734 0.241163 0.286737 0.0128678
4 0.407518 0.561431 0.363027 0.132478 0.0120493
4 0.601 0.389922 0.106703 0.275909 0.0117197
3 0.360362 0.406159 0.252894 0.350436 0.0111034
3 0.46496 0.375967 0.192668 0.306434 0.0108088
3 0.401714 0.396407 0.293086 0.299622 0.0105023
4 0.600149 0.35459 0.108267 0.335588 0.0101497
