3 0.515017 0.509346 0.250705 0.309348 0.538267
3 0.515733 0.509198 0.258226 0.313299 0.480816
3 0.514855 0.50811 0.247581 0.31092 0.401405
3 0.516595 0.508091 0.257274 0.319625 0.399814
3 0.50987 0.507567 0.246591 0.305361 0.364451
3 0.513042 0.497705 0.312716 0.34337 0.341709
3 0.516918 0.508157 0.263598 0.327787 0.339412
3 0.509386 0.506489 0.242861 0.304481 0.318962
3 0.51399 0.505976 0.279315 0.324599 0.314623
3 0.498823 0.452206 0.436956 0.447986 0.305868
3 0.51213 0.502907 0.269745 0.329254 0.300604
3 0.512768 0.457005 0.389386 0.424772 0.284873
3 0.502735 0.458403 0.423316 0.423592 0.274224
3 0.515775 0.501986 0.272482 0.333033 0.253756
3 0.513676 0.508448 0.25879 0.31604 0.231885
3 0.537605 0.490593 0.321785 0.360359 0.218001
3 0.51868 0.503689 0.27891 0.330747 0.184804
3 0.508688 0.506165 0.25496 0.311386 0.17884
3 0.510391 0.497405 0.297001 0.346026 0.173202
3 0.507048 0.441566 0.490531 0.470927 0.145712
3 0.531409 0.496167 0.305204 0.352253 0.13248
3 0.506753 0.44527 0.48783 0.482039 0.122895
1 0.327968 0.511999 0.142911 0.566477 0.0690741
1 0.692989 0.491433 0.158491 0.430175 0.0552397
1 0.330101 0.514374 0.142958 0.553792 0.0549904
1 0.325981 0.533762 0.146646 0.523907 0.0546053
3 0.509418 0.44248 0.485991 0.476346 0.0497432
1 0.33168 0.540962 0.148865 0.52223 0.0484324
5 0.672633 0.642506 0.0290417 0.0276654 0.0422678
1 0.329459 0.500685 0.142486 0.508512 0.0397902
3 0.504554 0.437546 0.487278 0.466653 0.037532
3 0.504518 0.442973 0.48782 0.475978 0.037319
1 0.699444 0.493766 0.142066 0.427259 0.0355662
3 0.506598 0.437466 0.485475 0.465491 0.0328183
5 0.673269 0.64229 0.0296733 0.0300933 0.031558
1 0.50425 0.284449 0.394479 0.156325 0.0309025
3 0.517198 0.500292 0.304989 0.341836 0.0307491
1 0.699079 0.501985 0.12274 0.422034 0.029761
1 0.328421 0.498999 0.138904 0.500619 0.0287316
3 0.508261 0.500901 0.240961 0.287092 0.0270193
1 0.680511 0.489692 0.180387 0.461844 0.0264167
3 0.512603 0.5031 0.243483 0.293673 0.0254614
5 0.230437 0.453223 0.0214136 0.0262315 0.0252758
1 0.330613 0.526932 0.136327 0.498946 0.0248744
5 0.673039 0.642719 0.0297374 0.0289001 0.0246006
1 0.701644 0.501217 0.118809 0.435264 0.0245048
1 0.331435 0.510997 0.135514 0.544766 0.0221762
1 0.325684 0.52398 0.151333 0.493 0.0215694
3 0.50324 0.467129 0.484919 0.531008 0.0211392
1 0.506273 0.280389 0.387733 0.1509 0.0205997
3 0.520711 0.519122 0.265741 0.301653 0.0205272
3 0.500771 0.505066 0.228151 0.30238 0.0203011
1 0.495639 0.282911 0.389679 0.156058 0.020161
1 0.331292 0.531125 0.149711 0.497967 0.0183785
5 0.230313 0.453196 0.0247958 0.0313076 0.0183587
3 0.521879 0.499524 0.305093 0.344947 0.0171549
5 0.673733 0.641702 0.0308427 0.0316891 0.0168358
3 0.516904 0.519252 0.266344 0.308959 0.0152687
3 0.487379 0.478386 0.423657 0.431096 0.0140195
5 0.673714 0.641973 0.0398012 0.0349274 0.013786
3 0.495564 0.505408 0.220441 0.302211 0.0136875
1 0.32989 0.514445 0.138789 0.461604 0.013117
1 0.697315 0.505785 0.124266 0.438621 0.0130152
1 0.687706 0.484226 0.156242 0.416805 0.0126084
1 0.316579 0.521327 0.114156 0.485413 0.0121164
1 0.700512 0.48639 0.135212 0.436922 0.0114381
1 0.319735 0.540542 0.120952 0.478467 0.0110301
5 0.231336 0.453203 0.0311574 0.0350555 0.0105147
1 0.331765 0.507311 0.136241 0.509146 0.0103702
5 0.672306 0.64062 0.0382148 0.0400718 0.0102984
5 0.231215 0.453152 0.0292101 0.0330193 0.0101816
