3 0.408403 0.563582 0.467276 0.619137 0.949647
3 0.408202 0.562764 0.466733 0.615307 0.942861
3 0.404775 0.56397 0.466254 0.617197 0.941168
3 0.407638 0.562649 0.465164 0.624618 0.94047
3 0.402348 0.563737 0.465181 0.624239 0.93461
3 0.406507 0.564522 0.464488 0.63421 0.929496
3 0.406922 0.561424 0.463609 0.623963 0.928553
3 0.401855 0.566269 0.46906 0.634745 0.926825
3 0.4065 0.562689 0.46333 0.632129 0.922993
3 0.406475 0.561519 0.467517 0.621203 0.891094
5 0.384801 0.568082 0.0312592 0.0734797 0.0125792
5 0.385786 0.569936 0.0352126 0.0819671 0.0124019
