4 0.477677 0.48292 0.762149 0.879762 0.692759
4 0.490177 0.496342 0.784591 0.884127 0.683364
4 0.479611 0.482382 0.754951 0.883895 0.648465
4 0.454821 0.472268 0.712347 0.875 0.618655
4 0.452443 0.470899 0.719668 0.86863 0.616387
4 0.484276 0.505908 0.752363 0.838759 0.588404
4 0.452298 0.466916 0.706143 0.868623 0.559263
4 0.457382 0.495908 0.706559 0.820839 0.498032
4 0.448112 0.464496 0.708097 0.858116 0.494535
4 0.491989 0.517995 0.785687 0.85014 0.363183
4 0.457672 0.496532 0.706141 0.812248 0.196166
4 0.49273 0.533242 0.783758 0.833042 0.0844253
2 0.570337 0.427582 0.0232213 0.027894 0.0533898
4 0.486109 0.526901 0.750905 0.818645 0.038249
4 0.450349 0.472085 0.724645 0.884518 0.0367254
2 0.570438 0.427598 0.0273261 0.0325533 0.0308165
2 0.570245 0.427625 0.0284797 0.03183 0.0184726
2 0.570044 0.426803 0.0273893 0.0315492 0.0175929
0 0.816387 0.540127 0.131871 0.857206 0.0148446
4 0.497622 0.611476 0.77815 0.636497 0.0144887
4 0.498047 0.197968 0.718171 0.342037 0.014021
4 0.51665 0.809066 0.744803 0.278616 0.0136607
2 0.570126 0.427631 0.0311939 0.034843 0.0129976
0 0.817765 0.550034 0.129772 0.873735 0.0125781
4 0.4733 0.210279 0.759244 0.346312 0.0113167
4 0.506339 0.685825 0.764708 0.51865 0.0111592
