0 0.518769 0.490156 0.417309 0.479521 0.696211
0 0.521593 0.491676 0.422238 0.485364 0.692126
0 0.515313 0.490962 0.412214 0.469155 0.690794
0 0.519887 0.493499 0.418774 0.481305 0.668881
0 0.522058 0.494092 0.424743 0.490924 0.665558
0 0.519257 0.495564 0.419357 0.484745 0.658198
0 0.516768 0.491571 0.412485 0.473463 0.655443
0 0.516254 0.49043 0.410891 0.475068 0.638147
0 0.51921 0.49399 0.418116 0.48448 0.608725
0 0.518984 0.491764 0.418299 0.479099 0.608367
5 0.414186 0.626703 0.0313783 0.0396022 0.355487
5 0.414117 0.625924 0.0314799 0.0401503 0.351021
5 0.414028 0.626998 0.0297594 0.037997 0.335403
5 0.414667 0.626888 0.0346836 0.0410811 0.324955
5 0.41484 0.626828 0.0353816 0.0417948 0.313765
5 0.413701 0.62702 0.0325058 0.0403816 0.304714
5 0.414787 0.625728 0.0355787 0.042209 0.279731
5 0.413654 0.627004 0.0321541 0.0407528 0.276359
5 0.368542 0.366491 0.0258509 0.0307584 0.271219
5 0.414062 0.625849 0.0334251 0.0410395 0.229208
5 0.468107 0.354602 0.0355618 0.041941 0.228092
5 0.467777 0.354881 0.0314144 0.0391767 0.226542
5 0.468052 0.355483 0.0312735 0.0387364 0.226456
5 0.467937 0.354793 0.0355045 0.042303 0.212793
5 0.368398 0.366517 0.0258909 0.0306522 0.19573
5 0.368139 0.36669 0.0259357 0.0309866 0.191914
5 0.435368 0.554778 0.0326587 0.0386977 0.131869
5 0.335261 0.458012 0.0211262 0.0258263 0.122347
5 0.335306 0.458217 0.0239043 0.0274363 0.117229
5 0.466967 0.35472 0.0342827 0.0427585 0.117164
5 0.468393 0.355434 0.0416565 0.0468262 0.115355
5 0.434988 0.554856 0.0339618 0.0398134 0.114981
5 0.342335 0.431667 0.0222222 0.0261114 0.114364
5 0.467016 0.354072 0.0337733 0.0422448 0.114163
5 0.467224 0.353609 0.0371702 0.0466466 0.111507
5 0.468161 0.355524 0.0375502 0.0443519 0.107797
5 0.367661 0.366633 0.025888 0.0309952 0.107702
5 0.434864 0.554999 0.0354707 0.0396522 0.105879
5 0.343036 0.431688 0.0198192 0.0252247 0.101441
5 0.46753 0.353799 0.039288 0.049168 0.100182
5 0.341681 0.432164 0.0188287 0.0248358 0.0999885
5 0.43476 0.554858 0.0355294 0.0399122 0.0951596
5 0.341164 0.431171 0.0207844 0.024881 0.0924926
5 0.421649 0.691512 0.0353524 0.03897 0.0912457
5 0.434657 0.554947 0.0375236 0.0428718 0.0881462
0 0.103857 0.224583 0.207714 0.448371 0.0868809
5 0.352638 0.40428 0.0193731 0.0252052 0.0863265
5 0.474523 0.706341 0.0259081 0.0288846 0.0750254
5 0.474526 0.706593 0.0248147 0.0273225 0.0733865
5 0.355083 0.402202 0.0258312 0.0315375 0.0711623
5 0.422129 0.69302 0.0297659 0.0345896 0.0709928
5 0.434644 0.554993 0.037409 0.0423154 0.0697257
5 0.474652 0.703743 0.0305788 0.0339565 0.0688427
5 0.43688 0.553365 0.0420278 0.0448815 0.0648228
5 0.474724 0.703627 0.0317222 0.0351874 0.064758
5 0.437142 0.554358 0.0419392 0.0447872 0.0607988
0 0.125598 0.193315 0.251195 0.384216 0.0607741
2 0.333543 0.599196 0.0183251 0.0282659 0.0555932
5 0.348831 0.404663 0.0211436 0.0256729 0.0554265
5 0.403435 0.675825 0.0172627 0.0206682 0.0547123
0 0.0659577 0.682016 0.131187 0.633957 0.0542043
0 0.0661221 0.740155 0.131767 0.519691 0.0508563
0 0.0772511 0.248803 0.154502 0.495419 0.0470033
5 0.466965 0.351673 0.039033 0.0503719 0.0460305
5 0.36671 0.370739 0.0412726 0.047502 0.0440726
5 0.352912 0.401617 0.0334234 0.0359128 0.0435852
0 0.153916 0.220348 0.307283 0.440696 0.0434569
5 0.404501 0.673639 0.026221 0.0275491 0.0434111
5 0.414178 0.684068 0.0360634 0.0360477 0.040651
0 0.0677932 0.775545 0.135378 0.448911 0.0396904
3 0.515068 0.483292 0.294055 0.360929 0.0373185
5 0.335696 0.457683 0.0348103 0.0328131 0.0369147
5 0.422144 0.693353 0.02949 0.0329906 0.0359348
5 0.407535 0.673456 0.032996 0.0321687 0.0357186
0 0.0616046 0.638235 0.122743 0.715668 0.0351632
5 0.932088 0.465328 0.0407048 0.0628267 0.0347602
0 0.0771291 0.721733 0.153072 0.556534 0.0316883
5 0.422501 0.693082 0.0309979 0.0360511 0.0316539
0 0.126523 0.140945 0.253045 0.280829 0.0311235
3 0.501519 0.487296 0.264968 0.352562 0.0306598
0 0.0817742 0.65685 0.162396 0.6863 0.0296712
0 0.437432 0.314425 0.132328 0.141141 0.027203
5 0.456085 0.394767 0.0266408 0.0276094 0.0271473
3 0.502533 0.0969509 0.440419 0.193419 0.0266339
2 0.332763 0.597821 0.0213074 0.0328052 0.0264676
0 0.453361 0.30468 0.168083 0.118541 0.0264389
5 0.371571 0.36595 0.0410623 0.043273 0.0260162
2 0.334054 0.598759 0.02183 0.033019 0.0256272
3 0.51597 0.46914 0.288212 0.328394 0.0254295
0 0.154745 0.182764 0.308278 0.364437 0.0252001
0 0.0790424 0.76146 0.157252 0.477081 0.025186
0 0.0651021 0.307322 0.129521 0.606307 0.0251709
0 0.434464 0.301534 0.134443 0.102329 0.0249662
5 0.355898 0.39973 0.0281218 0.0363519 0.0248728
2 0.47433 0.705464 0.0282152 0.0313984 0.0247338
0 0.0550077 0.613675 0.110015 0.77265 0.0243628
0 0.464063 0.311516 0.180764 0.136941 0.02404
5 0.465569 0.355609 0.0414856 0.045789 0.0240149
3 0.503497 0.506415 0.247001 0.310289 0.0235682
3 0.519027 0.501884 0.27581 0.3293 0.0233908
0 0.145355 0.248662 0.288878 0.494883 0.0232611
0 0.0510682 0.587435 0.101634 0.807703 0.0230834
5 0.932703 0.465293 0.039658 0.0637004 0.0226452
5 0.43575 0.554154 0.041088 0.0487406 0.0225633
5 0.577339 0.266957 0.039032 0.04187 0.0223572
5 0.424727 0.692683 0.0397359 0.0441538 0.0222643
5 0.569387 0.54642 0.0222357 0.0316478 0.0217985
5 0.474267 0.705624 0.0267708 0.0307453 0.0206697
5 0.334608 0.459388 0.033881 0.037695 0.020437
0 0.0776063 0.802429 0.15494 0.395141 0.0202399
3 0.526271 0.0840861 0.306005 0.168172 0.0197622
5 0.436887 0.554074 0.0471931 0.0510696 0.0197476
3 0.520166 0.0840801 0.311236 0.16816 0.0196557
5 0.423467 0.69118 0.0442658 0.0497354 0.0193927
5 0.41371 0.629663 0.0416991 0.0481108 0.019225
5 0.931873 0.465005 0.0383524 0.0616321 0.0187873
3 0.501565 0.477558 0.260695 0.320345 0.0182931
3 0.501606 0.100947 0.451287 0.200499 0.0182405
0 0.0585151 0.347115 0.116886 0.686457 0.0180886
5 0.337573 0.457351 0.031403 0.0335348 0.0179969
3 0.531212 0.477814 0.290084 0.350661 0.01795
0 0.145434 0.132736 0.290017 0.265472 0.0174543
5 0.455845 0.39514 0.0230811 0.0250402 0.0173767
5 0.57752 0.267312 0.0391973 0.0408248 0.0171451
5 0.472259 0.353286 0.0542197 0.0620429 0.0168461
5 0.368863 0.364605 0.0327313 0.0387876 0.0163354
5 0.363367 0.376357 0.035288 0.0545363 0.0163126
5 0.421718 0.693436 0.032913 0.0349832 0.0162259
5 0.569878 0.545641 0.0261872 0.0351302 0.0160046
5 0.334119 0.458902 0.0298823 0.0333593 0.0159815
5 0.371089 0.368169 0.0429775 0.0473903 0.0158225
3 0.484522 0.504431 0.230056 0.31754 0.0157098
0 0.0544314 0.382938 0.108863 0.756126 0.0157033
3 0.522237 0.0952603 0.405276 0.190115 0.0156893
5 0.48775 0.264109 0.0235608 0.0279475 0.0155884
0 0.391719 0.344343 0.103595 0.162116 0.0153368
0 0.0489688 0.468798 0.0972342 0.83655 0.0153066
5 0.432491 0.555181 0.0433289 0.0461831 0.0152415
5 0.460487 0.379853 0.0395783 0.0617909 0.0150651
5 0.56864 0.546957 0.0274088 0.0355453 0.0149012
5 0.930765 0.46433 0.0479459 0.0720416 0.0148073
0 0.0925247 0.626458 0.183304 0.743079 0.0146717
0 0.0520986 0.421618 0.103432 0.804187 0.0146296
5 0.930085 0.463769 0.0436257 0.0670702 0.0145669
5 0.932194 0.466642 0.0483306 0.0762064 0.0145647
5 0.56914 0.547001 0.0276213 0.0366861 0.0144822
0 0.389879 0.349616 0.0996081 0.157643 0.0144084
0 0.479238 0.310592 0.187212 0.129918 0.0143851
3 0.483593 0.489707 0.23755 0.345791 0.014374
3 0.52985 0.459484 0.285897 0.311598 0.0141323
0 0.916688 0.485566 0.165595 0.926167 0.0141231
0 0.0484635 0.535911 0.0963072 0.775589 0.0136753
0 0.397328 0.496596 0.188701 0.445851 0.0136111
5 0.412886 0.63014 0.0425464 0.0481597 0.0134745
5 0.365355 0.370408 0.0406086 0.0493697 0.0134333
5 0.931974 0.464638 0.0371632 0.0579137 0.0134202
2 0.361375 0.602992 0.0154761 0.0205468 0.0133958
5 0.458117 0.394722 0.0322125 0.0313842 0.0132268
3 0.463511 0.0980355 0.508689 0.195 0.0124938
5 0.419339 0.625231 0.0550631 0.0587962 0.0123689
0 0.360813 0.389228 0.0578913 0.105338 0.012339
3 0.486246 0.506778 0.227017 0.287488 0.0120542
5 0.333004 0.598995 0.0261908 0.0360955 0.0119095
3 0.524125 0.0998928 0.414179 0.198471 0.0115486
3 0.504289 0.510738 0.230157 0.286001 0.0114868
5 0.932289 0.464431 0.0387407 0.0602905 0.0113547
3 0.537431 0.495151 0.27098 0.330681 0.0112801
5 0.472371 0.352029 0.0552238 0.0626965 0.0112257
5 0.93274 0.467224 0.0457195 0.074708 0.0112139
5 0.930349 0.463619 0.0438748 0.0649081 0.0112106
5 0.435157 0.553721 0.0451392 0.0492596 0.0111288
5 0.420295 0.626384 0.0534068 0.0603513 0.0111082
5 0.432588 0.55589 0.0431865 0.0445573 0.011092
5 0.56875 0.547853 0.0309823 0.0385439 0.0109776
3 0.527747 0.510383 0.231327 0.300475 0.0108912
0 0.0947912 0.801796 0.188447 0.3963 0.0108782
5 0.373441 0.372775 0.0461629 0.0571795 0.010525
0 0.199135 0.201019 0.397856 0.402037 0.0104733
3 0.517913 0.45688 0.264843 0.267893 0.010367
5 0.424663 0.692224 0.0421255 0.0463112 0.0102542
5 0.931871 0.464375 0.0389284 0.0585992 0.01008
3 0.514907 0.0948825 0.265069 0.185925 0.0100591
