0 0.515888 0.504746 0.364905 0.433513 0.753279
0 0.516187 0.503811 0.3649 0.433094 0.747641
0 0.515972 0.501335 0.365944 0.434422 0.709883
0 0.515995 0.501836 0.363412 0.438247 0.701061
0 0.517046 0.503967 0.367166 0.432076 0.697876
0 0.51533 0.501488 0.365824 0.43538 0.692652
0 0.517243 0.499994 0.362922 0.43429 0.677093
0 0.516225 0.500762 0.364536 0.433452 0.646847
0 0.514661 0.501535 0.363803 0.437106 0.645608
0 0.517073 0.499222 0.365634 0.4348 0.602312
5 0.397748 0.449545 0.0278456 0.0363147 0.318454
5 0.397955 0.449474 0.0282041 0.0379295 0.297066
5 0.397337 0.449701 0.0306024 0.0389997 0.231565
5 0.397294 0.449519 0.0308954 0.0400957 0.230522
5 0.397338 0.449408 0.0354636 0.0427357 0.196595
5 0.423133 0.578242 0.0291973 0.0303491 0.19197
5 0.422942 0.578338 0.0300775 0.030779 0.165589
5 0.400117 0.447806 0.0374889 0.0429141 0.163208
5 0.400407 0.448652 0.0374933 0.0433049 0.134448
5 0.396672 0.449529 0.0365762 0.0429722 0.128964
5 0.422897 0.578121 0.0317088 0.0327628 0.124056
5 0.422519 0.578576 0.0333032 0.0329475 0.100761
5 0.398861 0.448107 0.0398181 0.0487713 0.0915166
5 0.399915 0.448921 0.0440724 0.0503466 0.0853478
5 0.425758 0.57736 0.0378665 0.038256 0.0851537
3 0.497205 0.0961154 0.532749 0.191101 0.0748838
3 0.463152 0.0977901 0.606434 0.1944 0.074602
5 0.653899 0.548379 0.033585 0.0294826 0.0685483
5 0.424793 0.576564 0.0392323 0.0390613 0.0664215
5 0.653843 0.546964 0.0375041 0.0341783 0.0611463
5 0.42384 0.576012 0.0372832 0.0420498 0.0603081
5 0.596602 0.675339 0.0293826 0.034671 0.0600521
5 0.397967 0.448015 0.0447087 0.0505761 0.0588747
5 0.59726 0.674151 0.0314363 0.0367743 0.0586819
5 0.596595 0.676865 0.0244008 0.0293192 0.0552629
3 0.493882 0.0999167 0.559573 0.198219 0.0522331
5 0.654691 0.543979 0.0413977 0.0394203 0.0511703
5 0.596768 0.674682 0.0284799 0.0355069 0.0506926
5 0.65515 0.544513 0.040749 0.0388306 0.0496928
3 0.432686 0.102493 0.691253 0.202833 0.0474489
5 0.65381 0.546996 0.0392115 0.0376659 0.0473356
5 0.654069 0.548101 0.0348017 0.0326777 0.0412786
3 0.422069 0.110037 0.713343 0.219109 0.0405331
3 0.491293 0.104176 0.562539 0.20711 0.0399021
5 0.41107 0.39737 0.0204988 0.0256201 0.0351795
5 0.425792 0.574801 0.0427884 0.050412 0.0341935
5 0.654854 0.54795 0.0404857 0.0362487 0.0319469
5 0.654162 0.54783 0.0417735 0.0410267 0.0305512
3 0.534179 0.490066 0.237614 0.301687 0.0305185
5 0.392695 0.449883 0.0438402 0.0499729 0.0297565
5 0.410861 0.397152 0.0254959 0.028878 0.0288453
5 0.658341 0.442286 0.0314661 0.0354576 0.0266081
3 0.54649 0.49265 0.256803 0.307962 0.0264417
3 0.521259 0.0936372 0.497038 0.186205 0.0262522
3 0.531486 0.489149 0.243314 0.282088 0.0258836
5 0.401959 0.447552 0.0450207 0.0571977 0.0256456
0 0.123958 0.208925 0.247915 0.417266 0.0249202
5 0.659109 0.441927 0.0290978 0.0349834 0.0246807
5 0.596843 0.675072 0.0323874 0.0378647 0.0244835
5 0.653848 0.544376 0.0443979 0.043752 0.023847
5 0.424269 0.576754 0.0413755 0.0446922 0.0237717
5 0.410952 0.396652 0.0221575 0.0282863 0.0233177
5 0.659382 0.441041 0.0261351 0.0308648 0.0225725
5 0.596388 0.676127 0.0285682 0.0345473 0.0217675
3 0.414034 0.0979498 0.707422 0.194471 0.0209871
0 0.134247 0.183806 0.268493 0.365433 0.0199588
5 0.65933 0.44115 0.0239274 0.0293437 0.0198096
3 0.520856 0.0981785 0.509416 0.194875 0.0191418
5 0.392563 0.449824 0.0440379 0.0484171 0.0184641
3 0.538447 0.487282 0.275325 0.294512 0.0174685
5 0.421713 0.580598 0.0429405 0.0428856 0.0163319
3 0.399335 0.109009 0.749399 0.215457 0.0149562
5 0.410891 0.397469 0.0264453 0.0318415 0.0144264
5 0.392008 0.451592 0.0439762 0.0531779 0.0138627
0 0.0643144 0.733797 0.128326 0.532405 0.0131947
0 0.066481 0.776174 0.132898 0.447651 0.0123799
0 0.0657364 0.679433 0.130803 0.639119 0.012377
0 0.160641 0.203046 0.32124 0.406092 0.0123435
3 0.508389 0.955494 0.437942 0.088701 0.0119307
3 0.132396 0.142265 0.264791 0.283637 0.0118397
5 0.658961 0.546955 0.0524358 0.0489125 0.0118168
5 0.598214 0.672503 0.0356538 0.0425287 0.0116143
0 0.0891161 0.761465 0.177303 0.47707 0.0114994
0 0.0786999 0.8041 0.157108 0.3918 0.0110874
3 0.511325 0.489103 0.231908 0.299127 0.0109342
0 0.0963746 0.234801 0.192749 0.468139 0.0108294
3 0.511042 0.487638 0.235094 0.275349 0.0103661
5 0.598461 0.673945 0.0336114 0.0392853 0.0101276
