3 0.520633 0.536397 0.293499 0.361784 0.797494
3 0.52315 0.537129 0.296811 0.363311 0.786486
3 0.520396 0.536296 0.292648 0.363317 0.78005
3 0.521568 0.535311 0.295401 0.366865 0.779931
3 0.521038 0.536335 0.293901 0.363486 0.774495
3 0.52038 0.535978 0.291487 0.364138 0.769774
3 0.520604 0.53456 0.292558 0.368639 0.762239
3 0.520512 0.536425 0.296298 0.366009 0.736033
3 0.51967 0.536285 0.294908 0.363825 0.729465
3 0.521368 0.535268 0.295137 0.369514 0.725101
5 0.522101 0.650209 0.0215265 0.0237208 0.136485
5 0.561066 0.457696 0.019975 0.0221254 0.110102
5 0.487957 0.625302 0.023717 0.0276976 0.0954796
5 0.561623 0.458013 0.0227641 0.0257436 0.091513
5 0.48794 0.625018 0.0246633 0.0287518 0.0905498
5 0.572109 0.475445 0.0223005 0.0220156 0.0881574
5 0.486762 0.625817 0.0268154 0.031372 0.0748452
5 0.611971 0.640365 0.0406492 0.0480059 0.0748184
5 0.611969 0.640814 0.0408199 0.0491978 0.0665124
5 0.569513 0.47403 0.02482 0.0220668 0.0657265
5 0.493067 0.667382 0.0229886 0.0226531 0.0640589
5 0.611807 0.639933 0.0391115 0.0457685 0.0588574
5 0.611607 0.639887 0.0379942 0.0453604 0.056091
5 0.611676 0.641437 0.040837 0.0506272 0.0520012
5 0.611527 0.639531 0.0386308 0.0455335 0.0515498
5 0.606333 0.581075 0.0244752 0.0274657 0.0499946
5 0.606073 0.581623 0.023087 0.0273904 0.0499254
5 0.483768 0.62643 0.0328196 0.0330817 0.0498753
5 0.488345 0.624576 0.0277489 0.0320196 0.0486407
5 0.606158 0.581673 0.0231275 0.0279937 0.0476168
5 0.611669 0.639816 0.0371827 0.0449282 0.0456545
5 0.561968 0.457382 0.0256737 0.0256079 0.0444497
5 0.487701 0.62438 0.0282023 0.0314369 0.0440193
5 0.606575 0.581674 0.0244227 0.0287674 0.0423729
5 0.492533 0.666817 0.025549 0.0265188 0.0420726
5 0.61299 0.640258 0.0408357 0.0479986 0.0417802
5 0.570244 0.474098 0.0301956 0.0290904 0.0389785
5 0.522042 0.652378 0.028231 0.0329458 0.0338338
5 0.522629 0.650985 0.0265292 0.028749 0.0336034
5 0.521985 0.650285 0.0248702 0.0292399 0.0308316
5 0.612713 0.641877 0.0409387 0.0493414 0.0297973
5 0.522963 0.652779 0.0292295 0.0327464 0.028034
5 0.495527 0.668995 0.0307579 0.027124 0.0243386
5 0.463434 0.551127 0.0264979 0.0286436 0.0221905
5 0.572644 0.474051 0.0308609 0.0292041 0.020689
5 0.473857 0.631 0.0282628 0.0300079 0.0191185
5 0.462416 0.551532 0.0249145 0.0267954 0.0183071
5 0.613648 0.540569 0.0232707 0.0244 0.0180228
5 0.522601 0.650197 0.0284576 0.0313651 0.0177837
5 0.462706 0.551324 0.0256375 0.02756 0.0176935
5 0.469633 0.632652 0.0214146 0.0266669 0.0175082
5 0.463113 0.551405 0.0271855 0.0288319 0.0174541
5 0.496164 0.665537 0.0297836 0.02585 0.0156161
5 0.627908 0.513165 0.0232166 0.0254376 0.0155255
5 0.579638 0.575656 0.0217659 0.0259863 0.0144119
5 0.558355 0.457401 0.029475 0.0296867 0.0143096
5 0.57215 0.473674 0.0311327 0.0294134 0.0139081
5 0.6132 0.540636 0.0238224 0.0246978 0.0133799
5 0.579355 0.577316 0.0246387 0.0301366 0.0131134
5 0.490947 0.666435 0.0287779 0.0286722 0.0122719
5 0.6269 0.513291 0.0207558 0.0251533 0.0121758
0 0.0576732 0.835873 0.115346 0.328255 0.0110363
