0 0.48854 0.477764 0.505477 0.649709 0.612433
0 0.488287 0.475515 0.505368 0.655477 0.558408
0 0.487446 0.472736 0.507528 0.654805 0.556489
0 0.488915 0.464028 0.50812 0.663616 0.512431
0 0.488951 0.476484 0.508495 0.644645 0.472765
0 0.488862 0.47085 0.505393 0.650903 0.446808
0 0.489502 0.465293 0.506994 0.663925 0.435409
0 0.490086 0.479299 0.511605 0.643073 0.387206
0 0.489949 0.474101 0.509003 0.650404 0.368489
2 0.602239 0.250335 0.0895093 0.0943389 0.0380829
0 0.917402 0.502367 0.164805 0.979497 0.0312627
0 0.48902 0.461309 0.512934 0.665644 0.0291746
2 0.60111 0.248422 0.0917392 0.0922474 0.0289561
0 0.14808 0.171558 0.296161 0.342885 0.024779
2 0.341155 0.590572 0.142584 0.322311 0.0238613
5 0.440426 0.603825 0.063156 0.0525696 0.0220028
0 0.738914 0.453789 0.283629 0.760734 0.0211669
0 0.844433 0.480035 0.311134 0.958218 0.0203782
5 0.441098 0.603656 0.0686159 0.0533463 0.0198002
2 0.603843 0.250857 0.0835077 0.0905887 0.0193335
0 0.154799 0.167559 0.309406 0.333776 0.0191022
2 0.571507 0.597997 0.0296717 0.0485399 0.018903
2 0.57132 0.59852 0.0303731 0.0501831 0.0151543
5 0.440892 0.604578 0.0637801 0.0515871 0.01467
2 0.571391 0.597903 0.0309231 0.0502308 0.0144138
5 0.440538 0.604072 0.0667301 0.0521624 0.0143912
2 0.339356 0.582892 0.175896 0.321898 0.0143313
2 0.602884 0.249466 0.0825432 0.0858818 0.0141223
0 0.146419 0.179881 0.292839 0.359275 0.0135702
3 0.518516 0.376436 0.308901 0.335327 0.0130195
3 0.468587 0.497197 0.34296 0.398056 0.0124763
5 0.441279 0.603622 0.0616304 0.0545605 0.0123226
0 0.348545 0.462651 0.236309 0.685118 0.012175
0 0.727901 0.469982 0.205811 0.720273 0.0120676
0 0.163243 0.174168 0.325868 0.348336 0.0119637
0 0.755905 0.497128 0.488189 0.97573 0.0116725
3 0.519928 0.382586 0.316464 0.368671 0.0115255
0 0.157521 0.175123 0.315042 0.350129 0.0112611
0 0.663913 0.48942 0.226483 0.648302 0.0111507
5 0.441265 0.604452 0.0705551 0.0548186 0.0110767
5 0.0168859 0.0701406 0.0330829 0.0490622 0.0109972
0 0.15841 0.162162 0.316811 0.322572 0.0109697
0 0.364753 0.45605 0.294262 0.718344 0.0108421
0 0.486063 0.482238 0.513378 0.639937 0.0108007
5 0.44063 0.603245 0.0600227 0.0543315 0.0107759
2 0.605418 0.252244 0.089762 0.100485 0.0107569
