0 0.518224 0.412774 0.363692 0.458847 0.64396
0 0.518368 0.414799 0.363723 0.456923 0.643662
0 0.521578 0.413337 0.363723 0.455401 0.622724
0 0.515899 0.414091 0.362451 0.467451 0.618097
0 0.518568 0.413661 0.365982 0.464806 0.615985
0 0.516903 0.413149 0.36287 0.461063 0.613041
0 0.517097 0.414319 0.36272 0.456869 0.610373
0 0.516436 0.41401 0.363729 0.462592 0.566688
0 0.516491 0.414611 0.362065 0.457295 0.543288
0 0.515288 0.415817 0.36524 0.46759 0.543282
3 0.513997 0.381531 0.256706 0.283094 0.0323819
0 0.94385 0.442576 0.1123 0.882728 0.029682
0 0.943057 0.45275 0.113887 0.901905 0.0229192
3 0.513017 0.374634 0.24837 0.263381 0.0221223
3 0.513275 0.377939 0.250505 0.284033 0.0190245
3 0.521548 0.389503 0.252167 0.267923 0.015843
3 0.522991 0.384507 0.239042 0.280637 0.0156633
3 0.528899 0.381242 0.21765 0.258139 0.0142242
0 0.945144 0.402299 0.109712 0.793977 0.0136796
0 0.943437 0.47064 0.112421 0.937802 0.01232
0 0.942557 0.47843 0.114886 0.939342 0.0122378
3 0.512499 0.35875 0.247099 0.265547 0.0102038
0 0.0770077 0.843262 0.154015 0.312874 0.010086
