4 0.538888 0.512234 0.538507 0.659741 0.808819
2 0.575553 0.226068 0.0250796 0.0249789 0.203796
2 0.65273 0.264156 0.0291897 0.0313999 0.159949
2 0.612816 0.284059 0.0181118 0.0234664 0.0573875
2 0.772652 0.522363 0.0217215 0.028319 0.0542586
2 0.631749 0.296421 0.0219863 0.0247805 0.0484116
2 0.714193 0.689542 0.0192727 0.0220319 0.0422234
2 0.598031 0.504028 0.0237055 0.0333319 0.0295978
2 0.73851 0.566211 0.0252886 0.0335147 0.0293196
2 0.322292 0.44276 0.0226325 0.0273932 0.0266148
2 0.381116 0.377416 0.0227298 0.0260458 0.0238433
2 0.460548 0.256982 0.0249754 0.0388751 0.0203807
2 0.723021 0.627029 0.0239746 0.0255651 0.0190946
2 0.58858 0.273245 0.0219445 0.027779 0.0156461
2 0.471409 0.258305 0.0457054 0.0402567 0.0114367
2 0.625167 0.290873 0.0258576 0.0289387 0.0109927
