4 0.627166 0.453612 0.572158 0.715909 0.644752
5 0.757008 0.523961 0.0618742 0.0747707 0.235761
5 0.741212 0.229537 0.0291437 0.0417925 0.146053
5 0.746573 0.431425 0.0442141 0.0635521 0.142575
5 0.558528 0.672054 0.0297044 0.0387234 0.0321089
2 0.82861 0.576394 0.0322796 0.0439254 0.0303945
4 0.636914 0.255512 0.565929 0.31727 0.0267045
0 0.645316 0.223265 0.544312 0.251064 0.0189563
4 0.419603 0.637987 0.167573 0.234059 0.0142263
5 0.836764 0.617508 0.0288047 0.0358824 0.0132303
4 0.844905 0.482195 0.124587 0.384222 0.0112615
4 0.640961 0.145553 0.194344 0.0979953 0.0103206
