1 0.479085 0.40676 0.42782 0.510109 0.355693
0 0.479517 0.407059 0.428472 0.518596 0.238731
5 0.372889 0.387201 0.0352907 0.0400746 0.155364
5 0.336806 0.234268 0.029481 0.0327126 0.0837845
1 0.495364 0.465976 0.353446 0.294013 0.0803579
5 0.404552 0.359548 0.0263436 0.0300144 0.0595852
5 0.710265 0.109535 0.0270548 0.0290501 0.0390686
0 0.483657 0.271915 0.447787 0.244501 0.0295406
5 0.791334 0.378919 0.0321838 0.0387837 0.0251702
1 0.421607 0.51167 0.251231 0.215129 0.020574
0 0.32143 0.303187 0.141187 0.306609 0.0191945
0 0.55152 0.276118 0.271468 0.189514 0.017553
1 0.428337 0.532952 0.384515 0.281247 0.0150316
2 0.310671 0.38841 0.0222556 0.027616 0.0135996
5 0.343014 0.227543 0.0495278 0.0504738 0.0119022
5 0.374993 0.390479 0.0502625 0.0597863 0.0117205
5 0.31646 0.263627 0.0296878 0.0352323 0.0108684
