3 0.470682 0.534798 0.334065 0.340496 0.394848
3 0.468635 0.553374 0.439822 0.693243 0.318526
5 0.476535 0.745535 0.0882085 0.115084 0.159904
0 0.475825 0.743808 0.0894411 0.115465 0.134964
1 0.249887 0.553148 0.124183 0.560993 0.066594
4 0.475213 0.743958 0.0894536 0.119243 0.0347425
5 0.433656 0.915822 0.0206449 0.0254745 0.0331249
3 0.457993 0.800324 0.350859 0.199952 0.0272878
0 0.435652 0.809395 0.315636 0.177581 0.0265863
4 0.438773 0.818707 0.34242 0.169432 0.0241208
4 0.368002 0.796166 0.168147 0.120332 0.0188929
5 0.413432 0.914073 0.0175398 0.0239009 0.015773
5 0.313367 0.620012 0.0419461 0.0510714 0.0150455
4 0.333826 0.789995 0.0865861 0.104245 0.0134488
