3 0.493079 0.513303 0.488952 0.602331 0.661915
5 0.392627 0.351337 0.0321986 0.0382593 0.370856
5 0.516699 0.700215 0.0600622 0.0704469 0.258642
5 0.427038 0.329665 0.0248809 0.0293538 0.258145
5 0.348183 0.375533 0.0235503 0.0268404 0.189404
5 0.506116 0.350884 0.0246251 0.0302751 0.152191
2 0.41136 0.241107 0.167373 0.130848 0.111719
5 0.41901 0.332993 0.0279502 0.0315906 0.0519393
3 0.494636 0.503683 0.327991 0.275571 0.0315106
2 0.504379 0.812025 0.0979381 0.0484264 0.0300808
5 0.421169 0.239826 0.164658 0.107861 0.0179003
5 0.0195625 0.0688328 0.0389304 0.0683929 0.0175811
5 0.397071 0.35527 0.0481364 0.052854 0.0108325
