3 0.442213 0.528486 0.558257 0.610437 0.526206
3 0.441694 0.527635 0.557374 0.61533 0.508997
3 0.44316 0.530242 0.558454 0.608104 0.482341
3 0.441002 0.524219 0.555934 0.61404 0.459254
3 0.442902 0.526246 0.556841 0.60718 0.441057
3 0.441671 0.525705 0.561251 0.616744 0.421555
3 0.441787 0.524427 0.558266 0.615625 0.420225
3 0.441871 0.523411 0.560816 0.614449 0.375728
3 0.443467 0.52572 0.558042 0.611156 0.372926
3 0.442131 0.524205 0.562244 0.614781 0.323656
3 0.414264 0.540206 0.382485 0.4781 0.0579535
3 0.409769 0.516602 0.386235 0.467048 0.0514631
3 0.429333 0.544341 0.424621 0.481502 0.0417664
2 0.302616 0.279523 0.0232078 0.0278092 0.0406207
2 0.303586 0.279963 0.0189507 0.0234226 0.0381843
3 0.408902 0.491806 0.397061 0.460721 0.0331106
3 0.41052 0.503418 0.321313 0.425753 0.0324121
2 0.302392 0.279413 0.0211117 0.0257014 0.0308122
3 0.428446 0.541431 0.349751 0.454113 0.0296474
3 0.436346 0.546019 0.41082 0.474473 0.0288315
3 0.424258 0.524168 0.419217 0.464734 0.0273645
3 0.414006 0.527604 0.318787 0.436462 0.0268228
2 0.302653 0.279517 0.0240586 0.0288277 0.0266034
3 0.405943 0.480724 0.332392 0.42287 0.0264485
2 0.689756 0.456955 0.0212848 0.0253272 0.0259928
3 0.42624 0.498659 0.420036 0.450612 0.0174761
3 0.451592 0.548183 0.434186 0.469704 0.0162909
2 0.596479 0.455858 0.0215932 0.0301631 0.0153547
3 0.446644 0.541876 0.451455 0.466113 0.0151524
2 0.689419 0.457037 0.0218927 0.0270968 0.0149996
2 0.373429 0.442855 0.0225213 0.0220876 0.0134025
3 0.415455 0.535633 0.314306 0.409658 0.0131448
5 0.809363 0.8024 0.0218903 0.0281929 0.0113469
5 0.80882 0.801927 0.0244254 0.0304937 0.0106767
3 0.413956 0.478399 0.406111 0.389519 0.0104914
3 0.406748 0.461541 0.336562 0.346229 0.0100563
