1 0.597397 0.412205 0.617177 0.750282 0.86447
1 0.599566 0.41221 0.610359 0.746391 0.85034
1 0.595283 0.411116 0.615581 0.749489 0.850208
1 0.59797 0.410626 0.62082 0.750856 0.847528
1 0.598078 0.411371 0.616224 0.750106 0.846695
1 0.597968 0.413202 0.614941 0.751296 0.843644
1 0.597727 0.412374 0.619483 0.755283 0.839832
1 0.596393 0.41742 0.613484 0.741603 0.836595
1 0.594236 0.410981 0.617856 0.748592 0.833011
1 0.593772 0.411887 0.617538 0.752682 0.831143
0 0.505552 0.365401 0.111736 0.100283 0.146546
5 0.473815 0.360625 0.0229079 0.0277133 0.116567
0 0.501322 0.368149 0.0885028 0.0883416 0.116046
5 0.500252 0.387196 0.0343995 0.0358367 0.101444
5 0.501133 0.386999 0.034926 0.0366659 0.0925193
5 0.47265 0.360173 0.0237089 0.0276555 0.0900638
0 0.49614 0.36963 0.0828978 0.0761509 0.0856984
5 0.500013 0.386949 0.0295974 0.0344726 0.0724173
5 0.474794 0.359839 0.0301672 0.0344904 0.0675954
5 0.501054 0.387182 0.0302401 0.034093 0.067309
5 0.782458 0.265367 0.0293346 0.0327894 0.0633714
0 0.509216 0.363591 0.12986 0.105968 0.0590207
0 0.513979 0.354364 0.139732 0.126802 0.0542898
0 0.504322 0.360626 0.158977 0.123188 0.0532981
5 0.653714 0.707094 0.0502641 0.0542711 0.0496075
5 0.652231 0.706299 0.0496968 0.0537914 0.0493567
5 0.47273 0.360214 0.0291136 0.034367 0.0492535
5 0.652799 0.707081 0.0465575 0.0514602 0.0456022
5 0.782725 0.265198 0.0268912 0.0305511 0.0443673
0 0.50554 0.358381 0.15127 0.12592 0.0382441
5 0.500161 0.387642 0.0361338 0.0373935 0.036673
5 0.781151 0.266028 0.0332655 0.0357754 0.0339293
5 0.500425 0.387956 0.0343529 0.0375035 0.0333086
5 0.48231 0.362413 0.0441489 0.0362317 0.032856
5 0.783504 0.265572 0.0346024 0.0363162 0.0281898
5 0.475077 0.361021 0.0339536 0.0355945 0.0268821
5 0.653146 0.703915 0.0598595 0.0649963 0.0267954
5 0.653137 0.706847 0.0452027 0.0494208 0.024246
5 0.783637 0.265368 0.0326267 0.0352051 0.0237133
0 0.497919 0.362924 0.103517 0.0995407 0.0226939
5 0.781156 0.265272 0.0320682 0.0344474 0.0220947
5 0.652135 0.706892 0.044706 0.0500522 0.0212449
0 0.514989 0.323476 0.202351 0.203324 0.0202387
5 0.652838 0.706921 0.0417025 0.0464314 0.0196204
0 0.494234 0.371242 0.0726308 0.0710426 0.0179781
5 0.654101 0.705325 0.0592186 0.0613045 0.0170826
0 0.520286 0.322877 0.203481 0.199203 0.0169766
0 0.50623 0.360585 0.128529 0.11719 0.0169636
0 0.5157 0.362945 0.131065 0.109255 0.0168684
0 0.501242 0.371956 0.153915 0.135997 0.0163134
5 0.653315 0.706829 0.0649575 0.0645977 0.0161983
5 0.65445 0.704527 0.0622201 0.0672405 0.0158559
5 0.653279 0.706295 0.043739 0.0497285 0.0152766
0 0.523041 0.349081 0.148353 0.136564 0.014333
0 0.498851 0.366756 0.196832 0.167988 0.0129054
5 0.654336 0.705296 0.0587253 0.0618609 0.0124623
0 0.486784 0.371766 0.0766482 0.0789871 0.0122766
1 0.606814 0.146893 0.506034 0.230591 0.0121193
0 0.501475 0.367553 0.152261 0.136006 0.0116164
5 0.653675 0.706412 0.0517236 0.0580511 0.0109521
5 0.652165 0.70625 0.0434364 0.0496461 0.0108253
0 0.515526 0.348736 0.180067 0.156315 0.0106497
5 0.652981 0.706864 0.0399772 0.0441136 0.0105231
5 0.782259 0.266741 0.0344649 0.0382126 0.0100358
