1 0.595354 0.480719 0.694565 0.522084 0.505756
1 0.600137 0.482267 0.696116 0.517803 0.49343
1 0.600568 0.481138 0.691303 0.520317 0.488811
1 0.599822 0.481043 0.691333 0.521488 0.487443
1 0.596039 0.480474 0.695529 0.518087 0.476122
1 0.599529 0.481583 0.699159 0.518711 0.464873
1 0.601323 0.480133 0.693626 0.521473 0.418544
1 0.599029 0.483541 0.701704 0.513416 0.408397
1 0.598677 0.482473 0.696422 0.513858 0.250364
5 0.7645 0.475861 0.0336005 0.0403914 0.239307
5 0.76408 0.476107 0.0342439 0.040661 0.2304
1 0.598995 0.481734 0.696551 0.517152 0.229638
1 0.608448 0.483153 0.680243 0.512062 0.215999
5 0.764508 0.47634 0.0307017 0.0362773 0.190711
5 0.763883 0.476361 0.0306662 0.0376453 0.18675
5 0.764108 0.476119 0.0363444 0.0429137 0.137522
5 0.763614 0.476603 0.0360652 0.0417004 0.121993
5 0.76425 0.474109 0.0400753 0.049621 0.121986
5 0.458108 0.249896 0.0547335 0.052138 0.117183
5 0.45826 0.249342 0.0508299 0.0490409 0.109375
5 0.506363 0.427781 0.0267926 0.0300008 0.102286
5 0.763359 0.473776 0.0403271 0.0489486 0.101335
5 0.457938 0.249276 0.0514622 0.0506791 0.0971251
5 0.726538 0.2029 0.0401684 0.0391686 0.0968766
5 0.458922 0.248321 0.0480403 0.045775 0.0945014
5 0.45875 0.249176 0.0528262 0.0517899 0.0902222
5 0.72632 0.202209 0.0413457 0.0409726 0.0835994
5 0.726643 0.202887 0.0403964 0.0396386 0.0802737
5 0.50664 0.426763 0.032697 0.0360138 0.0802347
5 0.76178 0.475841 0.0444194 0.0474359 0.0797995
1 0.611446 0.48418 0.676676 0.512246 0.0789912
5 0.762095 0.476148 0.044275 0.0463423 0.0771276
5 0.76646 0.475514 0.0408751 0.0469429 0.0745412
5 0.726176 0.202703 0.0408759 0.0400889 0.0720071
5 0.766357 0.476099 0.0400035 0.0444427 0.0689104
5 0.505367 0.4276 0.0322456 0.03568 0.067964
0 0.376472 0.656045 0.243971 0.157752 0.0679015
0 0.445626 0.288727 0.249842 0.0982714 0.0677176
5 0.505396 0.427472 0.036267 0.0395768 0.0676574
1 0.372606 0.488432 0.251536 0.484361 0.0666413
5 0.458649 0.247889 0.0496196 0.0491594 0.0655732
5 0.505956 0.428408 0.030069 0.0331652 0.0642662
5 0.505452 0.428155 0.0336905 0.0367976 0.0615095
1 0.418779 0.488238 0.337675 0.492233 0.0599395
5 0.726314 0.201362 0.0452782 0.0451572 0.0569456
5 0.726521 0.201998 0.0451321 0.0455676 0.0550388
1 0.363552 0.488527 0.233894 0.483432 0.0545766
5 0.457052 0.252118 0.0593098 0.0590777 0.0542794
5 0.406501 0.624968 0.0338924 0.0403763 0.0515723
5 0.726108 0.20237 0.0443683 0.0425166 0.0495405
0 0.379878 0.653213 0.253393 0.165756 0.0480956
5 0.507289 0.427635 0.0333091 0.0372998 0.0450019
5 0.507302 0.42698 0.0326611 0.0368985 0.0439495
0 0.452511 0.279316 0.243883 0.112905 0.0437256
5 0.725793 0.202809 0.043546 0.0421946 0.043215
5 0.507301 0.426503 0.0365064 0.038495 0.0428163
0 0.382599 0.664733 0.2455 0.140194 0.0401876
5 0.40546 0.624545 0.0317233 0.0385911 0.0389786
0 0.435617 0.29382 0.260417 0.089446 0.038733
5 0.765736 0.476978 0.0425495 0.0460186 0.0387068
1 0.392183 0.48685 0.284655 0.494662 0.0384498
5 0.406493 0.624542 0.0287217 0.0362455 0.0380934
0 0.378372 0.661536 0.242168 0.142999 0.0376857
1 0.464583 0.484635 0.426941 0.503974 0.0374659
5 0.726895 0.201261 0.0479054 0.0483094 0.03428
1 0.593636 0.483204 0.692474 0.51083 0.0337628
0 0.781048 0.501339 0.125507 0.190408 0.0335409
0 0.376025 0.657609 0.261387 0.154367 0.0301446
1 0.543562 0.481983 0.586523 0.515572 0.0290709
1 0.355559 0.467978 0.230604 0.545953 0.0282649
1 0.427604 0.487762 0.353751 0.493333 0.0279827
1 0.368074 0.482126 0.236317 0.437965 0.0276368
5 0.406231 0.624845 0.0308002 0.0366333 0.0271265
5 0.494588 0.38445 0.0328195 0.0254517 0.0264222
5 0.754274 0.537985 0.0256241 0.0282205 0.0263905
5 0.405702 0.624567 0.0270187 0.0348294 0.0260768
1 0.369555 0.475193 0.241403 0.466207 0.0259675
5 0.7616 0.475954 0.0472627 0.0486899 0.025086
1 0.367596 0.487815 0.242037 0.476781 0.0233058
1 0.319028 0.455568 0.151241 0.524677 0.0223365
1 0.356283 0.490331 0.23126 0.530985 0.0220047
0 0.791013 0.446502 0.154163 0.314044 0.0215634
1 0.548698 0.481567 0.596391 0.51297 0.0206166
1 0.814973 0.484996 0.26923 0.495439 0.0205965
1 0.452745 0.482954 0.40416 0.508516 0.0202085
1 0.394655 0.487194 0.290492 0.491895 0.0201556
1 0.355317 0.485932 0.231941 0.516823 0.0200185
5 0.314505 0.631449 0.0300439 0.0311731 0.0196504
0 0.673525 0.700075 0.205056 0.0768278 0.0195015
5 0.457335 0.254271 0.0639128 0.0662879 0.0189354
0 0.460129 0.276105 0.228411 0.120808 0.0189177
3 0.509089 0.49226 0.218436 0.396417 0.0188077
0 0.453387 0.301663 0.358127 0.132294 0.0187432
1 0.372666 0.501149 0.261164 0.464462 0.0185005
5 0.406004 0.625201 0.0296417 0.0355772 0.0183249
1 0.381329 0.487489 0.267203 0.47848 0.0177627
0 0.400231 0.663762 0.286191 0.145799 0.0175616
5 0.75624 0.535299 0.0357752 0.0399359 0.0162451
1 0.319558 0.473601 0.151089 0.505414 0.0160751
1 0.850351 0.486563 0.195941 0.500708 0.0160546
0 0.78034 0.491008 0.128473 0.301754 0.0159837
5 0.766139 0.476146 0.0464169 0.0567151 0.0158957
5 0.316623 0.629171 0.0292658 0.0275344 0.0158509
0 0.469101 0.300992 0.400477 0.144703 0.0154181
0 0.461679 0.286353 0.363701 0.130898 0.0153216
5 0.638936 0.480075 0.0229858 0.0278921 0.0151559
0 0.448768 0.288587 0.324856 0.124258 0.0150464
0 0.425613 0.301029 0.2571 0.0965793 0.0149943
5 0.725337 0.201388 0.0497854 0.047922 0.014898
5 0.458698 0.247906 0.0499423 0.0515924 0.0148626
1 0.867332 0.445678 0.161113 0.498539 0.0148482
0 0.381622 0.659972 0.256362 0.14516 0.0147814
3 0.511527 0.498368 0.226049 0.394133 0.0146169
1 0.880071 0.450202 0.146264 0.517356 0.0144541
5 0.75268 0.538501 0.0284534 0.0313416 0.0140631
1 0.376161 0.456533 0.201856 0.281346 0.0138808
5 0.760189 0.472866 0.0492202 0.0540148 0.0131958
0 0.772009 0.478443 0.122684 0.268755 0.013059
1 0.46707 0.482901 0.430989 0.504683 0.0130379
0 0.514181 0.401654 0.0873572 0.102651 0.0129795
1 0.318186 0.486481 0.147455 0.514277 0.0129442
1 0.883536 0.465449 0.136341 0.486919 0.0128554
0 0.410076 0.299831 0.25053 0.103462 0.0125927
3 0.511543 0.45842 0.170087 0.249254 0.0125623
0 0.432432 0.304947 0.308368 0.126906 0.0125302
0 0.453082 0.3168 0.384645 0.158927 0.0120858
1 0.816764 0.483021 0.264515 0.4976 0.0120717
0 0.694495 0.699221 0.430999 0.0920055 0.0120648
3 0.512981 0.481681 0.344621 0.503904 0.0119677
1 0.810606 0.483697 0.276754 0.499063 0.0117841
5 0.7537 0.538504 0.0251437 0.0286544 0.0116584
5 0.458849 0.249378 0.0583352 0.0585506 0.0116039
5 0.313651 0.631512 0.0281561 0.0298968 0.0114669
0 0.67624 0.697758 0.175263 0.0842489 0.0114294
1 0.372136 0.462667 0.216174 0.314258 0.0111042
5 0.63962 0.477819 0.0291375 0.0372409 0.0108626
0 0.397552 0.634939 0.280815 0.207011 0.0108588
0 0.373576 0.616313 0.243879 0.236516 0.0105498
0 0.512423 0.437284 0.166124 0.228937 0.0104684
0 0.463449 0.321456 0.4202 0.179431 0.0104553
3 0.520634 0.467631 0.255231 0.335721 0.0103876
1 0.343884 0.484935 0.198245 0.46852 0.0102969
3 0.509084 0.461314 0.186947 0.25514 0.0102503
