3 0.504279 0.401426 0.395018 0.640952 0.838232
3 0.503991 0.404265 0.392988 0.641287 0.830776
3 0.505271 0.401397 0.394331 0.63396 0.812132
3 0.504805 0.400508 0.393017 0.639811 0.806527
3 0.504633 0.400642 0.392301 0.634624 0.793692
3 0.504608 0.401578 0.39156 0.640511 0.790516
3 0.503777 0.401515 0.391974 0.634766 0.778143
3 0.50242 0.400221 0.391266 0.633195 0.724937
3 0.501713 0.400089 0.391857 0.636465 0.716165
3 0.505895 0.402342 0.391723 0.632516 0.291544
3 0.502209 0.400534 0.390444 0.641515 0.100375
2 0.533347 0.43066 0.0283086 0.0273197 0.0639757
2 0.534535 0.43118 0.0307687 0.0286449 0.0615839
2 0.401153 0.494558 0.0155633 0.0177235 0.0531929
3 0.514066 0.200938 0.365866 0.241413 0.0386513
3 0.51445 0.199412 0.372256 0.241314 0.0365503
2 0.453921 0.313917 0.0224623 0.0281709 0.0346034
2 0.533006 0.430536 0.0287676 0.0282969 0.0217664
3 0.513306 0.398975 0.378987 0.629631 0.0211115
2 0.45413 0.314185 0.0219827 0.0282238 0.0203513
2 0.534592 0.430568 0.0309302 0.0303754 0.0160034
2 0.532197 0.430384 0.0310276 0.0317836 0.014451
2 0.533096 0.429401 0.031623 0.0359388 0.0132788
3 0.507728 0.228725 0.377559 0.292701 0.0121585
