4 0.544773 0.452184 0.470139 0.59694 0.722014
4 0.544363 0.450617 0.46728 0.593682 0.721533
4 0.544502 0.453262 0.473665 0.596678 0.697183
4 0.542881 0.45169 0.468308 0.597476 0.695764
4 0.543077 0.452301 0.467633 0.597421 0.689209
4 0.543082 0.452753 0.470196 0.597707 0.675193
4 0.542859 0.450922 0.465556 0.595387 0.671106
4 0.542468 0.452809 0.470231 0.597009 0.670311
4 0.542781 0.449998 0.464541 0.592568 0.666969
4 0.542163 0.454349 0.473051 0.597976 0.664454
4 0.540404 0.595687 0.477396 0.316319 0.0540311
2 0.605664 0.709658 0.0204799 0.0249686 0.0536481
2 0.604152 0.710077 0.0209205 0.0256559 0.0469272
2 0.605516 0.709323 0.0195138 0.024466 0.0438951
4 0.540804 0.603284 0.474585 0.298826 0.0417278
2 0.60437 0.71008 0.021544 0.0266115 0.0383182
2 0.530691 0.731291 0.017864 0.0205981 0.0303964
4 0.717093 0.443616 0.116936 0.363143 0.0299498
4 0.717245 0.473912 0.116618 0.323446 0.0287647
4 0.538851 0.590378 0.472735 0.325766 0.0281632
4 0.552899 0.604101 0.446979 0.293625 0.0277466
4 0.542295 0.631825 0.471231 0.245719 0.0250444
4 0.716917 0.420608 0.1174 0.363034 0.0250149
2 0.752667 0.506765 0.0147861 0.0177173 0.0228828
4 0.717091 0.505658 0.117525 0.264809 0.020966
4 0.71639 0.377978 0.119087 0.314493 0.02041
4 0.658563 0.45651 0.235049 0.581593 0.0186186
2 0.740164 0.35537 0.013282 0.0196166 0.0183051
4 0.715513 0.340207 0.12283 0.266247 0.0174502
4 0.720433 0.38513 0.107895 0.286969 0.0168658
4 0.721049 0.405582 0.106723 0.28125 0.0166039
2 0.725943 0.375647 0.0188278 0.0222759 0.014306
4 0.541658 0.633549 0.477864 0.244252 0.0142369
4 0.721402 0.435226 0.106565 0.250946 0.0136509
3 0.541704 0.386885 0.301587 0.269559 0.0133887
4 0.552628 0.628864 0.453659 0.24791 0.0130171
4 0.717058 0.520273 0.118219 0.214661 0.0128852
5 0.474583 0.713241 0.0169548 0.0231034 0.0127313
4 0.540231 0.546965 0.472047 0.407486 0.0121171
4 0.7197 0.359261 0.109761 0.261111 0.012016
4 0.706664 0.435003 0.152321 0.380952 0.0118094
4 0.376906 0.436041 0.142137 0.478048 0.0118074
4 0.708292 0.460855 0.147359 0.340804 0.011793
4 0.395716 0.437213 0.178984 0.457154 0.0114283
3 0.547367 0.403685 0.376743 0.317371 0.0113782
3 0.565134 0.384885 0.408807 0.247328 0.011121
4 0.39423 0.432522 0.175397 0.473788 0.0109994
3 0.548866 0.386552 0.384718 0.256361 0.0109934
2 0.740889 0.355169 0.01468 0.0195785 0.0109715
4 0.715546 0.328862 0.127378 0.252882 0.0102723
3 0.5464 0.386362 0.284658 0.282693 0.0102275
4 0.659135 0.458977 0.235371 0.583193 0.0101143
4 0.37602 0.433055 0.141522 0.464727 0.0100604
4 0.541435 0.658532 0.389752 0.203693 0.010047
