3 0.495946 0.461187 0.326522 0.384603 0.93234
3 0.49652 0.460982 0.327509 0.387234 0.926542
3 0.496245 0.461345 0.327945 0.387195 0.912923
3 0.495612 0.461251 0.327081 0.384454 0.9049
3 0.495712 0.460042 0.327865 0.384454 0.903186
3 0.495718 0.460571 0.325299 0.38401 0.898472
3 0.496372 0.460494 0.326229 0.38662 0.897759
3 0.497458 0.461465 0.329346 0.385782 0.887413
3 0.495851 0.46026 0.327176 0.383179 0.882058
3 0.494912 0.460005 0.326432 0.383385 0.880761
2 0.536542 0.455329 0.0179859 0.0205775 0.0217541
