1 0.365165 0.572437 0.405306 0.643304 0.577173
1 0.369855 0.572628 0.411468 0.640935 0.571731
1 0.365054 0.57256 0.401171 0.646169 0.540877
1 0.36455 0.573927 0.400863 0.639176 0.530237
1 0.364174 0.57408 0.397276 0.6422 0.502801
1 0.368474 0.57414 0.405837 0.639095 0.498028
1 0.365041 0.574871 0.398905 0.642825 0.497023
1 0.364197 0.576265 0.399474 0.644444 0.492303
1 0.365889 0.576721 0.396916 0.650186 0.477911
1 0.365356 0.576275 0.398576 0.643713 0.458749
5 0.318492 0.584761 0.0263288 0.0313681 0.207869
5 0.3177 0.584297 0.0306542 0.0359986 0.190581
5 0.317052 0.584713 0.0286083 0.0345265 0.172766
5 0.316651 0.584494 0.0317444 0.0376955 0.1643
5 0.355434 0.584157 0.0317772 0.0378281 0.129151
5 0.355239 0.584511 0.0292135 0.0360591 0.124372
5 0.317452 0.585027 0.0309777 0.0362062 0.120368
5 0.317491 0.585332 0.0303221 0.0339221 0.115761
5 0.356528 0.584147 0.0321239 0.0379646 0.0864613
5 0.355626 0.584674 0.0310954 0.0380402 0.0849768
5 0.225255 0.503647 0.0307614 0.0338241 0.0822911
5 0.225476 0.50387 0.0267674 0.0305043 0.0800268
5 0.356493 0.584239 0.0289495 0.0346069 0.071559
5 0.224088 0.503934 0.0304441 0.0338718 0.0715471
5 0.535124 0.322031 0.0200088 0.0252955 0.0690165
5 0.224046 0.504094 0.027091 0.0313687 0.0642293
5 0.598451 0.478035 0.019525 0.0230352 0.0580469
5 0.563025 0.721256 0.0231891 0.0275954 0.056681
5 0.29565 0.723949 0.0239077 0.0290476 0.0514478
5 0.356473 0.584717 0.0324873 0.0373318 0.0434819
0 0.592445 0.547679 0.0803976 0.577513 0.0420032
5 0.451858 0.923682 0.029563 0.0315492 0.0410364
5 0.56401 0.721215 0.0244171 0.0276332 0.0385488
0 0.589855 0.538842 0.0883922 0.613028 0.0382267
5 0.225025 0.505248 0.0328522 0.0353135 0.0381325
5 0.302408 0.471899 0.0286398 0.0362266 0.0373377
5 0.223725 0.505313 0.0314995 0.0357074 0.0358833
5 0.30308 0.471939 0.0299358 0.0357236 0.0349266
5 0.522003 0.80165 0.0231742 0.0292391 0.0313323
5 0.599203 0.477471 0.0228319 0.0276956 0.0311035
5 0.295804 0.724465 0.0216625 0.0264519 0.0285833
5 0.562869 0.721821 0.0239224 0.0288289 0.0271766
5 0.535156 0.321746 0.0259737 0.0325786 0.0269728
0 0.606591 0.560286 0.102573 0.622062 0.0260989
5 0.302173 0.471966 0.0272519 0.0351289 0.0251173
0 0.607278 0.543887 0.111018 0.636916 0.0247065
5 0.588274 0.434329 0.0173972 0.0214009 0.0240814
1 0.383572 0.383525 0.443733 0.275233 0.0240399
5 0.440578 0.894144 0.0348677 0.0279196 0.0232792
1 0.503343 0.582014 0.243087 0.666645 0.0232462
5 0.588886 0.434369 0.0183784 0.0216629 0.0232357
5 0.302588 0.47154 0.0284322 0.0352925 0.0232217
5 0.573828 0.697195 0.0239313 0.0237487 0.0217093
5 0.451357 0.924152 0.0322424 0.0341701 0.0216897
5 0.452096 0.923971 0.0268721 0.0282051 0.0215212
1 0.505007 0.559727 0.133278 0.597436 0.0210989
1 0.490852 0.564819 0.158204 0.636769 0.0209079
1 0.376191 0.381859 0.429408 0.267426 0.0208516
0 0.586739 0.537058 0.0982001 0.61329 0.0207319
1 0.488259 0.544876 0.162955 0.622294 0.0203053
5 0.521534 0.801482 0.0214114 0.0276562 0.0202556
5 0.56307 0.721104 0.0258839 0.029399 0.0202225
1 0.539092 0.586843 0.196767 0.681984 0.0193939
5 0.314367 0.585304 0.0429621 0.042991 0.0192108
5 0.537179 0.322873 0.0248384 0.0280294 0.0188767
5 0.445336 0.891183 0.0423674 0.0303732 0.0187391
1 0.503666 0.544895 0.137303 0.595717 0.0181309
5 0.453324 0.923473 0.0366818 0.0352962 0.0181143
5 0.590805 0.434825 0.0208146 0.0240171 0.0177108
1 0.396074 0.53182 0.323338 0.533877 0.0175886
0 0.593085 0.5852 0.0762102 0.60583 0.0174526
5 0.494987 0.291346 0.0185048 0.024878 0.0173501
1 0.385417 0.359098 0.443069 0.233517 0.0173265
1 0.513234 0.581819 0.240256 0.664437 0.0172807
1 0.483301 0.543241 0.174116 0.575224 0.0171558
5 0.55958 0.721219 0.0349711 0.0370024 0.0168266
5 0.302734 0.470259 0.0358165 0.0427889 0.016594
5 0.559465 0.722561 0.0357266 0.0371706 0.0163783
1 0.451083 0.542018 0.220483 0.567922 0.0163523
5 0.581511 0.670926 0.0192549 0.0220656 0.0161728
1 0.368756 0.382247 0.415013 0.264565 0.0158975
5 0.228392 0.504106 0.0360892 0.0388482 0.0158023
5 0.581595 0.670955 0.0218961 0.0235187 0.0156058
1 0.28623 0.574507 0.245234 0.6394 0.0156006
1 0.27764 0.575352 0.222505 0.64093 0.0154211
1 0.398963 0.536026 0.287559 0.597144 0.0153545
3 0.388193 0.614029 0.276576 0.583231 0.0151729
3 0.395249 0.595638 0.229305 0.603923 0.0150881
5 0.321689 0.584485 0.0380738 0.0424315 0.0150147
1 0.40917 0.535882 0.296181 0.603417 0.0150126
1 0.50813 0.586189 0.12546 0.600636 0.0145111
1 0.389357 0.537645 0.304379 0.511769 0.0143604
5 0.571229 0.69825 0.0225092 0.0202777 0.0142173
1 0.492685 0.590015 0.154928 0.634305 0.0138371
1 0.374382 0.362233 0.425196 0.235639 0.0137279
1 0.463317 0.542786 0.194773 0.61929 0.0136327
1 0.545007 0.588925 0.181187 0.687962 0.0134677
1 0.396075 0.632686 0.276238 0.48062 0.0134125
5 0.304607 0.470288 0.0378547 0.0437231 0.0133841
1 0.403096 0.530275 0.32052 0.536075 0.013139
3 0.396768 0.538915 0.230772 0.596322 0.0130798
5 0.31433 0.586637 0.0437834 0.0456606 0.0128291
1 0.503024 0.545395 0.141535 0.569158 0.0128062
1 0.429451 0.536791 0.264107 0.499736 0.0122685
3 0.397019 0.533384 0.262118 0.579903 0.012222
1 0.400446 0.638655 0.288331 0.515494 0.0121324
1 0.739023 0.578887 0.213953 0.689141 0.0121075
1 0.386834 0.357735 0.45126 0.235431 0.0119873
1 0.387345 0.62532 0.292586 0.537011 0.0118856
5 0.228112 0.50325 0.0383646 0.0398943 0.011828
0 0.596864 0.562391 0.047177 0.150868 0.01181
0 0.605009 0.536894 0.118671 0.625443 0.0117249
3 0.394933 0.568773 0.218591 0.61256 0.0116895
1 0.387995 0.628066 0.296746 0.56618 0.0116769
5 0.600606 0.477007 0.028197 0.02962 0.0111815
1 0.475089 0.536863 0.191998 0.506952 0.0111041
5 0.321039 0.584161 0.03566 0.0415151 0.0110617
5 0.359736 0.583748 0.0383922 0.0446679 0.0109961
5 0.439525 0.894236 0.0360549 0.0295671 0.01098
3 0.396505 0.547486 0.244334 0.635526 0.0109067
5 0.2982 0.723494 0.0280645 0.0348987 0.0107676
5 0.321132 0.584903 0.0352189 0.0412732 0.0106966
1 0.716564 0.578148 0.180708 0.695889 0.010623
1 0.463561 0.564471 0.193614 0.637042 0.0104981
0 0.582513 0.540128 0.111349 0.54625 0.0104301
5 0.535773 0.322453 0.0266483 0.0331198 0.0102914
3 0.390668 0.573265 0.236124 0.652355 0.0102721
1 0.394698 0.524677 0.333284 0.47695 0.0101576
1 0.714778 0.551804 0.176922 0.696922 0.0100521
5 0.453164 0.923528 0.035417 0.0335378 0.0100222
