3 0.506626 0.524748 0.343054 0.398748 0.493966
3 0.507044 0.523042 0.344997 0.401084 0.48591
3 0.506041 0.523938 0.343213 0.397351 0.466005
3 0.507619 0.525248 0.348267 0.403052 0.463922
3 0.507847 0.524541 0.344712 0.398302 0.445802
3 0.508249 0.525161 0.344665 0.39895 0.42163
3 0.507914 0.523533 0.345379 0.40088 0.417525
3 0.509064 0.525667 0.346492 0.400148 0.392103
3 0.507748 0.526934 0.346522 0.40106 0.38102
3 0.50838 0.524315 0.348459 0.402663 0.372934
2 0.470095 0.623021 0.060175 0.0402288 0.29371
2 0.470254 0.623106 0.0606538 0.0395982 0.244844
2 0.46995 0.623552 0.0637504 0.041843 0.240012
2 0.469156 0.623095 0.0577838 0.0395829 0.231745
5 0.468774 0.623016 0.058351 0.0386675 0.226652
5 0.469105 0.623272 0.0569601 0.0387354 0.218007
5 0.468276 0.622923 0.0586936 0.0403767 0.19828
2 0.470098 0.623381 0.0634992 0.0408321 0.183704
5 0.47019 0.623696 0.0625343 0.0405298 0.14727
5 0.595454 0.519265 0.0456743 0.0410258 0.143576
5 0.469317 0.623047 0.057632 0.0391192 0.142897
5 0.596714 0.519538 0.0438042 0.0391751 0.140097
5 0.595307 0.519725 0.0438206 0.0395573 0.138423
5 0.596632 0.519975 0.0417715 0.0380046 0.128471
5 0.469489 0.623127 0.0594119 0.0396995 0.118297
5 0.562238 0.379486 0.0342247 0.0427139 0.113073
5 0.596298 0.520298 0.0428911 0.0386341 0.105725
5 0.539492 0.614081 0.0433044 0.0509989 0.102394
2 0.469883 0.623813 0.0666894 0.0451226 0.0991674
5 0.562281 0.379514 0.0329109 0.0399834 0.0953497
5 0.595059 0.519806 0.0428052 0.0400696 0.094843
5 0.5623 0.379135 0.0374758 0.0454321 0.0925565
5 0.540379 0.613577 0.0464247 0.0530477 0.0920757
5 0.597771 0.519832 0.0448177 0.0398634 0.0874364
5 0.562365 0.37954 0.0309374 0.0410429 0.0848449
5 0.561945 0.378918 0.0352917 0.0449166 0.0800974
5 0.597418 0.520289 0.0434712 0.0396271 0.0749719
3 0.470751 0.492673 0.197877 0.22431 0.0745738
2 0.54078 0.61311 0.0457918 0.054823 0.0731239
5 0.541169 0.613191 0.0474671 0.0533889 0.0704169
3 0.470755 0.489305 0.201436 0.244932 0.0678919
5 0.562448 0.379784 0.0298854 0.0389412 0.064906
3 0.472235 0.474676 0.21732 0.27316 0.0632147
5 0.594409 0.51797 0.0531389 0.0469939 0.0625903
2 0.537733 0.614779 0.0438475 0.0532797 0.0621729
5 0.466896 0.623275 0.0644277 0.0451339 0.0581794
5 0.537471 0.61573 0.03865 0.0460514 0.0569082
5 0.539253 0.614805 0.0440419 0.0508403 0.0566889
5 0.596934 0.520179 0.0440921 0.0404809 0.0518493
5 0.594549 0.517162 0.0543285 0.0479911 0.0518135
3 0.470329 0.485531 0.21971 0.300525 0.0517116
5 0.383356 0.521867 0.0320524 0.0423415 0.0482415
5 0.382775 0.520092 0.0355283 0.0436516 0.0467479
5 0.382286 0.520425 0.0304403 0.041124 0.045543
3 0.479267 0.517427 0.186812 0.232696 0.0388038
3 0.499661 0.482601 0.254975 0.226514 0.0368457
2 0.536029 0.616759 0.0401238 0.0505913 0.0367993
5 0.59421 0.518758 0.0550162 0.049462 0.0340832
5 0.573758 0.444943 0.0199925 0.0240525 0.0327525
5 0.384176 0.520551 0.0363677 0.0454473 0.0314103
5 0.5625 0.380372 0.0410991 0.0493598 0.031152
3 0.479906 0.506682 0.197524 0.213322 0.031097
5 0.560655 0.379469 0.0358059 0.0462178 0.0300317
5 0.38316 0.520871 0.032819 0.0437437 0.0296316
5 0.383635 0.521827 0.0309143 0.0420918 0.029468
3 0.480589 0.470253 0.231492 0.264759 0.0290908
5 0.466066 0.622972 0.0628822 0.0455814 0.0289677
5 0.539012 0.616529 0.042611 0.0544833 0.0240585
5 0.597216 0.514661 0.0548782 0.0549436 0.0232956
5 0.559166 0.377665 0.0418771 0.0491945 0.0231974
2 0.561596 0.381289 0.0372164 0.0475387 0.0225587
2 0.541166 0.61319 0.0501926 0.0570259 0.0220187
3 0.476826 0.489299 0.188211 0.230563 0.0215083
2 0.560637 0.380397 0.034998 0.045202 0.0210832
2 0.539827 0.612617 0.0521373 0.0583898 0.0206448
5 0.609745 0.66481 0.0424228 0.0424826 0.0181101
2 0.540945 0.614308 0.0518925 0.057983 0.0151983
5 0.609857 0.664472 0.0429397 0.0418121 0.0151609
5 0.536795 0.619285 0.0367427 0.0461258 0.0146541
5 0.573217 0.446028 0.0223652 0.0259507 0.0144034
2 0.607953 0.665483 0.0418703 0.043735 0.0143452
2 0.608666 0.665535 0.0409325 0.0420912 0.0140765
2 0.541976 0.613498 0.0514372 0.055266 0.0140741
5 0.643862 0.578721 0.0314482 0.0414467 0.0139688
3 0.488491 0.503793 0.17418 0.219209 0.0136834
3 0.472922 0.484889 0.210609 0.266515 0.0136263
2 0.54337 0.610721 0.0523851 0.0597979 0.0135545
2 0.42816 0.554951 0.0226213 0.0288946 0.0135059
5 0.610705 0.663685 0.0476102 0.0441459 0.0133538
5 0.643259 0.5794 0.0319126 0.0431464 0.013146
5 0.59645 0.514323 0.0560415 0.0550334 0.0129456
2 0.471657 0.620618 0.0676622 0.0529205 0.0122919
5 0.575976 0.446459 0.0246058 0.0279463 0.0119908
5 0.599011 0.514381 0.0545644 0.0587399 0.011892
2 0.542864 0.610518 0.0527225 0.0614357 0.0118621
5 0.577242 0.448477 0.0230894 0.0265786 0.0117875
3 0.504351 0.490679 0.253154 0.202699 0.0111354
5 0.56507 0.379676 0.0486721 0.0514904 0.0110247
2 0.435692 0.556482 0.0194142 0.0236088 0.0107784
5 0.469003 0.620257 0.0657614 0.0518804 0.0106206
3 0.615514 0.0312599 0.402631 0.0622917 0.0103594
