0 0.529114 0.451607 0.319579 0.414105 0.840938
0 0.529059 0.451793 0.318502 0.414827 0.832962
0 0.529104 0.451312 0.316901 0.413608 0.820798
0 0.529435 0.451533 0.317351 0.415939 0.815755
0 0.529136 0.45181 0.319237 0.41305 0.811532
0 0.529087 0.451205 0.319277 0.412895 0.786526
0 0.529472 0.451216 0.317537 0.418625 0.778831
0 0.529954 0.450651 0.320286 0.412154 0.770728
0 0.530362 0.450947 0.320459 0.413359 0.760577
0 0.5303 0.45064 0.320119 0.414176 0.740788
0 0.527234 0.353559 0.31865 0.225976 0.0409584
0 0.441814 0.455485 0.145447 0.382388 0.0327376
0 0.420616 0.483836 0.0999691 0.234965 0.0212257
0 0.444779 0.451422 0.152907 0.387225 0.0196685
0 0.430476 0.450004 0.124782 0.367339 0.0193414
0 0.422145 0.491202 0.0992595 0.211616 0.0187727
0 0.529037 0.35382 0.325361 0.225636 0.0175782
0 0.421267 0.486945 0.097813 0.22165 0.0166074
0 0.422704 0.487688 0.0983655 0.213613 0.014468
0 0.429255 0.447494 0.122999 0.372839 0.0114895
0 0.469701 0.460835 0.204407 0.367844 0.0108414
0 0.483398 0.460001 0.237624 0.357533 0.0105
