2 0.421119 0.655859 0.0361091 0.0337217 0.324659
2 0.420891 0.656177 0.0351905 0.0330588 0.311459
2 0.420893 0.655775 0.0354426 0.0335561 0.296397
2 0.421529 0.655875 0.0352955 0.0338758 0.28875
5 0.419353 0.620242 0.0278264 0.033265 0.251253
5 0.419606 0.620036 0.0301039 0.0352903 0.248076
5 0.623355 0.59827 0.0266346 0.0340695 0.247965
5 0.420102 0.620485 0.0292257 0.0344678 0.243222
2 0.384151 0.376708 0.0379927 0.0458586 0.23792
2 0.384358 0.376811 0.0375652 0.0423924 0.227498
5 0.419642 0.620188 0.0284185 0.0335326 0.222306
5 0.622705 0.598499 0.0297452 0.0357092 0.201788
2 0.383561 0.376329 0.0383769 0.0460581 0.193081
5 0.623121 0.598525 0.0283151 0.0359433 0.190165
2 0.608483 0.650141 0.0329017 0.0391541 0.18768
3 0.509376 0.514307 0.392419 0.496428 0.184537
2 0.384017 0.375643 0.0424494 0.0505009 0.179327
2 0.608371 0.65017 0.0344437 0.0399544 0.178699
5 0.623141 0.598931 0.0283628 0.0356086 0.177814
2 0.383698 0.37536 0.0372069 0.0440661 0.177045
3 0.51295 0.512185 0.40071 0.499971 0.17464
5 0.608578 0.650096 0.0336335 0.039956 0.17325
2 0.608456 0.649742 0.032041 0.0379427 0.1628
5 0.623342 0.598705 0.0307718 0.0365034 0.156196
2 0.612259 0.565257 0.0355304 0.032224 0.152944
2 0.3562 0.547729 0.0290269 0.0369073 0.143795
2 0.383912 0.375963 0.0418002 0.05202 0.143411
5 0.444414 0.352641 0.0282165 0.0342434 0.142748
3 0.510706 0.514177 0.394062 0.503252 0.140698
3 0.51325 0.513058 0.396988 0.501293 0.140072
2 0.356165 0.548254 0.0284905 0.0376338 0.137796
3 0.512317 0.510514 0.398273 0.50831 0.136398
5 0.622406 0.600047 0.0303446 0.0385596 0.135673
2 0.608585 0.650706 0.0339991 0.0390246 0.134494
5 0.445044 0.352385 0.0304573 0.038733 0.132516
2 0.40569 0.525976 0.0300143 0.0432456 0.13182
2 0.62411 0.522339 0.0323177 0.0441035 0.12892
2 0.61415 0.564775 0.0368466 0.0322412 0.12685
3 0.512844 0.512232 0.399672 0.503275 0.123451
2 0.624235 0.520806 0.0361615 0.0490192 0.121697
2 0.357175 0.547639 0.0284071 0.038107 0.121043
2 0.405541 0.525485 0.0317786 0.0456255 0.118895
2 0.356681 0.547839 0.0294262 0.0393696 0.117887
2 0.624117 0.520061 0.0390558 0.0511579 0.112304
5 0.612051 0.56566 0.0341832 0.0307451 0.104026
2 0.608148 0.650491 0.033904 0.038319 0.102953
3 0.51387 0.511109 0.397195 0.502604 0.102742
2 0.357203 0.548142 0.0318671 0.0423407 0.101695
2 0.406067 0.52592 0.032538 0.0457097 0.101097
2 0.406424 0.525034 0.0348106 0.0480321 0.100423
5 0.655533 0.48178 0.0279015 0.0368785 0.0989559
2 0.384409 0.374364 0.042709 0.0519287 0.0982367
3 0.512859 0.508755 0.398826 0.497306 0.0952318
5 0.444373 0.353204 0.0274538 0.033419 0.0943813
2 0.406809 0.526365 0.0348863 0.0498675 0.0939714
5 0.444859 0.352761 0.0299909 0.0375412 0.093698
2 0.40603 0.526887 0.0337379 0.0478311 0.0932387
2 0.408083 0.524833 0.040185 0.0504927 0.0932254
5 0.655491 0.481581 0.0315343 0.0402748 0.0911383
2 0.405749 0.524697 0.0364504 0.0489743 0.0899526
0 0.549891 0.322553 0.269872 0.129475 0.0895556
3 0.513893 0.508797 0.399373 0.501634 0.0890124
2 0.547937 0.323719 0.268661 0.131355 0.0888934
2 0.623659 0.520294 0.0355275 0.0501295 0.0882801
5 0.611765 0.565753 0.0357011 0.033017 0.0877444
2 0.423074 0.655003 0.0432324 0.0368859 0.0859953
5 0.610249 0.649934 0.038982 0.0450072 0.0852712
2 0.443145 0.585645 0.0248924 0.0274251 0.0848594
2 0.623995 0.522003 0.0327843 0.0448151 0.0831997
5 0.655427 0.482387 0.0297815 0.0357333 0.0803841
2 0.611382 0.565974 0.0348828 0.0332706 0.0799835
2 0.507708 0.692242 0.0909322 0.0627487 0.0797756
2 0.622953 0.520024 0.0395943 0.0515759 0.078888
0 0.545723 0.324093 0.282234 0.132454 0.0781087
5 0.655873 0.481294 0.0296452 0.0400967 0.0757851
2 0.477626 0.537094 0.0364966 0.036492 0.0745909
5 0.405645 0.433954 0.0256703 0.0409283 0.0744271
2 0.504656 0.688705 0.091906 0.0601626 0.0726572
5 0.624413 0.598652 0.0327345 0.037664 0.0726135
5 0.656347 0.481403 0.0326455 0.0418892 0.0721399
0 0.55095 0.323042 0.267125 0.130052 0.0721013
2 0.35591 0.548211 0.0332448 0.0437403 0.0717708
5 0.401369 0.431088 0.0395327 0.0519435 0.069432
5 0.609923 0.650276 0.0379873 0.043297 0.0668584
2 0.624587 0.519989 0.0377466 0.0524776 0.0654839
5 0.404341 0.431137 0.031391 0.0486959 0.06521
5 0.404716 0.432173 0.0316594 0.0483313 0.0641326
2 0.505747 0.698078 0.085436 0.0507792 0.0640638
2 0.478215 0.537087 0.0377818 0.0356847 0.0636377
5 0.405615 0.433638 0.0285526 0.0457282 0.0620114
2 0.507165 0.689502 0.0928931 0.0726439 0.0611164
2 0.533879 0.671916 0.0280588 0.0344188 0.0611049
5 0.624368 0.598444 0.0328621 0.037439 0.0596733
2 0.385165 0.37492 0.0437982 0.0516636 0.058874
2 0.424208 0.655249 0.0424185 0.038683 0.058646
2 0.507826 0.695076 0.0902299 0.0574511 0.0565085
5 0.398195 0.429966 0.0410096 0.0490387 0.054237
5 0.417709 0.619475 0.0377962 0.0403791 0.0538697
2 0.505405 0.690289 0.0934355 0.0624737 0.0532688
2 0.3682 0.598734 0.0335231 0.0414316 0.0503744
3 0.508915 0.521241 0.391417 0.487792 0.0501136
2 0.386325 0.380111 0.0466884 0.0647746 0.0485625
2 0.625504 0.518745 0.0388298 0.0527474 0.0481708
2 0.585155 0.444751 0.0235448 0.027298 0.0476394
5 0.655679 0.481775 0.0295925 0.0383775 0.0474368
5 0.400027 0.428179 0.0387144 0.0463868 0.0473096
2 0.478068 0.536556 0.0371949 0.0351209 0.0472675
3 0.489156 0.560559 0.17267 0.376354 0.0459339
2 0.624758 0.52158 0.036679 0.0481269 0.0446821
5 0.403353 0.431293 0.0384754 0.0539226 0.0445956
5 0.417899 0.620365 0.0382573 0.0408235 0.0438632
3 0.477705 0.559096 0.193538 0.387399 0.0435902
5 0.403351 0.525644 0.0379977 0.0497224 0.0417182
2 0.405164 0.434496 0.0292829 0.0470643 0.041309
3 0.469233 0.545763 0.202698 0.358393 0.0410821
5 0.419693 0.624626 0.0343528 0.0385101 0.0406349
2 0.527635 0.689211 0.0461358 0.0471903 0.0403504
3 0.480362 0.548799 0.172697 0.341186 0.0390347
0 0.639652 0.558601 0.161471 0.365511 0.0383717
5 0.403736 0.526205 0.0376293 0.0484426 0.0380737
2 0.505257 0.685789 0.0902539 0.0678095 0.0379598
2 0.443522 0.584335 0.0277768 0.0331383 0.0374414
5 0.418722 0.617227 0.0343515 0.0424807 0.0373943
5 0.624175 0.599307 0.0338156 0.0387967 0.0373216
4 0.634705 0.531617 0.157208 0.334773 0.0372849
3 0.513017 0.511049 0.397592 0.504534 0.0372204
2 0.585181 0.444804 0.0249923 0.0286779 0.0367586
2 0.573679 0.504161 0.0275123 0.0435905 0.0362457
2 0.41974 0.655865 0.0424512 0.0376826 0.0355571
2 0.609586 0.650024 0.0397003 0.0437137 0.035424
2 0.479369 0.537329 0.0403266 0.0377715 0.0349433
5 0.443533 0.350783 0.0365892 0.0437663 0.034744
2 0.412037 0.524114 0.043186 0.0528561 0.0340713
2 0.410434 0.524238 0.04295 0.0527318 0.0338538
5 0.616676 0.58158 0.0456072 0.0535098 0.0333804
2 0.406049 0.434305 0.0315111 0.0487954 0.03288
2 0.420203 0.626814 0.0349509 0.0443876 0.0323275
2 0.478265 0.536357 0.0387883 0.0343331 0.0312075
0 0.575326 0.314103 0.188465 0.126755 0.0308853
2 0.533928 0.673869 0.0306996 0.0375276 0.0305764
2 0.507908 0.688201 0.093123 0.0555092 0.0295149
2 0.367873 0.597814 0.0312753 0.0398505 0.0288031
5 0.444169 0.351338 0.0387116 0.0455823 0.0285954
4 0.634432 0.551135 0.163857 0.369643 0.0283983
2 0.542768 0.335722 0.301629 0.155781 0.0281266
2 0.673606 0.543748 0.0280301 0.0351771 0.0280252
2 0.419903 0.656978 0.0424944 0.0390099 0.0279981
3 0.456746 0.544184 0.235411 0.395828 0.0277368
2 0.535317 0.675803 0.031827 0.0453624 0.0275593
2 0.614434 0.565455 0.0385133 0.0323964 0.0271301
2 0.444878 0.586469 0.0273594 0.0309255 0.02674
4 0.634056 0.552829 0.167627 0.374168 0.0262148
4 0.634307 0.483804 0.156031 0.228668 0.0261008
0 0.548053 0.314015 0.27294 0.120518 0.0260165
5 0.359489 0.547043 0.037094 0.0449529 0.0258984
2 0.672597 0.544062 0.0300231 0.0372871 0.0257656
2 0.551616 0.325332 0.265141 0.131325 0.0257456
2 0.403869 0.525075 0.0434259 0.055119 0.0256563
5 0.401483 0.43022 0.038886 0.0528312 0.0246163
2 0.547851 0.330302 0.278388 0.140711 0.0242136
2 0.691189 0.517314 0.0201236 0.026349 0.0237161
2 0.476578 0.536966 0.0405964 0.0430762 0.0230928
5 0.442547 0.350626 0.0355891 0.0442107 0.0230873
2 0.478402 0.537153 0.040964 0.0429264 0.0219553
2 0.366861 0.598991 0.0339918 0.0413205 0.0219027
3 0.631075 0.481864 0.158742 0.230912 0.0215815
2 0.506085 0.691546 0.0915548 0.0701669 0.0213212
5 0.444372 0.358893 0.0356421 0.053188 0.0212434
2 0.574317 0.504004 0.0268802 0.0433689 0.0208768
2 0.421724 0.658458 0.0423686 0.045487 0.0208595
3 0.632744 0.493464 0.154519 0.24645 0.0204485
5 0.446461 0.357596 0.0383869 0.0510844 0.0203098
4 0.633111 0.529104 0.156226 0.333394 0.0203015
3 0.502685 0.561489 0.145317 0.372924 0.0201996
5 0.503284 0.701415 0.0764319 0.0449755 0.0197963
3 0.622816 0.507118 0.157576 0.2631 0.019726
5 0.618235 0.598279 0.0489197 0.0444342 0.0195501
3 0.460592 0.531347 0.21047 0.35747 0.019476
2 0.421133 0.658679 0.0401354 0.0437665 0.0194552
2 0.409385 0.524243 0.0441788 0.0525617 0.019264
5 0.423636 0.622056 0.0411086 0.0414043 0.0192557
2 0.36735 0.597094 0.0341536 0.0408401 0.0190775
2 0.544552 0.326738 0.286664 0.134725 0.0189728
3 0.44962 0.526107 0.248563 0.405166 0.0187628
5 0.442697 0.384163 0.029161 0.0245655 0.0185421
3 0.480251 0.542836 0.156401 0.321834 0.01819
2 0.67412 0.54142 0.028235 0.0294244 0.0174839
2 0.4991 0.700146 0.0724732 0.0467878 0.0173937
2 0.624872 0.517603 0.0397556 0.0559675 0.0171892
0 0.546583 0.321538 0.274715 0.126434 0.0171426
3 0.616647 0.491433 0.181684 0.248344 0.0171118
2 0.519441 0.68114 0.0602867 0.0576878 0.0170554
5 0.421587 0.617281 0.0333913 0.0421414 0.0169038
5 0.42443 0.620885 0.0398134 0.0399925 0.016888
2 0.38303 0.3748 0.0524379 0.0575093 0.0167538
2 0.534617 0.678202 0.0336886 0.0499448 0.0159972
3 0.495349 0.553232 0.144793 0.341295 0.0157186
5 0.352671 0.547648 0.0428323 0.0481437 0.015623
0 0.529221 0.347807 0.357133 0.189848 0.015504
5 0.653487 0.481678 0.0364603 0.0427148 0.0154651
0 0.564301 0.314861 0.206735 0.132819 0.0153896
0 0.644151 0.553924 0.154793 0.358414 0.0153749
3 0.497782 0.564901 0.157857 0.328911 0.0152554
5 0.359493 0.546425 0.0404001 0.0484145 0.0150431
5 0.351365 0.550377 0.0403108 0.0466176 0.014916
5 0.4425 0.35192 0.0356773 0.0445084 0.0148257
4 0.509067 0.686092 0.0875879 0.0715617 0.0143061
3 0.504466 0.52093 0.382491 0.479038 0.0142891
5 0.418577 0.642132 0.0414113 0.0500191 0.0142024
5 0.397668 0.404763 0.0558448 0.107805 0.0140931
3 0.465983 0.551047 0.215731 0.421539 0.0139372
2 0.479252 0.536578 0.0413535 0.037336 0.0136076
5 0.358899 0.547444 0.0373063 0.0434789 0.0132356
0 0.553047 0.324908 0.26284 0.131197 0.0132138
0 0.567096 0.310275 0.206474 0.129647 0.0130032
2 0.573129 0.504989 0.03369 0.0496474 0.0129322
0 0.549079 0.314384 0.265053 0.119615 0.0129236
2 0.386498 0.382247 0.0491626 0.0586446 0.0125792
3 0.623226 0.534579 0.160281 0.342452 0.0125189
2 0.651449 0.569299 0.0260951 0.0302128 0.0125036
2 0.424489 0.6498 0.0443644 0.0479552 0.0123214
5 0.448253 0.352586 0.0456361 0.0502337 0.0122986
2 0.575845 0.504963 0.0319573 0.049005 0.0121566
5 0.609583 0.647597 0.0399268 0.0523852 0.0121554
2 0.654182 0.568248 0.027297 0.0346312 0.0120527
2 0.572461 0.505036 0.0331356 0.0482515 0.0120153
2 0.673242 0.54445 0.031367 0.0382664 0.0119198
5 0.661122 0.480086 0.0411991 0.0479968 0.0116897
2 0.527631 0.342151 0.326161 0.169848 0.0113284
2 0.57568 0.505052 0.0305549 0.0463571 0.0112754
2 0.482242 0.700091 0.0413604 0.0448 0.0111765
2 0.583841 0.445746 0.0291019 0.0336768 0.0111202
2 0.397882 0.41041 0.0589056 0.0983013 0.0108946
3 0.51027 0.517291 0.396597 0.491056 0.0108828
2 0.479939 0.537417 0.0450006 0.0448549 0.0108438
5 0.664867 0.479195 0.036897 0.0446183 0.0108145
0 0.623792 0.560196 0.161695 0.376062 0.0107961
3 0.509017 0.560764 0.13805 0.32202 0.0107119
2 0.383484 0.374063 0.05001 0.0649769 0.0103256
5 0.448409 0.356018 0.0454808 0.0483039 0.010207
