4 0.484575 0.486778 0.420822 0.543065 0.623979
4 0.484761 0.487494 0.423661 0.543358 0.58772
2 0.525532 0.390973 0.344547 0.307796 0.572799
4 0.486298 0.486545 0.425207 0.540854 0.566531
4 0.485832 0.487268 0.425268 0.544349 0.526516
2 0.502183 0.373281 0.392655 0.276322 0.514985
4 0.485183 0.487049 0.425498 0.54462 0.503783
2 0.522126 0.372881 0.332334 0.283139 0.479569
2 0.532323 0.378867 0.307609 0.280075 0.47152
2 0.664732 0.567632 0.0804127 0.173229 0.438839
4 0.484472 0.48763 0.424954 0.541905 0.398969
4 0.487023 0.487063 0.428329 0.548105 0.369909
4 0.484196 0.486738 0.425058 0.539023 0.364301
4 0.486135 0.485489 0.427651 0.544136 0.345062
2 0.664126 0.569062 0.082025 0.173836 0.342957
2 0.502004 0.42032 0.398902 0.38184 0.336666
2 0.482094 0.383454 0.435963 0.307182 0.308255
2 0.53128 0.391399 0.3188 0.303868 0.306885
2 0.661405 0.57233 0.0821555 0.158006 0.302668
2 0.661798 0.571719 0.0816463 0.156786 0.291089
2 0.658935 0.577584 0.0839093 0.145567 0.275339
2 0.65905 0.577914 0.082387 0.145084 0.260317
2 0.51093 0.368087 0.347184 0.282263 0.252231
4 0.485295 0.486921 0.425108 0.537379 0.237278
2 0.492515 0.368321 0.405389 0.2795 0.235345
2 0.667475 0.562161 0.078428 0.181653 0.230507
2 0.543626 0.371402 0.275538 0.242186 0.219355
2 0.66055 0.57121 0.088558 0.157416 0.17287
2 0.663434 0.566559 0.0857544 0.172117 0.172543
2 0.656232 0.562842 0.0919161 0.186199 0.156886
2 0.481929 0.370739 0.424931 0.283887 0.150399
2 0.51843 0.372742 0.299795 0.276609 0.143671
2 0.519712 0.420696 0.352121 0.370319 0.128543
2 0.513007 0.369576 0.298558 0.27859 0.107352
2 0.431822 0.404016 0.278299 0.229927 0.105406
2 0.457098 0.391889 0.33196 0.252447 0.0919878
2 0.515973 0.37259 0.262837 0.261862 0.0906078
2 0.666813 0.561943 0.0771707 0.181741 0.0761946
2 0.47695 0.372062 0.386897 0.282456 0.0739248
2 0.656458 0.578017 0.0950559 0.145727 0.0713491
2 0.438584 0.405267 0.293492 0.243632 0.0702614
2 0.453783 0.395115 0.331372 0.253041 0.0670793
2 0.481152 0.367882 0.381036 0.283139 0.0657384
2 0.491517 0.442532 0.420954 0.422022 0.0608346
2 0.656929 0.560389 0.0948586 0.190619 0.060058
2 0.477054 0.393678 0.444406 0.311746 0.0582471
2 0.496561 0.367329 0.322249 0.286492 0.0510596
2 0.456638 0.311337 0.150904 0.187622 0.0481724
2 0.656039 0.562974 0.0988448 0.186954 0.0474632
2 0.654438 0.561574 0.102418 0.191559 0.0446754
2 0.665078 0.563731 0.082223 0.184793 0.0413472
2 0.45522 0.306468 0.147462 0.184386 0.0411996
2 0.462091 0.38672 0.330957 0.251578 0.0343758
4 0.472765 0.382553 0.386355 0.266748 0.0341262
2 0.668791 0.564671 0.0753959 0.193741 0.0332641
2 0.480528 0.380247 0.427434 0.273123 0.0321186
2 0.461991 0.315586 0.137579 0.194111 0.0318774
2 0.653647 0.562672 0.101806 0.18625 0.0316564
2 0.411131 0.402355 0.222443 0.224624 0.0291436
2 0.393868 0.402346 0.210318 0.226571 0.0273709
2 0.544181 0.362202 0.226177 0.220566 0.0231157
2 0.651257 0.554893 0.108615 0.204617 0.0218196
2 0.502054 0.672517 0.134602 0.186965 0.021042
2 0.500155 0.673272 0.136226 0.188235 0.0202691
2 0.495192 0.365871 0.29859 0.277476 0.0200933
2 0.656756 0.583487 0.0867314 0.136495 0.019125
2 0.667949 0.560862 0.0735406 0.181015 0.0182067
2 0.544853 0.368096 0.287494 0.233738 0.0180324
2 0.65733 0.584225 0.0832321 0.133496 0.0169142
4 0.486538 0.502811 0.420656 0.506868 0.0165812
4 0.490177 0.682059 0.364487 0.15592 0.016137
4 0.481892 0.687211 0.345649 0.145551 0.0151512
2 0.410848 0.41154 0.247601 0.253032 0.0150864
2 0.558637 0.352013 0.249961 0.195515 0.014325
2 0.514457 0.440271 0.366997 0.413135 0.0140249
2 0.495396 0.657964 0.146491 0.214944 0.0132444
2 0.501749 0.684341 0.135988 0.148782 0.0128305
2 0.645375 0.436551 0.114201 0.0539362 0.0127432
2 0.509775 0.666094 0.362678 0.184131 0.0121298
2 0.656498 0.577326 0.0909149 0.149453 0.0119126
2 0.452994 0.304416 0.158864 0.179005 0.011413
2 0.397808 0.360917 0.053646 0.139537 0.0112624
2 0.396651 0.380432 0.0544477 0.178738 0.0111907
2 0.657588 0.43539 0.0879402 0.0510126 0.0108074
3 0.903851 0.0416299 0.192298 0.0832598 0.0106408
2 0.396344 0.380128 0.0546809 0.178829 0.0103856
2 0.659785 0.434052 0.0804293 0.0504377 0.0103116
2 0.45334 0.303502 0.162879 0.171695 0.0100968
