2 0.634878 0.360695 0.0633253 0.0851718 0.760924
2 0.474283 0.592967 0.0488633 0.0606923 0.744365
2 0.614405 0.463862 0.0387087 0.0608358 0.744318
2 0.385389 0.294754 0.0577039 0.0837251 0.743211
2 0.403544 0.593217 0.0315167 0.0504683 0.742116
2 0.317246 0.244063 0.0425082 0.0552934 0.739783
2 0.502525 0.452832 0.0520347 0.0770595 0.7242
2 0.472066 0.271636 0.0343362 0.0508581 0.72116
2 0.582448 0.433236 0.0318449 0.0496021 0.718679
2 0.328164 0.342727 0.0385432 0.0591755 0.714503
2 0.373175 0.392011 0.0575339 0.0611643 0.708295
2 0.560585 0.282174 0.036847 0.0555921 0.705856
2 0.489183 0.180125 0.075692 0.0923389 0.704174
2 0.296463 0.458303 0.0442019 0.0647927 0.703533
2 0.220548 0.214807 0.0380741 0.0583502 0.698245
2 0.538515 0.433285 0.0309173 0.0495342 0.693158
2 0.462972 0.481655 0.0322211 0.0489723 0.688117
2 0.721999 0.23495 0.0376322 0.0564729 0.679215
2 0.494887 0.679435 0.0391503 0.0541494 0.678662
2 0.597814 0.264646 0.0291218 0.0576599 0.661365
2 0.407388 0.519613 0.05762 0.0718757 0.659066
2 0.586623 0.387253 0.0394918 0.0523001 0.657752
2 0.48752 0.517343 0.0334171 0.04776 0.646144
2 0.417545 0.205725 0.0608707 0.0716128 0.643391
2 0.854194 0.296631 0.0387745 0.0572457 0.63691
2 0.378645 0.659863 0.0366255 0.0497889 0.629997
2 0.824207 0.383395 0.0358816 0.052745 0.623002
2 0.433654 0.412327 0.0364888 0.048082 0.622992
2 0.717884 0.649712 0.029288 0.0457631 0.612889
2 0.478116 0.322568 0.0309191 0.0502208 0.611512
2 0.6817 0.672899 0.0328817 0.0473146 0.607485
2 0.435384 0.567153 0.0321109 0.051677 0.603938
2 0.629648 0.26009 0.0323486 0.0474362 0.60313
2 0.493863 0.742611 0.037333 0.0523139 0.601575
2 0.382238 0.461481 0.048711 0.0635136 0.582402
2 0.840773 0.512273 0.0325446 0.0489196 0.579533
2 0.577122 0.678014 0.0312375 0.0486485 0.577178
2 0.415696 0.752785 0.0346427 0.0506792 0.568849
2 0.422966 0.451293 0.0328069 0.0499672 0.562417
2 0.36705 0.700427 0.0342965 0.0443403 0.560351
2 0.503391 0.30782 0.034319 0.0541218 0.549088
2 0.807872 0.555624 0.0343311 0.0545574 0.544111
2 0.496657 0.550307 0.0321403 0.0445211 0.535576
2 0.629009 0.908377 0.0327192 0.0451601 0.530616
2 0.871121 0.475907 0.0279155 0.0402487 0.522409
2 0.634681 0.15032 0.0372112 0.0495887 0.516624
2 0.688729 0.10004 0.0380514 0.0578631 0.509659
2 0.607286 0.69905 0.0346531 0.0512334 0.499573
2 0.656399 0.840092 0.0266345 0.0407305 0.487126
2 0.765099 0.653013 0.0459918 0.0657043 0.472907
2 0.337594 0.589725 0.0794829 0.0880044 0.452911
2 0.490828 0.315547 0.0588651 0.064459 0.448006
2 0.47765 0.828474 0.041718 0.0514847 0.447968
2 0.770085 0.137719 0.0404933 0.0539406 0.447807
2 0.880803 0.433002 0.0288438 0.0426277 0.446749
2 0.327528 0.602231 0.0526876 0.0598131 0.445879
2 0.431589 0.167448 0.0309108 0.0414082 0.44114
2 0.641928 0.199201 0.0417083 0.0571002 0.426072
2 0.817606 0.693322 0.0349671 0.0547137 0.423758
2 0.818783 0.608001 0.0282752 0.0480261 0.419919
2 0.871324 0.528624 0.0256433 0.0403695 0.419823
2 0.417572 0.509601 0.0424771 0.0611203 0.411641
2 0.861596 0.581458 0.0382754 0.073991 0.40874
2 0.65737 0.174974 0.0364111 0.0523818 0.399757
2 0.792163 0.610844 0.0251135 0.0407998 0.369109
2 0.369475 0.571571 0.0353766 0.0666215 0.353951
2 0.499887 0.420462 0.0396014 0.05128 0.336923
2 0.659353 0.322173 0.0329558 0.042989 0.328398
2 0.617908 0.800685 0.0297014 0.0478397 0.320613
2 0.302032 0.71855 0.0433002 0.0577435 0.31523
2 0.522748 0.210924 0.0307941 0.0448042 0.307161
2 0.35522 0.585146 0.0570525 0.0853296 0.29716
2 0.739912 0.698668 0.0274516 0.04295 0.288577
2 0.780278 0.748163 0.0486977 0.055323 0.27106
2 0.475032 0.29298 0.0341042 0.0651202 0.26326
2 0.645726 0.781438 0.0286944 0.0421464 0.255593
2 0.394161 0.454062 0.0421133 0.0662671 0.245661
2 0.644121 0.342811 0.0651165 0.084652 0.236045
2 0.491576 0.535673 0.0367452 0.0718343 0.227647
2 0.604 0.780576 0.0319778 0.052029 0.220041
2 0.425912 0.428012 0.0437214 0.0667879 0.218322
2 0.67277 0.920693 0.0348678 0.050244 0.207975
2 0.81252 0.573147 0.0390711 0.0826015 0.203301
2 0.588612 0.447707 0.0365322 0.062902 0.202797
2 0.697848 0.76773 0.0654735 0.123089 0.183852
2 0.638325 0.169863 0.0424475 0.087387 0.181218
2 0.875951 0.465938 0.0304871 0.0465179 0.165106
2 0.612187 0.704562 0.0531776 0.0707497 0.155831
2 0.774364 0.644621 0.0411301 0.0689854 0.152447
