0 0.491272 0.513389 0.780311 0.973066 0.343801
5 0.594459 0.333669 0.0468965 0.0531895 0.229583
0 0.49155 0.0764198 0.465338 0.12196 0.0366924
0 0.416216 0.893772 0.592014 0.205403 0.0342421
5 0.595823 0.334513 0.0675553 0.0764865 0.0286219
5 0.55134 0.886487 0.0364711 0.0440933 0.0256062
0 0.1642 0.445845 0.155741 0.72222 0.0225853
0 0.858317 0.504267 0.114315 0.707979 0.0218459
2 0.725055 0.466427 0.0291891 0.0384617 0.0206892
5 0.524829 0.444292 0.0326806 0.0330697 0.0198139
5 0.482484 0.614479 0.0472505 0.0472737 0.0131566
0 0.822937 0.468168 0.150196 0.732589 0.0117813
5 0.724372 0.466455 0.0299245 0.0384899 0.0116613
2 0.150773 0.554104 0.0398693 0.0612859 0.0104519
