2 0.59509 0.38695 0.0445205 0.0618302 0.26724
2 0.679744 0.551148 0.128703 0.165981 0.0829969
3 0.489086 0.471337 0.265991 0.329141 0.082698
0 0.521281 0.486269 0.43175 0.49041 0.0595059
3 0.522404 0.486252 0.442657 0.495286 0.05447
2 0.477142 0.675254 0.191801 0.106342 0.0283867
2 0.633539 0.425284 0.023356 0.028921 0.0211986
3 0.529175 0.502233 0.203177 0.248965 0.0186204
2 0.611199 0.479733 0.0216724 0.0260163 0.0143335
2 0.641951 0.565562 0.119605 0.183185 0.013843
5 0.776461 0.955725 0.072103 0.081137 0.012124
