2 0.411264 0.554979 0.0321704 0.0440737 0.564854
2 0.656559 0.423502 0.0391384 0.0385268 0.494869
2 0.345916 0.564414 0.0303721 0.0375124 0.445389
2 0.581738 0.657049 0.0359136 0.0355365 0.41573
2 0.400518 0.384084 0.0360914 0.0352021 0.415362
2 0.702131 0.251675 0.033858 0.0393068 0.340535
2 0.632423 0.52651 0.027988 0.0332074 0.337299
2 0.569422 0.579862 0.0278754 0.0388883 0.314842
2 0.638377 0.320812 0.0337858 0.0623184 0.299169
2 0.241896 0.632096 0.0276462 0.0339176 0.279878
2 0.530902 0.348858 0.132758 0.137152 0.267753
2 0.662418 0.467219 0.0359403 0.0421742 0.267351
2 0.720001 0.419496 0.0281467 0.0314862 0.219556
2 0.429023 0.672061 0.031381 0.0397845 0.107122
2 0.166133 0.48408 0.0252364 0.0299891 0.100106
3 0.491676 0.464559 0.825175 0.929118 0.0993458
2 0.540838 0.186702 0.178138 0.105964 0.0881025
5 0.241305 0.633716 0.034557 0.0411726 0.0699494
5 0.528745 0.34274 0.148506 0.155879 0.0683387
2 0.514226 0.771831 0.0335869 0.049009 0.0556901
2 0.762697 0.320533 0.0467731 0.060739 0.0490756
2 0.725226 0.307923 0.0300881 0.0342269 0.0405414
0 0.487424 0.45226 0.836158 0.904519 0.0377996
3 0.388099 0.69016 0.421227 0.364924 0.0246138
2 0.310927 0.756968 0.0294931 0.0387047 0.0238504
2 0.658394 0.44515 0.0517681 0.0858633 0.0220751
2 0.164284 0.494899 0.0310872 0.0509518 0.0215426
2 0.547029 0.510909 0.0188611 0.0224399 0.0211505
2 0.642538 0.372195 0.0560014 0.047335 0.0210125
5 0.164534 0.485851 0.032294 0.0372504 0.0209919
3 0.507796 0.252489 0.357261 0.337877 0.0177427
3 0.418324 0.518174 0.406633 0.490927 0.0157228
2 0.522118 0.2224 0.256684 0.208719 0.0155839
4 0.486753 0.467317 0.845428 0.932942 0.0155474
2 0.476745 0.710208 0.135612 0.11691 0.0133715
2 0.737027 0.610976 0.0729808 0.100531 0.0128234
2 0.628869 0.329878 0.048754 0.0592116 0.0125365
2 0.740573 0.336164 0.0905603 0.0966441 0.0116232
2 0.411014 0.560652 0.048016 0.0649563 0.0110666
2 0.467552 0.683336 0.11191 0.0699105 0.0110541
2 0.603457 0.459117 0.0299249 0.0362525 0.0101471
