0 0.402827 0.60328 0.41801 0.698308 0.803959
5 0.337983 0.415603 0.160632 0.215248 0.0487825
5 0.350666 0.65264 0.0215061 0.0267406 0.03969
0 0.469193 0.707634 0.158906 0.234177 0.0380602
5 0.464037 0.712941 0.163566 0.25928 0.0342269
2 0.443437 0.324493 0.0372967 0.0509343 0.0329654
5 0.363137 0.455123 0.0758463 0.106457 0.0317227
5 0.348616 0.651662 0.0336394 0.0400873 0.0278212
5 0.285776 0.539522 0.0422371 0.0329323 0.0189573
0 0.368775 0.443524 0.0927734 0.151676 0.0186937
5 0.512839 0.763847 0.0200808 0.0253525 0.0176553
5 0.498952 0.71419 0.0302679 0.0334233 0.0151104
5 0.311117 0.395319 0.234075 0.298442 0.0147701
0 0.309261 0.415746 0.245755 0.36046 0.0139898
1 0.384988 0.765062 0.280715 0.288721 0.0134756
0 0.48961 0.736739 0.207113 0.361445 0.0129705
2 0.318125 0.418529 0.202545 0.212655 0.0102438
