0 0.521218 0.522647 0.393083 0.488716 0.506794
5 0.408364 0.590667 0.0275026 0.0324488 0.266377
5 0.552963 0.720117 0.038576 0.0446163 0.195168
5 0.6139 0.39499 0.0380675 0.0440164 0.0690454
0 0.424731 0.519527 0.207871 0.444371 0.0356719
5 0.0196312 0.072844 0.0388616 0.0623169 0.0309935
5 0.529969 0.703578 0.0635237 0.0531152 0.0270733
0 0.63373 0.541417 0.193414 0.416217 0.0267088
5 0.40414 0.58829 0.0422629 0.0457268 0.0222945
5 0.551278 0.715178 0.057229 0.0616808 0.0195067
5 0.464875 0.369965 0.034761 0.0455025 0.0154709
1 0.499029 0.552899 0.168695 0.259389 0.0144405
