1 0.466795 0.42576 0.820112 0.818381 0.536141
1 0.460492 0.426796 0.839778 0.828884 0.470333
1 0.486675 0.426081 0.808677 0.805723 0.376694
5 0.555548 0.43933 0.0833585 0.0720595 0.360662
5 0.554979 0.43864 0.0896195 0.0800448 0.360442
5 0.55569 0.438841 0.0909145 0.0778947 0.34689
1 0.489024 0.424409 0.82195 0.81002 0.344437
5 0.556067 0.439084 0.0798677 0.0687229 0.331334
5 0.55558 0.437046 0.0846414 0.079405 0.32561
5 0.555624 0.438528 0.0806632 0.0714523 0.325073
1 0.433688 0.419859 0.867376 0.800355 0.263462
1 0.433603 0.424783 0.867205 0.828189 0.250893
5 0.556208 0.440542 0.0769023 0.0682225 0.247172
5 0.556531 0.439412 0.0748602 0.0661615 0.223534
5 0.444 0.39153 0.0430117 0.0480373 0.190482
5 0.554894 0.439846 0.0710885 0.0653498 0.179429
5 0.444193 0.391792 0.0400673 0.0464924 0.17132
5 0.444322 0.392075 0.0480194 0.0527868 0.16468
1 0.455006 0.441484 0.867105 0.857294 0.162098
5 0.555169 0.437183 0.0911252 0.0896488 0.14216
5 0.553284 0.438432 0.0787664 0.0723443 0.141286
5 0.556786 0.43541 0.0864922 0.0880256 0.140972
5 0.444716 0.391678 0.0394899 0.0452275 0.130985
5 0.444163 0.392581 0.0310854 0.0397919 0.128349
5 0.551753 0.439439 0.0654265 0.0632908 0.128069
5 0.443048 0.392366 0.044843 0.0515707 0.127216
5 0.444487 0.392144 0.0457539 0.0503999 0.121273
5 0.444065 0.391995 0.0335713 0.0419184 0.0937195
1 0.482732 0.396379 0.787448 0.777604 0.0917804
5 0.443961 0.392351 0.0307067 0.0392747 0.0915166
5 0.557667 0.442176 0.0760275 0.0684363 0.0901491
5 0.556235 0.44298 0.0775767 0.0707566 0.0885826
5 0.557698 0.4345 0.0820921 0.0747729 0.087164
5 0.443267 0.392176 0.0344256 0.0427515 0.0871517
5 0.557522 0.436785 0.0752565 0.0648356 0.0746435
5 0.441887 0.392512 0.0463414 0.0531997 0.0743483
5 0.445345 0.391157 0.0553579 0.058633 0.0741067
5 0.442138 0.391861 0.0405651 0.0488718 0.0648726
5 0.44417 0.392363 0.0309153 0.0385015 0.0615905
5 0.55048 0.440111 0.0602132 0.0609816 0.0591673
5 0.554285 0.438181 0.0932038 0.0901433 0.0575867
5 0.443637 0.392752 0.0304694 0.0393907 0.0538615
1 0.492435 0.446125 0.842648 0.844688 0.044996
5 0.445541 0.39171 0.0573209 0.0606998 0.0430214
5 0.559684 0.439212 0.0671172 0.0594986 0.0372088
5 0.450916 0.275286 0.0460089 0.0549933 0.0363059
5 0.241578 0.294067 0.0511913 0.0492977 0.0359078
5 0.444837 0.394716 0.054671 0.0604519 0.0350954
5 0.242277 0.292772 0.0620886 0.0628546 0.0330902
5 0.554227 0.442319 0.0725367 0.0683157 0.0314086
5 0.4507 0.27394 0.0438557 0.0539129 0.0309949
5 0.450388 0.274373 0.0445821 0.0552015 0.0303367
5 0.241648 0.294647 0.0542708 0.053226 0.0301526
5 0.446404 0.394084 0.060066 0.0634951 0.029993
5 0.443341 0.389198 0.0419515 0.0495275 0.0273589
5 0.241649 0.293485 0.0510462 0.048688 0.0267413
5 0.242036 0.292774 0.0571921 0.055186 0.0265797
5 0.559144 0.432139 0.0852141 0.0855976 0.0240631
5 0.450129 0.275455 0.0408288 0.0502009 0.0238696
5 0.44976 0.275408 0.0447707 0.0541051 0.0229924
5 0.241836 0.293639 0.0451214 0.045223 0.0221556
5 0.441638 0.390968 0.0413123 0.0504741 0.021666
5 0.560623 0.441774 0.0698022 0.063807 0.0216143
5 0.449178 0.273697 0.0346184 0.0455725 0.0198692
5 0.243205 0.291579 0.0661305 0.0675081 0.0184759
5 0.544602 0.439829 0.0496158 0.0574177 0.0182079
5 0.557506 0.473853 0.0804467 0.111379 0.0173607
5 0.446781 0.395708 0.0605304 0.0657332 0.0166518
5 0.449939 0.273192 0.0511007 0.0588916 0.0164872
5 0.447261 0.274182 0.0472398 0.0559796 0.0159622
5 0.546546 0.439244 0.0587859 0.0630833 0.0157887
5 0.563303 0.435617 0.0680877 0.0674946 0.0157359
5 0.241935 0.294757 0.0441401 0.0437388 0.0154908
5 0.449445 0.274763 0.0345327 0.0465498 0.0153443
1 0.435791 0.441187 0.871581 0.856835 0.0153307
5 0.241491 0.29536 0.0469422 0.0474223 0.0147649
5 0.447483 0.27419 0.0392823 0.0500285 0.0146815
5 0.449235 0.274537 0.0376175 0.0488707 0.0142548
5 0.451359 0.277441 0.0495407 0.057427 0.0141146
5 0.44875 0.273275 0.0300598 0.0414921 0.0140103
5 0.241093 0.293202 0.0502075 0.048822 0.0139749
5 0.556775 0.475025 0.0827981 0.117143 0.0137365
5 0.558019 0.471677 0.0862264 0.123168 0.0134933
5 0.240929 0.295684 0.0499044 0.0484997 0.0134085
5 0.44979 0.274636 0.0370969 0.0479394 0.0133348
5 0.242935 0.295102 0.0625905 0.0638286 0.0133015
5 0.239204 0.298219 0.0579595 0.0578675 0.0128195
5 0.452626 0.277388 0.0538123 0.0616897 0.0117844
5 0.556668 0.432093 0.084255 0.0884043 0.0115777
5 0.448611 0.274815 0.0320349 0.044786 0.0113224
5 0.241569 0.295126 0.0420531 0.0411004 0.0112673
5 0.572608 0.439878 0.0430992 0.0531547 0.0109635
5 0.555408 0.432865 0.0897618 0.0911679 0.0108453
5 0.551345 0.437368 0.0854007 0.0850587 0.0107176
5 0.241307 0.295387 0.0442784 0.0430806 0.010401
5 0.452247 0.274913 0.0589039 0.0673065 0.0103517
5 0.442305 0.389922 0.0397503 0.0467383 0.0102418
