5 0.429624 0.452956 0.0402448 0.0565778 0.553637
5 0.557099 0.657061 0.0386098 0.0469528 0.489903
5 0.558179 0.657178 0.0406719 0.04932 0.488864
5 0.558513 0.657523 0.0432697 0.0521485 0.464847
2 0.525792 0.334145 0.0382873 0.0455993 0.462183
2 0.525333 0.333844 0.0384763 0.0454691 0.445832
5 0.557774 0.657157 0.0413861 0.0496939 0.442806
2 0.525627 0.334224 0.0358035 0.0457543 0.441364
2 0.524602 0.333676 0.0371019 0.0470925 0.417235
2 0.583761 0.36764 0.0292047 0.0352838 0.411023
5 0.557371 0.657114 0.0392049 0.048086 0.401355
5 0.521413 0.691786 0.0378544 0.0450154 0.393914
2 0.52508 0.33377 0.0378781 0.0465162 0.390893
5 0.55787 0.656902 0.0416161 0.0498115 0.389016
5 0.429571 0.4543 0.0388957 0.054098 0.353351
2 0.524687 0.333166 0.0396303 0.0463215 0.35025
2 0.524657 0.334079 0.0337922 0.0438911 0.345077
5 0.557407 0.657249 0.0386581 0.0477056 0.343633
0 0.474772 0.519442 0.351486 0.473727 0.337914
5 0.521767 0.691974 0.0356701 0.0427829 0.337233
5 0.521863 0.691255 0.0359905 0.0436415 0.327069
0 0.476253 0.518274 0.350477 0.474169 0.324071
2 0.524933 0.33351 0.0401144 0.0460973 0.321333
5 0.429372 0.453877 0.0393897 0.0557364 0.313994
2 0.584593 0.367081 0.029487 0.0359108 0.313136
5 0.429414 0.453434 0.040597 0.0558437 0.310458
0 0.476112 0.518607 0.349217 0.476332 0.301509
2 0.471463 0.301909 0.0309729 0.0317782 0.297778
2 0.525915 0.33376 0.0316094 0.0431492 0.28895
5 0.430191 0.452965 0.0413704 0.0587348 0.285549
0 0.472918 0.520403 0.354969 0.47343 0.285504
0 0.474645 0.51897 0.352788 0.478341 0.283243
2 0.526644 0.33329 0.0371028 0.045943 0.276364
5 0.32907 0.55214 0.0245242 0.0343271 0.273133
5 0.522351 0.691436 0.038341 0.0454858 0.27267
0 0.476047 0.519289 0.352465 0.473353 0.269605
5 0.330166 0.551613 0.0272508 0.0366269 0.262222
5 0.521374 0.691675 0.0356752 0.0438357 0.261398
2 0.471663 0.301923 0.0333784 0.0332162 0.259475
5 0.522414 0.69128 0.0390973 0.0463809 0.257455
2 0.50485 0.307981 0.0220494 0.0251752 0.255902
5 0.521639 0.691485 0.0359172 0.0434167 0.251557
5 0.522143 0.691934 0.0402083 0.0470204 0.251009
2 0.503828 0.31112 0.0227579 0.0277714 0.248427
5 0.329868 0.551423 0.0267539 0.0359065 0.24475
2 0.504648 0.310069 0.0248775 0.0289629 0.243931
2 0.564649 0.336182 0.0269306 0.0324132 0.243257
5 0.328106 0.551255 0.0271327 0.0376788 0.242576
5 0.42935 0.454697 0.0394452 0.0546102 0.237091
2 0.61949 0.433241 0.0168113 0.0228194 0.234843
5 0.364853 0.366717 0.0481244 0.0413513 0.234184
5 0.330112 0.551314 0.0268369 0.0357605 0.234134
2 0.583592 0.368211 0.0282029 0.0350766 0.231582
2 0.563509 0.336942 0.0233563 0.0300221 0.230917
2 0.610229 0.602669 0.0168505 0.0234666 0.228712
2 0.56377 0.336341 0.0251033 0.0302705 0.226291
2 0.619889 0.43281 0.0168236 0.022111 0.224937
5 0.429759 0.45356 0.0402457 0.0568749 0.224491
5 0.329683 0.551725 0.0238191 0.0329313 0.221063
2 0.561694 0.337567 0.022046 0.0285234 0.217995
5 0.329497 0.551938 0.0234819 0.0331606 0.20915
2 0.610629 0.602605 0.0160437 0.0221355 0.208682
0 0.473492 0.516119 0.348919 0.474771 0.208319
5 0.429471 0.454953 0.038224 0.0531783 0.207583
2 0.471166 0.302177 0.0306093 0.0318954 0.205275
2 0.582815 0.368127 0.0277527 0.0359344 0.205092
2 0.504803 0.309395 0.022074 0.0254876 0.20498
2 0.471277 0.302232 0.0302473 0.0333529 0.204155
5 0.32884 0.552272 0.0225899 0.0336755 0.203428
2 0.584176 0.367098 0.0257775 0.0334841 0.203272
2 0.583415 0.367839 0.0270729 0.0345262 0.197033
5 0.520705 0.691377 0.0385963 0.044758 0.195771
2 0.47081 0.302552 0.0289134 0.0318205 0.185557
2 0.585773 0.366059 0.0282332 0.035179 0.18412
2 0.470813 0.301999 0.0282564 0.0323177 0.18377
5 0.557665 0.657986 0.0426688 0.0523617 0.180571
2 0.583697 0.366877 0.0312709 0.0378581 0.177887
2 0.561932 0.338055 0.0197021 0.0281304 0.174844
2 0.583024 0.368127 0.0267182 0.0349434 0.170593
5 0.521345 0.691874 0.0334967 0.0409751 0.169781
5 0.36504 0.367742 0.04645 0.0398575 0.169538
2 0.470968 0.302405 0.0279693 0.0308116 0.168624
2 0.564411 0.336161 0.024922 0.033629 0.168404
2 0.562958 0.337355 0.0215799 0.028545 0.166601
5 0.327902 0.552126 0.0293887 0.0403434 0.166228
2 0.503971 0.309304 0.0224158 0.0258274 0.165952
2 0.583397 0.368576 0.0275772 0.0348322 0.160145
5 0.523126 0.691588 0.0433513 0.0495039 0.158664
5 0.485362 0.608174 0.030376 0.0373927 0.156669
2 0.504136 0.310396 0.0216699 0.0260266 0.156229
2 0.599754 0.497217 0.0130332 0.0195969 0.155657
2 0.592885 0.640663 0.0227883 0.0350748 0.153571
5 0.556655 0.656462 0.035613 0.0435974 0.153398
2 0.562581 0.337216 0.0231659 0.0305283 0.150188
2 0.525938 0.333724 0.0435159 0.0490946 0.149442
2 0.602558 0.439514 0.0124009 0.0178763 0.147319
2 0.471036 0.302307 0.0324839 0.0332895 0.146646
5 0.328569 0.551805 0.0233956 0.03467 0.145626
2 0.620555 0.432449 0.0159244 0.0219779 0.145211
2 0.598337 0.545848 0.0131685 0.0181715 0.144547
5 0.364053 0.365992 0.0529821 0.0458038 0.144342
2 0.56118 0.338412 0.020918 0.0286517 0.142932
2 0.503038 0.312426 0.0234993 0.0278201 0.142363
2 0.587978 0.519357 0.0145094 0.0184611 0.139633
2 0.505177 0.306634 0.0232415 0.0256248 0.139607
5 0.364897 0.366942 0.0472014 0.0399582 0.13803
2 0.596416 0.636656 0.0248364 0.0416288 0.137566
5 0.327894 0.552344 0.0282864 0.0397142 0.136998
2 0.471507 0.302021 0.0308197 0.0324849 0.136544
5 0.557235 0.657237 0.0498347 0.0572064 0.136292
5 0.364683 0.367176 0.045976 0.0393517 0.136238
5 0.328669 0.552118 0.0231736 0.0337448 0.135272
2 0.619227 0.433961 0.0164331 0.0236632 0.134732
2 0.599744 0.497249 0.0153642 0.0197287 0.13349
2 0.505629 0.305745 0.0235656 0.0250177 0.131247
2 0.599434 0.496754 0.0149291 0.0209861 0.130398
2 0.602713 0.438942 0.0140734 0.0179006 0.129665
2 0.593823 0.638462 0.0255838 0.041391 0.129499
0 0.472962 0.514534 0.349032 0.472454 0.12706
5 0.428823 0.454503 0.0431938 0.0597125 0.125713
2 0.601916 0.569162 0.0122299 0.0149612 0.124292
5 0.364273 0.366262 0.0492953 0.0411619 0.12305
2 0.599058 0.546136 0.0137648 0.0178516 0.12196
2 0.601377 0.627324 0.0158489 0.0214569 0.120715
2 0.610876 0.601779 0.0163605 0.0247351 0.118484
2 0.502502 0.31158 0.0219297 0.0273422 0.118243
2 0.599507 0.631454 0.0183826 0.0320208 0.112805
2 0.52337 0.333221 0.0305009 0.0444128 0.110809
5 0.556963 0.655914 0.0380564 0.0442954 0.108642
2 0.610536 0.399089 0.0177978 0.0264702 0.108516
2 0.562773 0.336232 0.0255441 0.0306385 0.108009
5 0.55948 0.659936 0.0459897 0.0584141 0.107156
5 0.560522 0.659751 0.0499683 0.060631 0.105838
2 0.610626 0.599519 0.0174137 0.0293288 0.105688
2 0.524622 0.333807 0.0429149 0.0500628 0.105681
5 0.558275 0.659138 0.0522844 0.059843 0.104653
5 0.590579 0.461568 0.0155789 0.0189027 0.104605
5 0.484653 0.608332 0.0268828 0.0355733 0.104503
5 0.485496 0.608383 0.0294889 0.0351271 0.104352
2 0.610693 0.399176 0.0176432 0.0259901 0.101151
2 0.600785 0.627037 0.0167682 0.0212398 0.100592
0 0.472947 0.516813 0.352812 0.468504 0.100201
2 0.601856 0.494636 0.0169632 0.0269207 0.0991742
5 0.485407 0.608376 0.0296457 0.0359546 0.0991599
5 0.364495 0.36693 0.0487088 0.0394799 0.0991112
5 0.430229 0.453487 0.043135 0.0585284 0.0983417
5 0.484456 0.608185 0.028061 0.0369431 0.0977513
2 0.598912 0.546216 0.0134098 0.0193192 0.0974508
2 0.621131 0.431277 0.017547 0.0241297 0.0959433
2 0.610466 0.398597 0.0194628 0.0291713 0.0952154
5 0.521838 0.691089 0.0337116 0.0409994 0.0951965
5 0.364812 0.365065 0.0505144 0.0418923 0.0950318
2 0.598156 0.546167 0.0147631 0.01947 0.0936973
0 0.59057 0.465926 0.121628 0.360665 0.0917754
2 0.596634 0.590778 0.0131561 0.0175983 0.0913517
2 0.619524 0.432239 0.0190615 0.0243072 0.0909753
0 0.584045 0.458699 0.128817 0.348129 0.0903979
2 0.592552 0.641952 0.022385 0.0346538 0.0899072
5 0.589987 0.461887 0.015884 0.0186474 0.089768
2 0.594413 0.63836 0.024917 0.0391969 0.087355
2 0.587484 0.518702 0.0162032 0.0187631 0.0870694
2 0.597689 0.590741 0.0134493 0.0178861 0.0868838
2 0.626975 0.51739 0.0169738 0.0214574 0.0862203
5 0.485313 0.608504 0.0302815 0.0375491 0.0847473
2 0.471682 0.301276 0.0341733 0.0329582 0.0844056
5 0.364275 0.367362 0.0473777 0.037603 0.0837506
5 0.364335 0.366296 0.0497205 0.0413443 0.0823265
2 0.603576 0.437326 0.0161749 0.0215865 0.080949
2 0.612766 0.598043 0.0179282 0.0310127 0.0804723
2 0.581536 0.535578 0.013028 0.0157844 0.0796436
5 0.329557 0.551665 0.0339559 0.0417916 0.0790513
2 0.599456 0.496732 0.0151172 0.0204568 0.0787909
2 0.583197 0.367986 0.0294191 0.0361242 0.0785612
5 0.48509 0.608475 0.0284332 0.0364362 0.0781667
2 0.526849 0.3332 0.0441666 0.0489854 0.0781101
2 0.629043 0.517145 0.0157704 0.0209641 0.0778907
2 0.610294 0.601852 0.0178943 0.0255512 0.0754657
5 0.590582 0.460946 0.0157041 0.0189213 0.0752181
2 0.619587 0.434081 0.0187021 0.0248178 0.0749325
5 0.563445 0.496171 0.0217482 0.0255707 0.0748018
0 0.5911 0.465214 0.119254 0.35784 0.0747678
5 0.484818 0.608548 0.0271378 0.0351872 0.074692
0 0.474075 0.517069 0.350348 0.463996 0.0739789
5 0.590432 0.461376 0.0148289 0.0181628 0.0738612
0 0.583206 0.457625 0.133013 0.34878 0.07311
2 0.621523 0.431414 0.0190113 0.0254294 0.0711989
2 0.565297 0.335621 0.0291871 0.0359914 0.0711959
2 0.598063 0.591319 0.0137277 0.0196091 0.0697376
2 0.599306 0.627392 0.0155365 0.0238684 0.0687023
2 0.588916 0.518993 0.0175053 0.0201039 0.0685093
5 0.485436 0.606928 0.0328865 0.0378942 0.068124
2 0.582934 0.368603 0.0307264 0.0376432 0.067368
2 0.470553 0.302313 0.0316166 0.0341501 0.0670054
2 0.606229 0.486941 0.0155407 0.0218385 0.0664575
2 0.470811 0.302097 0.0314574 0.033662 0.065941
5 0.326968 0.552319 0.0295487 0.041818 0.0656196
2 0.611519 0.398341 0.019579 0.0265291 0.0652517
2 0.628767 0.51629 0.0185426 0.023237 0.0635095
5 0.484882 0.607142 0.0263357 0.0333409 0.063463
2 0.6288 0.51689 0.017509 0.0239999 0.0631993
5 0.519994 0.691204 0.0344218 0.0424282 0.0629329
5 0.485602 0.60785 0.0357648 0.0398667 0.0628582
2 0.605519 0.437294 0.0140395 0.0220496 0.0628003
2 0.58864 0.518572 0.0180553 0.0197674 0.0620149
2 0.612034 0.398237 0.0197589 0.0305849 0.0618617
2 0.616786 0.587399 0.0165592 0.0241449 0.061468
2 0.601611 0.593613 0.016051 0.0237808 0.061429
2 0.583984 0.563835 0.0137644 0.0175711 0.0610804
2 0.615534 0.540096 0.0135233 0.0196516 0.0601334
2 0.584159 0.56408 0.0127043 0.0173325 0.0599522
2 0.615678 0.59268 0.0169913 0.0328785 0.0585405
5 0.622032 0.430043 0.0180764 0.0261492 0.0580524
5 0.586238 0.434628 0.0155642 0.019007 0.0574498
2 0.560688 0.423103 0.016936 0.0213513 0.0570195
5 0.42871 0.45468 0.0417995 0.057513 0.0567863
5 0.485272 0.609026 0.0315619 0.0384174 0.0566402
2 0.593718 0.640883 0.0238251 0.0363892 0.0560035
2 0.607778 0.599712 0.0175974 0.0264302 0.0555087
5 0.55145 0.51989 0.0169209 0.0205927 0.0554241
2 0.472371 0.302118 0.0375601 0.037736 0.0553911
2 0.585767 0.434826 0.0125979 0.017691 0.054614
2 0.608647 0.399582 0.0183714 0.0281068 0.0540167
2 0.58737 0.51903 0.0161622 0.0206104 0.0534669
2 0.561917 0.335093 0.0291914 0.0397038 0.0526507
5 0.326973 0.551555 0.0340197 0.0445779 0.0524918
2 0.623818 0.542793 0.0169069 0.0206309 0.0518779
2 0.621093 0.431576 0.0195317 0.0249891 0.0518249
5 0.515346 0.565718 0.0256503 0.0310047 0.051677
2 0.586074 0.365561 0.0341744 0.0389921 0.051058
5 0.365038 0.3654 0.051806 0.0425555 0.0508313
2 0.626266 0.541992 0.015105 0.0198483 0.0507941
5 0.58647 0.434307 0.0145705 0.0183852 0.0505081
5 0.484814 0.60843 0.0271149 0.0350494 0.0502451
2 0.586238 0.434509 0.0139664 0.0179651 0.0498037
2 0.626061 0.542491 0.0137885 0.0192769 0.0490417
5 0.557856 0.656038 0.0435911 0.0504546 0.0489794
2 0.619245 0.499144 0.012775 0.0184742 0.0489289
2 0.629972 0.477391 0.0185519 0.0237975 0.0486067
5 0.5206 0.692342 0.0464231 0.0511562 0.0485783
2 0.504868 0.307272 0.0283287 0.0310578 0.0484741
2 0.472395 0.302343 0.0373362 0.0381642 0.0479138
2 0.604543 0.490414 0.0173494 0.0285611 0.0477616
5 0.428424 0.451608 0.0443535 0.0648846 0.0477045
2 0.611118 0.594046 0.0186503 0.0317531 0.047691
2 0.616728 0.498401 0.0134558 0.0206051 0.0475232
5 0.551613 0.519867 0.017433 0.0205063 0.0474083
5 0.563498 0.496323 0.0200336 0.0243338 0.0470797
5 0.330525 0.550905 0.0318497 0.040599 0.0469907
2 0.611662 0.398724 0.0186768 0.0275546 0.0469511
0 0.476524 0.520827 0.353404 0.484448 0.0464677
5 0.521912 0.692603 0.0454127 0.052276 0.0460532
2 0.561008 0.423078 0.0157366 0.0198271 0.0450864
2 0.598917 0.63539 0.0228232 0.0410879 0.0449891
5 0.563466 0.496582 0.0212639 0.0256566 0.044865
5 0.532315 0.550849 0.0205484 0.026736 0.0447588
5 0.587753 0.481107 0.0132812 0.0173438 0.0440237
2 0.614456 0.435096 0.0201987 0.0246515 0.0440054
2 0.604285 0.492507 0.0193017 0.0323749 0.0436105
5 0.364705 0.364756 0.0503572 0.0435907 0.0432473
2 0.561132 0.423242 0.0142766 0.0177175 0.0431558
2 0.582388 0.582392 0.0118389 0.0149908 0.0429026
0 0.582322 0.464698 0.128716 0.356138 0.0427472
2 0.601771 0.569431 0.0143164 0.0187882 0.0422124
2 0.630023 0.477969 0.0189564 0.0238736 0.0420759
2 0.602261 0.437667 0.0132041 0.0218687 0.0420623
2 0.599186 0.493396 0.0169381 0.0281402 0.0412317
2 0.445933 0.501846 0.02397 0.0297261 0.0409566
2 0.625235 0.541892 0.0164516 0.0214157 0.040809
5 0.58815 0.481109 0.0160245 0.0177795 0.0402596
5 0.364918 0.365138 0.0519267 0.043861 0.0397533
0 0.582736 0.471112 0.134696 0.322595 0.0393456
2 0.595619 0.637593 0.0273626 0.0432976 0.0390102
2 0.601591 0.568022 0.0134475 0.0175252 0.0388156
5 0.527427 0.553605 0.028145 0.0341185 0.0387283
2 0.565395 0.335715 0.0337654 0.0360306 0.0385254
2 0.608668 0.602889 0.0191739 0.0251901 0.0382038
5 0.485945 0.607979 0.0373425 0.0414199 0.0380198
2 0.582014 0.619501 0.0127925 0.0162247 0.0379848
5 0.363625 0.365314 0.0484173 0.0402515 0.0375023
2 0.447401 0.501779 0.0243054 0.0300542 0.0374922
2 0.561304 0.422684 0.0163111 0.0201677 0.0373229
5 0.551839 0.519535 0.0164534 0.0202633 0.0372384
2 0.565324 0.335939 0.0320238 0.0323971 0.037232
2 0.585627 0.365942 0.0359979 0.0379957 0.0368255
5 0.532637 0.551841 0.022965 0.0309956 0.0366354
5 0.516901 0.563209 0.0291595 0.0363435 0.0364563
2 0.585852 0.520292 0.017384 0.0237007 0.0360971
2 0.624107 0.543823 0.0195184 0.0256885 0.0357491
5 0.58714 0.481226 0.0154851 0.0191528 0.0356394
5 0.515006 0.566098 0.0243519 0.0304993 0.0353411
5 0.563738 0.496725 0.0196607 0.0243621 0.0347124
2 0.622706 0.563563 0.0152 0.0199691 0.0345638
5 0.587562 0.481246 0.0177787 0.01949 0.0343925
5 0.589317 0.464172 0.019885 0.0251035 0.0341952
5 0.485811 0.608595 0.034045 0.0397241 0.0337929
5 0.559743 0.891405 0.0812892 0.0343379 0.0337679
5 0.613755 0.397885 0.020826 0.0296001 0.0333787
2 0.626989 0.517012 0.0173546 0.0227386 0.0328633
2 0.628107 0.477256 0.0177616 0.0257539 0.0325322
2 0.446908 0.50183 0.0248271 0.0297906 0.0324457
