4 0.519171 0.414038 0.379569 0.489236 0.801426
4 0.519753 0.413072 0.378915 0.489776 0.797036
4 0.518007 0.414001 0.379817 0.491437 0.760578
4 0.518917 0.416167 0.375512 0.489897 0.754284
4 0.518317 0.415099 0.381557 0.49117 0.748693
4 0.518841 0.417626 0.381265 0.488101 0.744695
4 0.518452 0.414316 0.375571 0.487621 0.704672
4 0.5181 0.411088 0.377211 0.486824 0.697234
4 0.515455 0.415392 0.371988 0.491704 0.526948
4 0.517045 0.418859 0.375562 0.489847 0.117926
5 0.722923 0.495662 0.0503943 0.0783302 0.0659681
5 0.724159 0.495564 0.0534009 0.0797608 0.0632
5 0.723727 0.49713 0.0492826 0.078136 0.061576
5 0.724961 0.496701 0.0501601 0.0784016 0.060144
5 0.724557 0.496448 0.0621395 0.0824477 0.0460766
2 0.724036 0.497337 0.0476865 0.0775582 0.0431105
5 0.72115 0.496847 0.045778 0.0777915 0.0365929
2 0.402706 0.292934 0.0152103 0.0199337 0.0356368
2 0.725252 0.497094 0.0500615 0.0785109 0.03401
2 0.402515 0.293485 0.0144352 0.020207 0.0331151
4 0.521866 0.415429 0.395018 0.495257 0.0322136
2 0.402287 0.293422 0.0136265 0.0185477 0.0308261
2 0.402116 0.29309 0.0165965 0.0220224 0.0295261
2 0.402332 0.293871 0.0152297 0.0230279 0.0258607
2 0.477216 0.217934 0.0169463 0.0228918 0.0243754
4 0.520141 0.421924 0.384172 0.485653 0.0223417
5 0.721273 0.495857 0.0484377 0.0772563 0.0220095
2 0.402829 0.293747 0.0163788 0.0213172 0.0192352
2 0.371712 0.310783 0.0147921 0.0187862 0.0150325
5 0.725578 0.496927 0.0582506 0.0817562 0.0137275
2 0.387073 0.525327 0.0120205 0.0171539 0.0118481
2 0.37309 0.309258 0.0159497 0.0214503 0.0118387
2 0.478053 0.217987 0.0186543 0.0234114 0.0116181
2 0.397889 0.260688 0.0207764 0.0196574 0.0112014
2 0.476931 0.217511 0.0165894 0.0224481 0.0101149
