3 0.509584 0.429732 0.790973 0.823853 0.601924
3 0.511093 0.424336 0.816979 0.817312 0.592921
3 0.507733 0.432782 0.814963 0.826359 0.591754
3 0.510944 0.423345 0.788408 0.807667 0.566758
3 0.490359 0.43053 0.813616 0.817629 0.471949
3 0.512352 0.424869 0.825815 0.849737 0.46948
3 0.514886 0.425556 0.790222 0.843342 0.468198
3 0.492586 0.426006 0.820982 0.817154 0.243806
3 0.507335 0.413584 0.81041 0.815403 0.172826
3 0.518707 0.42351 0.828087 0.808194 0.121066
4 0.533508 0.828193 0.6112 0.150416 0.022837
4 0.529556 0.831403 0.622386 0.14627 0.0210563
4 0.533695 0.815417 0.641709 0.1666 0.0185831
4 0.522929 0.819049 0.658352 0.16152 0.0140644
4 0.546355 0.811454 0.643393 0.171717 0.0130583
3 0.506165 0.413629 0.783207 0.810458 0.0128249
3 0.525508 0.386977 0.422501 0.471379 0.0106283
