3 0.524935 0.500602 0.361568 0.478526 0.29543
3 0.526198 0.502504 0.36265 0.477723 0.276383
3 0.523659 0.49917 0.373937 0.478337 0.257916
3 0.524522 0.499061 0.369675 0.485326 0.253613
3 0.522343 0.499699 0.369747 0.483828 0.222943
3 0.521477 0.501448 0.377235 0.483436 0.207792
3 0.516493 0.493552 0.365388 0.47908 0.179894
3 0.51322 0.508312 0.136602 0.181545 0.164321
5 0.751621 0.582764 0.0929778 0.0803415 0.134783
3 0.51984 0.506348 0.209774 0.265687 0.129007
3 0.521089 0.51743 0.206719 0.26571 0.126277
3 0.512359 0.504628 0.138393 0.179335 0.0971725
3 0.513956 0.499 0.362701 0.478264 0.0916418
3 0.513871 0.509195 0.135034 0.184046 0.088935
3 0.521803 0.535479 0.209798 0.307856 0.0825891
3 0.51788 0.50505 0.0978881 0.141715 0.0730878
3 0.522631 0.500858 0.366943 0.480698 0.072483
5 0.752082 0.583209 0.0913208 0.0800526 0.071595
3 0.512429 0.49488 0.36353 0.475425 0.0711093
3 0.521891 0.505191 0.0893233 0.140453 0.0624312
3 0.520803 0.519492 0.204633 0.244887 0.0597476
3 0.513431 0.509593 0.131458 0.187113 0.0591127
3 0.512748 0.500901 0.101836 0.142317 0.0582743
5 0.752086 0.582375 0.0881415 0.0780537 0.0570143
3 0.520136 0.508762 0.211394 0.256311 0.0568586
3 0.517086 0.500626 0.0994757 0.140479 0.0542769
3 0.511818 0.507939 0.136366 0.181765 0.0537998
3 0.514142 0.505994 0.099493 0.146222 0.0520084
3 0.518109 0.509909 0.0981033 0.126437 0.0501893
0 0.521408 0.313991 0.286262 0.103738 0.0438804
3 0.519103 0.534939 0.20548 0.280289 0.0425907
3 0.513944 0.506344 0.134559 0.182425 0.0424447
0 0.517586 0.313147 0.287056 0.103958 0.0411962
3 0.521671 0.500514 0.0932961 0.138862 0.0401906
3 0.527106 0.52149 0.211446 0.32171 0.039602
0 0.517432 0.317455 0.308174 0.114466 0.0391417
5 0.750647 0.58364 0.100028 0.0826793 0.0388754
5 0.753155 0.582763 0.0883728 0.0768969 0.0372214
0 0.519019 0.317355 0.31089 0.11264 0.0368115
3 0.513638 0.508961 0.132307 0.18373 0.0362491
3 0.522002 0.510368 0.0877169 0.124907 0.0351016
3 0.518881 0.492392 0.223731 0.297892 0.0313272
3 0.514204 0.510036 0.100961 0.130598 0.030047
3 0.527101 0.505163 0.075788 0.136546 0.0295236
3 0.511495 0.496089 0.103095 0.134609 0.0290493
3 0.525595 0.504281 0.214095 0.304378 0.027529
5 0.745594 0.581523 0.109616 0.0915885 0.0243209
3 0.507654 0.501232 0.100675 0.143302 0.0236071
0 0.52324 0.319172 0.314608 0.114321 0.0224073
3 0.509116 0.506644 0.0987252 0.147737 0.0222079
0 0.524273 0.315338 0.294323 0.10558 0.021638
5 0.748652 0.580498 0.11239 0.0887905 0.0198097
0 0.512885 0.322671 0.315468 0.125136 0.0197085
3 0.527249 0.50048 0.369551 0.48701 0.0193811
3 0.515944 0.495986 0.100585 0.134453 0.018877
3 0.51395 0.50424 0.132252 0.179353 0.0175239
0 0.511302 0.313112 0.294365 0.105534 0.0170568
3 0.533568 0.506076 0.0623825 0.131169 0.0143976
5 0.745709 0.579873 0.110273 0.0944561 0.0142085
3 0.52914 0.51289 0.0670379 0.109771 0.0139966
3 0.527155 0.500588 0.0828663 0.135371 0.0133888
3 0.520338 0.520148 0.0919001 0.103198 0.0132467
3 0.514484 0.486077 0.230836 0.314267 0.0127452
3 0.516236 0.506265 0.132824 0.191156 0.0123133
3 0.507142 0.496196 0.101069 0.135655 0.0114605
3 0.510637 0.489761 0.105691 0.126279 0.0110394
3 0.509779 0.51182 0.0996301 0.130101 0.0110192
5 0.751057 0.581437 0.0908801 0.0805389 0.0105276
