3 0.588063 0.461013 0.464183 0.403849 0.808868
3 0.587706 0.476751 0.474787 0.438971 0.808049
3 0.587142 0.478822 0.473896 0.447829 0.77391
3 0.587162 0.46346 0.46039 0.416228 0.772724
3 0.59145 0.48495 0.476287 0.458619 0.757892
3 0.590516 0.484235 0.474856 0.4536 0.756435
3 0.586101 0.488707 0.471091 0.465601 0.600113
3 0.592949 0.488269 0.477766 0.458091 0.369053
3 0.580618 0.447451 0.384321 0.379946 0.305809
1 0.37656 0.511095 0.0691937 0.374547 0.190971
1 0.37685 0.515523 0.0690775 0.371555 0.187852
1 0.375146 0.490061 0.0651532 0.270597 0.183893
3 0.582257 0.491421 0.452792 0.467911 0.178515
1 0.789683 0.49223 0.0976045 0.412189 0.154542
1 0.490766 0.6793 0.215632 0.108702 0.15444
1 0.374024 0.49516 0.0620058 0.265315 0.152075
1 0.490733 0.676981 0.207251 0.104897 0.14773
1 0.790327 0.494479 0.0972594 0.409557 0.141437
1 0.50158 0.676127 0.202284 0.105783 0.130089
1 0.504198 0.678414 0.223593 0.108571 0.124563
1 0.376243 0.491225 0.0685317 0.27966 0.122248
3 0.589979 0.452879 0.480951 0.388502 0.117452
1 0.484778 0.680647 0.214741 0.10952 0.103662
1 0.368981 0.498861 0.0801245 0.398294 0.0861406
1 0.368832 0.499626 0.0814845 0.393393 0.0821042
1 0.376683 0.499009 0.0706189 0.37539 0.0738661
1 0.78823 0.497319 0.099095 0.412277 0.0722762
1 0.785124 0.493974 0.106659 0.416824 0.0697777
1 0.37332 0.501374 0.0602975 0.261947 0.0673647
1 0.482775 0.678589 0.211514 0.104833 0.0646777
3 0.574125 0.444904 0.385724 0.374094 0.0619631
5 0.623521 0.755616 0.0278039 0.0360872 0.0606985
1 0.368714 0.501316 0.0628028 0.282478 0.0599205
5 0.623948 0.754398 0.0300767 0.040546 0.0590653
1 0.37832 0.519986 0.0724293 0.385825 0.0565851
1 0.526491 0.671013 0.136842 0.0980572 0.0550892
1 0.369035 0.499686 0.066268 0.295215 0.0542329
1 0.533321 0.678455 0.273339 0.10771 0.0521744
5 0.62439 0.755557 0.0278317 0.0355431 0.0506684
1 0.526243 0.676911 0.145811 0.11059 0.0488652
1 0.508328 0.6781 0.182513 0.111034 0.0488115
1 0.376634 0.487437 0.0710718 0.285142 0.0461343
1 0.784015 0.491183 0.110612 0.419889 0.0459574
1 0.510237 0.672868 0.172257 0.10058 0.0457317
1 0.539234 0.66973 0.114639 0.0979877 0.0420305
1 0.38092 0.490366 0.065247 0.259087 0.0403193
5 0.624024 0.754719 0.0277761 0.0378866 0.03952
1 0.498908 0.680029 0.202363 0.110901 0.0382897
1 0.368364 0.504504 0.0612745 0.273458 0.0382332
1 0.526368 0.675338 0.242664 0.106835 0.0381484
5 0.624256 0.754995 0.0254174 0.0352459 0.0368401
1 0.489874 0.684223 0.198603 0.106238 0.036513
1 0.381004 0.48692 0.0671658 0.260417 0.0354477
3 0.586826 0.458125 0.475725 0.396404 0.0343559
1 0.494839 0.682965 0.203196 0.107535 0.0343355
1 0.539378 0.676574 0.126527 0.110704 0.0339836
1 0.485092 0.685019 0.174129 0.104104 0.033028
5 0.624431 0.754825 0.034208 0.0411542 0.0293891
1 0.526425 0.658251 0.133914 0.0705669 0.0293248
1 0.368886 0.495864 0.08173 0.414524 0.028383
1 0.368809 0.498762 0.071091 0.299984 0.0283582
1 0.505646 0.681695 0.190362 0.108231 0.0278442
1 0.495005 0.681255 0.19944 0.108842 0.0277046
5 0.624176 0.75502 0.0304327 0.0397087 0.0249626
5 0.623411 0.754979 0.0247348 0.0376746 0.0247154
5 0.623586 0.755417 0.036138 0.0424293 0.0246915
1 0.487661 0.681511 0.176237 0.105964 0.0232822
1 0.50379 0.674048 0.198961 0.101108 0.0231314
1 0.380956 0.498115 0.0635852 0.258478 0.0229293
1 0.510191 0.657427 0.169836 0.0673133 0.0224398
1 0.540449 0.65801 0.107151 0.0731035 0.0223137
1 0.368184 0.515689 0.0619156 0.269475 0.0220861
1 0.521837 0.681003 0.167287 0.107939 0.0218261
1 0.373132 0.51077 0.0605888 0.254096 0.0215928
1 0.547782 0.670419 0.105102 0.103179 0.020847
1 0.474974 0.684958 0.15181 0.103257 0.0202742
1 0.806362 0.481725 0.0647181 0.307099 0.0186887
1 0.77448 0.495439 0.128902 0.423326 0.0184642
5 0.623941 0.754592 0.0369136 0.0446041 0.0177042
5 0.623607 0.755321 0.025352 0.0362302 0.0177014
5 0.623921 0.755381 0.0290596 0.0394725 0.0172504
1 0.550285 0.67685 0.133722 0.112493 0.0163421
5 0.623664 0.755131 0.025902 0.0368931 0.0159112
1 0.380938 0.482549 0.0694818 0.266602 0.0153324
1 0.537346 0.68101 0.155855 0.106722 0.015235
1 0.807098 0.487652 0.061253 0.305437 0.0152074
1 0.476476 0.681145 0.150304 0.106506 0.0147548
1 0.378598 0.481782 0.075706 0.360953 0.0142159
1 0.472016 0.682178 0.21166 0.112919 0.0137754
1 0.805132 0.477146 0.070108 0.313825 0.0131364
5 0.623205 0.755108 0.029261 0.0409978 0.0109474
1 0.368164 0.51031 0.087033 0.416029 0.0108708
5 0.624766 0.754967 0.0378729 0.0421295 0.0103427
1 0.550036 0.658448 0.0934938 0.0774243 0.0102262
