4 0.525359 0.529506 0.422917 0.431019 0.637044
4 0.522914 0.531187 0.429383 0.42753 0.603392
4 0.526505 0.529402 0.42155 0.434399 0.585642
4 0.526038 0.530519 0.428414 0.431459 0.577906
4 0.521516 0.532209 0.432585 0.431596 0.510164
4 0.523298 0.529272 0.425099 0.435515 0.500536
4 0.5211 0.530263 0.433581 0.43269 0.474863
4 0.524185 0.530991 0.421202 0.435714 0.432917
4 0.523259 0.531061 0.432495 0.427175 0.348106
4 0.52074 0.529243 0.43125 0.430655 0.0837695
4 0.527401 0.532783 0.429355 0.428328 0.0611264
4 0.523861 0.542145 0.400035 0.38737 0.0600977
4 0.52126 0.543367 0.406563 0.386479 0.0178312
4 0.518801 0.536551 0.404537 0.389875 0.0121196
