3 0.418152 0.47607 0.329312 0.373119 0.778219
2 0.506676 0.929148 0.0922645 0.13448 0.0752334
2 0.388741 0.928366 0.33349 0.134413 0.0652145
5 0.0339822 0.97077 0.0677172 0.0584593 0.0524566
3 0.525068 0.475662 0.127955 0.350331 0.0393499
1 0.389775 0.541821 0.291058 0.194471 0.029782
5 0.4045 0.929972 0.329193 0.13822 0.0195626
1 0.433552 0.515508 0.140869 0.17505 0.0192307
4 0.328727 0.40131 0.136297 0.126356 0.0164418
1 0.452799 0.46609 0.169605 0.296082 0.0162075
5 0.514114 0.930872 0.0562721 0.138257 0.0151163
3 0.337491 0.395129 0.164991 0.164911 0.0120512
1 0.427947 0.594737 0.331135 0.138831 0.0119396
5 0.531172 0.929662 0.419102 0.137373 0.0118534
3 0.332253 0.48125 0.153952 0.335905 0.0102678
