2 0.718693 0.446742 0.0235427 0.0402293 0.11132
3 0.48183 0.475959 0.935089 0.899654 0.108946
2 0.374328 0.689098 0.0469352 0.0773956 0.0956045
2 0.618263 0.291102 0.11838 0.0700549 0.0827837
2 0.66306 0.43716 0.025269 0.0415486 0.0503523
4 0.472107 0.508653 0.93023 0.949997 0.0494995
2 0.0917717 0.676858 0.0431284 0.0965683 0.0454862
2 0.565326 0.592225 0.027716 0.0396753 0.0191673
2 0.717076 0.445146 0.0358119 0.053339 0.0188606
2 0.447659 0.893647 0.0316 0.0464609 0.0137697
2 0.416681 0.849076 0.0218983 0.0337994 0.0125154
2 0.664787 0.436195 0.0372563 0.0553818 0.0117843
2 0.708095 0.331288 0.0199087 0.0359026 0.0117242
