0 0.435099 0.531261 0.499807 0.489554 0.816593
5 0.304607 0.380546 0.0419225 0.0492503 0.137482
0 0.617236 0.5436 0.127536 0.339618 0.115719
5 0.214641 0.461625 0.0296216 0.0364158 0.0935598
5 0.488392 0.547993 0.0775631 0.114726 0.0821641
5 0.283812 0.526348 0.0325904 0.0408116 0.0811963
0 0.481472 0.55017 0.0644242 0.10814 0.0754512
5 0.488778 0.53511 0.0317656 0.0437962 0.0586441
5 0.471406 0.534077 0.135438 0.199002 0.039979
5 0.216864 0.466582 0.0405397 0.0483834 0.0213161
0 0.536768 0.542169 0.292925 0.423376 0.0207234
5 0.467661 0.540521 0.0753429 0.15095 0.0188491
5 0.443371 0.517827 0.219249 0.271035 0.0126424
5 0.452991 0.391189 0.043909 0.0480287 0.0119973
