3 0.54641 0.656047 0.349716 0.39467 0.69305
5 0.602881 0.348292 0.0185471 0.021518 0.288082
1 0.506969 0.391883 0.310522 0.122937 0.241275
1 0.346477 0.599539 0.0937149 0.404836 0.192455
5 0.614341 0.322509 0.0196963 0.0242232 0.145613
1 0.520429 0.384443 0.189654 0.110064 0.0550842
5 0.608987 0.328333 0.0226178 0.0289749 0.0466731
5 0.622768 0.364036 0.0190758 0.0190738 0.0345594
5 0.602923 0.349468 0.0271896 0.0284792 0.0241291
1 0.608709 0.417858 0.187418 0.115558 0.0231081
5 0.614453 0.32322 0.0289291 0.0316579 0.0218335
1 0.354349 0.547662 0.0905161 0.218927 0.021344
