1 0.368733 0.45239 0.385639 0.467257 0.530125
1 0.437474 0.411698 0.243182 0.350459 0.191091
5 0.295438 0.49678 0.147582 0.198792 0.148457
0 0.262048 0.352647 0.0950947 0.1068 0.111185
5 0.270337 0.511465 0.088999 0.182872 0.0932088
5 0.262192 0.356342 0.0777464 0.0903668 0.0683105
3 0.251762 0.438313 0.164776 0.409501 0.053437
1 0.376177 0.61268 0.333506 0.140526 0.041363
0 0.260637 0.42078 0.0862877 0.272242 0.0345645
1 0.384675 0.46176 0.163996 0.194904 0.0228439
1 0.392036 0.400636 0.153661 0.199905 0.0170207
0 0.265845 0.387607 0.0924159 0.14842 0.0134186
