3 0.518513 0.513878 0.417237 0.49084 0.206998
5 0.419595 0.623629 0.0338364 0.0364314 0.0892293
2 0.507481 0.700324 0.0957728 0.0901493 0.0839136
5 0.422147 0.658099 0.0365523 0.0316301 0.0776915
5 0.505876 0.701746 0.0900981 0.0663726 0.0547678
5 0.404665 0.526818 0.0385737 0.0523083 0.050074
5 0.621164 0.599883 0.0329937 0.0365831 0.0499153
2 0.621085 0.523303 0.0423568 0.051031 0.0489659
5 0.40509 0.430958 0.0366823 0.056916 0.0456046
3 0.500208 0.516545 0.25218 0.321527 0.0407298
5 0.941396 0.461752 0.0532913 0.0634217 0.0366176
2 0.573928 0.503838 0.0263058 0.0454665 0.0313112
5 0.358463 0.54783 0.0285282 0.038781 0.028194
2 0.508939 0.697455 0.0816729 0.0386883 0.0266513
5 0.655871 0.484154 0.0278466 0.0328199 0.0253696
5 0.383062 0.380367 0.0400583 0.0430367 0.0253034
5 0.428928 0.652805 0.0393727 0.0321832 0.022126
5 0.366547 0.543931 0.0301174 0.0424907 0.0207976
5 0.391561 0.41041 0.0622319 0.106989 0.0176082
5 0.519044 0.696721 0.0554361 0.0315807 0.01362
5 0.608403 0.648317 0.0394638 0.0411953 0.0129009
2 0.591104 0.32131 0.19072 0.139529 0.0126597
5 0.430826 0.642887 0.0419023 0.0357044 0.0120855
0 0.606713 0.549464 0.135976 0.180149 0.011582
5 0.572805 0.504652 0.035569 0.0564142 0.0110832
