1 0.500528 0.483137 0.811699 0.958169 0.663125
5 0.805623 0.202134 0.0337488 0.0477583 0.287696
5 0.0254796 0.96054 0.0469192 0.0719701 0.164774
5 0.661572 0.511167 0.0363507 0.0380108 0.152352
5 0.731877 0.132387 0.0290794 0.0367499 0.0595071
0 0.0349767 0.942522 0.0699533 0.114957 0.056444
5 0.658312 0.51157 0.0546654 0.0534323 0.0536566
5 0.215588 0.448413 0.0317449 0.0364904 0.0472109
5 0.808466 0.204117 0.050816 0.0666897 0.0392706
0 0.0538191 0.329018 0.107638 0.649923 0.0353552
0 0.109033 0.350698 0.218067 0.694612 0.0188397
5 0.660256 0.120316 0.0275536 0.030442 0.0178668
5 0.730301 0.133376 0.0416388 0.0520436 0.0171017
0 0.0546878 0.791451 0.10922 0.393762 0.0170621
0 0.113249 0.923428 0.099509 0.152143 0.0153761
0 0.081196 0.0771206 0.119128 0.154241 0.0110756
5 0.123439 0.957768 0.0670409 0.0793276 0.0106175
0 0.122051 0.661564 0.244103 0.676872 0.0104126
