3 0.505037 0.558713 0.435261 0.597929 0.867756
5 0.799453 0.370676 0.0281021 0.0339702 0.0483175
2 0.697478 0.599425 0.019747 0.0222552 0.0438621
3 0.535084 0.540068 0.332517 0.342304 0.033253
2 0.426781 0.77935 0.0234648 0.0245863 0.0189258
2 0.361104 0.598339 0.0176427 0.021741 0.0148463
5 0.879317 0.545138 0.0286749 0.0424483 0.012754
2 0.364484 0.676136 0.0176003 0.0230663 0.0114092
5 0.653783 0.575457 0.019197 0.0229784 0.0106573
2 0.332201 0.548975 0.0162299 0.0252471 0.0104674
2 0.677999 0.628237 0.0181401 0.0254223 0.0103857
2 0.655411 0.54549 0.0138722 0.0182465 0.0102714
5 0.650582 0.626511 0.0152656 0.0178733 0.0100068
