1 0.583611 0.623831 0.53528 0.510135 0.502679
5 0.516278 0.791418 0.0796979 0.0823599 0.266954
5 0.395834 0.873462 0.0398536 0.0422074 0.0824387
5 0.559894 0.259635 0.0362787 0.0378586 0.0555813
1 0.453769 0.545873 0.222212 0.241874 0.0470372
5 0.396895 0.873635 0.0612392 0.0604023 0.0419471
5 0.691997 0.448374 0.081855 0.104599 0.0358133
5 0.628272 0.790186 0.317227 0.207139 0.0338425
1 0.443407 0.60255 0.25825 0.437725 0.0325473
5 0.507276 0.336869 0.040767 0.039747 0.0303064
0 0.482467 0.714363 0.311933 0.28785 0.0268538
5 0.614682 0.710124 0.0658949 0.0863483 0.0254465
5 0.397444 0.917585 0.0683347 0.0376061 0.0237952
5 0.394681 0.891324 0.0815577 0.0970549 0.0202875
5 0.464762 0.749461 0.24325 0.222635 0.019677
5 0.542222 0.863425 0.260604 0.0475525 0.0164212
5 0.693633 0.334294 0.0424269 0.0545387 0.0156025
0 0.591672 0.289409 0.42122 0.19907 0.0148318
0 0.592186 0.715966 0.125297 0.154391 0.0135686
0 0.496882 0.678454 0.149128 0.14219 0.0127642
5 0.734634 0.33884 0.031763 0.0397503 0.0109507
1 0.65204 0.516492 0.237153 0.361192 0.0106648
0 0.777526 0.54256 0.166658 0.452305 0.0101066
