2 0.570534 0.0717725 0.112006 0.139143 0.393313
4 0.527863 0.508367 0.944274 0.983265 0.315055
2 0.378259 0.655267 0.027926 0.0372003 0.120566
0 0.488768 0.462096 0.862462 0.919379 0.10506
2 0.692623 0.275275 0.0304973 0.033326 0.0916473
2 0.585913 0.0961489 0.0796844 0.0881883 0.0863527
2 0.626923 0.441283 0.0344354 0.0550332 0.0596929
2 0.271908 0.719398 0.0236528 0.0252999 0.0460181
2 0.843301 0.292129 0.0316931 0.0400902 0.036956
2 0.550546 0.0934496 0.0659169 0.0860038 0.0325986
2 0.277671 0.666697 0.0229236 0.0298056 0.0256967
2 0.61358 0.391664 0.0175158 0.0242124 0.0177649
2 0.42304 0.111988 0.0413407 0.0434672 0.0176316
2 0.332677 0.724911 0.0437818 0.042472 0.0113373
2 0.374571 0.50185 0.0243474 0.0243006 0.0113178
2 0.615326 0.793498 0.0304206 0.0278541 0.0112405
2 0.748081 0.196736 0.0351828 0.0436286 0.0103315
