3 0.519444 0.494088 0.438656 0.409438 0.363185
3 0.507884 0.476514 0.230048 0.287975 0.296533
5 0.612012 0.480512 0.0237652 0.0290656 0.134535
5 0.593517 0.381995 0.0426091 0.0702038 0.0983564
2 0.575344 0.66274 0.192877 0.114913 0.0786523
5 0.584821 0.58151 0.0365501 0.0473975 0.0755329
2 0.592527 0.38039 0.0445981 0.0749436 0.0397043
2 0.670488 0.599492 0.134457 0.231716 0.0392702
5 0.778591 0.954239 0.0595735 0.064947 0.0328829
3 0.944809 0.531754 0.109222 0.783484 0.0285397
0 0.631495 0.512393 0.216823 0.478262 0.0277624
3 0.504759 0.945355 0.430613 0.109291 0.0221785
2 0.646064 0.567018 0.0885243 0.162293 0.0219255
0 0.524107 0.673364 0.311993 0.125788 0.0177969
5 0.632955 0.425107 0.0244988 0.029017 0.016063
0 0.521824 0.51788 0.441762 0.469687 0.0151514
