2 0.584844 0.314030 0.063668 0.069309
2 0.297360 0.496628 0.108635 0.095526
2 0.420033 0.455428 0.086151 0.097401
2 0.504309 0.610403 0.074901 0.090839
2 0.637278 0.446530 0.054326 0.077730
2 0.452344 0.340748 0.058997 0.079523
2 0.472007 0.265806 0.042138 0.062730
2 0.343709 0.266743 0.055247 0.064605
2 0.394235 0.310280 0.055345 0.084276
2 0.504778 0.356168 0.038405 0.089901
2 0.562788 0.392220 0.079687 0.075855
2 0.566118 0.573413 0.056184 0.071168
2 0.670280 0.363923 0.048783 0.068602
2 0.582245 0.234729 0.046398 0.054885
