2 0.396176 0.263528 0.076727 0.105806
2 0.532286 0.294071 0.067434 0.073043
2 0.575913 0.306283 0.067418 0.073026
2 0.255502 0.499153 0.039326 0.051497
2 0.340247 0.175156 0.062730 0.105806
2 0.428742 0.406456 0.104885 0.117056
2 0.537360 0.240238 0.067418 0.073043
2 0.561711 0.423306 0.043059 0.068355
2 0.450748 0.546447 0.064622 0.093651
2 0.506933 0.614342 0.047747 0.070230
2 0.550000 0.572664 0.047763 0.078651
2 0.645518 0.567985 0.038405 0.058043
2 0.594013 0.352138 0.100197 0.064605
2 0.663314 0.502434 0.062747 0.065559
