4 0.591815 0.593084 0.461571 0.670189 0.715529
0 0.680301 0.662397 0.12106 0.16542 0.56109
0 0.591294 0.591877 0.466822 0.663282 0.549898
4 0.594316 0.590394 0.465968 0.672468 0.467467
4 0.593344 0.590001 0.4641 0.675027 0.452095
0 0.680273 0.66274 0.117072 0.161711 0.436994
0 0.594569 0.591548 0.467033 0.666381 0.430097
0 0.591699 0.590246 0.464935 0.67192 0.404733
4 0.591066 0.590189 0.46437 0.674106 0.383428
0 0.594182 0.591733 0.471038 0.662758 0.364654
4 0.595165 0.590458 0.468042 0.669863 0.360016
0 0.679315 0.661401 0.123819 0.167979 0.289908
0 0.594328 0.590485 0.465722 0.673152 0.276131
0 0.680115 0.662931 0.121458 0.159707 0.268214
0 0.679166 0.664171 0.121278 0.16305 0.204419
0 0.680112 0.662997 0.118505 0.158637 0.160255
0 0.676209 0.660548 0.124391 0.168589 0.149683
0 0.680214 0.66222 0.126128 0.161122 0.145024
0 0.676909 0.661313 0.123644 0.166519 0.144012
0 0.677623 0.659617 0.119878 0.167931 0.119952
0 0.68029 0.659966 0.120465 0.162077 0.112918
0 0.678925 0.661798 0.120551 0.165425 0.103148
0 0.680436 0.663792 0.118419 0.162391 0.0821192
0 0.679397 0.664712 0.124576 0.160442 0.0553937
0 0.677422 0.662955 0.124746 0.166802 0.0487992
0 0.67619 0.66369 0.126956 0.168456 0.0446266
4 0.593266 0.406864 0.440703 0.295314 0.0402506
2 0.449065 0.41137 0.0170975 0.0256669 0.0324887
4 0.590574 0.435689 0.458379 0.348756 0.0300159
0 0.678617 0.658509 0.122714 0.163812 0.0287277
0 0.678838 0.659219 0.129339 0.176263 0.0269767
0 0.677903 0.654418 0.134275 0.180569 0.0259364
0 0.68138 0.662729 0.141977 0.180938 0.0204947
4 0.593676 0.446186 0.459448 0.371202 0.0204267
4 0.604759 0.39352 0.409009 0.267769 0.0198547
4 0.597319 0.428577 0.440132 0.334446 0.0197627
0 0.682138 0.657745 0.144413 0.188152 0.0183299
5 0.288064 0.411009 0.0567529 0.0716567 0.01766
5 0.287928 0.41075 0.0510862 0.068101 0.0162984
4 0.595062 0.44633 0.450675 0.373572 0.0144589
0 0.676818 0.647288 0.135342 0.187567 0.013297
0 0.677164 0.643761 0.136904 0.193721 0.0132887
2 0.447902 0.412034 0.020544 0.0279258 0.0126807
0 0.686205 0.66279 0.10475 0.157685 0.0126189
0 0.678592 0.671152 0.122007 0.151349 0.0125777
2 0.449622 0.410977 0.0209186 0.0307136 0.011406
4 0.612202 0.838015 0.318125 0.179859 0.0113478
4 0.592087 0.840315 0.341248 0.181674 0.0111799
0 0.687668 0.662889 0.103258 0.155237 0.0110984
0 0.673883 0.658791 0.113681 0.168947 0.0109796
0 0.680092 0.663163 0.135374 0.173476 0.0109583
4 0.590927 0.484644 0.460212 0.449198 0.0109298
2 0.477842 0.401837 0.0145696 0.0172892 0.0106778
