2 0.51627 0.457628 0.117684 0.0847502 0.776724
2 0.516944 0.459179 0.11932 0.0849361 0.767043
2 0.623821 0.565574 0.095729 0.105145 0.752473
2 0.572977 0.167868 0.0956485 0.16706 0.750411
2 0.599416 0.317489 0.076058 0.101801 0.747301
2 0.599026 0.316642 0.0742897 0.102075 0.743899
2 0.517317 0.458805 0.11658 0.083923 0.743631
2 0.545484 0.527179 0.0574 0.0570456 0.737547
2 0.51735 0.457418 0.114534 0.0840307 0.7367
2 0.599575 0.317215 0.0797748 0.100915 0.734299
2 0.598729 0.315239 0.0791347 0.107421 0.727016
2 0.598795 0.316376 0.0767419 0.101656 0.724942
2 0.572939 0.168207 0.0946418 0.16958 0.717342
2 0.516551 0.456587 0.1126 0.0845224 0.715647
2 0.624134 0.565348 0.0963521 0.10655 0.713915
2 0.624644 0.565754 0.0947375 0.10604 0.711801
2 0.623736 0.567193 0.0956559 0.106634 0.707085
2 0.625464 0.565626 0.0959679 0.106155 0.70546
2 0.545606 0.52712 0.0574696 0.0569062 0.704369
2 0.573873 0.1678 0.0911048 0.167871 0.688964
2 0.598111 0.31459 0.075403 0.102361 0.688791
2 0.545338 0.527216 0.0575806 0.057408 0.687526
2 0.598334 0.315411 0.0779413 0.102754 0.683413
2 0.545305 0.527661 0.0566135 0.0578756 0.681677
2 0.514846 0.456833 0.11548 0.086129 0.681272
2 0.741863 0.31266 0.0677924 0.0752188 0.671216
2 0.625061 0.56561 0.0959455 0.107568 0.671145
2 0.572135 0.167583 0.0959248 0.166931 0.669368
2 0.740871 0.312878 0.0662559 0.0769585 0.664356
2 0.545627 0.527916 0.0580292 0.0579699 0.661542
2 0.599352 0.317617 0.0735906 0.101857 0.658758
2 0.741913 0.313559 0.0692072 0.0753307 0.657682
2 0.54551 0.527188 0.0567198 0.0578202 0.650017
2 0.599459 0.317017 0.0803899 0.103256 0.643753
2 0.573785 0.411715 0.0496039 0.0680958 0.641563
2 0.740611 0.312433 0.0660114 0.0777811 0.638128
2 0.74199 0.312829 0.0690069 0.0771693 0.634765
2 0.573579 0.168586 0.0913423 0.171291 0.625955
2 0.545507 0.527277 0.0572072 0.0580812 0.625298
2 0.544811 0.528249 0.0563657 0.0583018 0.623835
2 0.573319 0.412561 0.0484331 0.0708963 0.620494
2 0.740968 0.311759 0.0669461 0.0769818 0.619845
2 0.574445 0.412972 0.0491146 0.0681609 0.616266
2 0.591753 0.0476785 0.102856 0.0753832 0.611792
2 0.573233 0.412354 0.0471525 0.0723611 0.608475
2 0.741027 0.312451 0.0680233 0.0770398 0.589783
2 0.545506 0.528069 0.0591311 0.0581577 0.587596
2 0.574377 0.412658 0.0492489 0.0697636 0.577675
2 0.59186 0.0465587 0.103425 0.0780474 0.573508
2 0.573874 0.41279 0.049515 0.0699238 0.564737
2 0.625979 0.56508 0.0949464 0.107238 0.559292
2 0.625343 0.565841 0.0959025 0.105159 0.557161
2 0.571346 0.166976 0.0919717 0.166605 0.553777
2 0.591371 0.0475248 0.099872 0.0763308 0.547486
2 0.741887 0.314347 0.0708831 0.0773973 0.544748
2 0.460282 0.0971337 0.0778484 0.0846436 0.543975
2 0.459959 0.0970277 0.0781133 0.0856664 0.543895
2 0.514333 0.456181 0.114628 0.0864731 0.541352
2 0.460408 0.0966728 0.0792767 0.0849987 0.529782
2 0.573795 0.412322 0.0481289 0.0713346 0.525855
2 0.460297 0.0971969 0.0780854 0.0856203 0.515744
2 0.625465 0.565031 0.0955539 0.10598 0.512491
2 0.513675 0.456131 0.10849 0.0855416 0.508385
2 0.514733 0.45828 0.113541 0.0837304 0.507483
2 0.592322 0.0446371 0.105489 0.0830779 0.503558
2 0.574224 0.411959 0.0490708 0.071374 0.497493
2 0.459983 0.0956973 0.0775336 0.087468 0.4944
2 0.591791 0.0474762 0.0996079 0.0772176 0.488302
2 0.459733 0.0955471 0.0768322 0.0869573 0.477623
2 0.59137 0.0449854 0.101598 0.0814494 0.463
2 0.572926 0.168703 0.0942222 0.165105 0.425852
2 0.592418 0.0489523 0.103861 0.077792 0.418141
2 0.509553 0.0329756 0.0709134 0.0654064 0.415485
2 0.574474 0.412328 0.0487376 0.0742158 0.414884
2 0.511557 0.0329565 0.0752102 0.0656625 0.414862
2 0.5456 0.527722 0.0590212 0.0565217 0.413864
2 0.597746 0.314414 0.0773067 0.107744 0.406386
2 0.573379 0.412184 0.0524702 0.0717249 0.399885
2 0.74133 0.311889 0.0678362 0.0757584 0.383938
2 0.508616 0.0332536 0.0672248 0.0665073 0.362841
2 0.510665 0.0334972 0.0706125 0.0669944 0.351045
2 0.512819 0.456776 0.110757 0.0862957 0.346394
2 0.575074 0.16852 0.0895488 0.164095 0.343248
2 0.59192 0.0489357 0.103502 0.0791122 0.331413
2 0.460728 0.0974022 0.0782774 0.085831 0.328684
2 0.624014 0.567298 0.09273 0.106288 0.318691
2 0.459116 0.0938747 0.0774522 0.0904623 0.317324
2 0.511042 0.0343228 0.0839903 0.0686456 0.308206
2 0.590275 0.047013 0.0985091 0.0749303 0.272161
2 0.740286 0.311644 0.0674918 0.0788872 0.269143
2 0.460655 0.0968596 0.074389 0.0865692 0.241338
2 0.510925 0.0335916 0.0818901 0.0671832 0.240685
2 0.571598 0.168341 0.0975285 0.168927 0.234197
2 0.591512 0.0483734 0.0989998 0.0729141 0.232246
2 0.510033 0.0335317 0.0795809 0.0670635 0.214636
2 0.592577 0.0479348 0.0991117 0.0758402 0.194657
2 0.508955 0.0337695 0.0685338 0.067539 0.192936
2 0.459386 0.0943962 0.0769352 0.0872877 0.186732
2 0.509004 0.0338222 0.0667154 0.0676445 0.175147
2 0.600047 0.317412 0.0799528 0.102943 0.166381
2 0.514691 0.0331575 0.0809178 0.0657699 0.143343
2 0.516748 0.457061 0.117415 0.0835867 0.140477
2 0.592414 0.0477314 0.0967817 0.0759768 0.139879
2 0.514187 0.0336659 0.077092 0.0673318 0.134918
2 0.510447 0.0338292 0.0683337 0.0676584 0.130812
2 0.592834 0.0445522 0.098988 0.0797814 0.115224
2 0.573971 0.412142 0.0504098 0.0703339 0.0988952
2 0.572639 0.162389 0.0927366 0.161887 0.0927786
2 0.519113 0.0369339 0.104296 0.0738678 0.0844888
2 0.459638 0.0954296 0.0737403 0.0865447 0.0754108
2 0.626248 0.56507 0.0919029 0.107026 0.0664317
2 0.625275 0.565411 0.0952612 0.106013 0.0648059
2 0.590187 0.0495746 0.0968999 0.0737407 0.0631908
2 0.594169 0.0492271 0.103723 0.0805218 0.0578858
2 0.625851 0.567045 0.0935398 0.106848 0.0565665
2 0.509974 0.0345367 0.0670232 0.0690733 0.0542887
2 0.742882 0.314316 0.0718789 0.0764621 0.0530165
2 0.515878 0.456286 0.1153 0.0848032 0.0458499
2 0.517162 0.458706 0.118322 0.0819656 0.0428349
2 0.626324 0.56501 0.0960041 0.104067 0.0390555
2 0.461359 0.0975898 0.0803388 0.0862054 0.0371161
2 0.709536 0.113641 0.0525409 0.0800217 0.0360626
2 0.460505 0.0951199 0.0774757 0.0859725 0.0360571
2 0.573649 0.411633 0.0482113 0.0676446 0.035763
2 0.710306 0.113032 0.0539133 0.081337 0.0356412
2 0.710587 0.114693 0.049988 0.0761745 0.0345997
2 0.575229 0.41285 0.0576818 0.0794392 0.0328741
2 0.666398 0.34582 0.0509621 0.063611 0.032288
2 0.711614 0.114616 0.0515151 0.0783584 0.03077
2 0.574272 0.167756 0.0909956 0.17159 0.0305822
2 0.711252 0.112 0.0544518 0.0854244 0.0299245
2 0.78281 0.140224 0.0572739 0.0702808 0.029852
2 0.514114 0.0344329 0.0764698 0.0688658 0.0295279
2 0.589352 0.0452024 0.0991427 0.078495 0.0292691
2 0.74183 0.314203 0.0746797 0.0813393 0.0280088
2 0.709934 0.131949 0.0460101 0.0442951 0.0277929
2 0.709234 0.138719 0.0419146 0.0288405 0.0265212
2 0.780587 0.142959 0.0531842 0.0644183 0.0258525
2 0.710384 0.116554 0.0490257 0.0730213 0.025826
2 0.667314 0.349204 0.0517721 0.0640985 0.0237019
2 0.662031 0.343973 0.0477927 0.0568774 0.0229748
2 0.508743 0.038976 0.0723118 0.0639332 0.0203166
2 0.603796 0.0489375 0.0791644 0.0757262 0.0190453
2 0.740983 0.311042 0.0688033 0.0790556 0.0180476
2 0.461699 0.0975162 0.0732809 0.0851109 0.017599
2 0.574283 0.191444 0.0931097 0.12255 0.0175338
2 0.711595 0.122218 0.0502153 0.0655577 0.0168439
2 0.709334 0.110713 0.0532996 0.0812507 0.0168133
2 0.66494 0.344819 0.0496509 0.0582997 0.0164757
2 0.609343 0.0451894 0.0689251 0.0775223 0.0158336
2 0.707019 0.0859609 0.0527063 0.056861 0.0151192
2 0.510149 0.0403465 0.0727176 0.0596707 0.0149987
2 0.575038 0.412122 0.0588424 0.0795638 0.0148528
2 0.708648 0.103196 0.0491038 0.0597814 0.0148362
2 0.673339 0.364616 0.0523547 0.0592912 0.0148357
2 0.611674 0.0482748 0.0605648 0.0753887 0.0147534
2 0.706856 0.114171 0.0548728 0.0786568 0.0147351
2 0.70392 0.0892646 0.0425578 0.0394774 0.0145951
2 0.707771 0.0980317 0.0524497 0.0655534 0.014108
2 0.705774 0.095989 0.0463215 0.0460589 0.0139765
2 0.591924 0.0432439 0.107689 0.0864878 0.0135753
2 0.615344 0.0488877 0.0632053 0.0808863 0.0135575
2 0.671521 0.354156 0.0568135 0.0726407 0.0132537
2 0.662667 0.344652 0.0489484 0.0559365 0.0127974
2 0.570283 0.153824 0.0873632 0.143415 0.0127716
2 0.710874 0.109507 0.0589218 0.0892504 0.0126081
2 0.670327 0.359028 0.0539731 0.068896 0.0125044
2 0.706747 0.138308 0.0427848 0.0335287 0.012419
2 0.706134 0.0896322 0.0447777 0.0400312 0.0124089
2 0.7053 0.0837031 0.0480138 0.0491021 0.0122988
2 0.663724 0.339112 0.0489893 0.0654639 0.0122933
2 0.564828 0.164323 0.0820832 0.16313 0.0121591
2 0.669008 0.355091 0.0531733 0.069598 0.011842
2 0.783115 0.139914 0.0570014 0.0725677 0.0116005
2 0.708163 0.119591 0.0520544 0.068677 0.0115028
2 0.614199 0.0496112 0.0700371 0.0803361 0.0111686
2 0.708445 0.139168 0.0444238 0.0398089 0.0109046
2 0.544925 0.52884 0.0628374 0.0604613 0.0107841
2 0.657893 0.327341 0.0503901 0.0890066 0.0106359
2 0.666117 0.346825 0.0505915 0.0595996 0.0104887
2 0.595021 0.0429418 0.112509 0.0858836 0.0104336
2 0.528885 0.0884541 0.0438152 0.0354001 0.0103298
2 0.460448 0.0924068 0.080411 0.0941651 0.0101376
