3 0.539095 0.403198 0.457157 0.601855 0.883659
3 0.539651 0.402375 0.455031 0.606499 0.871503
3 0.53932 0.40351 0.456153 0.602751 0.858008
3 0.539334 0.405019 0.453754 0.60598 0.856994
3 0.538185 0.405052 0.451914 0.606071 0.844687
3 0.538798 0.405566 0.457454 0.597633 0.840138
3 0.538217 0.402715 0.454225 0.607022 0.831334
3 0.536565 0.403222 0.455883 0.601726 0.812952
3 0.537184 0.403002 0.453918 0.605147 0.795699
3 0.53707 0.405121 0.452454 0.605625 0.782517
3 0.537407 0.45483 0.306079 0.416667 0.041709
3 0.547811 0.4466 0.306942 0.39913 0.0315586
5 0.392023 0.524551 0.0613585 0.0669275 0.0275299
3 0.537052 0.422939 0.283768 0.344116 0.0264921
5 0.391763 0.525967 0.0612608 0.0739517 0.024366
3 0.541727 0.466418 0.31339 0.426713 0.0242114
5 0.392856 0.526922 0.0589225 0.0729563 0.0193266
3 0.529885 0.448391 0.274282 0.399317 0.0190697
3 0.540709 0.419949 0.274765 0.337915 0.0188846
5 0.392721 0.526215 0.0596076 0.0715567 0.0150136
2 0.690319 0.377925 0.0222954 0.029502 0.014735
5 0.391486 0.524501 0.0647783 0.0759318 0.014336
5 0.392686 0.525128 0.0576069 0.0678128 0.014007
3 0.527689 0.419318 0.268437 0.33221 0.0136382
3 0.553472 0.461806 0.322139 0.410418 0.01325
2 0.690298 0.377876 0.0239841 0.0305576 0.0125779
5 0.391713 0.526944 0.0594399 0.0736565 0.0119996
5 0.392608 0.527051 0.0588746 0.0738546 0.0115282
2 0.637077 0.526676 0.026519 0.0307022 0.010881
3 0.534399 0.465065 0.269658 0.412551 0.0104009
2 0.637312 0.52675 0.0259937 0.0303871 0.0100812
