0 0.396862 0.502642 0.401529 0.466353 0.527748
0 0.396447 0.501811 0.398227 0.464807 0.503643
0 0.396788 0.501207 0.404535 0.463802 0.502716
0 0.39598 0.502926 0.403827 0.468355 0.4508
0 0.395408 0.502564 0.404114 0.468538 0.415056
0 0.39602 0.502082 0.399376 0.464407 0.408101
0 0.397188 0.482079 0.3974 0.426367 0.34585
0 0.394996 0.50229 0.407456 0.467206 0.305348
0 0.394859 0.501459 0.409307 0.467448 0.29728
0 0.394785 0.50389 0.401844 0.460711 0.277785
0 0.394711 0.503473 0.409922 0.468477 0.197954
0 0.391137 0.516935 0.246347 0.191177 0.0818669
3 0.389574 0.504843 0.238807 0.212124 0.076572
3 0.39625 0.513225 0.254277 0.19431 0.0764194
3 0.376993 0.504943 0.20868 0.207234 0.061714
0 0.397959 0.525611 0.238975 0.177076 0.0610944
0 0.397863 0.492872 0.24623 0.242618 0.056049
3 0.384841 0.513153 0.230287 0.192394 0.0539992
3 0.362534 0.505446 0.178156 0.205651 0.0427336
0 0.392063 0.481491 0.246736 0.258112 0.0340435
3 0.368607 0.492163 0.19207 0.23175 0.0331464
0 0.448019 0.536533 0.129721 0.159177 0.0317638
0 0.399873 0.478154 0.256223 0.270225 0.030928
3 0.356825 0.5059 0.145771 0.185741 0.0275996
0 0.433826 0.488766 0.177876 0.256851 0.0263709
3 0.35597 0.503849 0.14504 0.175236 0.0235306
3 0.365268 0.507417 0.146474 0.171059 0.0224718
3 0.364546 0.499818 0.146527 0.163351 0.0218057
3 0.363637 0.489133 0.147394 0.155384 0.0212502
0 0.456612 0.544445 0.147645 0.150369 0.01993
0 0.402901 0.532149 0.231208 0.166802 0.0193749
0 0.447848 0.542216 0.124845 0.144882 0.0185073
3 0.365793 0.516564 0.148749 0.166204 0.0181204
0 0.403786 0.477836 0.255302 0.267574 0.0178929
0 0.393878 0.525521 0.251657 0.181923 0.0170986
0 0.422963 0.478521 0.210183 0.271506 0.0169804
3 0.358245 0.497756 0.168727 0.216042 0.0151445
0 0.396845 0.390738 0.391942 0.243036 0.0150633
0 0.403819 0.47442 0.26266 0.26984 0.0147523
0 0.408259 0.467838 0.253137 0.246387 0.0144225
3 0.356783 0.511193 0.1443 0.17493 0.0137613
3 0.355283 0.493884 0.142584 0.16015 0.0135896
0 0.452353 0.487956 0.159833 0.262512 0.0131503
4 0.396082 0.521793 0.260496 0.189027 0.0124355
0 0.424797 0.480711 0.206376 0.264894 0.0110295
3 0.363133 0.482667 0.147923 0.140357 0.0108813
0 0.419258 0.41696 0.284904 0.168792 0.0107243
3 0.352429 0.504012 0.167135 0.204525 0.0107124
3 0.336721 0.506151 0.113537 0.184588 0.0106511
4 0.457541 0.564714 0.0999616 0.0828678 0.0105041
3 0.367108 0.528432 0.153297 0.150908 0.0103688
