1 0.600849 0.414652 0.626587 0.760801 0.954037
1 0.600186 0.415969 0.616262 0.760538 0.949874
1 0.600617 0.414967 0.628654 0.763341 0.949463
1 0.599729 0.41525 0.620618 0.760945 0.946908
1 0.599505 0.413239 0.618587 0.763764 0.94351
1 0.601048 0.413002 0.629823 0.756512 0.941905
1 0.601377 0.413325 0.621249 0.756511 0.941135
1 0.600727 0.41513 0.620425 0.764259 0.940915
1 0.600508 0.415772 0.615811 0.763154 0.940071
1 0.601044 0.415013 0.619915 0.758196 0.931138
5 0.651382 0.70568 0.0514997 0.0571817 0.173226
5 0.65242 0.706108 0.0496476 0.0558602 0.148419
5 0.651774 0.706866 0.0464688 0.0538702 0.125871
5 0.652271 0.707586 0.0446928 0.0539888 0.122716
5 0.652566 0.707399 0.0458135 0.0526606 0.112777
5 0.652526 0.708777 0.0506014 0.0578752 0.112116
5 0.652052 0.707165 0.0453432 0.0533429 0.103815
5 0.652471 0.708001 0.0409853 0.0496322 0.0879228
5 0.652414 0.707293 0.0458363 0.0521738 0.0872408
5 0.65224 0.708104 0.0531972 0.0605101 0.0871285
5 0.501076 0.388547 0.0301101 0.035389 0.0835722
5 0.653154 0.708531 0.0541227 0.0620897 0.0831375
5 0.652294 0.707573 0.040623 0.0487854 0.0651359
5 0.501931 0.389309 0.0361167 0.0415519 0.0631489
5 0.501775 0.388558 0.0306328 0.0373333 0.0621465
5 0.650855 0.704474 0.059223 0.0659436 0.0605262
5 0.501093 0.389 0.033385 0.0390758 0.0596518
5 0.50226 0.388732 0.0364383 0.0418224 0.0570789
5 0.502498 0.388901 0.0374661 0.0436543 0.0514334
5 0.47535 0.360525 0.0232877 0.0280309 0.0473915
5 0.65399 0.70553 0.0571861 0.0648595 0.0368465
5 0.474409 0.360308 0.0241398 0.0288269 0.0317615
5 0.651177 0.704628 0.0673775 0.0691361 0.0313486
5 0.78218 0.266235 0.0242767 0.0297579 0.0290426
5 0.653782 0.705073 0.0617114 0.0688021 0.0258984
5 0.475412 0.359221 0.0300971 0.0331033 0.0256303
5 0.654597 0.706258 0.0571572 0.0624105 0.024182
5 0.781932 0.265984 0.0288353 0.0330107 0.0229532
5 0.503453 0.386779 0.0431267 0.0522022 0.0203546
5 0.479844 0.362547 0.0359858 0.0357477 0.0171942
5 0.781435 0.265994 0.0312508 0.0344214 0.0170416
5 0.649759 0.706819 0.0639539 0.0676684 0.0163306
5 0.503799 0.38753 0.0454003 0.053451 0.016058
5 0.474569 0.361041 0.031987 0.0358217 0.0160238
5 0.78264 0.26557 0.034095 0.0393029 0.015851
5 0.782299 0.265668 0.0360218 0.039873 0.0156333
5 0.4754 0.359573 0.0298412 0.0336384 0.0148033
5 0.78145 0.265697 0.0327677 0.0357241 0.0134146
5 0.503226 0.387404 0.0452138 0.0516357 0.0124591
5 0.781723 0.266964 0.0327986 0.0403174 0.0120742
5 0.649747 0.706746 0.0643048 0.0667207 0.0115173
