0 0.474797 0.559838 0.475481 0.553124 0.390125
0 0.473069 0.561914 0.475223 0.546675 0.372671
0 0.472501 0.555731 0.473159 0.547752 0.324584
0 0.469282 0.556096 0.46841 0.544221 0.32303
0 0.470596 0.557629 0.472242 0.547552 0.295796
0 0.47139 0.559909 0.474434 0.550479 0.228647
0 0.466174 0.554629 0.465167 0.546409 0.2212
0 0.470103 0.555328 0.469872 0.549429 0.203437
0 0.469426 0.556784 0.470931 0.550107 0.165219
5 0.488334 0.57346 0.0268414 0.0336655 0.151413
5 0.488259 0.57321 0.0312972 0.037914 0.143264
5 0.488342 0.57372 0.0290792 0.0366464 0.141094
5 0.489152 0.574058 0.0242328 0.031761 0.137129
5 0.488926 0.574045 0.027621 0.0338404 0.119429
5 0.556386 0.561124 0.0231299 0.0299598 0.105015
5 0.488246 0.573313 0.0311922 0.0373621 0.098051
1 0.468627 0.55619 0.47062 0.552721 0.0965074
5 0.557011 0.560801 0.0262369 0.0321649 0.0735743
5 0.544779 0.587043 0.0191729 0.0238248 0.0630701
5 0.555573 0.560342 0.0258036 0.032536 0.0555189
5 0.556357 0.559825 0.0314704 0.0370176 0.048331
5 0.648854 0.521487 0.130605 0.375198 0.047132
5 0.648118 0.51262 0.131645 0.384619 0.0424682
5 0.55686 0.55952 0.0321418 0.0373264 0.0402328
5 0.554378 0.560575 0.0268214 0.0342281 0.0373381
5 0.544875 0.58772 0.0228018 0.0284075 0.0308305
5 0.490252 0.574019 0.0385455 0.042255 0.0304734
0 0.474449 0.431537 0.479693 0.314046 0.0288667
5 0.562788 0.588316 0.0291436 0.0259725 0.0263149
5 0.557504 0.560777 0.0357566 0.0446241 0.0263142
5 0.557957 0.564514 0.0366012 0.0463152 0.0262166
5 0.489713 0.572983 0.0385296 0.042871 0.0250459
5 0.556736 0.587369 0.0393461 0.0274785 0.0238577
5 0.542845 0.58709 0.0258628 0.0293993 0.0232682
5 0.623646 0.529943 0.151755 0.387882 0.021908
1 0.30079 0.575797 0.142411 0.472738 0.0212888
5 0.556894 0.562115 0.0399967 0.0485183 0.0199153
5 0.489844 0.573196 0.0406062 0.0442324 0.0193327
5 0.558876 0.588404 0.0337584 0.0305508 0.019294
1 0.288107 0.583211 0.112219 0.443991 0.0181152
5 0.485656 0.572931 0.043552 0.0475729 0.0180179
0 0.493042 0.549074 0.233168 0.27616 0.0178057
5 0.542646 0.58617 0.028698 0.0366396 0.0172609
1 0.301345 0.584404 0.137929 0.462601 0.0160808
1 0.302792 0.573877 0.152982 0.489892 0.0158434
5 0.485575 0.574016 0.0439559 0.0492369 0.0148706
1 0.287428 0.587162 0.109523 0.449181 0.014371
0 0.485205 0.424487 0.447876 0.294866 0.0141747
5 0.488368 0.57625 0.0423785 0.0548604 0.0140357
0 0.476666 0.437324 0.474308 0.32361 0.0135322
5 0.660122 0.511297 0.132905 0.40843 0.0133508
5 0.648143 0.501965 0.136221 0.399276 0.0121413
0 0.530578 0.53442 0.157695 0.210552 0.0119215
5 0.487399 0.576198 0.0405477 0.0533727 0.0116915
0 0.540914 0.530663 0.160871 0.255276 0.0114194
0 0.4728 0.552034 0.297224 0.355946 0.0112577
5 0.650748 0.532709 0.131705 0.375132 0.0111023
0 0.496393 0.53906 0.246008 0.340292 0.010164
