3 0.504865 0.445741 0.502254 0.629058 0.915553
3 0.510522 0.444639 0.496161 0.628769 0.911513
3 0.5075 0.445337 0.494678 0.629376 0.895773
3 0.511126 0.444957 0.493763 0.629763 0.886363
3 0.507839 0.445799 0.495219 0.628727 0.882646
3 0.511367 0.446093 0.493247 0.628433 0.880502
3 0.507118 0.444205 0.496819 0.628364 0.880105
3 0.507828 0.444425 0.494928 0.628728 0.873749
3 0.508499 0.446262 0.493265 0.627446 0.864189
3 0.51117 0.44926 0.493667 0.633242 0.612444
1 0.289173 0.440638 0.0583341 0.351546 0.031777
1 0.289143 0.434341 0.0578265 0.369949 0.0273903
1 0.289824 0.442582 0.0594242 0.340445 0.0154269
