3 0.497409 0.548479 0.326299 0.426382 0.682954
3 0.497021 0.547167 0.32589 0.428697 0.649369
3 0.497334 0.546536 0.326444 0.431368 0.648238
3 0.49792 0.545818 0.326493 0.432547 0.626352
3 0.497718 0.545912 0.325734 0.433026 0.601919
3 0.498595 0.548598 0.32667 0.428107 0.594133
3 0.498367 0.547481 0.324871 0.437393 0.558509
3 0.499344 0.547121 0.326796 0.432632 0.555193
3 0.499955 0.549063 0.328103 0.436178 0.485284
3 0.498442 0.548565 0.325885 0.426957 0.380516
2 0.634658 0.610392 0.0137919 0.0174065 0.0363991
5 0.627871 0.339893 0.0456634 0.090255 0.0297759
2 0.369559 0.641736 0.0262965 0.0365889 0.0289202
5 0.628803 0.340663 0.0504924 0.0898301 0.0257434
2 0.368548 0.642121 0.0297809 0.0417444 0.0253181
5 0.630387 0.339649 0.0485093 0.0898452 0.0247885
2 0.36872 0.6417 0.0281892 0.0404696 0.0230666
2 0.595839 0.209415 0.0264782 0.040661 0.0216704
2 0.595807 0.20946 0.0276319 0.0400653 0.0203375
3 0.499277 0.546055 0.326943 0.434673 0.019839
2 0.369374 0.641863 0.0298054 0.0379703 0.0152048
3 0.52337 0.513424 0.236283 0.293958 0.0151368
5 0.62761 0.34025 0.0439226 0.0896617 0.013027
5 0.627932 0.341651 0.0535667 0.091326 0.0125979
5 0.629426 0.339766 0.0564342 0.0927422 0.0119578
2 0.594495 0.209645 0.0332991 0.0470675 0.0117345
2 0.368909 0.642331 0.0297692 0.0433459 0.0116415
