1 0.410553 0.552248 0.538577 0.579216 0.950151
1 0.411035 0.552104 0.535022 0.578294 0.949036
1 0.410126 0.554352 0.539059 0.575259 0.948116
1 0.409847 0.554386 0.533704 0.575685 0.946465
1 0.41048 0.554866 0.541276 0.582785 0.945347
1 0.410943 0.554031 0.535261 0.582792 0.943251
1 0.411525 0.552525 0.535465 0.577918 0.915039
1 0.412308 0.553373 0.536463 0.581544 0.895604
1 0.411846 0.556463 0.544593 0.583192 0.8791
1 0.409957 0.555816 0.535567 0.58421 0.816249
1 0.408796 0.552422 0.534196 0.578977 0.030713
