3 0.509756 0.538835 0.495366 0.559153 0.649006
3 0.508426 0.536768 0.494546 0.569382 0.645995
3 0.506018 0.534877 0.492779 0.570961 0.626483
3 0.508922 0.535175 0.493906 0.573268 0.618745
3 0.508395 0.539763 0.493608 0.555701 0.610479
3 0.506435 0.536458 0.493706 0.56789 0.605278
3 0.5058 0.53272 0.493136 0.571982 0.580349
3 0.509415 0.53481 0.495521 0.564772 0.56097
3 0.508579 0.530547 0.493479 0.574265 0.546518
3 0.50791 0.532332 0.495557 0.572352 0.391514
5 0.0189105 0.0685809 0.0378211 0.0676088 0.0589343
5 0.0188447 0.0681571 0.0375368 0.0631783 0.0530939
5 0.0179543 0.0692209 0.0359085 0.0571075 0.0475454
5 0.0171611 0.0699721 0.0340271 0.0560959 0.0408169
5 0.0170094 0.0702064 0.0340189 0.0582282 0.0369413
5 0.0173116 0.0698088 0.0346231 0.0586263 0.0362606
5 0.0192669 0.0693642 0.0385338 0.0657944 0.0342126
5 0.0166372 0.0695867 0.0331808 0.0537649 0.029863
5 0.0189433 0.070245 0.0378865 0.0638457 0.0275751
5 0.0222013 0.0684887 0.0444027 0.0761899 0.0263242
5 0.938676 0.458188 0.0466373 0.0634127 0.0255808
5 0.939039 0.458769 0.0533837 0.0678789 0.0254431
5 0.0166327 0.069592 0.0332655 0.056034 0.0221549
5 0.939423 0.459131 0.0442906 0.0605496 0.0214486
5 0.0195768 0.0704563 0.0391536 0.0631452 0.0209442
2 0.629458 0.661968 0.105579 0.063333 0.0205321
5 0.0201137 0.0711911 0.0402273 0.0728953 0.0189325
5 0.939214 0.459656 0.0414381 0.0596286 0.0186278
5 0.939078 0.45976 0.0483033 0.063858 0.0178004
5 0.938701 0.458337 0.0448319 0.0624024 0.0174553
5 0.939461 0.459185 0.0421803 0.0599498 0.0170063
5 0.0208859 0.0720595 0.041759 0.0734501 0.0166567
5 0.939825 0.459315 0.0422428 0.0608221 0.0155396
4 0.496036 0.711765 0.394539 0.235986 0.0152249
5 0.939326 0.459534 0.0389175 0.057973 0.0126199
4 0.50689 0.714448 0.390145 0.226229 0.0109498
5 0.939349 0.459477 0.0393267 0.057792 0.0108947
