3 0.538111 0.499192 0.335579 0.406847 0.432106
2 0.398099 0.457727 0.0409707 0.0550039 0.357046
2 0.397967 0.458241 0.0411881 0.0561064 0.310032
2 0.397762 0.457723 0.0413198 0.0558938 0.305289
2 0.398491 0.458429 0.0437795 0.0578955 0.296891
3 0.53667 0.49926 0.33973 0.406709 0.278096
2 0.397135 0.458124 0.0437039 0.0584582 0.258547
5 0.39689 0.457601 0.0463669 0.0590939 0.244568
2 0.397631 0.458357 0.042581 0.0564212 0.239006
5 0.397009 0.457689 0.046348 0.0601378 0.234037
5 0.396897 0.458333 0.0464614 0.058152 0.231916
3 0.537181 0.498281 0.339697 0.406903 0.227599
2 0.398568 0.457927 0.0440617 0.058998 0.22756
3 0.53842 0.498199 0.341115 0.40764 0.222674
2 0.459219 0.350227 0.0421554 0.045797 0.212801
3 0.536642 0.497083 0.344002 0.412966 0.175387
2 0.458747 0.351195 0.0411942 0.0445301 0.169541
2 0.683377 0.465904 0.0288862 0.032721 0.162663
2 0.459181 0.351268 0.0398986 0.0442544 0.159112
5 0.397307 0.457471 0.0520312 0.0625862 0.155188
3 0.537594 0.495106 0.341098 0.412081 0.146682
2 0.459829 0.350562 0.0406727 0.0442773 0.145636
3 0.539075 0.495449 0.344432 0.413837 0.135331
5 0.396269 0.530957 0.0202277 0.0247663 0.123601
5 0.418656 0.628342 0.0334646 0.0502378 0.123463
2 0.46153 0.350314 0.0504502 0.0504826 0.115397
5 0.63049 0.387095 0.024462 0.030666 0.114578
3 0.538599 0.500248 0.223004 0.268483 0.113877
2 0.682889 0.466282 0.0284776 0.0307347 0.113816
5 0.524977 0.5746 0.0231929 0.0273522 0.109918
5 0.39575 0.530791 0.0215483 0.0260241 0.103574
3 0.537506 0.496442 0.350098 0.413322 0.102532
3 0.539051 0.502851 0.221558 0.275424 0.101632
5 0.418778 0.62784 0.0322781 0.0517767 0.0997781
2 0.631147 0.387039 0.0245183 0.0310834 0.0977287
5 0.630184 0.38697 0.028955 0.0371181 0.094761
5 0.693861 0.524605 0.0327712 0.0430662 0.0907969
5 0.63085 0.386578 0.0248043 0.0315245 0.0888192
2 0.45967 0.35092 0.0437814 0.0472133 0.0886457
5 0.68291 0.465675 0.0321224 0.0345702 0.0872918
5 0.525007 0.574987 0.0256628 0.0309689 0.0856454
3 0.537389 0.495547 0.345391 0.41284 0.0850269
5 0.693811 0.524813 0.0271187 0.036378 0.0847026
5 0.682424 0.46673 0.0315356 0.0361997 0.0845152
2 0.682661 0.465572 0.0342109 0.0360072 0.0844754
5 0.69408 0.52482 0.0272558 0.0373212 0.0840332
5 0.630839 0.386766 0.0299528 0.0364152 0.082184
3 0.541093 0.505844 0.226232 0.266023 0.0813065
5 0.418428 0.627934 0.0332478 0.051227 0.0768455
5 0.525683 0.574826 0.0248493 0.0296346 0.0762113
5 0.395703 0.530626 0.0250508 0.028431 0.0744071
5 0.458755 0.351055 0.0451557 0.0465383 0.0724133
3 0.542266 0.503551 0.221794 0.273121 0.0713452
5 0.525618 0.57473 0.0273164 0.0324047 0.0674416
5 0.395801 0.530524 0.0266862 0.0288487 0.0655497
5 0.692255 0.524806 0.035549 0.0432749 0.065191
2 0.397034 0.458288 0.0545145 0.065975 0.064222
5 0.397294 0.457377 0.0522259 0.0651821 0.0607085
5 0.691932 0.523984 0.0347976 0.042723 0.0575194
5 0.680815 0.466042 0.0388704 0.040127 0.0549732
5 0.418432 0.628309 0.031936 0.048168 0.0535228
5 0.417858 0.628798 0.0343539 0.0504785 0.0518046
5 0.682703 0.46648 0.0329008 0.0356907 0.0511986
2 0.397397 0.458768 0.0567109 0.0661392 0.0475233
5 0.459156 0.350819 0.0457055 0.04753 0.0465412
5 0.68143 0.467241 0.0409814 0.0436392 0.0461003
2 0.630685 0.3867 0.0257548 0.0318548 0.0445727
3 0.537485 0.508814 0.230575 0.259382 0.0442478
5 0.693465 0.524909 0.0358206 0.0457133 0.0418312
3 0.538095 0.505961 0.21637 0.277809 0.0409616
5 0.6928 0.523714 0.0391567 0.0470807 0.0363502
5 0.525079 0.573224 0.0300237 0.0333423 0.0355127
5 0.69417 0.524724 0.030625 0.0420609 0.0339061
5 0.681052 0.464713 0.0402469 0.0407034 0.0328635
5 0.569032 0.337116 0.0560445 0.0481223 0.0328587
5 0.692818 0.526404 0.0404886 0.0509491 0.0310759
3 0.542033 0.505776 0.209343 0.280137 0.0304198
5 0.569947 0.337728 0.0562569 0.0442432 0.0298101
5 0.627534 0.38728 0.0373031 0.0414965 0.0277702
5 0.694462 0.526538 0.0365026 0.048788 0.0271036
3 0.529095 0.497502 0.204185 0.25933 0.0268118
5 0.524971 0.573446 0.0310842 0.0350903 0.0266192
5 0.62797 0.387032 0.0388217 0.0443481 0.0263553
2 0.483468 0.338645 0.0250419 0.0373718 0.0259287
3 0.538974 0.493503 0.34771 0.414139 0.0256973
5 0.39566 0.455545 0.0590734 0.0662486 0.0255212
3 0.527552 0.502481 0.199197 0.269677 0.0247763
5 0.694194 0.525232 0.0300384 0.0412353 0.0244478
5 0.570995 0.337297 0.0594085 0.0502599 0.0242991
5 0.572514 0.338941 0.0641386 0.0450428 0.0242048
5 0.465278 0.347052 0.0550529 0.0572256 0.0241403
3 0.539294 0.518615 0.230728 0.253673 0.0236278
5 0.417438 0.627584 0.0393184 0.0550026 0.0228504
5 0.460671 0.35163 0.0520605 0.0583208 0.0203874
5 0.396293 0.531672 0.0289352 0.0336274 0.0179133
5 0.458607 0.353086 0.0532786 0.0567859 0.0176621
5 0.570628 0.337801 0.0574915 0.0440088 0.0173026
5 0.571827 0.338704 0.0625406 0.0442486 0.0169041
5 0.628844 0.384752 0.0410377 0.0490639 0.0168282
5 0.41843 0.628637 0.0320805 0.0478637 0.0164146
5 0.463306 0.346215 0.0532116 0.0597729 0.0159
5 0.486019 0.33299 0.0237734 0.0287546 0.0153801
5 0.460905 0.347508 0.0553615 0.0681313 0.0145247
5 0.417108 0.629218 0.0426474 0.0570631 0.0131905
3 0.55334 0.516584 0.206859 0.249187 0.0119803
5 0.415972 0.625371 0.0409313 0.0552683 0.0114105
5 0.481917 0.330381 0.0426401 0.0797201 0.011395
3 0.548906 0.51137 0.215046 0.262543 0.0111444
5 0.5219 0.574538 0.0355175 0.0357126 0.0103978
