2 0.712609 0.712056 0.0640467 0.0805228 0.325618
2 0.516503 0.514328 0.0280497 0.0442548 0.14607
2 0.475427 0.645495 0.0323403 0.0417971 0.145555
5 0.386234 0.50482 0.0255025 0.0515288 0.135612
2 0.386978 0.505479 0.0255559 0.0484037 0.129623
2 0.852629 0.44834 0.0210017 0.0329145 0.125016
2 0.675626 0.430678 0.025019 0.0403124 0.11862
5 0.411241 0.527458 0.018757 0.0309178 0.118613
5 0.353489 0.527269 0.0269483 0.0360704 0.113996
2 0.564521 0.638885 0.0219156 0.0345179 0.112259
2 0.607098 0.677536 0.0304911 0.0442691 0.110464
2 0.602406 0.615512 0.0326124 0.0481822 0.103741
2 0.883513 0.637266 0.0257705 0.0405659 0.0922526
5 0.406818 0.426006 0.0270097 0.0398244 0.0823317
5 0.41015 0.589894 0.0294661 0.0456778 0.0798582
2 0.467076 0.710388 0.0378183 0.047439 0.0752166
5 0.468848 0.711062 0.0388212 0.0446173 0.0742776
5 0.429873 0.500783 0.026023 0.0423638 0.0668403
2 0.913244 0.582004 0.020972 0.0316609 0.0645481
2 0.363496 0.631614 0.022012 0.0338014 0.05735
2 0.583612 0.568184 0.0228475 0.0348109 0.0546049
2 0.909076 0.480205 0.0201921 0.0334605 0.0543984
2 0.769723 0.713791 0.0211394 0.03229 0.0529251
2 0.755504 0.589665 0.0213179 0.0329425 0.0453527
5 0.389602 0.559939 0.0207645 0.0265804 0.044395
2 0.716693 0.380675 0.025856 0.04039 0.0436244
2 0.489534 0.582409 0.0200531 0.0283084 0.0381928
2 0.793383 0.478483 0.0217824 0.0332731 0.0378641
5 0.408065 0.521098 0.023365 0.0385236 0.0377787
5 0.58356 0.567749 0.0249556 0.0370468 0.0356005
2 0.660638 0.602403 0.0186111 0.0300661 0.035138
2 0.813087 0.358844 0.0241825 0.0369734 0.0340099
2 0.430894 0.501596 0.0281806 0.045344 0.0311307
2 0.637853 0.313381 0.0197791 0.0319614 0.0309202
3 0.565715 0.494151 0.868571 0.739616 0.0304472
5 0.416171 0.51949 0.0222929 0.0410918 0.0299515
2 0.765601 0.415691 0.022597 0.0350366 0.0296926
2 0.754577 0.760778 0.019143 0.0284002 0.0277715
2 0.508837 0.672062 0.0169497 0.0242192 0.0268868
2 0.327118 0.785892 0.0213515 0.035283 0.0254277
2 0.845581 0.491237 0.0198211 0.026753 0.025089
2 0.865275 0.638793 0.0189398 0.0343392 0.0226913
2 0.458476 0.468272 0.0221624 0.0310354 0.0210274
5 0.327523 0.784811 0.0259358 0.0417083 0.0194556
2 0.276821 0.293338 0.02023 0.0302113 0.0184088
2 0.424616 0.560846 0.0195948 0.0255001 0.0183491
2 0.845938 0.349327 0.0181489 0.0296759 0.0179134
2 0.484818 0.534514 0.0220299 0.0313337 0.017408
2 0.311433 0.648204 0.023113 0.0344308 0.0173096
2 0.665393 0.370747 0.0255944 0.0365591 0.0172423
2 0.951302 0.391594 0.018219 0.0278808 0.0169154
2 0.413332 0.62943 0.0236701 0.0300367 0.0164377
2 0.289945 0.219272 0.0232496 0.0353804 0.0152224
5 0.397101 0.567234 0.0297681 0.0316223 0.0148872
4 0.645198 0.81264 0.257915 0.157125 0.0129097
5 0.128415 0.574216 0.0175857 0.0271786 0.0126165
2 0.178144 0.54699 0.0219065 0.0351619 0.0121719
5 0.258909 0.405123 0.0205267 0.0305929 0.0115647
2 0.768068 0.716322 0.0308611 0.0459302 0.0114194
