2 0.417493 0.524784 0.0974043 0.132562 0.782202
2 0.347365 0.700585 0.0753493 0.130024 0.775728
2 0.247446 0.25954 0.083458 0.108757 0.754009
2 0.63088 0.613419 0.156355 0.187972 0.63977
2 0.571607 0.218329 0.0966285 0.0975893 0.638776
2 0.513639 0.713701 0.143942 0.220893 0.535654
2 0.225156 0.573425 0.103418 0.121007 0.533944
2 0.646312 0.405389 0.0826003 0.0780962 0.516573
2 0.414848 0.740989 0.0669128 0.118821 0.490772
2 0.218003 0.527679 0.109087 0.219726 0.482487
2 0.402585 0.276813 0.164568 0.204449 0.481209
2 0.171771 0.386672 0.076537 0.148275 0.475124
2 0.497417 0.201959 0.145681 0.226442 0.408951
2 0.670991 0.502249 0.145602 0.0960886 0.331493
2 0.584718 0.355978 0.0517771 0.0850577 0.293322
2 0.487998 0.729364 0.0647911 0.158004 0.229547
2 0.76935 0.56778 0.073917 0.0787209 0.190705
2 0.223879 0.475132 0.0990459 0.11276 0.107202
2 0.500467 0.230956 0.0736933 0.194575 0.0837335
2 0.501372 0.251773 0.0522583 0.121338 0.0801858
2 0.50464 0.285154 0.0639278 0.11371 0.051798
2 0.425299 0.72682 0.0941046 0.170645 0.0438432
2 0.410962 0.29633 0.139993 0.128348 0.0244468
2 0.658219 0.542514 0.199053 0.189683 0.0242389
2 0.546387 0.125708 0.0678315 0.0619898 0.0205499
2 0.640537 0.597799 0.109459 0.112029 0.0175938
2 0.515798 0.642815 0.0380077 0.0906085 0.0161512
2 0.635779 0.574435 0.210556 0.288752 0.0138392
2 0.520952 0.697239 0.084143 0.196368 0.0122983
2 0.393481 0.0359113 0.0335642 0.0382843 0.0122004
2 0.479509 0.730987 0.109495 0.187423 0.0118984
2 0.696883 0.496446 0.0900328 0.0837615 0.0107521
2 0.382721 0.271498 0.128745 0.136217 0.0102328
