5 0.822749 0.879626 0.0671948 0.0907877 0.364824
2 0.823631 0.881734 0.0673182 0.089439 0.284416
2 0.248987 0.226035 0.0850344 0.204449 0.228268
5 0.48008 0.401839 0.202147 0.265063 0.206946
5 0.085035 0.897639 0.0824527 0.082133 0.135934
5 0.769424 0.900429 0.0301357 0.0475416 0.0777557
5 0.166847 0.0560555 0.0210729 0.0322136 0.0536055
2 0.775845 0.479651 0.189645 0.370079 0.0260248
1 0.175969 0.384541 0.274632 0.766199 0.0252994
5 0.653316 0.0807383 0.0205478 0.0324387 0.025037
5 0.73423 0.913021 0.0280917 0.0349182 0.0245991
5 0.627449 0.716519 0.036028 0.0515541 0.0239263
2 0.0988862 0.135735 0.113724 0.27147 0.0215437
2 0.260176 0.24699 0.0709259 0.133349 0.0203522
2 0.73328 0.913644 0.0280498 0.0334136 0.0142221
5 0.185217 0.0948662 0.0211217 0.0279676 0.0131182
2 0.191482 0.560998 0.312168 0.365721 0.0129363
2 0.186686 0.096099 0.0196971 0.0284669 0.0129269
3 0.706849 0.272526 0.21426 0.545051 0.0108001
5 0.219778 0.590659 0.323331 0.315842 0.0105816
