2 0.492673 0.170267 0.0460295 0.062294 0.171701
5 0.492096 0.168947 0.0505754 0.0703656 0.16136
3 0.440232 0.497251 0.852519 0.902579 0.0637726
5 0.740612 0.293969 0.0233733 0.0356412 0.0439183
5 0.255684 0.382209 0.0235095 0.0350747 0.0423093
5 0.59036 0.739251 0.0318881 0.041525 0.0306044
1 0.099873 0.458041 0.199746 0.651436 0.0293604
2 0.579779 0.636381 0.0308362 0.0335562 0.0246782
5 0.332869 0.584152 0.0190615 0.0278776 0.0166173
5 0.580084 0.636205 0.0323452 0.037984 0.0163149
5 0.739131 0.295116 0.0328966 0.0504861 0.0137424
2 0.651467 0.300493 0.0195415 0.0295622 0.0122342
3 0.347658 0.513871 0.375427 0.534782 0.0115829
3 0.114416 0.460746 0.22088 0.80586 0.010775
2 0.470739 0.803901 0.0193052 0.03044 0.0101604
