0 0.548331 0.54113 0.671053 0.917741 0.442554
5 0.765353 0.484629 0.021783 0.0361599 0.163618
5 0.755412 0.42419 0.0237562 0.0324988 0.142203
5 0.753987 0.455428 0.0192512 0.0248625 0.12852
5 0.56175 0.674897 0.0261128 0.0404219 0.115472
5 0.80156 0.460504 0.0198475 0.0297928 0.0801423
5 0.686546 0.645383 0.0356347 0.0486271 0.0751686
5 0.727891 0.394542 0.0240854 0.038409 0.0724307
5 0.729312 0.52464 0.0274829 0.0415901 0.0649236
5 0.667429 0.741132 0.0387005 0.0600728 0.0622621
5 0.764796 0.511658 0.0226583 0.029149 0.0599154
5 0.795857 0.413187 0.0246287 0.0440551 0.0456342
5 0.763391 0.423995 0.0302269 0.03856 0.0455761
5 0.699951 0.398482 0.0306815 0.0444256 0.0408925
5 0.731591 0.645571 0.0313849 0.0449516 0.0383038
5 0.749151 0.451671 0.0209676 0.0308125 0.0376052
5 0.721442 0.595793 0.0260916 0.0368253 0.0310054
5 0.72422 0.425962 0.027971 0.0376597 0.0306929
5 0.805813 0.463873 0.0209013 0.031868 0.0305607
5 0.727396 0.436977 0.0261411 0.0451562 0.0294583
5 0.748655 0.435009 0.0227157 0.0434833 0.0276061
5 0.561977 0.671991 0.0381767 0.0563601 0.0266281
5 0.763546 0.520581 0.0241792 0.0333629 0.0195214
0 0.338035 0.553058 0.243692 0.848795 0.0192035
0 0.774245 0.453941 0.206016 0.280105 0.0185356
5 0.735174 0.398218 0.0278382 0.0425568 0.0168283
5 0.687077 0.64355 0.0516376 0.0704662 0.0126548
0 0.763533 0.582002 0.244329 0.596924 0.0121093
