3 0.473098 0.483312 0.350534 0.526209 0.111188
5 0.0230641 0.343092 0.0369707 0.0488945 0.101528
5 0.0350485 0.392921 0.0230908 0.0360357 0.101102
0 0.501929 0.501109 0.635418 0.924919 0.0723201
5 0.0880451 0.316818 0.0347821 0.0499644 0.0677895
5 0.0656165 0.519636 0.0249883 0.0404612 0.0460195
3 0.500651 0.510812 0.650605 0.920878 0.0442943
3 0.468869 0.381638 0.294742 0.31678 0.0410102
0 0.434537 0.430712 0.467852 0.61926 0.0405272
5 0.093369 0.506846 0.0237068 0.039147 0.0337122
5 0.129468 0.504044 0.0197629 0.0298062 0.0277883
5 0.0756737 0.38376 0.0295978 0.044165 0.0216924
5 0.0210932 0.407672 0.0318582 0.0521041 0.0215262
5 0.0279514 0.365584 0.0376561 0.074196 0.0180612
5 0.158122 0.232016 0.0191456 0.0254334 0.0159944
5 0.0307892 0.396033 0.0367282 0.0495478 0.0138475
