2 0.48262 0.483639 0.104609 0.111558 0.65187
2 0.492244 0.226637 0.0861116 0.116428 0.586233
2 0.488831 0.490125 0.103346 0.105726 0.523373
2 0.485509 0.485775 0.112111 0.11584 0.487833
2 0.48658 0.229256 0.091574 0.130381 0.418385
2 0.489987 0.226129 0.0909303 0.1097 0.414963
2 0.485724 0.485677 0.110085 0.106305 0.399446
2 0.472962 0.485426 0.0795133 0.0945164 0.344694
2 0.491539 0.226034 0.092961 0.136023 0.335799
2 0.634416 0.465751 0.0745745 0.115789 0.332742
2 0.486365 0.226692 0.0930039 0.141034 0.327966
2 0.488775 0.487508 0.102466 0.0996541 0.326584
2 0.484987 0.489711 0.113223 0.120219 0.324731
2 0.630933 0.46682 0.0766706 0.10691 0.29367
2 0.634145 0.483081 0.0944935 0.162761 0.292479
2 0.633312 0.479865 0.0931244 0.149856 0.286661
2 0.518849 0.356581 0.0758316 0.0528172 0.282456
2 0.631931 0.472212 0.0939356 0.14155 0.27507
2 0.300661 0.498212 0.0669761 0.0458671 0.274699
2 0.63311 0.477804 0.0965689 0.162406 0.272257
2 0.486235 0.226773 0.0948013 0.101699 0.270617
2 0.300197 0.498128 0.0681779 0.0470569 0.260089
2 0.299247 0.470521 0.0743562 0.0954779 0.256583
2 0.488316 0.215935 0.097089 0.156573 0.254669
2 0.631139 0.475754 0.0795672 0.0954407 0.252933
2 0.633983 0.467759 0.0745754 0.116967 0.252407
2 0.301756 0.498449 0.0627646 0.0431091 0.250437
