3 0.526937 0.459156 0.575358 0.836807 0.836908
3 0.526328 0.457566 0.575703 0.871098 0.836068
3 0.521937 0.463678 0.573407 0.849892 0.81794
3 0.523412 0.45634 0.575328 0.856966 0.765101
3 0.520506 0.457829 0.584272 0.860258 0.761427
3 0.520376 0.463725 0.579767 0.858129 0.725158
3 0.52078 0.454755 0.58265 0.829653 0.705521
3 0.523253 0.469462 0.568736 0.851184 0.671353
3 0.524918 0.456679 0.575931 0.834373 0.655926
3 0.524923 0.421439 0.574813 0.762555 0.362595
3 0.521021 0.485625 0.569339 0.825988 0.285508
