2 0.454069 0.547575 0.0658367 0.0922793 0.879995
2 0.34401 0.18087 0.0707032 0.0892866 0.827672
2 0.560484 0.429258 0.0506678 0.0710311 0.813609
2 0.666894 0.50293 0.0651749 0.0643044 0.812872
2 0.39529 0.254551 0.0799432 0.0978312 0.803036
2 0.454228 0.548552 0.0673247 0.0953156 0.802835
2 0.560663 0.429412 0.0519162 0.0719421 0.784132
2 0.665774 0.50286 0.0649465 0.0667032 0.770454
2 0.560668 0.428181 0.0502005 0.0658005 0.759378
2 0.649984 0.571428 0.049533 0.0605792 0.75431
2 0.649034 0.570958 0.0491419 0.0585775 0.750945
2 0.34429 0.181452 0.0712892 0.0955396 0.747459
2 0.648541 0.571166 0.0477151 0.0601746 0.747237
2 0.560636 0.429867 0.0515267 0.0722554 0.743844
2 0.343859 0.180104 0.0727029 0.0878307 0.739613
2 0.664655 0.501895 0.0643146 0.0679145 0.737052
2 0.667299 0.503684 0.061929 0.066278 0.735896
2 0.456266 0.547564 0.0630228 0.0914279 0.72953
2 0.394029 0.254503 0.0839659 0.0951867 0.72647
2 0.648756 0.57201 0.0464937 0.0567254 0.725892
2 0.562071 0.428845 0.0511862 0.0713021 0.717741
2 0.506047 0.6151 0.0566252 0.0825882 0.714556
2 0.559929 0.429203 0.0492686 0.0722145 0.706105
2 0.648058 0.571202 0.0478076 0.0608597 0.694629
2 0.667727 0.504006 0.0650474 0.0656051 0.692756
2 0.534899 0.25941 0.0780911 0.119492 0.690488
2 0.535654 0.263129 0.077871 0.121637 0.687487
2 0.39623 0.257119 0.0834468 0.0945625 0.683543
2 0.429998 0.406285 0.0935496 0.104298 0.659622
2 0.665479 0.501837 0.0629389 0.0657816 0.6587
2 0.425655 0.402919 0.10533 0.113601 0.648084
2 0.546561 0.570413 0.0513052 0.0884327 0.64641
2 0.45383 0.548341 0.0666271 0.0910817 0.643577
2 0.427746 0.404225 0.0977788 0.107109 0.62299
2 0.455796 0.548207 0.0617891 0.0946173 0.611961
2 0.506215 0.616678 0.0577018 0.0874104 0.602822
2 0.34372 0.175914 0.073973 0.0776875 0.602786
2 0.648565 0.571566 0.0480393 0.0622802 0.594516
2 0.648625 0.571801 0.0465758 0.0558546 0.584885
2 0.561068 0.428562 0.0505289 0.0689008 0.575163
2 0.666988 0.503162 0.0623294 0.0662179 0.566261
2 0.426549 0.404601 0.104284 0.114948 0.546716
2 0.665337 0.503646 0.0620587 0.0611701 0.545551
2 0.434002 0.406102 0.0834848 0.105907 0.542665
2 0.546074 0.570024 0.0507402 0.0793687 0.540685
2 0.344145 0.181417 0.0723237 0.0934815 0.538847
2 0.665093 0.501732 0.0633028 0.0679501 0.536651
2 0.45253 0.550325 0.0689468 0.0915837 0.535524
2 0.536905 0.259536 0.087535 0.131122 0.531003
2 0.561767 0.428889 0.0516309 0.0714157 0.529515
2 0.393864 0.255922 0.0857073 0.0958341 0.528681
2 0.546295 0.57122 0.0522646 0.0888891 0.524352
2 0.545051 0.570977 0.0505237 0.0818439 0.522002
2 0.429781 0.403948 0.0964744 0.102528 0.514522
2 0.507135 0.614345 0.055813 0.084094 0.509475
2 0.454494 0.546509 0.0673195 0.0943635 0.492961
2 0.562811 0.42847 0.0489502 0.0655326 0.47449
2 0.536536 0.259024 0.0732936 0.124409 0.468558
2 0.524138 0.588607 0.112279 0.133183 0.467078
2 0.536946 0.264281 0.0733374 0.127896 0.45561
2 0.506676 0.614758 0.055504 0.0897149 0.454613
2 0.507277 0.614835 0.0559315 0.0833195 0.435157
2 0.648527 0.571129 0.049704 0.062406 0.433886
2 0.39501 0.25495 0.0840616 0.0994177 0.406767
2 0.597243 0.347366 0.0884227 0.0705346 0.393081
2 0.424434 0.406686 0.0966587 0.10229 0.383398
2 0.649926 0.572255 0.0536605 0.0619057 0.382931
2 0.39696 0.257758 0.0924371 0.108582 0.382358
2 0.505994 0.614089 0.0566487 0.0809334 0.371919
2 0.400252 0.2662 0.0695402 0.076972 0.371267
2 0.532112 0.261867 0.0767953 0.113619 0.370979
2 0.547089 0.568625 0.0494534 0.0773263 0.369024
2 0.527181 0.589935 0.1058 0.133823 0.368141
2 0.537783 0.261497 0.0697808 0.115393 0.357359
2 0.547971 0.573469 0.0556337 0.0932147 0.357086
2 0.260462 0.505602 0.0392301 0.0432775 0.356596
2 0.343947 0.179764 0.0722875 0.0902077 0.354908
2 0.535587 0.26145 0.0862447 0.127824 0.353938
2 0.537324 0.260519 0.0736313 0.11174 0.351128
2 0.422662 0.404912 0.0961025 0.105184 0.348886
2 0.456695 0.548482 0.0664054 0.0975666 0.340762
2 0.538233 0.264896 0.0850429 0.125745 0.336402
2 0.545736 0.566695 0.0517191 0.0795234 0.335206
2 0.259649 0.502512 0.0397621 0.0525594 0.321237
2 0.560997 0.428965 0.0543843 0.073546 0.318487
2 0.506531 0.616979 0.0580998 0.0839338 0.317982
2 0.261101 0.501953 0.0374325 0.0535677 0.315799
2 0.396267 0.255631 0.0807592 0.102199 0.314729
2 0.3926 0.253354 0.0802457 0.0941521 0.306737
2 0.353238 0.164923 0.0548436 0.0607272 0.305937
2 0.397104 0.256185 0.0947906 0.105697 0.304007
2 0.522103 0.592425 0.0982415 0.135358 0.302467
2 0.547354 0.572062 0.0507196 0.0861666 0.299477
2 0.394611 0.254997 0.0906556 0.113674 0.293266
2 0.260584 0.502639 0.0394596 0.0502213 0.28795
2 0.533067 0.263222 0.0719673 0.117629 0.287743
2 0.455317 0.548583 0.0757595 0.0984374 0.28035
2 0.259494 0.504674 0.0395598 0.0474536 0.279328
2 0.544823 0.568509 0.0510714 0.081095 0.27175
2 0.425768 0.405068 0.105771 0.113642 0.262641
2 0.540118 0.260043 0.0988635 0.137858 0.260522
2 0.345685 0.180899 0.0724133 0.09443 0.258442
2 0.531866 0.277915 0.0735745 0.0903025 0.252918
