3 0.55896 0.558141 0.545487 0.771899 0.487051
3 0.56409 0.562122 0.546679 0.767656 0.485725
3 0.568772 0.574691 0.555727 0.75727 0.452995
3 0.569539 0.574505 0.551778 0.750379 0.435133
3 0.565548 0.574661 0.546226 0.752023 0.43499
3 0.568037 0.560113 0.557625 0.776639 0.431025
3 0.559626 0.572943 0.542625 0.745569 0.375902
3 0.560095 0.561251 0.542042 0.73863 0.37177
3 0.559035 0.572087 0.541528 0.7467 0.334839
3 0.564609 0.574581 0.547784 0.747657 0.333375
5 0.651261 0.682648 0.0562312 0.0520365 0.315302
5 0.652155 0.682483 0.0569985 0.0509286 0.309716
5 0.65209 0.683951 0.0525866 0.0505484 0.29042
5 0.652112 0.684122 0.0542802 0.0515427 0.284215
5 0.651445 0.684478 0.0500205 0.049153 0.274792
5 0.65236 0.68276 0.0590632 0.0546273 0.272353
5 0.651339 0.683732 0.0512659 0.0505083 0.268465
