5 0.504529 0.535487 0.141091 0.164512 0.625493
5 0.503378 0.535186 0.137978 0.167767 0.504704
0 0.447485 0.577776 0.549823 0.663968 0.410335
5 0.500804 0.535003 0.14804 0.16398 0.388574
0 0.449184 0.51905 0.546487 0.534913 0.37469
5 0.4986 0.534876 0.139395 0.168519 0.37338
0 0.484163 0.564042 0.467102 0.636566 0.344572
0 0.519361 0.531444 0.403041 0.562963 0.340485
0 0.428695 0.582063 0.584493 0.786576 0.307657
0 0.432342 0.594028 0.592227 0.795509 0.29924
0 0.550311 0.575052 0.332876 0.663867 0.28776
5 0.500903 0.534418 0.137269 0.169615 0.283296
0 0.445493 0.583604 0.560593 0.761695 0.279031
