2 0.488801 0.897033 0.0838646 0.0769657 0.535159
2 0.80372 0.250632 0.069186 0.0850566 0.482719
2 0.695171 0.976208 0.0631007 0.0475849 0.471772
2 0.694212 0.975915 0.0661249 0.0481699 0.458464
2 0.17951 0.664076 0.0734824 0.222695 0.445582
2 0.764909 0.761582 0.0945065 0.220711 0.432033
2 0.803395 0.250576 0.0651343 0.0856954 0.389851
2 0.488801 0.898307 0.0807348 0.0770537 0.374345
2 0.179831 0.67713 0.0800136 0.247772 0.355118
2 0.767026 0.74981 0.0886066 0.206227 0.340008
2 0.694757 0.975429 0.0684995 0.0491427 0.33322
2 0.695087 0.976623 0.0625004 0.0452784 0.329102
2 0.803905 0.248809 0.0677524 0.0832842 0.327691
2 0.694709 0.976949 0.0634641 0.0459984 0.307443
3 0.518948 0.339447 0.243743 0.234783 0.3002
2 0.695107 0.975644 0.0636655 0.0487127 0.295347
2 0.181188 0.663932 0.0686998 0.226405 0.289171
2 0.690699 0.975555 0.0680678 0.0481332 0.285624
2 0.802717 0.248531 0.0703925 0.0839369 0.285067
2 0.492308 0.898091 0.0861977 0.0781114 0.275584
2 0.769375 0.778498 0.113106 0.257585 0.274852
3 0.52042 0.337688 0.2454 0.234218 0.27013
2 0.488192 0.896634 0.0826591 0.0745922 0.26007
