3 0.590505 0.295422 0.452001 0.586469 0.694083
3 0.598011 0.301239 0.445928 0.584054 0.628999
3 0.564395 0.297795 0.520178 0.589634 0.586807
3 0.588818 0.300142 0.452345 0.59653 0.582412
3 0.602926 0.302682 0.436391 0.586995 0.574323
3 0.598841 0.30764 0.436843 0.609492 0.562439
2 0.567773 0.898337 0.10276 0.0831765 0.496696
3 0.54172 0.302964 0.565357 0.598284 0.456856
3 0.482726 0.29936 0.76945 0.592316 0.426661
3 0.602494 0.310771 0.434104 0.615605 0.396295
3 0.596045 0.301818 0.447448 0.599862 0.340038
3 0.595423 0.292927 0.447661 0.580529 0.30896
5 0.484465 0.210598 0.0523776 0.0678451 0.290021
2 0.566358 0.901153 0.104141 0.0782392 0.2746
5 0.485512 0.209835 0.0520349 0.0678654 0.269066
5 0.557607 0.874203 0.120369 0.143221 0.258319
2 0.569103 0.898105 0.0955206 0.0835463 0.257402
