3 0.507717 0.452221 0.393541 0.476635 0.718221
3 0.510537 0.445423 0.393978 0.492538 0.688811
3 0.50738 0.450185 0.390046 0.480605 0.623253
3 0.510191 0.451925 0.398549 0.476488 0.614595
3 0.511858 0.442424 0.398298 0.492448 0.614118
3 0.5082 0.445673 0.395605 0.487869 0.608805
3 0.510421 0.44859 0.411114 0.513265 0.589151
3 0.50798 0.448478 0.403632 0.506342 0.569927
3 0.508832 0.443657 0.398395 0.488656 0.56123
3 0.509038 0.464851 0.39021 0.451972 0.515195
3 0.509494 0.452824 0.408213 0.498135 0.370081
