2 0.26524 0.346015 0.0286402 0.0426719 0.56258
2 0.265385 0.346333 0.0284033 0.0421006 0.556606
2 0.265488 0.346374 0.0287796 0.042849 0.551208
2 0.265447 0.346066 0.0289106 0.042934 0.550584
2 0.265609 0.346756 0.0300889 0.0434742 0.523835
2 0.265429 0.347117 0.0299381 0.0442312 0.523203
2 0.314793 0.672067 0.0519507 0.0511798 0.378564
2 0.509335 0.493821 0.02518 0.0267543 0.375244
3 0.367801 0.477716 0.295032 0.286174 0.343947
2 0.315041 0.673733 0.0576195 0.0545118 0.343175
2 0.209268 0.351148 0.0254873 0.0287855 0.34301
2 0.50394 0.714185 0.0359143 0.0394456 0.339019
2 0.512293 0.29706 0.0252963 0.025354 0.326073
2 0.509953 0.493575 0.0267244 0.0276328 0.316323
3 0.371969 0.480248 0.286652 0.273534 0.312468
2 0.209772 0.351063 0.0257373 0.0290707 0.305587
2 0.314669 0.671961 0.0556325 0.0524933 0.282167
2 0.504162 0.71412 0.0374607 0.0407936 0.277932
2 0.316191 0.673568 0.0544924 0.0544319 0.277882
2 0.504468 0.715257 0.0410463 0.0421751 0.26249
3 0.364866 0.479075 0.296136 0.287869 0.258163
2 0.209584 0.351625 0.0281792 0.0318668 0.256995
2 0.51192 0.297058 0.0255177 0.0251772 0.256965
