1 0.490073 0.507389 0.769176 0.912844 0.518325
1 0.493532 0.509527 0.779294 0.93606 0.480774
1 0.494343 0.503524 0.764179 0.907902 0.46736
1 0.49739 0.508471 0.780763 0.929734 0.462639
1 0.501851 0.509832 0.773048 0.932951 0.451822
1 0.458571 0.509268 0.832811 0.936683 0.447945
1 0.494761 0.516152 0.783613 0.94722 0.43036
1 0.498152 0.518459 0.787556 0.949931 0.398136
1 0.502409 0.507402 0.756113 0.913966 0.320676
1 0.502589 0.515018 0.775985 0.946247 0.3144
5 0.490929 0.502459 0.0544041 0.0557784 0.268803
