3 0.380575 0.462356 0.617057 0.827916 0.44175
3 0.388675 0.425909 0.609559 0.812724 0.439815
3 0.377548 0.486783 0.613502 0.838166 0.416355
3 0.37618 0.485658 0.618407 0.733505 0.359378
3 0.387569 0.470234 0.618923 0.886737 0.357478
3 0.376797 0.494613 0.624687 0.774966 0.349572
3 0.376424 0.474635 0.610458 0.855916 0.324388
3 0.375829 0.482182 0.617081 0.758119 0.253123
3 0.386369 0.460147 0.623527 0.883414 0.238836
5 0.329846 0.717861 0.034256 0.0436855 0.131992
3 0.39073 0.442937 0.59907 0.705435 0.128981
5 0.329814 0.718239 0.0296555 0.0398682 0.12041
3 0.383676 0.453917 0.616667 0.871262 0.118208
5 0.330285 0.718449 0.0327189 0.0426623 0.102289
5 0.331018 0.718545 0.0304737 0.0405267 0.0875957
5 0.330245 0.71868 0.0297157 0.0385748 0.0858776
5 0.330399 0.718039 0.0332052 0.0428798 0.0844071
3 0.376718 0.498071 0.630015 0.799955 0.0785282
3 0.384053 0.47432 0.617892 0.793313 0.0723135
5 0.326801 0.718095 0.0455591 0.0486982 0.0568441
5 0.3266 0.717944 0.0469359 0.0496302 0.0541625
5 0.326894 0.719011 0.0480381 0.0505672 0.0431842
3 0.33602 0.517623 0.285453 0.47907 0.0245759
3 0.303298 0.524956 0.274504 0.471274 0.019097
5 0.332102 0.717681 0.043186 0.0498649 0.016286
3 0.338901 0.531891 0.304487 0.534618 0.0162365
5 0.331926 0.71818 0.0404018 0.0474132 0.0146539
5 0.331862 0.718389 0.0406184 0.044995 0.0144456
3 0.357408 0.509713 0.317636 0.517235 0.0143098
5 0.330444 0.72144 0.0420178 0.0521921 0.0106844
