2 0.603314 0.526813 0.0722689 0.0715008 0.768217
2 0.712624 0.504684 0.0677738 0.0843638 0.764547
2 0.558778 0.421129 0.0527618 0.0598023 0.758623
2 0.712125 0.504353 0.0713541 0.0838205 0.753326
2 0.602686 0.52603 0.0713758 0.0741726 0.743686
2 0.558603 0.421104 0.0509117 0.0616272 0.741667
2 0.749812 0.42002 0.0680074 0.0662682 0.735472
2 0.558151 0.421219 0.0534638 0.0606655 0.734842
2 0.602811 0.525866 0.0721929 0.074485 0.732049
2 0.602182 0.527506 0.0708211 0.0711539 0.72914
2 0.602737 0.525119 0.072786 0.0743748 0.728106
2 0.491969 0.2177 0.0515201 0.0720285 0.727379
2 0.602616 0.526555 0.070668 0.0743015 0.724191
2 0.749993 0.42051 0.0674412 0.0654173 0.722683
2 0.71185 0.504875 0.0696225 0.0848429 0.717437
2 0.491283 0.21821 0.0498605 0.0704732 0.712281
2 0.74976 0.419561 0.0686113 0.065332 0.708817
2 0.75218 0.296673 0.0559697 0.0693899 0.705904
2 0.634822 0.309283 0.0582153 0.0746721 0.705686
2 0.490876 0.217552 0.0491997 0.0714096 0.705624
2 0.711756 0.50599 0.0665364 0.0863796 0.700142
2 0.542997 0.242983 0.0556523 0.04743 0.699125
2 0.635577 0.309281 0.0583704 0.0751583 0.692353
2 0.492337 0.21775 0.0496162 0.0726119 0.691489
2 0.542338 0.24188 0.0562921 0.0498978 0.689353
2 0.635572 0.30951 0.0577334 0.0744274 0.687633
2 0.752971 0.297134 0.0548425 0.0706071 0.686762
2 0.634872 0.309843 0.0589457 0.0746686 0.686185
2 0.558796 0.420345 0.0527483 0.0626785 0.685908
2 0.558021 0.420755 0.0522726 0.0608322 0.685076
2 0.749354 0.419704 0.0686736 0.0638719 0.678737
2 0.602878 0.525871 0.071134 0.075057 0.672265
2 0.750394 0.420451 0.0670194 0.0648781 0.671757
2 0.750197 0.419538 0.067172 0.0664397 0.670252
2 0.462196 0.560075 0.0350151 0.0400414 0.666858
2 0.541715 0.242207 0.0545783 0.0475686 0.662811
2 0.558062 0.420787 0.0525355 0.0614841 0.661458
2 0.490627 0.218321 0.0487075 0.0702064 0.660487
2 0.4623 0.560118 0.0352734 0.0408714 0.658452
2 0.558122 0.420503 0.0521333 0.0624606 0.657943
2 0.636165 0.309205 0.0588939 0.0737247 0.652985
2 0.635779 0.309049 0.0568186 0.073812 0.652152
2 0.787103 0.472485 0.0567008 0.0344445 0.651223
2 0.78653 0.472622 0.0558857 0.0339402 0.645147
2 0.542233 0.243195 0.0555463 0.0474689 0.64003
2 0.752205 0.296279 0.0561537 0.0691699 0.639782
2 0.558014 0.421176 0.0518955 0.0608389 0.638978
2 0.542599 0.242504 0.0550342 0.047919 0.63648
2 0.542583 0.242205 0.0556433 0.0484338 0.635887
2 0.711589 0.504979 0.0692544 0.0849003 0.631721
2 0.491549 0.218142 0.0500213 0.0711589 0.629333
2 0.453097 0.293715 0.102474 0.0840156 0.62455
2 0.492588 0.218203 0.0501568 0.0715861 0.616908
2 0.461981 0.560015 0.035086 0.0393627 0.612333
2 0.453963 0.294623 0.103485 0.0870095 0.612222
2 0.461373 0.560038 0.0365195 0.0410389 0.612113
2 0.60259 0.52688 0.0708454 0.0755612 0.611799
2 0.454146 0.294104 0.102859 0.0833516 0.610147
2 0.63501 0.309511 0.0580127 0.0756637 0.609397
2 0.786478 0.4729 0.0562395 0.0333097 0.596483
2 0.490072 0.218104 0.0496465 0.0728119 0.596095
2 0.71111 0.505989 0.0669027 0.0865015 0.595759
2 0.569181 0.201217 0.0622892 0.0384927 0.595179
2 0.712244 0.505667 0.0661589 0.0866579 0.585757
2 0.462273 0.559841 0.0346057 0.0400459 0.583495
2 0.63612 0.308342 0.0595316 0.0727805 0.560366
2 0.45489 0.293123 0.105416 0.0806472 0.558199
2 0.454327 0.294155 0.102813 0.0799524 0.556656
2 0.450209 0.294559 0.0964389 0.0802989 0.553225
2 0.713045 0.503664 0.0682902 0.0840747 0.551737
2 0.711798 0.504116 0.0710698 0.0833449 0.550114
2 0.603542 0.525958 0.0740904 0.0739385 0.548695
2 0.730477 0.329022 0.0416355 0.0567681 0.546408
2 0.543592 0.243105 0.0575592 0.0456569 0.545154
2 0.751778 0.297924 0.0571256 0.0713995 0.542715
2 0.568404 0.202089 0.0643815 0.0376922 0.542132
2 0.543299 0.243548 0.0569229 0.0447824 0.53834
2 0.786561 0.471963 0.0560383 0.0341203 0.536915
2 0.751928 0.296137 0.0562995 0.0678613 0.534701
2 0.749907 0.419119 0.0712393 0.0673211 0.532291
2 0.78648 0.471855 0.0573098 0.0331666 0.530999
2 0.461642 0.560003 0.0360611 0.0417013 0.527936
2 0.625505 0.172023 0.0573972 0.0936916 0.524813
2 0.49257 0.218208 0.0526904 0.0715331 0.523958
2 0.729423 0.327987 0.0408534 0.0550698 0.518035
2 0.786458 0.472441 0.0568041 0.0332182 0.515042
2 0.558538 0.42125 0.0539806 0.0613004 0.51256
2 0.751756 0.296993 0.0575514 0.0713114 0.509243
2 0.678583 0.225543 0.047653 0.0901313 0.503469
2 0.753372 0.297338 0.0555319 0.0717201 0.501408
2 0.625666 0.169242 0.0550326 0.10276 0.483374
2 0.67878 0.225045 0.0465746 0.0899169 0.481118
2 0.728503 0.32829 0.0400929 0.0553719 0.479041
2 0.677712 0.635181 0.0464607 0.0547674 0.474946
2 0.555516 0.159322 0.0400435 0.0313061 0.472536
2 0.456428 0.290226 0.100963 0.0759095 0.46962
2 0.749593 0.418944 0.0720997 0.0675031 0.464951
2 0.576951 0.295661 0.0451064 0.0397569 0.463557
2 0.55798 0.420283 0.0554348 0.0628874 0.45972
2 0.677589 0.635278 0.045018 0.0533694 0.458814
2 0.625696 0.177599 0.0560777 0.0819992 0.458
2 0.677978 0.635008 0.0471205 0.0545183 0.45224
2 0.5698 0.202697 0.0646635 0.0397646 0.449149
2 0.569259 0.203085 0.0676022 0.0395758 0.448812
2 0.576751 0.295286 0.0448598 0.0389701 0.447073
2 0.625363 0.171359 0.0561515 0.0980519 0.444719
2 0.729335 0.329476 0.0411471 0.0556661 0.43621
2 0.604212 0.598501 0.0358424 0.0669157 0.433113
2 0.577423 0.296032 0.0460137 0.0402053 0.428617
2 0.454696 0.294485 0.109747 0.081424 0.428076
2 0.731981 0.330473 0.0423088 0.0562839 0.427637
2 0.492991 0.217453 0.0506321 0.0726224 0.420207
2 0.678754 0.635487 0.0448831 0.0549328 0.42001
2 0.748632 0.419057 0.0715044 0.06674 0.410468
2 0.555315 0.160179 0.0402129 0.0319442 0.401415
2 0.677368 0.634955 0.0450167 0.0533875 0.387414
2 0.634059 0.309948 0.0650644 0.0757768 0.386839
2 0.679294 0.225821 0.0478716 0.0913679 0.386107
2 0.604501 0.606739 0.030883 0.0477926 0.385549
2 0.558905 0.420604 0.0524374 0.0659474 0.380529
2 0.752894 0.296713 0.0552469 0.0708941 0.378425
2 0.677788 0.225991 0.0478321 0.088548 0.377629
2 0.559077 0.199999 0.0427463 0.0343424 0.37687
2 0.677687 0.635694 0.047755 0.0537792 0.3765
2 0.62528 0.166872 0.0550058 0.107818 0.3762
2 0.575522 0.295356 0.0451692 0.0386749 0.371076
2 0.635764 0.308718 0.0554789 0.0746205 0.369719
2 0.575818 0.295662 0.0442603 0.0385125 0.366515
2 0.732318 0.329532 0.0419112 0.0573373 0.365698
2 0.626146 0.164497 0.05342 0.100263 0.364143
2 0.677774 0.225607 0.0490315 0.0901097 0.363947
2 0.558394 0.420874 0.0537456 0.0604728 0.363069
2 0.6783 0.635225 0.0458888 0.0550047 0.358507
2 0.625361 0.181188 0.0539145 0.0748835 0.358174
2 0.571487 0.203179 0.0625775 0.0397068 0.354234
2 0.678192 0.635795 0.0486558 0.0545192 0.342653
2 0.787979 0.471443 0.0588558 0.0384124 0.342605
2 0.570043 0.202523 0.0695031 0.0408952 0.342047
2 0.574008 0.203862 0.0605166 0.0399815 0.338842
2 0.603901 0.610301 0.0290744 0.039246 0.333947
2 0.691532 0.369261 0.0457475 0.0478185 0.33393
2 0.572324 0.20327 0.0634804 0.0408167 0.326074
2 0.692111 0.368752 0.0447812 0.0482569 0.325676
2 0.622602 0.179563 0.0434686 0.0790379 0.323792
2 0.725553 0.326356 0.0394779 0.0509688 0.322584
2 0.751181 0.299302 0.0531626 0.0748906 0.319127
2 0.624726 0.180241 0.0565627 0.078735 0.317744
2 0.691627 0.369242 0.0440551 0.0461677 0.314625
2 0.604383 0.598705 0.0336802 0.0651538 0.313558
2 0.555407 0.159492 0.041093 0.0322879 0.310661
2 0.543761 0.243555 0.0579499 0.0463984 0.30622
2 0.692065 0.371188 0.0457308 0.0486437 0.298828
2 0.55461 0.159977 0.040521 0.0324523 0.297809
2 0.576634 0.296451 0.0464232 0.0411022 0.29726
2 0.748264 0.304528 0.0615384 0.0850486 0.292012
2 0.692257 0.36905 0.0446595 0.0482137 0.288302
2 0.557054 0.160018 0.0452079 0.033197 0.287112
2 0.678041 0.636071 0.0494539 0.0556735 0.286952
2 0.604172 0.598338 0.0401304 0.06768 0.285225
2 0.679612 0.224695 0.0478652 0.092454 0.285143
2 0.691314 0.369535 0.0456186 0.0479862 0.283047
2 0.6916 0.367746 0.0458957 0.0484369 0.282484
2 0.691452 0.369072 0.0441688 0.0466364 0.276422
2 0.57512 0.295544 0.0465628 0.039598 0.253953
2 0.575552 0.295241 0.0464461 0.0406157 0.251428
