3 0.668669 0.476749 0.488782 0.624739 0.90642
3 0.66869 0.476748 0.486641 0.620052 0.89719
3 0.667205 0.47705 0.490165 0.624969 0.895617
3 0.66734 0.477435 0.489151 0.618243 0.882971
3 0.663413 0.477262 0.487288 0.624666 0.881782
3 0.664175 0.476915 0.486788 0.613625 0.869052
3 0.669472 0.481573 0.48542 0.615874 0.865697
3 0.667575 0.484401 0.489636 0.610629 0.823328
3 0.664908 0.487381 0.485121 0.602785 0.771461
3 0.664823 0.479997 0.486368 0.603866 0.686367
5 0.0231108 0.964835 0.0409261 0.0541848 0.153691
5 0.0268238 0.965202 0.0512823 0.0695955 0.123694
5 0.0276501 0.961734 0.051875 0.0765321 0.0941818
5 0.0289059 0.963873 0.0554976 0.0722542 0.0627028
5 0.0272771 0.96484 0.0540284 0.0696684 0.0619659
5 0.0277585 0.961617 0.0543505 0.0767668 0.0583791
5 0.0273628 0.964269 0.0538959 0.0714621 0.0569471
5 0.0287321 0.957728 0.0564259 0.0845445 0.0514147
0 0.0509387 0.1921 0.101877 0.3842 0.0505871
0 0.0650883 0.193567 0.130177 0.387135 0.0443448
0 0.0464899 0.220616 0.0929799 0.438803 0.0414982
0 0.092284 0.195137 0.184568 0.390274 0.0320762
5 0.0287152 0.964677 0.0562599 0.0703388 0.0269261
0 0.0798517 0.206258 0.159538 0.412517 0.024135
0 0.0729776 0.28855 0.145955 0.576932 0.0219724
5 0.0310965 0.957329 0.0603571 0.0853428 0.0215069
5 0.0284524 0.964773 0.0569048 0.0703643 0.0209637
1 0.597944 0.829969 0.40944 0.160658 0.0197859
0 0.0449087 0.175551 0.0895101 0.346663 0.01748
0 0.0997905 0.189456 0.199581 0.378911 0.0161058
1 0.578809 0.8237 0.400589 0.171814 0.0157677
0 0.0811039 0.185264 0.162208 0.370527 0.0138082
5 0.031941 0.958278 0.063882 0.0834439 0.0133768
0 0.0467646 0.18158 0.0934314 0.362137 0.0130062
5 0.0292468 0.956637 0.0584935 0.0867263 0.0128941
0 0.0374015 0.950125 0.074803 0.0997497 0.0106225
