4 0.524933 0.483946 0.946279 0.889608 0.656615
4 0.533367 0.473401 0.926385 0.85972 0.634855
4 0.512851 0.481429 0.974298 0.886441 0.629282
4 0.530985 0.469554 0.9332 0.863259 0.615209
4 0.558757 0.472076 0.852984 0.861716 0.608177
4 0.516945 0.466644 0.965782 0.860523 0.597091
4 0.499395 0.47711 0.998791 0.882712 0.593534
4 0.497148 0.473781 0.994296 0.854258 0.592854
4 0.518628 0.473909 0.962745 0.858844 0.581176
4 0.498004 0.465464 0.996007 0.861181 0.565305
4 0.535954 0.813505 0.863861 0.184279 0.0615789
4 0.554634 0.811228 0.819452 0.188149 0.04577
4 0.512245 0.814776 0.923896 0.179283 0.0431038
4 0.50068 0.210545 0.861539 0.353746 0.0193966
4 0.600242 0.807042 0.736204 0.194671 0.0177574
4 0.536985 0.796108 0.879453 0.221394 0.0161534
4 0.535886 0.212849 0.861947 0.352784 0.0159887
4 0.58165 0.18435 0.768998 0.29065 0.0147764
4 0.561458 0.2139 0.852485 0.348086 0.0141508
4 0.650304 0.187446 0.611491 0.288311 0.0140211
3 0.481012 0.587804 0.122004 0.253125 0.0139739
4 0.415596 0.209491 0.74274 0.353907 0.0136666
4 0.509299 0.740411 0.957723 0.333193 0.0124521
4 0.534718 0.73155 0.913813 0.355239 0.0124147
3 0.46481 0.589608 0.142347 0.245877 0.0122325
2 0.849485 0.204295 0.0165933 0.0217266 0.0119272
3 0.684619 0.59822 0.12651 0.251322 0.0113281
4 0.513167 0.796616 0.932091 0.214745 0.0112915
4 0.605161 0.216331 0.744396 0.34719 0.011196
4 0.368835 0.209557 0.726065 0.351845 0.0103215
4 0.541749 0.181977 0.797558 0.294158 0.0102487
