1 0.381006 0.482088 0.650389 0.755186 0.381886
1 0.379336 0.483961 0.652548 0.763922 0.36345
1 0.38779 0.481445 0.641622 0.756275 0.326293
1 0.387247 0.484334 0.640637 0.760024 0.318155
5 0.381155 0.648928 0.0452304 0.048756 0.19768
1 0.426493 0.481419 0.559435 0.752758 0.186415
1 0.422445 0.483265 0.564212 0.76202 0.156907
1 0.374994 0.482163 0.659613 0.754736 0.156016
5 0.381021 0.649584 0.0438101 0.0479697 0.151362
5 0.380709 0.647809 0.0381666 0.0431464 0.14242
1 0.384488 0.48546 0.633887 0.748038 0.132453
5 0.381548 0.647537 0.038976 0.0429563 0.129638
5 0.380667 0.647835 0.0385156 0.0427319 0.127427
5 0.380579 0.648104 0.0344842 0.0406553 0.113477
5 0.296927 0.589803 0.0278189 0.0288413 0.109227
1 0.382876 0.487959 0.642086 0.74657 0.10621
1 0.389418 0.48134 0.637735 0.760136 0.100564
5 0.278375 0.613407 0.0262718 0.0297133 0.093171
5 0.380103 0.648762 0.0477676 0.0449886 0.0925124
5 0.379305 0.649133 0.0461588 0.0474038 0.0902646
5 0.296278 0.591847 0.0254737 0.0275684 0.084277
5 0.379263 0.650621 0.0495526 0.0512057 0.0836116
1 0.393744 0.48065 0.624319 0.759439 0.0826731
5 0.235649 0.602544 0.0360595 0.0430597 0.0814487
5 0.278136 0.612636 0.0329149 0.0391879 0.0800386
5 0.277532 0.612579 0.0283115 0.0331893 0.0723472
5 0.279302 0.613211 0.0311867 0.036429 0.0721023
5 0.38228 0.647054 0.0518741 0.0530735 0.069322
5 0.526008 0.231492 0.0264814 0.0289643 0.0666938
5 0.297564 0.560892 0.028287 0.0301602 0.0652525
5 0.235995 0.600711 0.039622 0.0447127 0.059973
5 0.524818 0.231355 0.0244414 0.0286065 0.0587576
5 0.298297 0.561285 0.0329845 0.0339886 0.0568948
5 0.382139 0.64858 0.0564112 0.0545406 0.0567905
1 0.385439 0.48587 0.639198 0.755289 0.0555904
5 0.23586 0.602417 0.0344067 0.0409976 0.0552069
5 0.235489 0.602609 0.0347271 0.0429434 0.054332
5 0.527316 0.231812 0.0313371 0.0346463 0.0517937
5 0.296023 0.591093 0.0373638 0.0331093 0.0493827
1 0.371854 0.482395 0.693208 0.794964 0.0486358
5 0.278392 0.611856 0.0314671 0.0373928 0.048143
1 0.441041 0.479629 0.531139 0.755023 0.0469142
5 0.382103 0.646542 0.0518351 0.0523595 0.0449744
5 0.29792 0.560057 0.0337591 0.0338237 0.0448291
5 0.284419 0.610072 0.037412 0.0386075 0.0438058
5 0.23572 0.605741 0.0389605 0.0494146 0.0425612
5 0.525924 0.231864 0.0311011 0.0353314 0.0423745
5 0.297831 0.587775 0.0334049 0.0352843 0.0390219
5 0.29742 0.560306 0.0353383 0.0376574 0.0383772
5 0.382559 0.645528 0.0477449 0.0480844 0.0364392
5 0.235548 0.600908 0.0409538 0.0448261 0.0360292
5 0.235323 0.60279 0.0329565 0.0401288 0.0359244
5 0.38168 0.652911 0.0513091 0.0614327 0.035236
5 0.38145 0.653998 0.0500298 0.0600979 0.0340516
5 0.383685 0.645141 0.04867 0.0490462 0.0330869
5 0.233665 0.602678 0.0456038 0.0473342 0.0322816
1 0.379836 0.497285 0.654582 0.734693 0.031054
5 0.351145 0.60379 0.0321915 0.0397404 0.0288238
5 0.296991 0.560235 0.0377346 0.0345268 0.0286899
5 0.297774 0.590294 0.0335494 0.036607 0.028609
5 0.550742 0.30416 0.0260379 0.0290881 0.0283399
5 0.526645 0.230604 0.0327001 0.0337449 0.0282779
5 0.297382 0.564177 0.0395214 0.0403525 0.0279349
5 0.351638 0.602525 0.0355389 0.0408396 0.027792
5 0.282717 0.610997 0.0389679 0.0416167 0.0275395
5 0.233657 0.601974 0.0453312 0.0486356 0.0274407
5 0.551728 0.304664 0.0263686 0.0305335 0.0257359
5 0.298175 0.559892 0.0365006 0.0370214 0.0256427
5 0.55066 0.305075 0.0248344 0.0287446 0.0256059
5 0.551722 0.304489 0.0278356 0.0304936 0.0252336
5 0.525412 0.230693 0.031871 0.0337733 0.0249954
5 0.23458 0.605743 0.0412059 0.0493598 0.0239175
5 0.298532 0.560134 0.0367868 0.0389609 0.0215448
5 0.233271 0.600633 0.0482253 0.048335 0.0209099
1 0.363672 0.466267 0.706179 0.801208 0.0202921
1 0.462381 0.480773 0.489048 0.752925 0.0180994
1 0.368145 0.477351 0.676259 0.756938 0.0180394
5 0.352056 0.603934 0.0339672 0.0386212 0.0159462
5 0.351463 0.604597 0.0305248 0.0378259 0.0153707
5 0.351131 0.606565 0.0366724 0.045014 0.0130787
1 0.382661 0.49127 0.607956 0.729218 0.0128575
5 0.297141 0.560103 0.0409658 0.0391927 0.0125269
2 0.463731 0.0396887 0.550792 0.0780256 0.0123304
1 0.431695 0.393129 0.549647 0.58195 0.0116325
5 0.285462 0.602371 0.0400183 0.0504186 0.0112012
1 0.429846 0.48624 0.547854 0.751947 0.0106987
1 0.458024 0.482778 0.495612 0.754225 0.0104916
5 0.34955 0.603312 0.039493 0.0439222 0.0104087
5 0.531383 0.230591 0.0364103 0.0318364 0.0103377
1 0.357891 0.462983 0.695114 0.842318 0.0102431
