1 0.489868 0.162546 0.0787749 0.0744841 0.722667
1 0.48959 0.161226 0.0778393 0.0738981 0.669691
1 0.464993 0.50973 0.442456 0.481151 0.644264
1 0.465382 0.508897 0.439037 0.480465 0.626376
1 0.488938 0.162586 0.0813873 0.0750427 0.601426
1 0.466731 0.508032 0.439728 0.481308 0.599207
1 0.488148 0.161776 0.0796405 0.0750228 0.59311
1 0.464532 0.508494 0.442735 0.480094 0.565579
1 0.466199 0.510215 0.441513 0.478536 0.505243
1 0.464525 0.507767 0.438662 0.484985 0.49378
1 0.463965 0.50652 0.440752 0.480913 0.459662
1 0.489328 0.161986 0.0790923 0.0761736 0.444892
1 0.464522 0.508676 0.440182 0.478619 0.426447
1 0.489277 0.161943 0.0810332 0.0761117 0.335619
1 0.464523 0.505625 0.439646 0.478467 0.270767
5 0.37384 0.43927 0.0437687 0.0642869 0.250178
5 0.37317 0.439723 0.0380238 0.0596278 0.249227
5 0.373604 0.439858 0.039081 0.059653 0.241481
5 0.373939 0.441022 0.0378223 0.058962 0.210161
5 0.373731 0.440754 0.039172 0.0592523 0.207929
5 0.37374 0.439992 0.042471 0.063518 0.205867
1 0.490706 0.162156 0.0829129 0.0748478 0.184982
1 0.488022 0.162535 0.0779357 0.0758142 0.182961
5 0.373951 0.441118 0.0397901 0.0601489 0.1526
5 0.373435 0.442092 0.0412233 0.0601949 0.141683
5 0.372544 0.440166 0.0469423 0.0656931 0.140692
5 0.474972 0.292163 0.0513725 0.0393301 0.128744
1 0.465193 0.508643 0.434974 0.476919 0.127257
5 0.347667 0.541365 0.0472667 0.0669039 0.12391
0 0.358557 0.484011 0.100568 0.200535 0.118892
0 0.349661 0.487436 0.0866817 0.184718 0.108864
5 0.473663 0.293271 0.0587257 0.0426922 0.10701
5 0.373366 0.440999 0.0427529 0.0607752 0.102177
5 0.258622 0.708683 0.039223 0.0405002 0.0993663
5 0.371986 0.441947 0.0405217 0.06084 0.0987118
5 0.34799 0.539599 0.0476517 0.0672923 0.0959346
5 0.373954 0.439756 0.049234 0.0695605 0.091465
5 0.258519 0.708339 0.0395664 0.04027 0.0906942
1 0.490433 0.161252 0.0822174 0.0758631 0.0882714
0 0.355014 0.4991 0.0893936 0.184346 0.0860412
5 0.258296 0.708995 0.0380615 0.0398396 0.0796575
0 0.347758 0.505322 0.0677434 0.146693 0.0757851
5 0.347294 0.541966 0.0481215 0.0677444 0.074791
5 0.349028 0.541454 0.0457212 0.063516 0.0736099
1 0.509595 0.534868 0.19777 0.240411 0.0719731
5 0.476291 0.292209 0.0505112 0.0371451 0.0704134
5 0.373865 0.439853 0.0535952 0.0682619 0.0698593
0 0.348762 0.539376 0.0655844 0.101112 0.0697025
5 0.477622 0.292981 0.0514978 0.0389959 0.0689895
5 0.348429 0.541297 0.0451925 0.0632383 0.0687268
5 0.259075 0.707778 0.0413694 0.043639 0.0641608
5 0.258214 0.709194 0.0378175 0.0399381 0.0637246
5 0.461646 0.294138 0.0810934 0.0425808 0.0623003
0 0.360164 0.481199 0.0902619 0.187574 0.0622049
0 0.341403 0.492857 0.0747945 0.168128 0.0605082
5 0.348467 0.542135 0.0476563 0.0653705 0.0596058
0 0.347593 0.54087 0.0497209 0.0712061 0.0587733
0 0.379157 0.393596 0.176296 0.161005 0.0561751
1 0.488514 0.161287 0.080084 0.0760939 0.0554594
0 0.344261 0.500295 0.0669112 0.152559 0.0549734
0 0.355781 0.480316 0.095461 0.189791 0.051042
5 0.349353 0.541516 0.0439502 0.0594923 0.0506612
5 0.34623 0.54048 0.0497392 0.070603 0.0499435
1 0.488612 0.161619 0.0756693 0.0750527 0.0480943
0 0.348675 0.540482 0.0512821 0.0693671 0.0469969
5 0.473723 0.293415 0.0552412 0.0410801 0.0457263
0 0.3644 0.484839 0.10313 0.200552 0.0454401
1 0.513288 0.534701 0.19571 0.234005 0.0444863
1 0.505148 0.535711 0.189015 0.240982 0.0437116
5 0.258705 0.708234 0.0418315 0.0444293 0.0435544
5 0.478485 0.293449 0.0573777 0.0423662 0.0429206
5 0.258391 0.709445 0.0396753 0.0439588 0.0425763
5 0.442416 0.296506 0.131641 0.0625097 0.0401283
5 0.258261 0.709171 0.0399343 0.0433952 0.0401186
5 0.258072 0.71015 0.0476549 0.0474448 0.0394227
1 0.491989 0.160692 0.0795562 0.0752965 0.0391326
5 0.473786 0.292586 0.0610624 0.0411696 0.0378441
0 0.381277 0.359853 0.172618 0.0809955 0.0360093
1 0.581034 0.51256 0.213709 0.484393 0.0360018
5 0.371638 0.437913 0.0643749 0.0794276 0.0358083
5 0.25791 0.710112 0.0439201 0.0457168 0.0343887
5 0.348595 0.541106 0.0441677 0.0596586 0.0343866
0 0.38961 0.399702 0.149222 0.168298 0.0341006
1 0.510004 0.53677 0.24365 0.250907 0.033739
0 0.333663 0.476295 0.157536 0.332545 0.0334579
5 0.526706 0.393379 0.0337422 0.0429894 0.0325696
0 0.386193 0.39096 0.165081 0.175784 0.0309277
0 0.352169 0.464998 0.162792 0.336384 0.0306197
5 0.442102 0.29468 0.131742 0.0542432 0.0305966
0 0.478301 0.369016 0.147378 0.0993798 0.0297032
0 0.340174 0.499651 0.0776744 0.162458 0.0296395
5 0.526256 0.393127 0.0345887 0.0422258 0.0294844
0 0.348347 0.486498 0.12999 0.317312 0.0286717
1 0.52348 0.537127 0.237414 0.245489 0.0286602
5 0.526827 0.393411 0.0325449 0.0425039 0.0280341
0 0.374095 0.412017 0.144935 0.133603 0.0276214
0 0.365345 0.498723 0.112576 0.202768 0.0262996
0 0.368749 0.440018 0.0612016 0.0783592 0.0259462
5 0.368103 0.340915 0.0377651 0.0429609 0.0250236
5 0.526686 0.392972 0.0330662 0.0409764 0.0249521
0 0.47709 0.369081 0.155068 0.0964522 0.0245275
1 0.494582 0.53349 0.203895 0.256383 0.0241973
0 0.363365 0.518585 0.105038 0.169658 0.0234329
0 0.360931 0.537057 0.0919947 0.13339 0.0232004
1 0.492379 0.534531 0.191996 0.249139 0.0230712
1 0.5043 0.537131 0.202624 0.239526 0.0225115
5 0.368289 0.341124 0.0391755 0.0397142 0.0223352
0 0.484062 0.3736 0.142961 0.092514 0.0221934
0 0.370386 0.438323 0.0585996 0.0745304 0.0216259
0 0.487541 0.371401 0.152254 0.094725 0.0214936
0 0.465079 0.367765 0.167429 0.100097 0.0212136
0 0.384981 0.357823 0.170914 0.0974328 0.0208993
0 0.334692 0.497174 0.144009 0.34962 0.0206257
0 0.36103 0.481867 0.153151 0.325473 0.0199661
0 0.368771 0.462444 0.0613528 0.121716 0.019138
0 0.343793 0.505047 0.0676674 0.154105 0.0183775
1 0.580087 0.510822 0.215286 0.480448 0.018157
5 0.260845 0.708964 0.0529816 0.0500491 0.0181123
0 0.356032 0.442986 0.184881 0.299635 0.0173553
0 0.338164 0.493785 0.0750656 0.174334 0.0171181
0 0.337374 0.505918 0.13835 0.363659 0.0170276
0 0.356431 0.494069 0.119362 0.326029 0.0169426
0 0.366607 0.508182 0.121214 0.317615 0.0166901
0 0.363877 0.55109 0.0973745 0.139132 0.0166073
1 0.501394 0.523243 0.200953 0.214592 0.0161063
0 0.32931 0.487968 0.172499 0.349685 0.0159003
5 0.257193 0.710358 0.0460165 0.0474344 0.0158626
0 0.34203 0.529467 0.143041 0.356368 0.015765
0 0.363585 0.397924 0.156789 0.132152 0.014968
5 0.466175 0.294322 0.0834668 0.0487865 0.0148971
0 0.465081 0.366433 0.166827 0.0959545 0.0147635
5 0.258013 0.708289 0.0432955 0.047237 0.014512
0 0.390322 0.406415 0.259725 0.256419 0.0138162
5 0.523746 0.391458 0.0480923 0.050764 0.0135877
0 0.505117 0.374338 0.174242 0.0905952 0.0134063
5 0.525131 0.394876 0.0416192 0.0473726 0.0132501
0 0.479143 0.376426 0.135713 0.0837123 0.0129771
1 0.48858 0.160789 0.0808424 0.0786713 0.0128762
0 0.479296 0.367146 0.169587 0.0992941 0.0126118
5 0.488647 0.16081 0.0812838 0.0788999 0.0123617
5 0.493147 0.238047 0.0445346 0.0843136 0.012323
3 0.484192 0.350692 0.329244 0.156894 0.0122158
5 0.345894 0.539995 0.0673192 0.0868093 0.0121062
5 0.525838 0.394184 0.0418942 0.0486291 0.0120309
0 0.354918 0.362438 0.102762 0.0642445 0.0119749
0 0.382966 0.508028 0.156718 0.306894 0.0118582
0 0.368963 0.56205 0.112262 0.149103 0.0118504
0 0.338298 0.462616 0.186883 0.319902 0.0118309
5 0.346214 0.538077 0.0651398 0.0862758 0.0117472
1 0.471302 0.537915 0.273581 0.268847 0.0117124
1 0.50106 0.509185 0.217376 0.183928 0.0116167
5 0.259802 0.709298 0.056814 0.0508268 0.0116096
5 0.52362 0.391026 0.0473471 0.0524481 0.011209
0 0.397533 0.402466 0.134554 0.166809 0.0111049
0 0.46675 0.374405 0.158691 0.0906392 0.0109677
5 0.364726 0.348588 0.0594751 0.0629613 0.010949
0 0.371325 0.497158 0.153468 0.315872 0.0105403
1 0.464856 0.511214 0.435009 0.474015 0.0103123
5 0.527493 0.389876 0.0475975 0.0536002 0.0103121
1 0.488726 0.162209 0.0668963 0.072341 0.0102589
0 0.496376 0.367584 0.176303 0.0984636 0.0101678
1 0.490329 0.53272 0.190711 0.24368 0.0100154
