3 0.572652 0.38368 0.576883 0.767361 0.354244
3 0.57531 0.384292 0.582558 0.768583 0.348173
3 0.572484 0.38518 0.587113 0.77036 0.337611
3 0.574 0.383646 0.575239 0.764329 0.333191
3 0.575287 0.384391 0.576064 0.768783 0.331312
3 0.573597 0.38832 0.585668 0.770021 0.304336
3 0.575616 0.390235 0.581329 0.777255 0.29008
3 0.576366 0.388157 0.575343 0.769083 0.281601
3 0.573094 0.381768 0.577195 0.762487 0.176803
3 0.575128 0.386344 0.57581 0.768333 0.170938
4 0.577514 0.375885 0.569917 0.746556 0.0191408
4 0.571357 0.385484 0.584634 0.770968 0.0100429
