0 0.477395 0.498477 0.571665 0.650677 0.616861
0 0.479126 0.498891 0.568355 0.647882 0.611959
0 0.480681 0.50449 0.586101 0.649849 0.575545
0 0.478713 0.508254 0.586039 0.651891 0.575071
0 0.476983 0.504959 0.571659 0.654817 0.573914
0 0.477541 0.506626 0.567643 0.650209 0.551968
0 0.474738 0.509651 0.576121 0.653896 0.519133
0 0.476885 0.511992 0.571399 0.645447 0.512001
0 0.484463 0.512654 0.601372 0.653701 0.504156
0 0.479024 0.514485 0.588921 0.645624 0.494
5 0.620303 0.759627 0.030985 0.0381538 0.235449
5 0.619438 0.759576 0.0312405 0.0384998 0.218782
5 0.619807 0.760025 0.0299632 0.0363157 0.169401
5 0.570505 0.432109 0.0551904 0.0774243 0.153646
5 0.619279 0.759534 0.0293638 0.0373579 0.153338
0 0.476875 0.761133 0.56474 0.166121 0.14914
0 0.464689 0.765444 0.523976 0.156039 0.146233
5 0.384967 0.228954 0.0362055 0.033955 0.142318
5 0.385029 0.229065 0.0394536 0.0353948 0.138268
5 0.619411 0.759807 0.0349916 0.0413991 0.136082
5 0.570468 0.431128 0.0572602 0.0785481 0.134026
5 0.570788 0.430912 0.0523291 0.075976 0.129411
5 0.619954 0.759593 0.0345504 0.0404348 0.122089
0 0.512733 0.501073 0.310955 0.334144 0.116257
5 0.570401 0.430872 0.0537998 0.0755623 0.115696
5 0.570129 0.428214 0.0527273 0.0710367 0.114744
5 0.384829 0.229237 0.0354547 0.0337613 0.113909
3 0.510558 0.500584 0.303068 0.312411 0.109192
3 0.514741 0.499846 0.28599 0.292465 0.101546
5 0.569537 0.427465 0.0532994 0.0718994 0.0973296
5 0.384593 0.228856 0.0377956 0.0356848 0.0947097
5 0.474434 0.606784 0.0414897 0.0480004 0.0931444
5 0.474044 0.605817 0.0333558 0.0410921 0.0915685
0 0.479286 0.736281 0.576233 0.213465 0.0915148
5 0.474025 0.606234 0.0331278 0.0402011 0.0908775
5 0.473853 0.606949 0.0416815 0.0482001 0.0898114
5 0.570487 0.430943 0.0539306 0.0753634 0.0872932
0 0.439445 0.758756 0.474054 0.169706 0.0864788
5 0.57033 0.431912 0.0578277 0.0786947 0.0847833
3 0.514501 0.496996 0.29965 0.316373 0.0818345
5 0.385426 0.229448 0.0409528 0.0384751 0.0784403
5 0.472935 0.606617 0.0322467 0.041269 0.0744884
5 0.473262 0.605782 0.0313134 0.0408201 0.074389
0 0.47769 0.748657 0.562689 0.188845 0.0716277
5 0.385545 0.229323 0.0393442 0.0384474 0.0715606
5 0.431929 0.536664 0.0313566 0.0383018 0.062362
5 0.38605 0.228491 0.0403151 0.0384916 0.0572571
5 0.571643 0.431848 0.0505082 0.0773461 0.0545679
3 0.521838 0.502962 0.313299 0.282213 0.0529285
5 0.472616 0.604015 0.0394916 0.0464126 0.0508981
5 0.621389 0.75924 0.0394412 0.044707 0.0501793
5 0.431434 0.536974 0.0286288 0.0379402 0.047441
0 0.507235 0.507687 0.316173 0.350625 0.0464171
5 0.621359 0.759277 0.0401593 0.0425843 0.0438957
5 0.386712 0.228593 0.04231 0.0392977 0.0430675
3 0.522127 0.509004 0.301274 0.251116 0.0420022
0 0.449055 0.743062 0.500187 0.200212 0.0396953
5 0.471522 0.606984 0.0496978 0.0551103 0.0394987
5 0.635646 0.51056 0.0262148 0.0336573 0.0394181
0 0.509442 0.494745 0.302504 0.301167 0.0387548
5 0.431929 0.53655 0.0280774 0.0345602 0.0387104
5 0.518218 0.443757 0.0302048 0.0333852 0.0383542
5 0.518781 0.441719 0.0372589 0.0442699 0.0382486
5 0.636062 0.509565 0.0375758 0.0429914 0.0375824
5 0.431194 0.536704 0.0249953 0.0330099 0.0375668
5 0.385873 0.228641 0.0433769 0.0403632 0.0367429
5 0.634845 0.509753 0.0315716 0.03818 0.0360565
5 0.622195 0.759237 0.040863 0.0442003 0.0358437
0 0.512837 0.495604 0.299831 0.310441 0.0356828
5 0.635714 0.509177 0.0335806 0.0405858 0.0354699
5 0.570049 0.428522 0.0558381 0.0739342 0.0336925
5 0.518581 0.441943 0.0370503 0.0411413 0.0335669
5 0.471257 0.605778 0.0447906 0.0482345 0.0325548
5 0.570526 0.433122 0.0566495 0.0801752 0.0325364
5 0.635818 0.51038 0.0266005 0.0351771 0.0323276
0 0.476035 0.72351 0.575485 0.235734 0.0309347
5 0.517961 0.443281 0.0316232 0.0370291 0.0302661
5 0.635224 0.510145 0.0319362 0.0392234 0.0295637
5 0.476367 0.606043 0.0464421 0.0494405 0.0288308
0 0.511559 0.498335 0.299661 0.319845 0.0285569
5 0.47691 0.602559 0.0446681 0.0493447 0.0282631
5 0.471075 0.605681 0.0448877 0.0494373 0.0279549
0 0.47676 0.56452 0.579755 0.55165 0.0274836
5 0.476652 0.605354 0.0497972 0.0530219 0.0274413
5 0.616453 0.760674 0.0437108 0.0455481 0.0266426
0 0.473184 0.363922 0.574359 0.376314 0.0263179
5 0.48459 0.522002 0.0373011 0.0339958 0.0261762
5 0.518553 0.441987 0.0378137 0.0440477 0.02596
5 0.484462 0.522007 0.0373876 0.0305664 0.0251465
5 0.484361 0.521558 0.0388109 0.0341012 0.0249336
5 0.51933 0.440852 0.0424492 0.0489959 0.0248114
0 0.455733 0.785178 0.386243 0.118506 0.0237449
5 0.616371 0.759773 0.0435189 0.0452897 0.0222914
5 0.429736 0.537041 0.0400182 0.0427835 0.0212704
0 0.478072 0.363886 0.568676 0.374916 0.0206159
5 0.484195 0.522089 0.0354153 0.030176 0.0204308
0 0.476099 0.503125 0.577404 0.6595 0.0200228
5 0.602733 0.573044 0.0353263 0.0411933 0.0193807
5 0.537784 0.540654 0.0248469 0.0323334 0.018289
5 0.517344 0.443021 0.0339831 0.0379219 0.0179772
5 0.518316 0.442467 0.0394108 0.0421087 0.0179487
5 0.431851 0.539575 0.0373509 0.0475171 0.0173026
0 0.468774 0.292611 0.533866 0.231693 0.0170617
5 0.493724 0.57432 0.0234249 0.0270181 0.0169936
5 0.494536 0.574615 0.0257781 0.0303201 0.0167446
5 0.637526 0.509602 0.039076 0.0451494 0.0166768
5 0.517535 0.443474 0.0348934 0.0396612 0.0162495
5 0.47629 0.603617 0.0496993 0.0535204 0.0155208
0 0.484705 0.749565 0.593678 0.192012 0.0154737
5 0.637297 0.50967 0.0361577 0.043876 0.0152045
1 0.295792 0.494089 0.196103 0.5333 0.0149719
5 0.51154 0.517155 0.0239534 0.0289118 0.0148346
5 0.409227 0.438597 0.030153 0.0393506 0.0147661
5 0.602262 0.572841 0.0313905 0.0367068 0.0147187
0 0.472345 0.578012 0.578135 0.524398 0.0146108
5 0.431194 0.535492 0.0321736 0.0393263 0.0145006
0 0.520817 0.495848 0.310481 0.285142 0.0144805
5 0.471435 0.603015 0.0514888 0.0509751 0.0144151
5 0.601532 0.573255 0.0304016 0.0374398 0.0143661
0 0.482138 0.36319 0.585993 0.37017 0.014072
5 0.429752 0.536898 0.0392067 0.0411082 0.0139732
5 0.411254 0.438431 0.0285103 0.0393082 0.0136177
0 0.482109 0.285697 0.534605 0.213935 0.0135104
5 0.410756 0.439151 0.0245676 0.0347011 0.0134368
5 0.432606 0.539618 0.0354554 0.0467397 0.0133584
5 0.537122 0.540612 0.0251749 0.0328569 0.0131052
0 0.44821 0.783145 0.393872 0.121797 0.0129794
5 0.601242 0.573036 0.0254545 0.0324728 0.0129674
5 0.539016 0.54281 0.027677 0.0378056 0.0127904
5 0.490956 0.519436 0.0541867 0.0370867 0.0125779
5 0.40842 0.438305 0.0267287 0.0361192 0.0121809
1 0.715604 0.558681 0.125263 0.56534 0.0119488
5 0.618558 0.763141 0.0387186 0.0470218 0.0119365
1 0.296279 0.496807 0.19568 0.513862 0.0119213
0 0.41982 0.723554 0.449406 0.238078 0.0118969
5 0.637045 0.509996 0.0370811 0.0432645 0.0118492
0 0.484603 0.517055 0.597141 0.647543 0.0117973
5 0.56966 0.236894 0.0247844 0.0271904 0.0117915
5 0.485687 0.520315 0.0403141 0.0361007 0.0117742
5 0.474463 0.370019 0.0257868 0.0290011 0.0114016
0 0.480707 0.556097 0.588753 0.566194 0.0113095
5 0.474998 0.36949 0.0251756 0.0288248 0.0112417
1 0.716297 0.556244 0.130145 0.591924 0.0111509
5 0.616391 0.759624 0.0460295 0.0461493 0.0111198
5 0.538259 0.542024 0.0272875 0.0369118 0.0110469
5 0.566921 0.434869 0.070344 0.0839453 0.0107757
5 0.454267 0.438015 0.0288935 0.035675 0.0107289
5 0.474763 0.369353 0.0270727 0.0301277 0.0105347
5 0.602542 0.572326 0.0352857 0.0404422 0.0104267
5 0.475218 0.369487 0.0268049 0.0292144 0.0104138
0 0.463854 0.302908 0.516441 0.254478 0.0102765
5 0.414988 0.440015 0.0348079 0.0413427 0.0102343
