1 0.421371 0.475112 0.52056 0.608105 0.91151
1 0.420113 0.476274 0.513921 0.611271 0.895174
1 0.421198 0.480047 0.517368 0.616545 0.894403
1 0.417891 0.481527 0.509473 0.599081 0.886948
1 0.42136 0.47946 0.519991 0.617921 0.878574
1 0.41923 0.480257 0.511982 0.602949 0.871889
1 0.420711 0.476783 0.516566 0.613963 0.867366
1 0.42331 0.476219 0.518132 0.617669 0.825572
1 0.42416 0.479846 0.520976 0.618565 0.825139
1 0.420726 0.477771 0.51142 0.615385 0.414402
5 0.220482 0.709516 0.0325272 0.0482103 0.119552
5 0.220174 0.710482 0.0332328 0.0469526 0.0927
5 0.219475 0.709123 0.0351398 0.0504917 0.0815569
5 0.221814 0.707824 0.0373404 0.056692 0.0687168
5 0.219373 0.710252 0.0303225 0.0450751 0.0670808
5 0.219429 0.710245 0.0297083 0.0443248 0.0383303
5 0.2192 0.710899 0.0394817 0.0494383 0.021204
1 0.422485 0.479756 0.523708 0.614515 0.0143228
5 0.219481 0.711073 0.0342695 0.0472247 0.0131696
5 0.217524 0.708664 0.0399196 0.0525522 0.0127813
5 0.217821 0.709825 0.0353346 0.048289 0.0123217
