0 0.503552 0.527001 0.662175 0.788183 0.680212
0 0.509768 0.526326 0.683775 0.787765 0.652976
0 0.519904 0.529726 0.688236 0.804652 0.616647
0 0.505006 0.52519 0.671955 0.792 0.61137
0 0.51323 0.526867 0.674366 0.812626 0.5826
0 0.495198 0.52199 0.664895 0.822296 0.54869
0 0.510407 0.525504 0.660886 0.795171 0.513761
0 0.514902 0.512128 0.68326 0.848717 0.456447
0 0.496558 0.517204 0.669785 0.832314 0.412917
0 0.506826 0.521467 0.671389 0.81026 0.36266
0 0.465833 0.523497 0.59214 0.780885 0.179714
2 0.49475 0.714011 0.0757545 0.137065 0.0558927
2 0.494522 0.715753 0.0773356 0.140101 0.0474256
5 0.586852 0.44966 0.113668 0.139307 0.0298731
0 0.408338 0.588531 0.496968 0.635351 0.0257182
0 0.396387 0.515769 0.43858 0.774225 0.0243136
5 0.498677 0.36988 0.0554934 0.116434 0.021176
0 0.444604 0.499496 0.505626 0.734675 0.0208322
0 0.432177 0.590066 0.55027 0.637875 0.020799
0 0.46809 0.519838 0.57619 0.782013 0.0204393
0 0.438458 0.541881 0.553539 0.743448 0.0199131
5 0.498503 0.370033 0.0558406 0.116228 0.0177724
2 0.496572 0.709993 0.0712789 0.12977 0.0174588
0 0.409507 0.539404 0.494567 0.734748 0.0173714
0 0.41309 0.653771 0.519038 0.515831 0.0159417
2 0.493762 0.715848 0.0791983 0.143445 0.0152454
0 0.391363 0.48805 0.405167 0.719151 0.014396
0 0.43186 0.657385 0.566414 0.529657 0.0143824
0 0.454331 0.527481 0.578642 0.799091 0.0142799
5 0.58668 0.450356 0.115982 0.139903 0.0135574
5 0.586902 0.449393 0.112729 0.137533 0.0135368
5 0.587017 0.447244 0.113631 0.142524 0.0135098
2 0.49746 0.371294 0.0578589 0.112508 0.0131039
5 0.498483 0.369927 0.0518313 0.116372 0.0124358
5 0.587515 0.44667 0.112494 0.14097 0.0121774
0 0.482571 0.525771 0.630771 0.811375 0.0114248
5 0.497388 0.371291 0.0569378 0.112749 0.0110107
