3 0.450826 0.384539 0.375843 0.631369 0.726544
3 0.458323 0.384032 0.387566 0.632291 0.708978
3 0.453026 0.380867 0.380708 0.632704 0.678151
3 0.45071 0.385171 0.378637 0.632339 0.677757
3 0.459903 0.381328 0.390451 0.630976 0.667658
3 0.452538 0.381434 0.382623 0.633631 0.59663
3 0.450559 0.383962 0.378307 0.629449 0.574247
3 0.451807 0.379565 0.379519 0.630394 0.571517
3 0.455457 0.37853 0.388354 0.63468 0.561431
3 0.454917 0.37673 0.386547 0.633071 0.48133
3 0.459737 0.380815 0.394413 0.630227 0.352816
