3 0.526025 0.433918 0.492909 0.592433 0.840816
3 0.526565 0.432391 0.491244 0.588519 0.837186
3 0.526302 0.432113 0.497609 0.587391 0.833923
3 0.525928 0.431651 0.49154 0.588766 0.833583
3 0.524076 0.433338 0.493598 0.589673 0.828884
3 0.52424 0.432766 0.49528 0.592552 0.82237
3 0.523077 0.433833 0.49691 0.592408 0.808195
3 0.525144 0.433184 0.490429 0.588481 0.804941
3 0.528447 0.431313 0.484203 0.589502 0.775166
3 0.523998 0.43274 0.49495 0.589718 0.742685
3 0.537447 0.41375 0.350107 0.457117 0.0277456
3 0.531034 0.423247 0.375113 0.460715 0.0273485
3 0.531788 0.433786 0.357963 0.447106 0.0238061
3 0.540703 0.428268 0.335484 0.442497 0.0160412
