3 0.52734 0.407286 0.472213 0.624058 0.932524
3 0.526535 0.407076 0.474774 0.624732 0.92539
3 0.526086 0.409351 0.472542 0.628697 0.912155
3 0.526651 0.408021 0.474116 0.623916 0.902933
3 0.525095 0.409841 0.473701 0.627935 0.900395
3 0.52544 0.407923 0.471143 0.625525 0.898967
3 0.524699 0.408524 0.471916 0.617109 0.88234
3 0.525153 0.410323 0.475714 0.620828 0.881124
3 0.52351 0.411964 0.472845 0.629764 0.877153
3 0.523063 0.412929 0.47419 0.625592 0.84215
5 0.641022 0.177602 0.0469045 0.041169 0.065164
5 0.641288 0.177667 0.0460597 0.0429695 0.0581842
5 0.640543 0.178859 0.044738 0.0408367 0.0435083
5 0.64073 0.178686 0.0451636 0.0417901 0.0409149
5 0.640839 0.178334 0.0456906 0.0407402 0.039141
5 0.640698 0.17787 0.0471051 0.0425048 0.0285905
5 0.640401 0.179448 0.0446056 0.0399956 0.0146015
1 0.318408 0.347537 0.060564 0.272695 0.0123697
3 0.524253 0.344215 0.330782 0.379021 0.0111377
3 0.538185 0.346723 0.307873 0.370242 0.0105873
1 0.319002 0.340901 0.0606692 0.250069 0.0105429
