3 0.357297 0.394889 0.426179 0.623177 0.335907
3 0.35669 0.391574 0.426412 0.628869 0.323364
3 0.35588 0.393677 0.422411 0.626466 0.252078
3 0.357003 0.391441 0.425364 0.630252 0.248365
5 0.453163 0.604699 0.0178068 0.0252704 0.235042
3 0.358691 0.390366 0.422842 0.633064 0.231116
3 0.357976 0.390039 0.423127 0.631974 0.228992
3 0.35637 0.393882 0.420958 0.621522 0.217165
3 0.357867 0.391468 0.424161 0.625749 0.192343
3 0.355719 0.391163 0.421119 0.619551 0.184253
3 0.359757 0.388954 0.422859 0.631128 0.168379
5 0.45342 0.604988 0.0186569 0.0256953 0.166958
5 0.425978 0.566702 0.0201403 0.0248736 0.164042
5 0.411982 0.389151 0.0236848 0.028154 0.161214
5 0.461892 0.633465 0.0221467 0.0254549 0.144961
5 0.373088 0.472793 0.0214359 0.0272815 0.143401
5 0.461689 0.633401 0.0208871 0.0240875 0.136658
5 0.460186 0.633822 0.0217157 0.0274684 0.13124
5 0.475812 0.600609 0.0225934 0.0316497 0.129962
5 0.426089 0.566832 0.0227908 0.0271331 0.123092
5 0.47625 0.600265 0.0229971 0.0311813 0.122822
5 0.476021 0.600024 0.0250971 0.0338751 0.116557
5 0.461279 0.633451 0.0233628 0.0274142 0.113839
5 0.373276 0.473198 0.0222192 0.0272889 0.111987
5 0.473899 0.600055 0.0268225 0.0326122 0.106375
5 0.411974 0.388743 0.0268736 0.0326816 0.0872379
5 0.447533 0.484402 0.0218331 0.0277875 0.0864854
5 0.397191 0.206794 0.0231637 0.0291467 0.0852108
5 0.448258 0.484327 0.0217888 0.0273303 0.0787188
5 0.372275 0.473063 0.0258258 0.0303867 0.0745595
5 0.420693 0.171964 0.0200126 0.0260541 0.0728524
5 0.411752 0.389275 0.0280781 0.0320157 0.0727887
5 0.421007 0.172054 0.020817 0.026167 0.0682203
5 0.374148 0.158463 0.0208892 0.0250676 0.0596967
5 0.425329 0.566361 0.0261476 0.0305513 0.0586651
5 0.447337 0.483889 0.023046 0.0291463 0.0584616
5 0.374159 0.158721 0.0189196 0.0238346 0.0561364
5 0.411636 0.388927 0.0287526 0.0331169 0.0555226
5 0.476817 0.599527 0.0264593 0.0363531 0.0554475
5 0.421053 0.171488 0.0215257 0.0272427 0.0546755
5 0.47613 0.598619 0.0273646 0.036239 0.0495664
5 0.411843 0.387932 0.0280813 0.0333588 0.0494141
5 0.421153 0.172007 0.0238823 0.0282411 0.0483445
5 0.425804 0.567206 0.0266679 0.0306047 0.0454249
5 0.397561 0.206023 0.0263278 0.0329866 0.0452314
5 0.372729 0.473482 0.0264251 0.0297068 0.0417724
5 0.447416 0.484035 0.0229129 0.0290893 0.0404069
5 0.398536 0.206879 0.0286411 0.0334367 0.0400218
5 0.397468 0.204747 0.0302768 0.0366956 0.0397185
5 0.39284 0.67189 0.0220695 0.0261839 0.0379794
5 0.398811 0.206 0.0304611 0.0348121 0.0372166
5 0.387533 0.139183 0.018398 0.0181564 0.0351243
5 0.413591 0.218081 0.0155121 0.0184958 0.0339435
5 0.397052 0.205425 0.0297095 0.0357233 0.0334323
5 0.393338 0.672243 0.0223824 0.0283509 0.0318106
5 0.412296 0.387806 0.0291721 0.034844 0.0312515
5 0.43025 0.614131 0.0152871 0.0182696 0.0312435
5 0.379286 0.158818 0.02886 0.0245594 0.0297048
5 0.393499 0.673746 0.0253905 0.030152 0.0289071
5 0.394041 0.672646 0.0242577 0.0290351 0.0274859
5 0.462472 0.635556 0.0330556 0.0377495 0.0271382
5 0.345474 0.49416 0.0196954 0.0219799 0.025267
5 0.46699 0.627373 0.0402832 0.0435512 0.023384
0 0.353614 0.128647 0.107684 0.0940505 0.0169394
5 0.427462 0.566732 0.0312561 0.0334232 0.0167309
5 0.464583 0.635817 0.039723 0.0349565 0.0150108
5 0.374399 0.158993 0.0296405 0.0318327 0.0146595
5 0.373902 0.157947 0.0285643 0.0314849 0.0144502
5 0.413729 0.388443 0.0323217 0.0339257 0.0144341
2 0.523389 0.532959 0.0162974 0.0222861 0.0143565
5 0.46158 0.634968 0.0346812 0.0378613 0.0137349
5 0.374652 0.472366 0.0312438 0.0339942 0.0132892
5 0.374884 0.473223 0.0312669 0.0336706 0.0130226
5 0.448304 0.482762 0.0299267 0.0370248 0.0123467
5 0.427163 0.566042 0.0306633 0.0316674 0.0122638
5 0.450599 0.604729 0.0249258 0.0288528 0.0122196
5 0.380856 0.156558 0.0296058 0.0342331 0.0121998
5 0.478754 0.59828 0.0357092 0.0387173 0.0118506
5 0.44793 0.483138 0.0301692 0.0367441 0.0110618
0 0.378072 0.135889 0.0637554 0.0913368 0.0102908
5 0.413178 0.388409 0.0334274 0.0351007 0.0102691
