4 0.460866 0.329782 0.405499 0.552791 0.75067
4 0.460934 0.328957 0.405732 0.552024 0.730518
4 0.462051 0.328696 0.402313 0.553158 0.728181
4 0.461542 0.331409 0.407393 0.558247 0.725799
4 0.462186 0.329824 0.404877 0.553908 0.725192
4 0.462566 0.330703 0.409197 0.555944 0.713847
4 0.462263 0.330862 0.408005 0.556179 0.705644
4 0.462266 0.331239 0.406335 0.556192 0.704768
4 0.462869 0.331138 0.408012 0.555553 0.674939
4 0.46315 0.330127 0.407066 0.556742 0.667741
2 0.307577 0.208451 0.0224692 0.0300752 0.36854
2 0.535439 0.203656 0.0226535 0.0211794 0.360452
2 0.532325 0.226959 0.0238613 0.0259296 0.33029
2 0.307289 0.208585 0.0232051 0.0301422 0.326603
2 0.476982 0.150737 0.0181868 0.0330493 0.300291
2 0.445274 0.493762 0.0230026 0.0240684 0.300282
2 0.347188 0.100236 0.0323538 0.0359219 0.291543
2 0.342828 0.0990352 0.0311699 0.0366161 0.274893
2 0.342613 0.0992243 0.0274921 0.035045 0.269307
