2 0.46955 0.551232 0.0730817 0.0776595 0.613854
2 0.467066 0.551549 0.0718486 0.0783127 0.536154
2 0.466656 0.551768 0.0747257 0.0795547 0.523973
2 0.321654 0.430898 0.0529127 0.0708678 0.428536
2 0.472294 0.550461 0.0646571 0.0764801 0.427582
2 0.320834 0.431242 0.0534931 0.0743334 0.424795
2 0.46732 0.551208 0.0718269 0.0780065 0.421466
2 0.320829 0.430499 0.0508251 0.0695855 0.401402
2 0.32167 0.430187 0.0503876 0.0691433 0.393279
2 0.465508 0.552143 0.0704805 0.0771565 0.369314
2 0.466308 0.551628 0.0714184 0.078656 0.336921
2 0.32054 0.431214 0.0543226 0.0724661 0.326248
2 0.322021 0.429998 0.0477255 0.0672035 0.313468
2 0.24382 0.602615 0.0322861 0.0545433 0.311561
2 0.321068 0.430343 0.0503253 0.070815 0.3034
2 0.574968 0.0846258 0.057483 0.0481976 0.302708
2 0.322697 0.429596 0.0496169 0.068846 0.28759
2 0.243764 0.60381 0.0298612 0.0547048 0.279037
2 0.321551 0.42995 0.0475834 0.0679646 0.278481
2 0.469463 0.510955 0.198675 0.172817 0.267789
2 0.243437 0.603513 0.0299421 0.0542079 0.266265
2 0.321296 0.42976 0.0514197 0.0704305 0.257491
2 0.574997 0.085544 0.0591915 0.049794 0.251335
