3 0.611346 0.41836 0.449497 0.651494 0.940023
3 0.608787 0.391521 0.449523 0.600108 0.939312
3 0.612171 0.3974 0.447435 0.608335 0.938511
3 0.608004 0.39455 0.450334 0.610566 0.936996
3 0.60967 0.402188 0.448027 0.619604 0.931044
3 0.610763 0.399128 0.446262 0.618976 0.930013
3 0.609967 0.4116 0.451228 0.632967 0.928987
3 0.610858 0.410112 0.449208 0.635166 0.927245
3 0.606677 0.397938 0.451803 0.61113 0.92475
3 0.610559 0.393536 0.457036 0.604856 0.901374
5 0.564079 0.692965 0.0166715 0.0217522 0.223455
5 0.564678 0.693137 0.0211713 0.0251187 0.14054
5 0.662284 0.674356 0.0249854 0.0293959 0.102046
5 0.662232 0.674574 0.0270352 0.0307376 0.0936503
5 0.662399 0.673651 0.026721 0.0308462 0.0917173
5 0.663053 0.674379 0.0288888 0.0320355 0.0531508
5 0.563614 0.691891 0.0255783 0.0294404 0.0530155
2 0.561763 0.291255 0.0175762 0.0225165 0.0520587
5 0.662712 0.674712 0.0317475 0.0372557 0.045604
5 0.562385 0.692322 0.0225932 0.028136 0.0386401
2 0.560463 0.290776 0.0201579 0.0242601 0.0346024
5 0.556444 0.719169 0.0247738 0.0257231 0.0318842
5 0.45204 0.677428 0.0222847 0.0281105 0.0279907
5 0.428343 0.626411 0.0218045 0.0245598 0.0253653
5 0.451857 0.676212 0.028656 0.0335638 0.0247162
5 0.664211 0.67357 0.0338979 0.0346035 0.0241905
5 0.451341 0.677117 0.0275152 0.0339588 0.0225958
5 0.452284 0.676448 0.0314089 0.0360742 0.0217308
5 0.427305 0.625503 0.0312599 0.0317744 0.0192409
5 0.663801 0.674436 0.0341526 0.0363273 0.0185746
5 0.451056 0.676884 0.0315925 0.0363061 0.0185534
5 0.661397 0.676304 0.0320482 0.0364659 0.0165647
5 0.637968 0.693044 0.0225539 0.0298281 0.0143044
5 0.55652 0.719798 0.0281169 0.0271386 0.0140431
5 0.45107 0.67724 0.0296426 0.0339921 0.0130869
5 0.428183 0.624 0.0313161 0.0337328 0.0125632
5 0.379727 0.472409 0.0192682 0.0241484 0.0125374
2 0.562079 0.291488 0.0243237 0.0276857 0.0119594
5 0.426981 0.625167 0.0342226 0.0343375 0.0115893
5 0.429097 0.625166 0.030376 0.0296713 0.0115787
5 0.380193 0.472803 0.0191031 0.0242561 0.0115582
5 0.427469 0.62373 0.0350046 0.0373218 0.0110743
5 0.380597 0.472162 0.0218129 0.026702 0.0109476
5 0.427513 0.626169 0.0276168 0.0295281 0.0106641
