3 0.477516 0.477163 0.512365 0.685407 0.776815
3 0.479609 0.478418 0.512338 0.683536 0.77025
3 0.479482 0.479905 0.512835 0.685124 0.763488
3 0.480069 0.477727 0.513113 0.68583 0.756992
3 0.476981 0.472221 0.513049 0.676734 0.748356
3 0.47836 0.474841 0.513151 0.673104 0.748107
3 0.479347 0.476653 0.514978 0.674343 0.740428
3 0.47671 0.475743 0.520045 0.680528 0.740298
3 0.47896 0.475697 0.511375 0.686827 0.729685
3 0.481156 0.478128 0.513585 0.686058 0.723298
5 0.138121 0.487226 0.0282316 0.031739 0.111592
5 0.620937 0.731851 0.0293065 0.0285925 0.108764
5 0.138177 0.486728 0.0279943 0.031 0.0956319
5 0.139155 0.487271 0.033031 0.0343216 0.0862003
5 0.62082 0.731514 0.0325185 0.0324287 0.07821
5 0.138927 0.486533 0.0329506 0.0339283 0.0660656
5 0.137748 0.486624 0.0315698 0.0343288 0.0544952
5 0.236901 0.492489 0.0218419 0.0286002 0.053256
5 0.620011 0.731443 0.0340267 0.0350728 0.0514833
3 0.501518 0.456838 0.360205 0.4554 0.0503935
5 0.622612 0.730241 0.0385587 0.0353542 0.0461708
5 0.620775 0.730989 0.0323942 0.034739 0.0440682
5 0.138069 0.487188 0.031873 0.0341693 0.0437795
3 0.48202 0.457267 0.362964 0.460133 0.0399365
5 0.621396 0.730332 0.0372803 0.0357894 0.0383377
5 0.420579 0.800551 0.0204012 0.02128 0.037094
5 0.235785 0.493089 0.0220634 0.0325256 0.0322208
5 0.623331 0.730369 0.0400923 0.0374419 0.0286832
3 0.50061 0.475734 0.356083 0.474108 0.0285848
3 0.483852 0.428935 0.361412 0.418219 0.027552
5 0.235121 0.498318 0.0259138 0.0442695 0.0274956
3 0.52143 0.454849 0.351998 0.447391 0.0263201
3 0.50189 0.427845 0.353737 0.408376 0.025359
5 0.421147 0.801106 0.0228335 0.0215723 0.0245858
5 0.233549 0.508259 0.0218981 0.0274628 0.0241599
5 0.62201 0.72971 0.0434496 0.039812 0.0240035
5 0.235459 0.493294 0.0262503 0.0415645 0.0232306
5 0.23654 0.492491 0.0254292 0.0379165 0.0223185
3 0.520684 0.47208 0.348163 0.46422 0.0216099
5 0.138918 0.488621 0.037281 0.0406619 0.0213082
5 0.139628 0.488491 0.0397472 0.0421836 0.021099
3 0.46282 0.45618 0.355666 0.462771 0.0195908
5 0.232656 0.505533 0.023147 0.0411395 0.0190664
3 0.4812 0.477459 0.358438 0.478596 0.0187259
5 0.621121 0.729933 0.0380468 0.036985 0.0168296
3 0.466248 0.428595 0.355836 0.430329 0.0165311
5 0.258337 0.335953 0.0164253 0.0180777 0.0141466
5 0.526235 0.325755 0.0172623 0.0227438 0.013586
3 0.540764 0.469271 0.3304 0.453346 0.0134159
5 0.420648 0.800045 0.0246497 0.0260645 0.0133287
5 0.234554 0.529572 0.0309248 0.125835 0.0124594
5 0.138231 0.485583 0.0368542 0.0409307 0.0118729
3 0.444288 0.427665 0.346306 0.443539 0.0116438
3 0.482803 0.50384 0.33741 0.414488 0.0112909
5 0.140119 0.485394 0.0377614 0.0420765 0.0111615
3 0.441048 0.453837 0.346545 0.464539 0.011123
5 0.527907 0.326208 0.017346 0.0224951 0.010937
1 0.496972 0.169371 0.345355 0.0947719 0.0107907
3 0.496366 0.497283 0.331013 0.399923 0.0104426
2 0.432874 0.321138 0.0145268 0.0184631 0.0100488
