3 0.459585 0.354839 0.439652 0.56738 0.719926
3 0.458099 0.360345 0.444783 0.581647 0.717969
3 0.461621 0.347698 0.439054 0.551832 0.697665
3 0.460616 0.351392 0.436517 0.558058 0.679617
3 0.460151 0.356701 0.441667 0.574465 0.678831
3 0.462059 0.33689 0.435095 0.535017 0.673526
3 0.461398 0.34174 0.439668 0.537086 0.657341
3 0.461683 0.3314 0.438352 0.525947 0.648585
3 0.462021 0.321547 0.436763 0.512166 0.602821
3 0.461937 0.335316 0.435663 0.526716 0.583757
5 0.4655 0.381225 0.0231921 0.0315172 0.0449293
5 0.462961 0.381703 0.0289052 0.0370834 0.0340594
3 0.428165 0.414107 0.355422 0.279626 0.0334435
5 0.464794 0.380985 0.0252557 0.0314874 0.0309041
3 0.43451 0.416437 0.353063 0.27155 0.0278488
5 0.463385 0.38137 0.0292545 0.0357758 0.024289
3 0.449027 0.417354 0.376126 0.266768 0.0232032
3 0.445066 0.415694 0.380241 0.274995 0.0202451
3 0.415505 0.416734 0.320993 0.274551 0.0185358
3 0.412854 0.41418 0.325465 0.280082 0.0163757
2 0.300363 0.13103 0.063717 0.0562019 0.0144892
5 0.431877 0.598428 0.101345 0.093541 0.0137403
2 0.301627 0.130344 0.0594472 0.0539359 0.0121188
2 0.29922 0.130809 0.0602525 0.0569879 0.011889
2 0.299369 0.130202 0.0587323 0.0558452 0.0102221
