2 0.483888 0.379709 0.19506 0.15332 0.592788
0 0.444412 0.498304 0.399353 0.439304 0.466324
0 0.445578 0.490675 0.398803 0.449903 0.464448
0 0.445266 0.494013 0.398432 0.447517 0.449623
0 0.445137 0.500687 0.403138 0.43727 0.434937
4 0.447267 0.492517 0.399444 0.440158 0.434337
0 0.444796 0.495706 0.402189 0.444872 0.426872
0 0.445981 0.493784 0.399622 0.447024 0.419849
0 0.446116 0.503338 0.400893 0.42998 0.375843
4 0.445726 0.494964 0.400889 0.437472 0.372847
0 0.444668 0.497756 0.403869 0.437845 0.346583
2 0.482105 0.378672 0.195175 0.155157 0.341676
2 0.483434 0.375663 0.198225 0.157835 0.313265
2 0.486035 0.379898 0.197866 0.153118 0.241808
2 0.483807 0.375725 0.205245 0.158907 0.197712
2 0.484355 0.381602 0.194307 0.154166 0.139247
2 0.484569 0.37652 0.206332 0.156651 0.0673974
2 0.484065 0.378279 0.199861 0.15937 0.0578742
2 0.479341 0.374786 0.20243 0.159029 0.0223007
2 0.491931 0.381008 0.182214 0.149347 0.0220489
2 0.480353 0.380727 0.187641 0.149518 0.0196855
2 0.325717 0.439405 0.0369922 0.0455374 0.0176793
2 0.470406 0.379303 0.174726 0.15122 0.0170565
2 0.325326 0.438401 0.0356616 0.0452186 0.0157732
2 0.325494 0.438467 0.0364371 0.0458439 0.0148823
2 0.486868 0.382164 0.196648 0.151516 0.0109249
2 0.494033 0.379725 0.146744 0.151085 0.0106234
