0 0.416027 0.520105 0.439577 0.589754 0.227896
0 0.414077 0.528906 0.455459 0.619744 0.217834
0 0.418549 0.516196 0.444823 0.597198 0.214364
0 0.41877 0.547668 0.416795 0.623926 0.187643
0 0.413478 0.52524 0.418825 0.590372 0.187484
0 0.413286 0.555666 0.405656 0.620196 0.180135
0 0.416556 0.548891 0.442789 0.64862 0.17652
0 0.416019 0.517295 0.432404 0.598922 0.158099
0 0.41798 0.560155 0.395287 0.65078 0.134107
0 0.414138 0.519627 0.461299 0.602517 0.115564
0 0.412775 0.516313 0.469235 0.597653 0.0975521
0 0.40219 0.560495 0.374997 0.638405 0.093907
0 0.42133 0.566323 0.42834 0.67455 0.0799971
0 0.414278 0.510289 0.459936 0.583922 0.0793228
0 0.39884 0.539011 0.495318 0.643769 0.0771861
0 0.401921 0.524689 0.490123 0.609335 0.0599937
0 0.37858 0.538272 0.319127 0.438425 0.0574868
0 0.378924 0.520361 0.32657 0.418715 0.0531556
0 0.416293 0.498216 0.451681 0.56066 0.0500641
0 0.405421 0.523879 0.486154 0.611143 0.049875
1 0.584744 0.508776 0.151693 0.524532 0.0438311
0 0.384237 0.593278 0.403413 0.726886 0.0345951
0 0.398877 0.518305 0.313908 0.386581 0.033414
1 0.585876 0.518153 0.143109 0.563127 0.0308802
0 0.396504 0.533985 0.315357 0.388897 0.0288023
0 0.378957 0.58331 0.401745 0.679471 0.0278115
1 0.585868 0.493075 0.162491 0.501056 0.0243527
1 0.593428 0.510316 0.126731 0.481996 0.0197605
0 0.366837 0.529267 0.39831 0.457747 0.0181307
0 0.374627 0.549645 0.377076 0.491118 0.0171218
0 0.401836 0.555794 0.489754 0.670676 0.0159233
1 0.595605 0.524866 0.119581 0.50626 0.0138694
1 0.5875 0.526763 0.138082 0.604705 0.0136042
0 0.358599 0.575186 0.363459 0.670255 0.012347
0 0.415204 0.475739 0.465899 0.522623 0.0123241
1 0.59381 0.499302 0.129 0.438981 0.012095
1 0.569827 0.498941 0.18473 0.536804 0.011361
0 0.442145 0.527039 0.416749 0.613024 0.0108876
0 0.417302 0.433726 0.462549 0.441322 0.0102653
