1 0.45684 0.51435 0.610104 0.746715 0.840849
1 0.45609 0.508548 0.615041 0.743674 0.806682
1 0.454568 0.508306 0.608015 0.741884 0.800909
1 0.462537 0.514296 0.606802 0.748088 0.797909
1 0.45942 0.513484 0.610299 0.749707 0.769669
1 0.453069 0.510032 0.610852 0.747876 0.762287
1 0.458984 0.507651 0.604455 0.740779 0.754843
1 0.457328 0.509344 0.603105 0.747001 0.73526
1 0.459464 0.508187 0.607302 0.745059 0.710756
1 0.456987 0.509827 0.608157 0.75048 0.646334
5 0.609818 0.463042 0.0330221 0.0412467 0.411709
5 0.609879 0.463298 0.034271 0.0427996 0.398176
5 0.609325 0.464111 0.0366839 0.0465181 0.393169
5 0.610005 0.463375 0.0336177 0.0427755 0.374106
5 0.609996 0.463042 0.0321788 0.0410453 0.357296
5 0.609976 0.463697 0.0350817 0.0443375 0.3533
5 0.610868 0.462846 0.0384846 0.0452425 0.289002
5 0.610433 0.46345 0.042822 0.0483338 0.283928
5 0.620596 0.820769 0.0258163 0.0316885 0.26226
5 0.610479 0.462303 0.0390682 0.0445966 0.261794
5 0.620902 0.821243 0.0248815 0.0282233 0.213952
5 0.609845 0.460643 0.0412262 0.048268 0.182756
5 0.608246 0.460697 0.0441423 0.0502741 0.181722
5 0.621236 0.820137 0.0301431 0.0347914 0.178567
5 0.621167 0.81993 0.030043 0.0340024 0.17768
5 0.610801 0.460216 0.0462798 0.0513447 0.123378
5 0.466867 0.3591 0.018854 0.0236058 0.108165
5 0.62019 0.821498 0.0314136 0.0339804 0.103663
5 0.620643 0.821303 0.0325319 0.0343104 0.0678925
5 0.455604 0.357983 0.0481441 0.0343821 0.0653106
5 0.623186 0.819125 0.0402527 0.0401477 0.0637623
5 0.460707 0.357838 0.0350344 0.0288681 0.0630923
5 0.605672 0.463883 0.0491576 0.0527443 0.0627889
5 0.623157 0.819405 0.0387747 0.0370032 0.0572728
5 0.606569 0.465099 0.0536834 0.0568711 0.0554754
5 0.455647 0.358252 0.0454157 0.0342224 0.0522886
5 0.605202 0.461584 0.0485393 0.0526353 0.0414905
5 0.609084 0.467815 0.0486847 0.061474 0.0363835
5 0.45485 0.357439 0.0536718 0.040515 0.0340303
5 0.608752 0.467926 0.0540617 0.063662 0.0331577
5 0.454241 0.357602 0.0520323 0.039997 0.0321261
5 0.454857 0.359541 0.0510896 0.0397635 0.0285852
5 0.459281 0.359978 0.041426 0.0371927 0.025014
5 0.462243 0.35779 0.0432589 0.0349598 0.0210689
5 0.520494 0.35381 0.0193789 0.0218481 0.01906
5 0.52016 0.353489 0.0200635 0.0246842 0.0173321
5 0.453955 0.358419 0.056685 0.0462112 0.013952
5 0.622035 0.820012 0.0467933 0.0433016 0.010448
