3 0.546323 0.632229 0.47483 0.64481 0.879056
3 0.548976 0.631222 0.473778 0.639785 0.868337
3 0.549594 0.631292 0.471541 0.639154 0.860357
3 0.546918 0.630104 0.477697 0.642717 0.841619
3 0.549933 0.627869 0.474269 0.640459 0.837194
3 0.548268 0.630217 0.474472 0.642665 0.834432
3 0.548707 0.630936 0.469978 0.641482 0.833497
3 0.549856 0.62945 0.473245 0.639287 0.831424
3 0.548589 0.630251 0.471428 0.639495 0.819624
3 0.548108 0.627809 0.47444 0.641876 0.815837
5 0.607991 0.790756 0.0729627 0.0908422 0.0848953
5 0.627956 0.647147 0.0337553 0.0478367 0.0838619
5 0.627549 0.646838 0.0423066 0.0529911 0.0649313
2 0.501489 0.398563 0.0254754 0.0294719 0.0632195
5 0.608684 0.785151 0.0591789 0.0738485 0.0622784
5 0.602414 0.785364 0.0549054 0.0760251 0.0609399
2 0.501203 0.398839 0.0270516 0.0319969 0.0577637
5 0.627309 0.646476 0.0451467 0.0560985 0.0573539
5 0.627465 0.646897 0.0304346 0.0463586 0.050743
5 0.627245 0.647015 0.0442425 0.0574558 0.0488136
5 0.709402 0.664454 0.0486165 0.115426 0.0450279
5 0.602584 0.784043 0.0430473 0.0693544 0.0398451
3 0.709882 0.664706 0.0488765 0.114516 0.0391211
5 0.627129 0.647705 0.0338785 0.047754 0.0342374
5 0.708947 0.663459 0.0438798 0.112415 0.031773
5 0.612503 0.798646 0.0752572 0.103775 0.0306914
2 0.501629 0.398839 0.0276954 0.0315546 0.0295531
5 0.709153 0.663602 0.0479471 0.115654 0.0284996
5 0.607417 0.784327 0.0535499 0.0707446 0.0256776
0 0.709957 0.66525 0.0504141 0.114049 0.0247123
3 0.709577 0.665001 0.048006 0.112237 0.0237527
5 0.610224 0.801029 0.0913512 0.113402 0.0219489
2 0.501507 0.399173 0.0282735 0.0336907 0.0192309
5 0.612266 0.783983 0.066175 0.0706227 0.0190804
5 0.601977 0.782763 0.041069 0.0658106 0.0182008
3 0.611641 0.784264 0.0780417 0.075717 0.0177203
5 0.600806 0.78291 0.0523152 0.0740666 0.016893
3 0.704992 0.664939 0.0603828 0.11751 0.0153715
5 0.626913 0.646372 0.0514 0.0596228 0.0142484
2 0.502192 0.399695 0.030074 0.0372529 0.0135132
5 0.627725 0.645532 0.0422373 0.0529937 0.0126732
4 0.710584 0.664917 0.0534568 0.115603 0.0110493
5 0.627318 0.646791 0.0356038 0.0498404 0.011018
2 0.500623 0.399734 0.0327008 0.0384017 0.0106918
5 0.60394 0.782927 0.040377 0.0664764 0.010094
