0 0.553871 0.466664 0.34577 0.52316 0.709068
0 0.554228 0.466453 0.343028 0.523206 0.706475
0 0.555912 0.46756 0.343672 0.526756 0.704886
0 0.556316 0.467373 0.341991 0.523675 0.688051
0 0.556666 0.467318 0.343094 0.521245 0.647816
0 0.555848 0.465 0.345166 0.524618 0.647382
0 0.554952 0.467089 0.343364 0.523627 0.64527
0 0.554654 0.466267 0.351093 0.524484 0.563132
0 0.55634 0.464937 0.344588 0.520489 0.52689
0 0.556659 0.462611 0.346946 0.514115 0.237972
0 0.439271 0.483328 0.121533 0.447399 0.058522
0 0.440252 0.465485 0.115131 0.460514 0.0559371
0 0.439999 0.467045 0.108246 0.453081 0.0300991
0 0.450019 0.462379 0.123024 0.446555 0.0276476
0 0.449183 0.485016 0.128732 0.444605 0.0259777
0 0.421329 0.505989 0.0777467 0.241932 0.0257732
0 0.650307 0.468149 0.19642 0.433272 0.0246375
0 0.43923 0.476911 0.123511 0.450629 0.0236168
0 0.662497 0.469361 0.150648 0.427973 0.0227346
0 0.555582 0.335039 0.325984 0.263808 0.0210951
0 0.423332 0.519043 0.0784436 0.236146 0.0209047
0 0.669258 0.463855 0.183477 0.431766 0.0202669
0 0.647283 0.477121 0.165513 0.441733 0.0201518
0 0.556691 0.37631 0.338769 0.343544 0.0192487
0 0.414325 0.503137 0.0749546 0.247423 0.018578
0 0.52797 0.447611 0.286635 0.479469 0.0156764
0 0.419 0.498157 0.0715554 0.234436 0.0156562
0 0.432873 0.467086 0.10329 0.438117 0.0156151
0 0.449553 0.474419 0.119727 0.440629 0.0155533
0 0.553077 0.326202 0.324009 0.247188 0.0154171
0 0.428095 0.504301 0.0875678 0.250828 0.0153436
0 0.557292 0.370787 0.337418 0.332317 0.0152804
0 0.555467 0.385478 0.33947 0.360153 0.0146374
0 0.426744 0.518214 0.0897146 0.245039 0.0142076
0 0.433341 0.474209 0.109971 0.423647 0.0138526
0 0.416321 0.516484 0.0685272 0.242877 0.0125341
0 0.450341 0.476644 0.133896 0.448434 0.0123717
0 0.660935 0.452246 0.137826 0.433741 0.0120636
0 0.437526 0.49043 0.101975 0.409495 0.0103411
