0 0.52264 0.474454 0.393251 0.497903 0.494214
0 0.515942 0.474372 0.386358 0.492235 0.486684
0 0.522207 0.473545 0.393714 0.512007 0.482562
0 0.516837 0.472548 0.391023 0.507415 0.48068
0 0.526227 0.467332 0.402343 0.501577 0.480192
0 0.518827 0.481333 0.384482 0.467721 0.476747
0 0.526473 0.472848 0.399952 0.471275 0.467273
0 0.523026 0.47662 0.405637 0.520725 0.459532
0 0.528112 0.468825 0.411134 0.508513 0.451563
0 0.515511 0.47492 0.406769 0.518991 0.43881
5 0.643705 0.616069 0.0363033 0.0371989 0.0813936
5 0.643708 0.616202 0.0357929 0.0381445 0.0749468
5 0.644129 0.615327 0.0401221 0.0421596 0.0749289
0 0.511718 0.421362 0.368752 0.311905 0.0641946
5 0.643614 0.616324 0.0345587 0.0366673 0.0539411
5 0.643449 0.61592 0.0351257 0.0366944 0.0471033
5 0.643937 0.615378 0.0405629 0.042092 0.045042
0 0.452429 0.416669 0.26031 0.296434 0.0298304
5 0.642397 0.614724 0.0442206 0.0424676 0.0217912
0 0.520308 0.388487 0.401402 0.279246 0.020319
0 0.521266 0.3846 0.408474 0.325944 0.0202231
0 0.463726 0.46864 0.279508 0.40125 0.0194029
0 0.505042 0.385467 0.365107 0.240794 0.0191878
2 0.538641 0.705776 0.0272044 0.0330357 0.0189183
5 0.641429 0.614816 0.047417 0.0459071 0.0183283
2 0.537416 0.706386 0.0246038 0.0302823 0.0159875
5 0.642056 0.615892 0.0432886 0.040552 0.0157098
2 0.674401 0.451942 0.118085 0.224295 0.0150987
0 0.529022 0.387689 0.42352 0.342111 0.0121716
2 0.673067 0.450632 0.113105 0.215233 0.0121276
5 0.538115 0.706633 0.0267707 0.0313829 0.0119771
0 0.445192 0.378065 0.278603 0.219831 0.0107916
2 0.42689 0.359069 0.166897 0.155813 0.0106832
2 0.66547 0.440854 0.112966 0.196275 0.0102954
