0 0.524126 0.52012 0.395562 0.485187 0.454336
0 0.525332 0.523563 0.399974 0.487388 0.45084
0 0.524729 0.520929 0.395338 0.484608 0.446952
0 0.523863 0.523993 0.396698 0.487452 0.44515
0 0.522759 0.524097 0.406974 0.495625 0.440499
0 0.525277 0.520135 0.403304 0.488044 0.425257
0 0.525586 0.520653 0.392155 0.475321 0.421568
0 0.527825 0.521567 0.391736 0.476325 0.41804
0 0.526563 0.520994 0.401586 0.48067 0.389806
0 0.523454 0.521644 0.395609 0.483626 0.360451
5 0.408472 0.589948 0.0283203 0.0312169 0.314312
5 0.40859 0.590214 0.0286404 0.0301822 0.304535
5 0.408575 0.590178 0.0274447 0.0308051 0.296911
5 0.408527 0.590263 0.0266771 0.0297701 0.279814
5 0.616966 0.392077 0.0340217 0.043517 0.185802
5 0.552575 0.718545 0.0406765 0.0503879 0.178591
5 0.617196 0.389795 0.033129 0.0412406 0.169917
5 0.615922 0.392259 0.0359405 0.0453022 0.164443
5 0.614566 0.391418 0.0430675 0.0527892 0.162202
5 0.615969 0.391423 0.0366301 0.0455307 0.145158
5 0.552308 0.715431 0.0477812 0.0595575 0.137477
5 0.0198146 0.0704616 0.0389825 0.0676377 0.131663
5 0.614831 0.390381 0.0430166 0.0553235 0.12979
5 0.0191284 0.0705368 0.0372388 0.0595618 0.127986
5 0.551898 0.718562 0.0400704 0.0489239 0.122632
5 0.616936 0.389293 0.04096 0.048598 0.1212
5 0.0200847 0.0708525 0.0401694 0.0635669 0.12041
5 0.0205228 0.0699698 0.0410456 0.0681562 0.116423
5 0.0193078 0.0706987 0.0375755 0.0628743 0.116391
5 0.61756 0.387552 0.0397857 0.0450145 0.106332
5 0.552737 0.718613 0.0405615 0.0502886 0.10482
5 0.55151 0.718384 0.0425113 0.0511184 0.103197
5 0.552351 0.715632 0.050643 0.062011 0.101281
5 0.0223186 0.0693864 0.0446372 0.0784935 0.100116
5 0.0224781 0.0706309 0.0449562 0.076521 0.0994525
5 0.552124 0.718769 0.0406872 0.0503199 0.0992306
5 0.021703 0.0695257 0.043406 0.0699411 0.0971297
5 0.0234325 0.0694225 0.0468651 0.0823833 0.0968925
5 0.0200114 0.0703988 0.0400228 0.0646178 0.0959621
5 0.408585 0.587594 0.0371206 0.0400383 0.0940496
5 0.021549 0.0688846 0.043098 0.071706 0.0933876
5 0.551632 0.718438 0.0431375 0.0520174 0.0930276
5 0.614784 0.393656 0.0398347 0.0514115 0.0739751
5 0.408697 0.587886 0.0380019 0.0400209 0.07373
5 0.61376 0.393992 0.0504421 0.0591996 0.0724246
5 0.0206401 0.0746875 0.0412802 0.0714759 0.0716438
5 0.410922 0.589275 0.0424056 0.0401132 0.0708824
5 0.410648 0.589546 0.043716 0.041157 0.0697466
5 0.550632 0.706896 0.053376 0.055425 0.0628871
5 0.615835 0.388547 0.0482192 0.0588242 0.0541504
5 0.025223 0.0693271 0.050446 0.0844316 0.0507254
5 0.939349 0.457637 0.0600461 0.0763298 0.0469521
5 0.554229 0.718862 0.0482585 0.0583528 0.0429168
5 0.0189576 0.0755385 0.036578 0.068318 0.0424184
5 0.941306 0.459518 0.0477484 0.0700327 0.0401027
5 0.62034 0.38687 0.0474811 0.0533719 0.0392353
5 0.940889 0.459601 0.0494068 0.0665054 0.0384598
5 0.940365 0.458586 0.0496511 0.0690987 0.0381163
5 0.616112 0.394433 0.0433904 0.055356 0.0353334
5 0.554926 0.718934 0.0486767 0.0562826 0.0338231
5 0.554139 0.720471 0.0464337 0.0552454 0.0257534
5 0.941203 0.460513 0.0432089 0.0590444 0.0234927
5 0.940561 0.457621 0.0486852 0.0661623 0.0233587
5 0.553525 0.719646 0.0442096 0.05741 0.023263
5 0.516423 0.692002 0.0348147 0.0448741 0.0226107
5 0.620628 0.385631 0.0486869 0.0547388 0.0220175
5 0.553504 0.712651 0.0568796 0.0624086 0.0218667
5 0.553033 0.718207 0.0529822 0.0675612 0.0216657
5 0.941021 0.45896 0.0430836 0.0625379 0.0212808
5 0.408733 0.592566 0.0435105 0.0454527 0.019584
5 0.938776 0.459535 0.043447 0.0628653 0.0190626
1 0.515747 0.529831 0.162765 0.314952 0.0190461
5 0.0232565 0.0727409 0.046513 0.0768325 0.0189071
0 0.446115 0.518471 0.259093 0.472054 0.0188774
5 0.522714 0.695689 0.0499282 0.051184 0.0185892
5 0.939002 0.458542 0.0423397 0.063086 0.0182111
5 0.516225 0.691797 0.0375131 0.0461928 0.0180985
5 0.940833 0.458468 0.0454764 0.0623771 0.0175014
5 0.345479 0.480097 0.0360408 0.0455963 0.0167217
5 0.0295134 0.0696302 0.0590268 0.0907291 0.0160895
5 0.51602 0.692943 0.0316176 0.0405802 0.0160513
0 0.443378 0.524006 0.247897 0.475748 0.0156002
0 0.399551 0.529288 0.186506 0.475644 0.0152506
5 0.410668 0.587475 0.0476581 0.0471505 0.0152319
1 0.507048 0.517916 0.185334 0.322677 0.0151782
5 0.516054 0.691591 0.0311303 0.0418681 0.0149346
5 0.939377 0.457499 0.0498175 0.0665783 0.0141938
5 0.516591 0.692633 0.0352026 0.0424919 0.0137932
5 0.465669 0.368872 0.04403 0.0483295 0.0134481
5 0.464339 0.366932 0.0544251 0.0566668 0.0133775
5 0.0288854 0.068982 0.0577707 0.0906262 0.0131935
5 0.465459 0.367032 0.0446567 0.0499136 0.0131869
5 0.371934 0.617879 0.0201795 0.0243206 0.0128142
5 0.617654 0.384058 0.0544514 0.0630242 0.0126409
5 0.618924 0.393446 0.0529111 0.0683932 0.0124953
5 0.939034 0.457926 0.0433992 0.0627905 0.0121439
5 0.551513 0.71479 0.0584694 0.0654223 0.0117485
5 0.943617 0.458994 0.0697676 0.0861794 0.011551
5 0.940219 0.454077 0.0726106 0.0838167 0.01083
3 0.528131 0.513014 0.20582 0.323347 0.0106626
5 0.94153 0.454167 0.0589447 0.0736704 0.0105801
5 0.516714 0.691527 0.0332168 0.043451 0.0104003
1 0.498695 0.541075 0.168955 0.326948 0.0103388
0 0.61036 0.528415 0.274735 0.500635 0.0102961
1 0.529777 0.520267 0.180501 0.312477 0.0102647
