5 0.680475 0.403881 0.0286843 0.0339318 0.294215
5 0.68069 0.403694 0.0308906 0.0365004 0.25136
5 0.695769 0.361343 0.0275025 0.0318997 0.249679
5 0.681104 0.403866 0.0331913 0.0355559 0.240544
5 0.696654 0.361719 0.0316644 0.0354231 0.227818
3 0.56341 0.420862 0.371975 0.463113 0.216211
5 0.696708 0.361484 0.0279663 0.0326512 0.212016
5 0.681705 0.403651 0.0331471 0.0373614 0.203411
3 0.562547 0.41243 0.366149 0.443557 0.190301
5 0.679809 0.402782 0.0331728 0.0364798 0.188589
5 0.660559 0.457026 0.0273824 0.0301397 0.18239
5 0.697161 0.361523 0.0307153 0.0357396 0.180867
3 0.562 0.421247 0.383837 0.46396 0.174675
3 0.565535 0.417712 0.380937 0.455285 0.174357
3 0.565533 0.415526 0.374517 0.449503 0.173991
3 0.564866 0.423469 0.387101 0.471808 0.173974
5 0.659442 0.457033 0.0286297 0.0302647 0.152125
5 0.611895 0.559682 0.0254336 0.0261459 0.149708
3 0.563416 0.400214 0.363557 0.41676 0.14934
5 0.695959 0.361293 0.033013 0.0339865 0.14909
5 0.661203 0.457077 0.0292045 0.0332746 0.135963
3 0.562207 0.420678 0.392269 0.461804 0.13566
5 0.659564 0.457085 0.0302901 0.0344995 0.134509
3 0.566584 0.398986 0.375118 0.415385 0.111449
5 0.696589 0.361128 0.0328623 0.0342754 0.107654
5 0.661394 0.455904 0.034202 0.0356554 0.0960665
5 0.679034 0.403574 0.0374206 0.0386309 0.084111
5 0.681684 0.403277 0.0339386 0.0376907 0.080636
2 0.418753 0.5262 0.0882131 0.14215 0.074804
5 0.679508 0.402983 0.0378137 0.0380715 0.0735181
5 0.422113 0.522435 0.0851611 0.140836 0.0718078
3 0.562156 0.421848 0.402623 0.466707 0.069379
5 0.660439 0.456512 0.035187 0.0365361 0.0687596
5 0.611169 0.558454 0.0296611 0.0306459 0.0639445
5 0.610455 0.559014 0.0309864 0.0292027 0.0598472
5 0.612365 0.560069 0.0293657 0.0313937 0.057948
2 0.419345 0.525199 0.0883004 0.140912 0.0552187
5 0.426112 0.522841 0.0712324 0.135019 0.0517639
5 0.421792 0.523261 0.0838257 0.138046 0.0486766
5 0.612799 0.559307 0.0310843 0.0292476 0.0439463
5 0.663866 0.456279 0.0357616 0.0360607 0.0420577
3 0.538735 0.386498 0.240847 0.312802 0.0417388
5 0.678528 0.402906 0.038477 0.0385883 0.0413419
5 0.610751 0.558782 0.0331351 0.0318925 0.0386838
5 0.425978 0.522231 0.0734068 0.135005 0.0382028
3 0.528895 0.383945 0.273919 0.32723 0.035394
5 0.610587 0.559766 0.0330018 0.033846 0.0350147
5 0.612825 0.558227 0.0318995 0.0319011 0.0338263
5 0.660791 0.463476 0.0372387 0.0468094 0.0331753
5 0.61335 0.559869 0.0315508 0.0327329 0.0327744
5 0.663539 0.468342 0.0277459 0.0358349 0.0315844
3 0.544257 0.392444 0.2322 0.288041 0.0288421
5 0.694019 0.361137 0.0397479 0.0356267 0.0276337
5 0.66354 0.456583 0.0359901 0.0384708 0.0273735
2 0.417007 0.525059 0.0959398 0.143754 0.0257348
3 0.554677 0.357722 0.334329 0.327166 0.0218968
3 0.535271 0.386972 0.258859 0.312402 0.0210691
3 0.550432 0.390985 0.2098 0.291143 0.0204701
5 0.422239 0.52456 0.082587 0.138146 0.0203125
5 0.694397 0.36107 0.041977 0.0363366 0.0174869
5 0.664085 0.455347 0.0386535 0.037419 0.0174551
3 0.539731 0.395329 0.229154 0.287473 0.0168475
3 0.553475 0.395975 0.206706 0.272197 0.0166505
3 0.549108 0.391435 0.218402 0.269612 0.0159676
5 0.682703 0.406855 0.0380978 0.0480974 0.0149916
3 0.554789 0.321618 0.323579 0.260718 0.0143615
3 0.560296 0.3275 0.339647 0.273854 0.0128114
2 0.410816 0.534397 0.116406 0.155972 0.0114833
