0 0.57051 0.565228 0.301272 0.377054 0.681913
0 0.571045 0.566152 0.302749 0.374664 0.658204
0 0.571356 0.564055 0.30783 0.378076 0.647079
0 0.571781 0.567169 0.303622 0.37146 0.643085
0 0.569277 0.56692 0.298843 0.369829 0.632223
0 0.572992 0.565767 0.30557 0.374544 0.625874
0 0.571178 0.562437 0.306738 0.38256 0.620235
0 0.570862 0.569685 0.300858 0.364382 0.601816
0 0.569867 0.563922 0.304448 0.379004 0.585899
0 0.576483 0.576008 0.317667 0.356028 0.213925
0 0.55758 0.495335 0.461888 0.549754 0.0644563
0 0.557411 0.454619 0.463151 0.468135 0.0577675
0 0.557631 0.365909 0.463229 0.29027 0.0492026
0 0.554206 0.413303 0.465739 0.386225 0.0476948
0 0.553997 0.498587 0.450337 0.53423 0.0339734
0 0.574591 0.534602 0.340234 0.375863 0.0265599
0 0.563709 0.465693 0.444347 0.452713 0.0233351
0 0.565033 0.424032 0.446734 0.37842 0.0214925
0 0.568509 0.514025 0.384752 0.474691 0.0149303
