4 0.449828 0.621716 0.528047 0.659444 0.840156
4 0.448506 0.621153 0.529566 0.661427 0.817727
4 0.445468 0.621255 0.528978 0.662782 0.81095
4 0.446007 0.622518 0.526355 0.655116 0.76822
4 0.44653 0.62004 0.526426 0.658193 0.767035
4 0.448532 0.621117 0.527821 0.657544 0.755899
4 0.450663 0.622267 0.527928 0.66055 0.755388
4 0.450986 0.623771 0.529446 0.656684 0.749529
4 0.4493 0.624565 0.528206 0.657024 0.745706
4 0.446942 0.613552 0.53414 0.648817 0.47528
2 0.356943 0.881195 0.0283659 0.0270277 0.184401
2 0.24535 0.777286 0.0234743 0.0267748 0.156074
2 0.357292 0.881532 0.0278827 0.0271506 0.132333
2 0.245711 0.777848 0.0226027 0.0255382 0.128826
2 0.34774 0.934503 0.0247337 0.0289521 0.123912
2 0.356715 0.88137 0.02642 0.025237 0.111389
2 0.348613 0.934276 0.0239628 0.0274469 0.103484
2 0.356997 0.881296 0.0262799 0.024971 0.0978678
2 0.259231 0.748143 0.0268532 0.0309766 0.0803488
2 0.246696 0.778198 0.0270897 0.028714 0.0673989
4 0.449887 0.62253 0.529436 0.66039 0.0666365
2 0.346524 0.935467 0.031125 0.0318441 0.0587079
2 0.349108 0.934924 0.0324462 0.0331911 0.0576638
2 0.329683 0.904955 0.0266169 0.0272845 0.057468
2 0.25872 0.747986 0.0269229 0.0291571 0.0561923
2 0.359868 0.841642 0.0289015 0.0268008 0.0553762
2 0.295282 0.818885 0.0230367 0.032137 0.0529957
2 0.29559 0.819536 0.021386 0.0318668 0.052751
2 0.349486 0.934539 0.031364 0.0331176 0.0486948
2 0.463232 0.877352 0.0218075 0.0234672 0.0454101
2 0.24714 0.777888 0.0277957 0.031766 0.0452254
2 0.329692 0.904888 0.0257707 0.027571 0.0390323
2 0.259008 0.747965 0.0307049 0.0322234 0.0374347
2 0.328365 0.904163 0.0303476 0.0291519 0.0313377
2 0.359374 0.840738 0.0276056 0.0263493 0.0299418
2 0.315464 0.839328 0.0274963 0.0237484 0.0285859
2 0.259556 0.747946 0.0296419 0.0322029 0.0275556
2 0.416284 0.893433 0.0325709 0.0352884 0.0250487
2 0.462201 0.87723 0.0226525 0.0241571 0.0240513
2 0.210873 0.652693 0.0194347 0.0270889 0.024028
2 0.346658 0.934804 0.0302505 0.0330124 0.0236492
2 0.32733 0.904735 0.0326884 0.0309593 0.0233502
2 0.35971 0.841465 0.0296671 0.0284535 0.0232989
2 0.535998 0.858649 0.0422365 0.0392131 0.0229868
4 0.453659 0.446664 0.52082 0.310476 0.0224726
2 0.210095 0.652969 0.0189505 0.026421 0.0220735
2 0.314384 0.83925 0.0287647 0.0250029 0.0214786
2 0.317489 0.83801 0.0254542 0.0249763 0.0212464
4 0.470991 0.44569 0.487137 0.310139 0.0212394
5 0.425491 0.478387 0.0204399 0.0272279 0.0210683
2 0.348184 0.936246 0.0321952 0.0406073 0.0202301
2 0.415144 0.892664 0.0338026 0.0362738 0.0201086
2 0.536129 0.857735 0.0427065 0.0401276 0.0200083
2 0.436261 0.865634 0.0192468 0.0227127 0.0189392
2 0.465 0.677248 0.0249268 0.0241848 0.0188167
2 0.449817 0.665094 0.0173356 0.0226288 0.0185315
2 0.463669 0.877216 0.0259019 0.0274965 0.0181977
2 0.303639 0.764319 0.0219804 0.0245142 0.0181319
5 0.617232 0.88326 0.0198216 0.0272261 0.0177906
2 0.304632 0.76423 0.0217412 0.0249154 0.0177464
2 0.359266 0.881324 0.0368991 0.0318096 0.0175801
2 0.358439 0.841213 0.0265776 0.026992 0.0171929
2 0.395961 0.736137 0.0210483 0.0271974 0.0163335
2 0.304574 0.7638 0.0236237 0.025345 0.0158985
2 0.211244 0.714291 0.022087 0.0298897 0.0149467
2 0.303508 0.764303 0.023092 0.0261252 0.0148304
2 0.330024 0.863575 0.0205395 0.0230691 0.0147849
4 0.598334 0.586408 0.223547 0.586696 0.0146639
2 0.297747 0.819993 0.0312926 0.0382305 0.0144113
2 0.361434 0.840866 0.0353738 0.0290318 0.0141928
4 0.600405 0.606952 0.218074 0.625277 0.0140591
2 0.535158 0.859133 0.0377221 0.0355847 0.0137287
2 0.536005 0.859039 0.0431733 0.0430804 0.0136542
5 0.426732 0.474018 0.022022 0.0299201 0.0134893
2 0.655716 0.420212 0.0167497 0.0199742 0.0133966
2 0.20925 0.712987 0.0253761 0.0327195 0.013213
5 0.618755 0.883088 0.0209082 0.0268567 0.0131295
2 0.434448 0.865667 0.0191357 0.0223553 0.0130298
2 0.535716 0.858044 0.0402552 0.0385304 0.0129972
2 0.209592 0.712404 0.0226162 0.0319269 0.01282
2 0.535304 0.859149 0.0390308 0.0402351 0.0120571
2 0.418078 0.895501 0.036903 0.0412433 0.0117288
2 0.664676 0.510818 0.0178247 0.019264 0.0117114
2 0.418184 0.895281 0.0359748 0.0365436 0.0117053
2 0.535693 0.859302 0.0400084 0.0375388 0.011403
2 0.301834 0.824235 0.036838 0.0445902 0.0113608
2 0.245264 0.780759 0.0311975 0.0360047 0.0112085
5 0.61714 0.88346 0.0230472 0.0303734 0.0111909
2 0.256594 0.748229 0.0325786 0.0323853 0.0111168
5 0.617885 0.883128 0.0250798 0.029276 0.0110233
2 0.359161 0.881739 0.03763 0.0314211 0.0108903
2 0.416649 0.894116 0.0372607 0.0380082 0.0107934
2 0.655639 0.48546 0.0175331 0.0215711 0.0107026
2 0.307431 0.824643 0.0432626 0.0424684 0.0104503
2 0.208424 0.710493 0.0220478 0.0318699 0.0103587
2 0.37208 0.657472 0.0152758 0.020081 0.0103485
2 0.29434 0.81941 0.0284796 0.0351163 0.0103332
2 0.395667 0.736288 0.0213047 0.0275232 0.0102966
