2 0.28755 0.580308 0.0466019 0.063082 0.37368
2 0.28736 0.579271 0.0468388 0.062864 0.371012
2 0.362993 0.235384 0.186897 0.195572 0.369265
0 0.491544 0.45021 0.685649 0.644834 0.36473
2 0.284996 0.339145 0.0314849 0.0394904 0.348429
2 0.28778 0.580123 0.0460896 0.0628849 0.343125
2 0.287589 0.579883 0.0456149 0.06303 0.328556
2 0.287935 0.580075 0.0478701 0.0636977 0.328536
2 0.287373 0.580608 0.0474865 0.0646752 0.325638
2 0.287928 0.57974 0.0468405 0.0638211 0.318724
2 0.286968 0.579381 0.0453261 0.0625923 0.298589
2 0.287983 0.580971 0.0472709 0.0621072 0.298007
0 0.493588 0.442735 0.692832 0.650231 0.295455
2 0.285697 0.339014 0.0354823 0.038909 0.29419
0 0.492003 0.452067 0.686262 0.636945 0.286168
2 0.365329 0.240269 0.172776 0.194422 0.279313
2 0.359941 0.241699 0.181123 0.205307 0.273552
2 0.28585 0.339184 0.0339498 0.0389187 0.254939
2 0.370629 0.2123 0.18926 0.164407 0.249571
0 0.496756 0.437922 0.681684 0.64849 0.244354
2 0.285177 0.339539 0.0309804 0.0385502 0.240514
2 0.273583 0.378144 0.0388463 0.0358346 0.237235
2 0.273543 0.378356 0.0373585 0.0343636 0.235896
2 0.273626 0.378178 0.0377238 0.0351364 0.206446
2 0.361741 0.239549 0.192211 0.219973 0.170821
2 0.285175 0.338951 0.0325445 0.0428303 0.168961
0 0.494894 0.447899 0.690467 0.641343 0.160309
2 0.287977 0.580174 0.0474693 0.067537 0.159686
2 0.376795 0.201596 0.220987 0.148852 0.158293
2 0.273689 0.378106 0.0373786 0.0341544 0.144515
2 0.271024 0.418646 0.0375977 0.0391039 0.136697
2 0.270181 0.418727 0.0362648 0.0402717 0.136145
2 0.28579 0.338912 0.0355009 0.0436606 0.135034
2 0.751009 0.342817 0.0257301 0.0312897 0.133575
0 0.500586 0.44453 0.674243 0.637785 0.132869
2 0.7508 0.342522 0.026896 0.0328275 0.123189
5 0.750334 0.342883 0.0264719 0.0323793 0.117347
2 0.270224 0.418376 0.0365183 0.0403651 0.113381
4 0.679859 0.249374 0.161285 0.114962 0.109142
5 0.750547 0.342468 0.0272114 0.0329533 0.106444
0 0.498333 0.449986 0.67971 0.63607 0.101736
2 0.28662 0.579515 0.0453634 0.0643439 0.100421
2 0.283065 0.339249 0.0340069 0.0408047 0.0915205
2 0.270772 0.417309 0.041197 0.0457631 0.0892519
2 0.370107 0.230331 0.219249 0.198736 0.0875344
2 0.272646 0.417824 0.0409734 0.044937 0.0868192
2 0.27136 0.418152 0.0391649 0.0390444 0.085817
2 0.354518 0.246709 0.184995 0.236966 0.0852802
2 0.287333 0.580075 0.0536342 0.069399 0.0826735
0 0.751428 0.482541 0.181116 0.586359 0.0756876
0 0.754345 0.476523 0.175043 0.605421 0.0708366
4 0.671191 0.246079 0.147209 0.110641 0.0695257
0 0.499711 0.446688 0.681183 0.635785 0.0678704
2 0.283676 0.33933 0.0344879 0.041224 0.0667991
4 0.369699 0.210835 0.162798 0.133858 0.0658627
0 0.754647 0.474192 0.174711 0.623717 0.064744
2 0.380234 0.699396 0.0366613 0.0441638 0.0643321
3 0.392673 0.554322 0.276715 0.376958 0.0635457
3 0.379522 0.552691 0.279526 0.376306 0.063528
2 0.370534 0.227441 0.181108 0.195211 0.0622345
2 0.354671 0.248184 0.181587 0.190448 0.0619518
2 0.380849 0.701244 0.0351659 0.0399465 0.0571015
2 0.277167 0.37056 0.0436496 0.0545606 0.0566283
4 0.374521 0.205589 0.153741 0.119845 0.0542476
0 0.724293 0.476618 0.231633 0.588739 0.0535482
0 0.717797 0.477592 0.24327 0.600261 0.0532603
0 0.725554 0.470095 0.228944 0.618941 0.052361
2 0.378795 0.69736 0.040143 0.0509671 0.0511955
4 0.665236 0.245634 0.13609 0.106884 0.050316
2 0.349971 0.686745 0.0407906 0.0491606 0.0495992
2 0.275417 0.377315 0.0406014 0.0406529 0.0493643
4 0.677664 0.248086 0.159898 0.110943 0.0476636
2 0.34805 0.685476 0.0432834 0.0481184 0.0469826
0 0.507631 0.44361 0.643087 0.628209 0.0463307
2 0.379611 0.700029 0.0369942 0.0434616 0.0462544
4 0.67246 0.246972 0.145086 0.113385 0.0445627
2 0.351454 0.68578 0.0379715 0.0473838 0.0443539
2 0.28146 0.349202 0.0482084 0.0635788 0.0440911
5 0.749749 0.344426 0.0330852 0.0400181 0.0433395
2 0.461721 0.63053 0.0236538 0.0305734 0.0431652
2 0.342731 0.675153 0.0482228 0.06518 0.0429563
2 0.268146 0.418676 0.0412008 0.0445516 0.0424032
4 0.687376 0.251559 0.169462 0.108709 0.0417347
2 0.817313 0.539494 0.0308651 0.0453975 0.041357
3 0.394865 0.544 0.235938 0.357451 0.0407322
2 0.268128 0.418992 0.03926 0.042813 0.0393057
2 0.38094 0.700901 0.0350556 0.0428107 0.0391991
2 0.379778 0.700041 0.0392453 0.0447936 0.0382867
0 0.369629 0.223064 0.161301 0.165273 0.0372418
2 0.269021 0.414923 0.0455742 0.0474356 0.0369145
2 0.333452 0.654716 0.0248803 0.0348971 0.0361198
2 0.348677 0.683702 0.0460131 0.0527208 0.0353223
2 0.361692 0.690065 0.071379 0.0550631 0.0351938
2 0.334414 0.656563 0.029499 0.0380839 0.0350665
4 0.689101 0.252339 0.163608 0.117413 0.0344442
2 0.460569 0.631675 0.0235373 0.0331548 0.0337495
2 0.271568 0.379007 0.0400932 0.0388167 0.0334072
2 0.406947 0.199906 0.284479 0.152626 0.0331063
2 0.38969 0.190339 0.215167 0.133678 0.0327784
0 0.726505 0.471817 0.227847 0.607549 0.0324717
2 0.817291 0.539861 0.0313508 0.0472483 0.032394
2 0.34788 0.68541 0.0434904 0.046662 0.0320316
0 0.744905 0.482969 0.193933 0.591587 0.0295032
3 0.381875 0.545295 0.259017 0.358287 0.0291965
2 0.462041 0.629852 0.0245845 0.0303656 0.0291506
0 0.700742 0.463917 0.280294 0.625222 0.0282991
2 0.795899 0.346384 0.0240655 0.0277943 0.0270913
2 0.345438 0.254882 0.165575 0.208229 0.0267723
2 0.344757 0.674395 0.051306 0.0722847 0.026768
4 0.366615 0.215099 0.148458 0.139723 0.0263417
0 0.693485 0.471692 0.293846 0.589775 0.026081
4 0.379795 0.200886 0.143583 0.110675 0.0257324
3 0.428601 0.541245 0.276695 0.356884 0.0256307
2 0.354611 0.239354 0.191168 0.204204 0.0253692
2 0.267754 0.421656 0.0471095 0.0499153 0.0251695
2 0.816749 0.54041 0.0330186 0.0472398 0.0233263
3 0.431925 0.54853 0.281683 0.36611 0.0232147
2 0.418841 0.188556 0.276584 0.132113 0.022522
2 0.307351 0.280948 0.0353432 0.0329144 0.022412
4 0.659448 0.243071 0.127004 0.100804 0.0223665
2 0.235733 0.696405 0.0524813 0.0436668 0.0216241
2 0.808004 0.379303 0.0333617 0.0352973 0.0215823
2 0.515822 0.173287 0.0355112 0.0288019 0.0215698
0 0.696857 0.466393 0.288011 0.614603 0.0214827
4 0.713141 0.267331 0.15258 0.117308 0.0214066
2 0.283768 0.338039 0.0366171 0.0446535 0.021328
2 0.234628 0.692223 0.0539203 0.051605 0.0210388
2 0.277042 0.379632 0.0491199 0.0397943 0.0209819
4 0.702142 0.261352 0.17679 0.123199 0.020962
2 0.460275 0.630739 0.0254529 0.0307989 0.0208015
2 0.272248 0.377994 0.0394677 0.0371419 0.0206728
2 0.516392 0.172762 0.0372246 0.0312902 0.0205278
2 0.331973 0.659211 0.0344014 0.0450066 0.0204786
2 0.307096 0.282056 0.0360353 0.0371771 0.0204646
2 0.816797 0.539259 0.0303135 0.047558 0.0200924
0 0.493037 0.443049 0.699203 0.641024 0.0200884
2 0.345973 0.683376 0.0472573 0.0523764 0.0200006
2 0.288693 0.580852 0.0571858 0.0700726 0.0198396
2 0.794921 0.34225 0.0318822 0.0369833 0.0195034
2 0.816682 0.539935 0.0304489 0.0444854 0.0194549
0 0.361733 0.279407 0.215427 0.341462 0.0194023
2 0.331773 0.656334 0.0321179 0.0407873 0.0187589
0 0.689541 0.471578 0.302038 0.604766 0.0185495
4 0.694474 0.257374 0.173905 0.112032 0.017602
2 0.346587 0.686383 0.0439354 0.0485707 0.0175272
4 0.361688 0.223909 0.156486 0.163341 0.017357
2 0.288965 0.58004 0.0549135 0.0691097 0.016819
2 0.307208 0.282327 0.0344322 0.0316073 0.016774
2 0.516431 0.173235 0.0355904 0.0274532 0.0166062
4 0.37117 0.206783 0.138989 0.116386 0.0162269
2 0.276331 0.379866 0.0511363 0.0430022 0.0160081
2 0.808243 0.380862 0.0352325 0.0390116 0.0157038
4 0.711739 0.275059 0.16298 0.108265 0.0153487
0 0.332045 0.437431 0.279592 0.625766 0.0151567
0 0.334708 0.442258 0.2701 0.604185 0.0151475
5 0.751094 0.344725 0.033291 0.0399349 0.0150425
4 0.662303 0.243437 0.129239 0.102157 0.0148111
2 0.33576 0.658627 0.0356576 0.0452284 0.0147187
2 0.516098 0.171931 0.0367989 0.0296879 0.0146985
0 0.337119 0.435759 0.29038 0.619255 0.0146526
2 0.307451 0.282319 0.0367655 0.0356368 0.0141496
2 0.333024 0.655787 0.0296557 0.0416408 0.0137406
4 0.70033 0.270404 0.18801 0.11092 0.0137382
0 0.663596 0.460363 0.354616 0.630707 0.0137166
0 0.652947 0.461825 0.375308 0.612474 0.0133181
4 0.734578 0.28423 0.157746 0.0993664 0.0130725
0 0.654269 0.460997 0.371486 0.624913 0.0129332
0 0.495142 0.542428 0.693498 0.447338 0.0126021
2 0.385817 0.193982 0.206783 0.139904 0.0122939
0 0.492203 0.55793 0.685587 0.425431 0.0120422
2 0.342145 0.671339 0.059507 0.0743926 0.012004
0 0.654548 0.465521 0.372156 0.604542 0.0119192
4 0.374497 0.201887 0.149635 0.113425 0.0114583
3 0.405207 0.523518 0.187882 0.309414 0.0111429
2 0.808972 0.38133 0.036239 0.0400478 0.0111155
2 0.815968 0.5409 0.0315353 0.0459777 0.011113
0 0.490317 0.449469 0.686573 0.641763 0.0110561
0 0.329798 0.436766 0.321216 0.641748 0.0106919
3 0.419039 0.521383 0.227626 0.311922 0.0105307
4 0.746614 0.30839 0.123731 0.123835 0.010275
2 0.330716 0.656519 0.0324221 0.0454531 0.0100194
