1 0.345973 0.561691 0.373886 0.509192 0.89653
1 0.34539 0.559201 0.374869 0.512241 0.894301
1 0.345519 0.561321 0.371413 0.510078 0.883906
1 0.344158 0.562122 0.369186 0.510274 0.883546
1 0.345352 0.562552 0.373344 0.513065 0.88313
1 0.344307 0.562374 0.367844 0.51231 0.882054
1 0.34485 0.561656 0.372462 0.507799 0.880101
1 0.344189 0.562082 0.37359 0.507328 0.876632
1 0.343997 0.561521 0.369167 0.508003 0.876171
1 0.345433 0.561876 0.371619 0.513273 0.875221
5 0.547954 0.0201994 0.0369382 0.0386907 0.0748893
5 0.547696 0.0202723 0.036281 0.0351366 0.070685
5 0.546465 0.019866 0.0338723 0.0365785 0.070013
5 0.546186 0.0196769 0.0365557 0.0377925 0.0663352
5 0.545409 0.0204731 0.035293 0.0352072 0.0636714
5 0.546907 0.0203813 0.0310912 0.0317127 0.0628777
5 0.547996 0.0209864 0.0388013 0.0372956 0.0465681
5 0.545443 0.0218009 0.0373035 0.038186 0.0440087
5 0.547088 0.0208463 0.0349298 0.0357264 0.0434444
0 0.253752 0.395105 0.133051 0.135622 0.0150225
0 0.28217 0.399858 0.18172 0.121128 0.0106566
