3 0.441725 0.478057 0.43593 0.462101 0.940488
3 0.441213 0.478855 0.436368 0.464295 0.937124
3 0.442458 0.477481 0.433245 0.463025 0.932771
3 0.442122 0.479077 0.431987 0.465615 0.931767
3 0.444658 0.478499 0.441647 0.468757 0.930317
3 0.442588 0.476079 0.43562 0.467983 0.928891
3 0.440403 0.47714 0.439114 0.468479 0.928219
3 0.44471 0.479095 0.440569 0.46409 0.920281
3 0.444755 0.480071 0.438864 0.467332 0.917232
3 0.441977 0.477437 0.440344 0.466378 0.915895
5 0.503914 0.507809 0.0237941 0.0303946 0.0567984
5 0.503898 0.507388 0.0265969 0.0337691 0.050287
5 0.504227 0.506589 0.0300012 0.0377727 0.0483009
5 0.502888 0.507431 0.0270498 0.0328053 0.0324801
5 0.506053 0.506488 0.037317 0.0424716 0.0301917
5 0.506184 0.506837 0.0351669 0.0386826 0.0291658
5 0.502699 0.507805 0.0273492 0.034178 0.0285226
5 0.503517 0.506201 0.030569 0.0375974 0.0276908
5 0.506049 0.506487 0.0366493 0.0395954 0.0242144
