1 0.58028 0.544289 0.521078 0.686046 0.518583
1 0.58241 0.543947 0.51793 0.685503 0.508683
1 0.580971 0.543243 0.517922 0.689151 0.501064
1 0.583844 0.543242 0.517639 0.690392 0.500829
1 0.578826 0.545136 0.525675 0.690349 0.493181
1 0.587364 0.547263 0.516837 0.662481 0.470705
1 0.589688 0.556236 0.515019 0.657595 0.460887
1 0.58264 0.543349 0.520602 0.687879 0.449209
1 0.581631 0.543752 0.518687 0.688268 0.448777
1 0.588905 0.568308 0.518062 0.638736 0.407664
5 0.507564 0.333735 0.0390698 0.0405178 0.0543983
5 0.591284 0.36669 0.0973302 0.0976996 0.0458549
5 0.507385 0.334592 0.0410235 0.0427922 0.0414668
1 0.767684 0.535665 0.148802 0.596163 0.0375569
1 0.764715 0.533648 0.155731 0.623793 0.0355667
5 0.693144 0.447367 0.0936719 0.107906 0.0337844
5 0.591037 0.367277 0.0978819 0.105113 0.0320875
5 0.693673 0.449021 0.0904575 0.105652 0.0312987
5 0.506895 0.334303 0.0470908 0.0445673 0.0311405
5 0.508163 0.335172 0.0409791 0.040484 0.0308193
5 0.693584 0.449344 0.0924596 0.108073 0.0300936
5 0.592377 0.363815 0.0958128 0.0944187 0.0274256
1 0.73053 0.538254 0.224991 0.635794 0.0261388
5 0.693128 0.44905 0.0956881 0.107903 0.0247341
1 0.737339 0.534724 0.210052 0.614405 0.0242711
0 0.693711 0.446216 0.0963478 0.11165 0.0241069
5 0.693181 0.446719 0.0957214 0.110956 0.0240431
5 0.507919 0.33506 0.0406601 0.0410918 0.0239496
5 0.693151 0.44702 0.0949135 0.106384 0.0229052
5 0.59137 0.368351 0.0988687 0.0982579 0.022568
1 0.579697 0.675772 0.531514 0.41652 0.0215371
0 0.696143 0.420709 0.101994 0.154658 0.0213883
1 0.763495 0.54444 0.157414 0.603414 0.0210573
1 0.472813 0.554585 0.28002 0.208386 0.0204316
5 0.507385 0.336074 0.0468605 0.0459498 0.0199292
1 0.468359 0.578484 0.277172 0.178309 0.0174664
1 0.731549 0.542524 0.221601 0.628687 0.0174153
1 0.495397 0.557725 0.330644 0.203253 0.0165443
5 0.59136 0.367601 0.0978856 0.100716 0.0161391
1 0.43142 0.591515 0.212565 0.413323 0.0158679
0 0.694056 0.444671 0.0967834 0.118638 0.0158404
1 0.436404 0.545359 0.217228 0.315117 0.0152449
1 0.467826 0.531474 0.263641 0.249712 0.0150944
1 0.428551 0.562197 0.198898 0.352906 0.015026
1 0.578753 0.661487 0.528303 0.442935 0.0144877
5 0.560459 0.258308 0.0385305 0.0391309 0.0143567
5 0.593016 0.366373 0.0982827 0.0983267 0.0139023
5 0.508011 0.337188 0.046504 0.0470899 0.0123383
5 0.516366 0.789849 0.0845475 0.0871365 0.0121944
1 0.49658 0.53193 0.320333 0.255203 0.0121676
5 0.590832 0.369438 0.0968987 0.106005 0.0116152
5 0.589874 0.368257 0.103546 0.103196 0.011486
0 0.694145 0.444472 0.0915941 0.100729 0.0114552
1 0.491547 0.582434 0.33542 0.179083 0.0111781
5 0.507818 0.337932 0.0450418 0.0459045 0.0109186
1 0.589532 0.676029 0.516842 0.42047 0.0108444
5 0.507776 0.339325 0.0492347 0.0511438 0.0106389
