1 0.409392 0.563653 0.436861 0.621941 0.944534
1 0.409732 0.562422 0.432179 0.622158 0.936548
1 0.408385 0.563363 0.426402 0.624233 0.926247
1 0.40761 0.564711 0.438122 0.622066 0.919573
1 0.407719 0.56402 0.430408 0.624005 0.906509
1 0.403222 0.566487 0.442372 0.61908 0.905659
1 0.404599 0.567089 0.432619 0.623206 0.899187
1 0.406748 0.564221 0.429634 0.622974 0.89662
1 0.403057 0.564313 0.437524 0.621212 0.869941
1 0.400521 0.565605 0.441323 0.628259 0.857053
5 0.284282 0.720877 0.0395933 0.0486435 0.101341
5 0.28452 0.720458 0.0397764 0.0466457 0.0946896
5 0.28454 0.719292 0.046995 0.050706 0.0941896
5 0.284009 0.720379 0.0410294 0.0467454 0.0897785
5 0.284221 0.719773 0.0415448 0.0491666 0.0895183
5 0.284107 0.720379 0.0366635 0.0428382 0.0859368
5 0.283977 0.72083 0.0362783 0.0411218 0.0796539
5 0.283553 0.721319 0.0396237 0.0440349 0.0748011
5 0.284671 0.719738 0.0420955 0.0507109 0.0745851
5 0.231649 0.381299 0.0365429 0.038341 0.0616473
5 0.231852 0.382114 0.0368949 0.0403356 0.0409079
5 0.230534 0.381687 0.0466372 0.0494849 0.0389337
5 0.283909 0.722817 0.0427281 0.0527719 0.0309526
5 0.284659 0.722461 0.0465988 0.0564451 0.0283511
5 0.230979 0.381844 0.0284455 0.0327513 0.0277144
5 0.28388 0.715254 0.0504679 0.059058 0.0205753
5 0.283763 0.722647 0.0447373 0.0550111 0.0187366
5 0.231248 0.381156 0.0310663 0.0349395 0.0185418
5 0.228263 0.382623 0.0434085 0.045425 0.0172035
