0 0.498058 0.582879 0.08684 0.115699 0.449385
0 0.496933 0.582397 0.0875427 0.11619 0.403731
0 0.498414 0.581593 0.0845018 0.115094 0.402179
0 0.497366 0.581169 0.0846016 0.116736 0.3672
5 0.51551 0.491363 0.0294956 0.0410251 0.338829
0 0.49694 0.582184 0.083836 0.116408 0.332391
5 0.516358 0.491327 0.032042 0.0450205 0.329575
5 0.514563 0.491225 0.0292969 0.0407101 0.282392
5 0.51529 0.490955 0.0300357 0.0418882 0.282322
0 0.497116 0.582077 0.0806003 0.114599 0.281179
5 0.515316 0.491 0.0336179 0.0453311 0.264262
5 0.514101 0.491584 0.0289939 0.039866 0.260476
0 0.496357 0.583054 0.0883036 0.11645 0.240069
5 0.388443 0.543673 0.0348535 0.0468052 0.208548
5 0.366863 0.42564 0.046406 0.103323 0.206346
5 0.385005 0.543329 0.0312204 0.0436528 0.202862
5 0.383048 0.543147 0.0270351 0.0440294 0.201936
5 0.367184 0.401112 0.0374446 0.0507818 0.195508
5 0.36636 0.405096 0.0381372 0.0580094 0.191941
5 0.365929 0.429323 0.0545067 0.114425 0.185795
5 0.386764 0.543648 0.0366992 0.0474747 0.183663
5 0.38637 0.543533 0.0326172 0.0434593 0.178816
5 0.390406 0.535632 0.0318047 0.0307125 0.178655
5 0.368186 0.423627 0.0484841 0.100506 0.171698
5 0.564184 0.395866 0.0470579 0.0533593 0.170895
5 0.565497 0.396351 0.0453176 0.0539038 0.160575
5 0.565424 0.397326 0.0466248 0.0526313 0.16041
0 0.49466 0.451287 0.477125 0.616502 0.157232
5 0.384054 0.543084 0.0278593 0.0447104 0.152928
0 0.498204 0.58173 0.0794999 0.117645 0.149037
0 0.495804 0.448227 0.47969 0.616516 0.14581
0 0.495523 0.44767 0.473946 0.620798 0.144616
5 0.364841 0.428374 0.0611304 0.115148 0.139868
0 0.49655 0.581641 0.0871163 0.114513 0.139259
5 0.368533 0.402963 0.0375313 0.0535968 0.137414
5 0.366803 0.404828 0.039466 0.0574505 0.136846
0 0.367357 0.428674 0.0608244 0.112209 0.135262
5 0.365809 0.414879 0.0470827 0.0816916 0.134977
3 0.508321 0.447436 0.449302 0.616364 0.133512
5 0.564159 0.397111 0.0442974 0.0582027 0.131216
5 0.564008 0.396319 0.0480654 0.054061 0.130178
5 0.562873 0.395522 0.0446253 0.057602 0.129579
5 0.367785 0.428379 0.0567901 0.11256 0.129321
5 0.518719 0.490518 0.038683 0.0471966 0.124979
5 0.565713 0.399393 0.0488729 0.0584708 0.123961
5 0.518548 0.490271 0.0383176 0.0454995 0.117008
0 0.496085 0.58338 0.0868395 0.11983 0.116225
5 0.565233 0.399356 0.0475215 0.0610394 0.113014
0 0.499558 0.446944 0.467673 0.618478 0.110086
0 0.37155 0.428352 0.0680637 0.114259 0.108435
5 0.425394 0.509436 0.0220318 0.0256278 0.105221
3 0.500847 0.447601 0.468051 0.611422 0.099604
0 0.371168 0.428474 0.0643599 0.116598 0.0993602
0 0.505159 0.449885 0.455391 0.614174 0.0961154
5 0.517892 0.489573 0.0412992 0.0469584 0.094658
5 0.56419 0.398491 0.0465146 0.062132 0.092174
5 0.388784 0.541014 0.0404871 0.0497001 0.0901089
0 0.497921 0.581511 0.0809605 0.119808 0.0875046
1 0.304598 0.447792 0.105759 0.576869 0.0849167
1 0.308361 0.457549 0.107031 0.643417 0.0819405
1 0.304636 0.454217 0.10443 0.601884 0.0816905
5 0.425446 0.509857 0.0244111 0.0282225 0.0802273
2 0.646652 0.389869 0.0246998 0.0307222 0.0784791
5 0.39068 0.536952 0.037407 0.0422698 0.0784194
5 0.387862 0.54233 0.0376844 0.0436148 0.0745372
0 0.494779 0.445273 0.475004 0.609791 0.0727852
5 0.559448 0.394354 0.035184 0.0544211 0.0716493
5 0.51668 0.489067 0.0385881 0.0505291 0.0652012
0 0.496042 0.582173 0.0745079 0.116442 0.062775
2 0.646554 0.389416 0.0277945 0.0330492 0.0610772
0 0.500755 0.450569 0.469924 0.603112 0.060928
0 0.502238 0.575414 0.102907 0.138799 0.0606244
1 0.312539 0.445252 0.116761 0.61717 0.0587094
5 0.424239 0.509798 0.0261299 0.0288882 0.0582808
0 0.364664 0.428891 0.0565534 0.112183 0.0578046
5 0.511886 0.491895 0.0447835 0.0488113 0.0570439
5 0.561235 0.395547 0.0455339 0.0592205 0.0514197
0 0.495841 0.444854 0.474308 0.623001 0.0496306
5 0.511913 0.491771 0.0440069 0.0470541 0.0488172
1 0.307407 0.474708 0.10515 0.640928 0.04853
0 0.497533 0.336742 0.0464568 0.0493066 0.0422862
0 0.565915 0.401226 0.056832 0.0674135 0.0398403
2 0.646055 0.389703 0.0258747 0.0319207 0.0396898
5 0.455864 0.424853 0.0289811 0.0311746 0.0381186
5 0.496756 0.358502 0.0356742 0.0287639 0.037808
5 0.562004 0.397422 0.0463719 0.0640457 0.037766
5 0.42443 0.510852 0.0268984 0.0311307 0.0372441
1 0.303918 0.441406 0.105539 0.538113 0.0364013
5 0.364946 0.405682 0.0478471 0.0626384 0.0360384
2 0.645898 0.389649 0.0274478 0.0327346 0.0351075
1 0.305049 0.463645 0.102638 0.591246 0.0345112
0 0.566215 0.397986 0.0632483 0.0749575 0.0341238
5 0.516116 0.490088 0.0424475 0.053097 0.0338696
5 0.511832 0.491798 0.0454292 0.0481547 0.0336143
0 0.49669 0.350486 0.0432081 0.0493549 0.033184
0 0.497596 0.337879 0.0497113 0.0548162 0.0322881
0 0.497063 0.328917 0.0432781 0.0325392 0.0311171
0 0.496908 0.351041 0.0412397 0.0450652 0.0307733
0 0.3715 0.427195 0.0733722 0.118122 0.0301801
5 0.389084 0.542037 0.0482441 0.0560343 0.0298082
5 0.464952 0.421397 0.0513282 0.0407572 0.0294722
0 0.501708 0.577777 0.10039 0.131572 0.0293148
5 0.497153 0.350616 0.0437 0.0466091 0.0292075
5 0.490176 0.690106 0.0171545 0.0196461 0.0291201
5 0.460631 0.42298 0.0415526 0.0359762 0.028582
5 0.483144 0.410042 0.0248881 0.0247859 0.0280891
0 0.493634 0.582347 0.0894294 0.118596 0.0273935
0 0.498648 0.57666 0.101515 0.138379 0.0270511
1 0.311748 0.437379 0.121978 0.574817 0.0269174
2 0.473472 0.182632 0.0438108 0.0549752 0.026843
0 0.497408 0.342435 0.0480084 0.0643078 0.026279
0 0.36137 0.429522 0.0396726 0.103185 0.0260756
5 0.361993 0.42924 0.0770986 0.118631 0.0254935
5 0.565339 0.4036 0.0537473 0.0604592 0.0237057
5 0.387669 0.541934 0.0395723 0.0505307 0.0236224
2 0.637751 0.270682 0.017844 0.0242448 0.023438
5 0.371012 0.427291 0.0646952 0.112267 0.0232886
5 0.496702 0.359132 0.0377834 0.0283181 0.0225182
2 0.472079 0.18233 0.0462962 0.0567412 0.0225145
5 0.468946 0.419006 0.0610946 0.0455431 0.0223851
0 0.565962 0.399271 0.0575119 0.068638 0.0222091
5 0.370671 0.402806 0.0487987 0.0602105 0.0216577
2 0.472286 0.184067 0.041293 0.0494022 0.0215049
5 0.426466 0.519667 0.0280001 0.0477187 0.0214525
5 0.425657 0.510243 0.0294419 0.0387656 0.0206963
5 0.362695 0.428442 0.0744887 0.120158 0.0199917
2 0.47297 0.183617 0.0425744 0.0529284 0.0196274
5 0.459882 0.423134 0.0424184 0.0421388 0.0193699
5 0.483358 0.410925 0.0252266 0.0304364 0.0192075
5 0.752828 0.462228 0.0190533 0.0239999 0.0184338
5 0.497394 0.32965 0.0495425 0.0391352 0.0184197
5 0.427441 0.511183 0.033329 0.0369033 0.0183657
5 0.751549 0.4616 0.0218687 0.0264973 0.0182033
0 0.371362 0.428885 0.06858 0.106729 0.0179241
5 0.56439 0.402977 0.0516548 0.0600765 0.0177684
5 0.457547 0.424423 0.0340364 0.0387995 0.0172945
1 0.308248 0.489336 0.106604 0.614832 0.0167427
0 0.496275 0.576308 0.105076 0.137045 0.0164557
2 0.647029 0.389341 0.0312374 0.0366881 0.0160718
2 0.4718 0.184596 0.0404561 0.0458136 0.0157588
0 0.49384 0.58247 0.0869253 0.116649 0.0155044
5 0.518712 0.488727 0.0457345 0.053262 0.0146818
2 0.470907 0.181635 0.046587 0.0571955 0.014645
5 0.468849 0.417812 0.0591199 0.0422264 0.0140057
5 0.469648 0.417729 0.0612662 0.0482026 0.0136566
5 0.701463 0.626001 0.0177784 0.0206377 0.0135251
5 0.496681 0.327161 0.0449031 0.0309544 0.0134756
0 0.499475 0.341331 0.059709 0.0653628 0.0133386
2 0.471277 0.185515 0.0390864 0.0427054 0.0130789
0 0.49388 0.581282 0.0957908 0.123404 0.0129701
4 0.646972 0.388549 0.0318294 0.038173 0.0129391
4 0.642689 0.351797 0.0519049 0.0400473 0.0127824
0 0.495062 0.581303 0.0990095 0.119687 0.0127709
0 0.558518 0.253111 0.0613532 0.0437651 0.0121223
0 0.400287 0.528536 0.0832403 0.0669838 0.0115365
5 0.4843 0.411789 0.032432 0.0321911 0.0111863
0 0.499562 0.344343 0.0564556 0.0693088 0.0111413
5 0.427516 0.512952 0.0343046 0.0411081 0.0110236
5 0.45713 0.423911 0.0389037 0.0382363 0.0102495
0 0.361623 0.428593 0.0419182 0.1078 0.0102338
4 0.633497 0.364342 0.0733359 0.0646938 0.0100915
