3 0.503605 0.553376 0.428204 0.580652 0.875771
3 0.503479 0.554112 0.424161 0.578133 0.871695
3 0.503179 0.554756 0.432434 0.577663 0.870043
3 0.504639 0.556608 0.428379 0.584036 0.848963
3 0.503507 0.55445 0.42432 0.581852 0.839366
3 0.504528 0.553826 0.431253 0.579504 0.834897
3 0.504597 0.554338 0.429007 0.584755 0.802854
3 0.504116 0.554883 0.425731 0.586185 0.778031
3 0.504338 0.55603 0.430394 0.585801 0.776296
3 0.504639 0.554113 0.430785 0.585071 0.659972
2 0.696263 0.600326 0.0162635 0.021489 0.0418295
5 0.497069 0.819306 0.0138397 0.015773 0.0229054
5 0.369126 0.751301 0.0259968 0.0291892 0.0215456
2 0.671892 0.661591 0.0182672 0.0198386 0.0192417
2 0.679719 0.628474 0.0177305 0.0227316 0.0169073
4 0.500043 0.777006 0.386919 0.147523 0.0167918
2 0.697678 0.599996 0.019035 0.0234887 0.0161286
5 0.878313 0.549271 0.0351189 0.0509848 0.0144802
4 0.492382 0.777202 0.41984 0.148034 0.0143279
5 0.878613 0.548772 0.0331064 0.0482219 0.0143265
2 0.680624 0.629447 0.0174923 0.0244713 0.0128944
3 0.497241 0.497084 0.287565 0.33398 0.0102316
3 0.497555 0.482458 0.285323 0.283418 0.0100407
5 0.370852 0.751957 0.0218617 0.0248817 0.0100225
3 0.507584 0.469561 0.283304 0.260135 0.0100154
