1 0.588159 0.443786 0.422107 0.54821 0.893143
1 0.588377 0.442914 0.419991 0.548481 0.891564
1 0.587694 0.442516 0.42296 0.545491 0.890404
1 0.586513 0.441544 0.422426 0.541277 0.888964
1 0.587779 0.44207 0.420058 0.544683 0.885508
1 0.586545 0.441772 0.423114 0.540615 0.879296
1 0.586718 0.443231 0.416367 0.548879 0.861536
1 0.585512 0.442758 0.414947 0.545246 0.842731
1 0.583427 0.441408 0.419816 0.540803 0.829141
1 0.585828 0.440654 0.424986 0.54315 0.808087
1 0.472518 0.450926 0.196738 0.518019 0.0111756
