4 0.50466 0.370762 0.589272 0.705009 0.791271
4 0.500833 0.372752 0.581959 0.707972 0.789691
4 0.50062 0.373902 0.582682 0.699628 0.782138
4 0.502931 0.371838 0.589823 0.705295 0.78014
4 0.502108 0.370091 0.588281 0.713284 0.778421
4 0.500894 0.372415 0.578854 0.708938 0.765154
4 0.502888 0.373995 0.587019 0.697242 0.757775
4 0.496397 0.371194 0.585091 0.701985 0.737451
4 0.497822 0.372968 0.581883 0.704481 0.716674
4 0.499494 0.376354 0.581191 0.697056 0.708735
2 0.638296 0.184436 0.0676083 0.0722598 0.452414
2 0.661393 0.495344 0.0357362 0.0552161 0.446522
2 0.614958 0.254908 0.0287582 0.0461397 0.445973
2 0.615198 0.254398 0.0287363 0.0453787 0.443506
2 0.636464 0.184415 0.0618879 0.0737366 0.426741
2 0.615374 0.254564 0.0282404 0.0452251 0.411735
2 0.6612 0.495819 0.036028 0.0555733 0.378043
2 0.61558 0.255048 0.0297701 0.0469325 0.363327
2 0.660417 0.495335 0.0369093 0.0550714 0.328544
2 0.641073 0.184645 0.0705287 0.0735788 0.327532
2 0.661291 0.495444 0.0352283 0.0556997 0.319858
2 0.639985 0.18513 0.0706395 0.0726814 0.316682
2 0.401922 0.414847 0.0280508 0.0425805 0.313834
2 0.401559 0.415081 0.0295663 0.04502 0.312698
2 0.615673 0.255096 0.0302307 0.0459151 0.309345
2 0.636538 0.184253 0.0640676 0.0697418 0.300867
2 0.660995 0.496049 0.0355483 0.0561068 0.295686
2 0.39441 0.509684 0.0450667 0.0590982 0.28686
2 0.557944 0.586468 0.0388067 0.0600054 0.286338
2 0.662988 0.131343 0.0416742 0.0373681 0.282297
2 0.468718 0.624968 0.0298084 0.0385395 0.27891
2 0.321719 0.574052 0.0251757 0.0509449 0.27201
2 0.663293 0.131355 0.0441846 0.0375662 0.270565
2 0.664011 0.131278 0.0439258 0.0366998 0.269301
2 0.557424 0.587149 0.0370874 0.0593899 0.264529
2 0.498835 0.545551 0.052346 0.052526 0.262821
2 0.557484 0.587282 0.0370315 0.0604625 0.262421
2 0.659926 0.496026 0.037571 0.0548321 0.261118
2 0.557121 0.586577 0.0381992 0.059752 0.261085
2 0.616035 0.255948 0.0298867 0.0448473 0.258167
2 0.259133 0.532773 0.0399447 0.0434014 0.257571
2 0.40228 0.414969 0.0292531 0.0438816 0.255283
2 0.557721 0.587269 0.037266 0.0602909 0.24242
2 0.395247 0.510655 0.045168 0.0594529 0.241045
2 0.25953 0.532134 0.0402271 0.0432173 0.240209
2 0.66419 0.131292 0.0457597 0.0377686 0.238919
2 0.468163 0.625402 0.0286508 0.0386361 0.235109
2 0.639494 0.186292 0.0708935 0.072801 0.232888
2 0.641077 0.185222 0.0708955 0.0731824 0.232542
2 0.488882 0.289925 0.0588888 0.0376688 0.231491
2 0.494963 0.351556 0.0581412 0.0661063 0.226608
2 0.498556 0.545816 0.0512011 0.050358 0.217032
2 0.4693 0.624649 0.0325609 0.0391328 0.2155
2 0.259656 0.532289 0.0417905 0.0435801 0.213869
2 0.638745 0.184279 0.0694556 0.0710825 0.213053
2 0.394515 0.509108 0.0440637 0.0601453 0.206388
2 0.557953 0.587165 0.0375832 0.0620537 0.205547
2 0.394144 0.510059 0.0482453 0.0590401 0.204815
2 0.558903 0.586051 0.0396604 0.0609752 0.197977
2 0.320796 0.572828 0.0230688 0.0519823 0.196381
2 0.64249 0.262112 0.0205783 0.0406239 0.193947
2 0.259409 0.532638 0.040871 0.0438532 0.191387
2 0.395705 0.509836 0.0465152 0.0604595 0.187133
2 0.55873 0.587137 0.0406512 0.0625138 0.186033
2 0.488255 0.289301 0.0593942 0.0389438 0.183974
2 0.300278 0.448641 0.0404081 0.06156 0.182738
2 0.322456 0.574621 0.0274591 0.0527201 0.182374
2 0.499954 0.546049 0.0544586 0.0535598 0.177031
2 0.494211 0.350757 0.0588778 0.0640198 0.173536
2 0.468766 0.6246 0.030414 0.0414286 0.173118
2 0.625081 0.466489 0.0383599 0.0410779 0.170269
2 0.259732 0.533248 0.0416794 0.042461 0.169282
2 0.664689 0.131126 0.045277 0.0377155 0.167921
2 0.395395 0.510058 0.0449452 0.0574026 0.167784
2 0.299539 0.449515 0.0433438 0.0634227 0.167251
2 0.435181 0.305764 0.0464069 0.0702654 0.166671
2 0.488648 0.290057 0.0582914 0.0366278 0.164856
2 0.401997 0.414815 0.0330873 0.0459449 0.163681
2 0.400778 0.415817 0.0320341 0.0471857 0.163146
2 0.496128 0.351946 0.0585534 0.0672582 0.160897
2 0.618702 0.464702 0.0485846 0.0436157 0.160394
2 0.558681 0.587424 0.0402463 0.061679 0.16014
2 0.435405 0.304067 0.0451021 0.0641315 0.159237
2 0.436281 0.298877 0.0434108 0.0541097 0.157036
2 0.488131 0.289232 0.0580994 0.0377339 0.156978
2 0.64191 0.262697 0.0193457 0.0406534 0.153965
2 0.394884 0.510273 0.0512043 0.059892 0.152394
2 0.402525 0.414821 0.0335363 0.044475 0.150013
2 0.434671 0.305814 0.0457766 0.0706253 0.149174
2 0.298793 0.447369 0.0410604 0.0611304 0.148285
2 0.557806 0.588519 0.0359742 0.058752 0.146961
2 0.400481 0.413936 0.031667 0.0468362 0.146086
2 0.496695 0.351895 0.0579156 0.0656266 0.142483
2 0.25962 0.533934 0.0418395 0.0441311 0.140665
2 0.726444 0.208164 0.0322667 0.0356124 0.140551
2 0.299808 0.447957 0.0396592 0.0615803 0.139884
2 0.497662 0.545178 0.0491339 0.0511516 0.137273
2 0.664314 0.130276 0.0448843 0.0367567 0.136956
2 0.299618 0.4488 0.0395328 0.0617004 0.136917
2 0.469481 0.624245 0.0334955 0.0417415 0.13636
2 0.297039 0.534063 0.0324955 0.042831 0.135547
2 0.495179 0.351182 0.0581074 0.0637479 0.135185
2 0.434873 0.30486 0.0471215 0.0705814 0.134325
2 0.297736 0.536188 0.0314948 0.0431258 0.133418
2 0.613506 0.255651 0.0344282 0.0484418 0.126164
2 0.613246 0.255045 0.0343341 0.0473666 0.126108
2 0.297384 0.534374 0.0338417 0.0448015 0.125909
2 0.489866 0.290501 0.0597155 0.0369478 0.125397
2 0.618735 0.465289 0.0503558 0.0433737 0.124716
2 0.260423 0.533959 0.0426231 0.0438139 0.124027
2 0.72652 0.208472 0.0309008 0.0352942 0.123097
2 0.630992 0.327635 0.0390523 0.0518767 0.12298
2 0.468823 0.625673 0.0336286 0.0395688 0.122702
2 0.434987 0.304829 0.0446744 0.066818 0.122548
2 0.434655 0.304213 0.045905 0.0730023 0.119866
2 0.631417 0.467461 0.0260447 0.040534 0.119671
2 0.350187 0.330236 0.0632578 0.0636009 0.119437
2 0.659565 0.497384 0.0390685 0.0536917 0.118939
2 0.504876 0.35208 0.0794503 0.0691984 0.117417
2 0.490856 0.291194 0.0562826 0.0353773 0.116364
2 0.38776 0.419995 0.049898 0.0531226 0.114484
2 0.471794 0.587899 0.0285067 0.0287197 0.113997
2 0.631854 0.329149 0.037248 0.0497784 0.110375
2 0.631559 0.328838 0.0378055 0.0508351 0.109993
2 0.402654 0.41538 0.0342943 0.0461406 0.109476
2 0.298363 0.447414 0.0368885 0.0588356 0.109113
2 0.631969 0.329183 0.0363066 0.0496402 0.10851
2 0.498438 0.352397 0.0660487 0.0683851 0.108097
2 0.584993 0.0977774 0.0464327 0.028176 0.107324
2 0.49828 0.546052 0.0500698 0.0522901 0.105699
2 0.371063 0.568414 0.0472112 0.066864 0.105492
2 0.586166 0.0980004 0.0513015 0.0294939 0.104997
2 0.557391 0.588462 0.0364575 0.0571064 0.104514
2 0.617284 0.463719 0.0492251 0.0441226 0.10417
2 0.486198 0.288252 0.0573935 0.0384928 0.103971
2 0.725812 0.208462 0.0318969 0.035698 0.103617
2 0.434948 0.300647 0.0432753 0.0582981 0.102246
2 0.395795 0.510059 0.0455966 0.0585683 0.101899
2 0.631924 0.329037 0.0372861 0.0492476 0.101854
2 0.586245 0.0977926 0.0492761 0.0282687 0.10185
2 0.298262 0.536259 0.0329964 0.0429521 0.101823
2 0.630676 0.1781 0.0415043 0.0599807 0.101492
2 0.374462 0.568456 0.0480276 0.0633823 0.101044
2 0.260475 0.534236 0.0433922 0.0450412 0.100544
2 0.372753 0.568048 0.0482322 0.0665576 0.0995745
2 0.297351 0.535712 0.0318597 0.0436567 0.0990896
2 0.260348 0.533888 0.0435414 0.0455669 0.0982244
2 0.297709 0.535978 0.0339795 0.0452592 0.095446
2 0.633084 0.330211 0.0347017 0.0490452 0.0940265
2 0.662252 0.495311 0.0389469 0.0563555 0.0931707
2 0.466942 0.625438 0.0311435 0.0399928 0.0930854
2 0.299157 0.448485 0.0403531 0.0626355 0.0923464
2 0.487396 0.288457 0.0594643 0.0380643 0.089938
2 0.299786 0.448361 0.0408602 0.0629359 0.0893963
2 0.434282 0.228921 0.0295869 0.0293908 0.088668
2 0.656948 0.436165 0.0319029 0.0386619 0.088618
2 0.690511 0.283678 0.0271668 0.0459527 0.0884845
2 0.725424 0.20881 0.0307299 0.0352956 0.0882574
2 0.625253 0.466165 0.0358424 0.0436359 0.0882229
2 0.617494 0.463572 0.0497924 0.0428362 0.0872673
2 0.296312 0.532858 0.032698 0.0430141 0.0860412
2 0.500249 0.546385 0.0586678 0.0596998 0.0858586
2 0.300131 0.449573 0.0412774 0.0609182 0.0857886
2 0.632455 0.329993 0.0367896 0.0503159 0.0857054
2 0.636915 0.184696 0.0684116 0.0730832 0.0853048
2 0.377839 0.434777 0.037667 0.0274592 0.0851563
2 0.657243 0.497709 0.0422273 0.0549261 0.0845929
2 0.434907 0.356459 0.0449536 0.0387634 0.0826871
2 0.467419 0.625399 0.0327044 0.0405071 0.0818663
2 0.495813 0.352557 0.0622112 0.0646811 0.0815905
2 0.299601 0.449058 0.0473237 0.0684261 0.0809993
2 0.436607 0.30694 0.0534695 0.0755193 0.0809332
2 0.493211 0.352497 0.0567017 0.0602979 0.0805498
2 0.586134 0.0968176 0.0501394 0.0331336 0.0802426
2 0.375977 0.434335 0.0327796 0.0277072 0.0800785
2 0.624797 0.464913 0.0404991 0.0424579 0.0798709
2 0.631026 0.327639 0.0391504 0.0514877 0.0796295
2 0.498882 0.546313 0.0533323 0.0562575 0.0790153
2 0.657875 0.43711 0.0363653 0.0436881 0.0788931
2 0.47204 0.587544 0.0309476 0.0319411 0.0786921
2 0.387089 0.419546 0.0600644 0.0565208 0.0781068
2 0.376793 0.435045 0.0335541 0.0270898 0.0766747
2 0.32043 0.574613 0.0287223 0.0504329 0.0757732
2 0.351398 0.330112 0.063678 0.0662511 0.0755354
2 0.644086 0.263946 0.0218677 0.039009 0.0744517
2 0.323196 0.573335 0.0335144 0.0564292 0.0733005
2 0.585856 0.0966734 0.0515873 0.0348506 0.0731895
2 0.656052 0.43582 0.0328367 0.0378326 0.0717636
2 0.351906 0.329842 0.0659097 0.0676047 0.0714901
2 0.435759 0.35565 0.047649 0.0411269 0.0709587
2 0.630376 0.176443 0.0415785 0.0575919 0.0709351
2 0.491408 0.184178 0.0241366 0.0387949 0.070665
2 0.323744 0.573742 0.0326924 0.055555 0.0700049
2 0.350755 0.330513 0.0636197 0.0624717 0.0697822
2 0.551246 0.0535444 0.0292401 0.0356502 0.0690384
2 0.661895 0.495721 0.0400742 0.0580314 0.0690297
2 0.438687 0.354745 0.0465235 0.0445304 0.0682631
2 0.395155 0.511513 0.0452517 0.0572083 0.0682345
2 0.550872 0.0530714 0.0276758 0.0339497 0.0675831
2 0.337773 0.470953 0.0340174 0.0469224 0.06714
2 0.433824 0.227969 0.031611 0.0330923 0.0670476
2 0.494943 0.35273 0.0578935 0.0682091 0.0668234
2 0.562158 0.246819 0.0384743 0.0375707 0.0663784
2 0.337579 0.470271 0.0335786 0.0485376 0.0658125
2 0.495628 0.545911 0.0451714 0.0534813 0.0647669
2 0.557565 0.584005 0.0378416 0.0592981 0.0634014
2 0.34917 0.330508 0.0602249 0.0639168 0.0633502
2 0.369147 0.568319 0.0485257 0.0657404 0.0624515
2 0.688996 0.28725 0.0319401 0.0530559 0.0622685
2 0.72714 0.207436 0.0364233 0.0415789 0.0616308
2 0.630003 0.328019 0.0448516 0.0532265 0.0615606
2 0.504502 0.651234 0.0347018 0.0362635 0.0615103
2 0.471045 0.587914 0.0261969 0.0278483 0.0614177
2 0.373034 0.568388 0.0498504 0.066021 0.0613606
2 0.63233 0.544398 0.0330086 0.0464345 0.0604598
2 0.613995 0.256019 0.0363097 0.0500589 0.0603155
2 0.436563 0.356188 0.0493463 0.0416419 0.0599905
2 0.632163 0.544713 0.0339102 0.0471852 0.0598319
2 0.338158 0.469914 0.0357285 0.0495969 0.0598262
2 0.639015 0.185719 0.0744648 0.0737789 0.059375
2 0.393149 0.510125 0.0473946 0.0605694 0.0592352
2 0.690939 0.283986 0.0260909 0.0448402 0.0586003
2 0.672105 0.0924468 0.0401658 0.0404191 0.0575744
2 0.632809 0.544985 0.0328728 0.047082 0.0562335
2 0.562717 0.247804 0.038511 0.0374979 0.0557984
2 0.433062 0.228334 0.0295071 0.0297899 0.05558
2 0.558259 0.235248 0.0405018 0.0579111 0.0551922
2 0.584945 0.0966667 0.0484846 0.0327915 0.0550633
2 0.370323 0.568611 0.0492296 0.0661328 0.0548406
2 0.366483 0.56728 0.0470295 0.0660408 0.0546632
2 0.338621 0.471013 0.038152 0.0483722 0.0545081
2 0.350373 0.331076 0.0622017 0.0652323 0.0538795
2 0.296479 0.534514 0.0336991 0.0447912 0.0536508
2 0.695965 0.495172 0.0315716 0.0607716 0.0534656
2 0.561642 0.245977 0.036703 0.0376612 0.0530928
2 0.3209 0.574977 0.0286848 0.0535662 0.0529288
2 0.491424 0.183639 0.0248142 0.0387445 0.0516506
2 0.495751 0.544636 0.0463068 0.0514866 0.0515009
2 0.337728 0.40566 0.0383242 0.0435517 0.0510915
2 0.395969 0.512444 0.0451808 0.0554646 0.0504935
2 0.337766 0.406244 0.0372426 0.0440786 0.0502226
2 0.437097 0.299706 0.0476998 0.0571274 0.0501793
2 0.46799 0.624786 0.0339873 0.0404201 0.0500368
2 0.470674 0.587632 0.0294863 0.0306965 0.0498934
2 0.317944 0.570343 0.0271193 0.0609662 0.0494364
2 0.555954 0.220511 0.0379827 0.0302203 0.049023
2 0.368777 0.569313 0.0530673 0.0681708 0.0485535
2 0.690933 0.422447 0.0279313 0.0423613 0.0484928
2 0.342614 0.407834 0.0281534 0.0414382 0.0484547
2 0.255225 0.404645 0.0382478 0.0526464 0.047326
2 0.502249 0.650609 0.0328239 0.0389418 0.0472671
2 0.331726 0.402394 0.0480413 0.051611 0.0469049
2 0.343529 0.407406 0.028765 0.0415041 0.0468728
2 0.438418 0.354153 0.0487765 0.0424223 0.0466221
2 0.433492 0.304923 0.0521831 0.0739829 0.0465622
2 0.490509 0.183611 0.0279172 0.0397989 0.0460544
2 0.660843 0.491504 0.03761 0.0551096 0.0458863
2 0.63162 0.545232 0.0338443 0.0475743 0.0458448
2 0.644169 0.263394 0.0226475 0.0389173 0.0451215
2 0.351069 0.330444 0.0631278 0.06649 0.0450201
2 0.700952 0.492197 0.041927 0.0685006 0.0449267
2 0.375502 0.570185 0.0488971 0.0615271 0.0443317
2 0.614989 0.253409 0.0304911 0.0519263 0.0442046
2 0.332102 0.402549 0.0480527 0.0530215 0.04363
2 0.473002 0.245682 0.0357526 0.0335471 0.0435172
2 0.492376 0.352475 0.0553273 0.0623883 0.0434548
2 0.25556 0.404626 0.0376805 0.0513493 0.0433685
2 0.498587 0.353817 0.0699404 0.0632014 0.0428747
2 0.726255 0.207131 0.0342664 0.0400626 0.0427851
2 0.691351 0.422818 0.0307372 0.0432849 0.0426956
2 0.505274 0.650718 0.0364507 0.0378031 0.0422975
2 0.70823 0.491308 0.0553455 0.0702844 0.041958
2 0.551511 0.0533344 0.0289057 0.034105 0.0418113
2 0.255878 0.406386 0.0405093 0.0513669 0.0417247
2 0.338351 0.468929 0.0350444 0.0497828 0.0416121
2 0.297102 0.446058 0.0365049 0.0584101 0.0409039
2 0.47246 0.245863 0.0350777 0.0307255 0.0406548
2 0.672634 0.367721 0.0331373 0.0521325 0.0405953
2 0.353425 0.214377 0.0393836 0.0388071 0.0401735
2 0.437037 0.31579 0.0633338 0.105143 0.0401359
2 0.650336 0.49985 0.0369498 0.0482617 0.0400458
2 0.550448 0.0535528 0.0280768 0.034673 0.0397989
2 0.43483 0.357005 0.0477562 0.039469 0.0391852
2 0.495466 0.545565 0.0449677 0.0542482 0.0390003
2 0.25646 0.405338 0.0401548 0.0511572 0.0389037
2 0.490098 0.18372 0.0271877 0.0393472 0.0386635
2 0.35489 0.217698 0.0351995 0.0450625 0.0385173
2 0.67408 0.368652 0.0336377 0.0539487 0.038512
2 0.505783 0.651997 0.0350574 0.0367809 0.038294
2 0.337499 0.473165 0.0358058 0.0475275 0.0382791
2 0.331965 0.404268 0.04872 0.0525659 0.0382203
2 0.562672 0.247591 0.036156 0.0363664 0.0379936
2 0.488924 0.291352 0.0624036 0.0439605 0.037986
2 0.499121 0.548366 0.0585414 0.0576999 0.0378478
2 0.677123 0.289628 0.0545197 0.0541687 0.0370103
2 0.633473 0.544223 0.0334915 0.0481688 0.0370028
2 0.519862 0.428669 0.0263581 0.0374418 0.0368647
2 0.696024 0.494773 0.0327739 0.0594884 0.0367079
2 0.629477 0.327235 0.0458786 0.0559425 0.0367059
2 0.630633 0.544585 0.0327688 0.0474778 0.0366823
