2 0.239976 0.635745 0.111395 0.171969 0.338205
2 0.828833 0.431149 0.0703782 0.0912145 0.265322
2 0.232052 0.636644 0.111013 0.169846 0.21738
2 0.827768 0.43126 0.0702987 0.0872568 0.195269
2 0.82834 0.43116 0.0686238 0.0906466 0.194522
2 0.509294 0.533875 0.0370429 0.0376105 0.177002
2 0.240299 0.635819 0.128714 0.176251 0.176647
2 0.828049 0.43125 0.0718663 0.0881364 0.176018
2 0.824656 0.572039 0.0425141 0.0368695 0.16679
2 0.509161 0.534037 0.0348501 0.0361413 0.158722
2 0.509101 0.53319 0.0371761 0.0419821 0.157793
2 0.509615 0.533086 0.038522 0.0431525 0.156728
2 0.439933 0.32807 0.042903 0.0355676 0.145811
2 0.440942 0.327686 0.0427355 0.0338862 0.145269
2 0.509149 0.534388 0.0356759 0.0379564 0.143665
2 0.509453 0.534212 0.0382754 0.0394989 0.142702
2 0.826397 0.571968 0.0461448 0.0406428 0.140134
2 0.822739 0.570704 0.0404472 0.0416295 0.139915
2 0.441234 0.328248 0.0411617 0.0331756 0.135463
2 0.243701 0.627216 0.123003 0.186789 0.134332
2 0.441379 0.327424 0.0422779 0.0345325 0.130375
2 0.823184 0.57159 0.0391814 0.0364257 0.128026
2 0.831102 0.569549 0.0571462 0.0455992 0.126921
2 0.663743 0.895263 0.245379 0.164023 0.116311
2 0.631385 0.90221 0.28354 0.175324 0.113946
2 0.823701 0.571671 0.0399076 0.0382024 0.113859
2 0.228423 0.635825 0.122602 0.172991 0.111557
2 0.508123 0.53433 0.0383719 0.0400465 0.111323
2 0.823125 0.570976 0.0423482 0.0394815 0.111188
2 0.604565 0.902578 0.345262 0.176172 0.109456
2 0.830838 0.431724 0.0772747 0.0961976 0.108448
2 0.850545 0.556007 0.0340936 0.0517108 0.107643
2 0.440044 0.328609 0.0427341 0.0359905 0.105498
2 0.441618 0.328066 0.0418352 0.0340633 0.103329
2 0.834012 0.562951 0.070603 0.0667469 0.102601
2 0.82691 0.431979 0.0738729 0.0890147 0.101872
2 0.822931 0.569917 0.0444767 0.0439709 0.100458
2 0.508904 0.53291 0.0400814 0.0441093 0.0998913
2 0.831621 0.431501 0.0677946 0.0887475 0.0970074
2 0.853736 0.554283 0.0266571 0.0463666 0.0960096
2 0.827223 0.431972 0.0694731 0.0884406 0.0899348
2 0.694549 0.111839 0.0414752 0.0449024 0.0894443
2 0.772056 0.201638 0.0405277 0.0340848 0.0816707
2 0.23379 0.627447 0.113722 0.186928 0.0799894
2 0.641074 0.896058 0.295911 0.16815 0.079533
2 0.694887 0.111329 0.0421574 0.0451481 0.0780203
2 0.772015 0.202617 0.0409367 0.0330533 0.0772672
2 0.771987 0.202406 0.040238 0.0314078 0.0771619
2 0.772387 0.201459 0.0402773 0.0354738 0.0754588
2 0.507891 0.535503 0.0383915 0.0409482 0.0739004
2 0.828453 0.432132 0.0682024 0.087627 0.0735587
2 0.855436 0.551825 0.0285448 0.043413 0.0727389
2 0.69381 0.112374 0.0439732 0.0445989 0.0722481
2 0.694218 0.112041 0.0411961 0.0419274 0.0708642
2 0.823139 0.571648 0.0421273 0.040901 0.0698211
2 0.694286 0.112002 0.0423353 0.0425892 0.0686275
4 0.586873 0.927225 0.297591 0.132383 0.0684652
2 0.854734 0.552588 0.0272612 0.043498 0.0618705
2 0.827367 0.431635 0.0739374 0.0893307 0.0605437
2 0.69389 0.111776 0.0448626 0.0473501 0.0603793
2 0.246417 0.6365 0.167844 0.176368 0.0591788
2 0.657911 0.901936 0.234216 0.173954 0.0581721
2 0.837292 0.560572 0.0833377 0.0676693 0.0556623
4 0.564628 0.929876 0.249574 0.128322 0.0550788
2 0.814281 0.284123 0.0432326 0.0320985 0.0536089
2 0.771241 0.20268 0.0408861 0.0330795 0.0518882
2 0.834154 0.561367 0.0671131 0.0602321 0.0517506
0 0.457793 0.494418 0.901341 0.988836 0.0506419
2 0.635904 0.567724 0.0329046 0.038564 0.0485043
2 0.827954 0.564631 0.0630917 0.0547863 0.0482742
2 0.803155 0.288374 0.0675902 0.0407167 0.0480329
0 0.605407 0.906335 0.336941 0.170985 0.0479644
2 0.828449 0.431945 0.0654056 0.0851993 0.0465951
2 0.797148 0.293448 0.0686487 0.0452117 0.0460949
2 0.635596 0.568045 0.0295916 0.0347699 0.0452682
0 0.460066 0.491394 0.904041 0.982788 0.0446884
1 0.478943 0.489879 0.950057 0.979758 0.0442571
2 0.833775 0.565801 0.0748588 0.072478 0.0437895
4 0.601748 0.917956 0.332535 0.149432 0.0424429
2 0.693519 0.112874 0.0411018 0.0435323 0.0424112
2 0.441828 0.325885 0.0470221 0.0432616 0.0408766
2 0.440644 0.326604 0.0476399 0.042477 0.0406365
2 0.693486 0.114006 0.0438299 0.0458873 0.0403178
2 0.694276 0.113055 0.0431382 0.0451707 0.0398891
2 0.749854 0.155033 0.0285785 0.0363751 0.039883
2 0.368885 0.0521943 0.30102 0.104389 0.0396995
2 0.797323 0.294553 0.0704346 0.0479753 0.0395542
2 0.800389 0.29284 0.0724154 0.0475251 0.0394443
2 0.771345 0.201599 0.0425399 0.0364148 0.0394159
2 0.74997 0.1549 0.0294497 0.0370824 0.0381308
2 0.44065 0.32629 0.0486954 0.043156 0.0360169
2 0.846745 0.42693 0.0327407 0.0763869 0.0358834
2 0.814688 0.283474 0.0458709 0.0327343 0.0358467
2 0.349866 0.0545035 0.254899 0.109007 0.0344198
2 0.595054 0.907613 0.322227 0.168259 0.0337648
2 0.594826 0.920753 0.313113 0.143516 0.0328872
2 0.682389 0.802964 0.0355393 0.0327935 0.031877
2 0.853905 0.554082 0.0302145 0.051717 0.0314482
4 0.345773 0.0651173 0.266313 0.130235 0.0313907
2 0.825897 0.430729 0.0808591 0.0942108 0.0312594
2 0.782207 0.294278 0.0360904 0.0435868 0.0307969
2 0.781497 0.294389 0.0357882 0.040706 0.0307468
2 0.749333 0.155362 0.0275779 0.0360377 0.0305393
2 0.814668 0.282915 0.0442621 0.0362577 0.0303553
2 0.85516 0.552245 0.0305597 0.0485808 0.0298472
2 0.771588 0.204317 0.0414487 0.0361314 0.0294106
2 0.635164 0.568097 0.0358533 0.0412919 0.0285788
4 0.471663 0.907 0.87045 0.177761 0.028541
2 0.772297 0.204407 0.0440431 0.0378771 0.0285345
2 0.634615 0.56886 0.0343882 0.0387405 0.0284803
2 0.633923 0.569037 0.0404139 0.0426406 0.0284084
2 0.681389 0.802749 0.035395 0.0318614 0.0283239
2 0.812079 0.285406 0.0547756 0.0374323 0.0281919
4 0.55238 0.932056 0.224783 0.129761 0.0268469
2 0.786803 0.351988 0.0542887 0.0506778 0.0264321
2 0.781989 0.294342 0.037333 0.0426278 0.0263055
0 0.529965 0.845708 0.836747 0.290604 0.0262007
2 0.687886 0.882889 0.285935 0.188518 0.026098
2 0.224565 0.638895 0.128488 0.177723 0.0260023
2 0.787667 0.354268 0.0527925 0.0443125 0.0256922
2 0.682277 0.803465 0.0344696 0.0305485 0.0252484
2 0.439613 0.334274 0.0501867 0.0499939 0.0249889
2 0.637059 0.568108 0.0395136 0.0429647 0.0248857
0 0.478968 0.490802 0.950739 0.981604 0.0244893
2 0.750076 0.154231 0.0322302 0.0422046 0.0243056
2 0.799808 0.295041 0.0796153 0.0559254 0.0238953
2 0.788286 0.354597 0.0514141 0.0429475 0.0234739
2 0.439353 0.333033 0.0501865 0.0465235 0.0231458
2 0.633051 0.569591 0.0391848 0.0425178 0.0229132
2 0.814333 0.282291 0.0461402 0.037212 0.0226584
4 0.0954144 0.63549 0.18015 0.452022 0.0225052
2 0.254331 0.633016 0.167483 0.199467 0.0220077
2 0.68153 0.803573 0.034164 0.0305656 0.021984
2 0.612422 0.893222 0.36131 0.179538 0.0219038
2 0.513262 0.535099 0.0512242 0.0496545 0.0218695
2 0.748966 0.154382 0.0323476 0.041498 0.0217065
2 0.786147 0.351552 0.0551675 0.0520546 0.0215891
2 0.749046 0.155665 0.0289774 0.0368336 0.0214562
2 0.251303 0.627501 0.195914 0.200317 0.0211994
2 0.63699 0.567616 0.0391617 0.041401 0.0211568
2 0.786669 0.353997 0.0525511 0.0440226 0.0209797
0 0.48825 0.848811 0.881507 0.293533 0.0208484
4 0.582681 0.927635 0.305229 0.132208 0.0208426
2 0.826433 0.434771 0.0606798 0.0782225 0.0204165
4 0.35197 0.0547009 0.258503 0.109402 0.0200444
2 0.786091 0.352731 0.0536573 0.0451814 0.0199364
2 0.409244 0.0486079 0.115919 0.0678342 0.0196961
4 0.0860721 0.616071 0.152606 0.51824 0.0196912
2 0.836765 0.43286 0.0781045 0.0941156 0.0195602
2 0.786137 0.353799 0.0537085 0.0452901 0.0192643
2 0.770712 0.20526 0.0409347 0.037571 0.0190859
0 0.344181 0.0725793 0.277529 0.141791 0.0189825
2 0.809696 0.287151 0.0576542 0.0459656 0.0188289
2 0.697188 0.112473 0.0519937 0.0482824 0.0185111
2 0.421118 0.0509415 0.0769085 0.0585071 0.0184535
1 0.476218 0.481719 0.952435 0.963439 0.0182197
2 0.690605 0.891596 0.267376 0.166263 0.018141
1 0.502995 0.478517 0.930973 0.957034 0.0180057
2 0.786499 0.353832 0.0549583 0.0467881 0.0177078
4 0.0880714 0.599811 0.149246 0.545975 0.017694
4 0.338191 0.947167 0.159132 0.0775151 0.0169994
4 0.250152 0.109577 0.123327 0.137048 0.0167636
2 0.823108 0.565799 0.0566348 0.0561588 0.0167026
4 0.556168 0.930866 0.227427 0.125755 0.0165801
2 0.0695327 0.535046 0.0932716 0.167345 0.0165675
4 0.0872738 0.582938 0.142958 0.563911 0.0165506
2 0.839091 0.428761 0.0499306 0.08419 0.016391
2 0.0899117 0.3654 0.064734 0.0838427 0.0158428
2 0.233791 0.63388 0.087199 0.178966 0.0156708
2 0.509986 0.540985 0.04801 0.0594862 0.0156552
4 0.456403 0.905708 0.876773 0.185523 0.0154598
2 0.819074 0.431369 0.0919506 0.0960425 0.0154288
4 0.342637 0.948379 0.143825 0.0704354 0.0151866
4 0.541384 0.932171 0.203879 0.128472 0.0145405
2 0.789871 0.355256 0.0526113 0.0445184 0.0144477
2 0.0900984 0.36488 0.0593536 0.0824542 0.0143911
2 0.779442 0.295017 0.0379565 0.0412559 0.0141245
2 0.696898 0.111419 0.0536134 0.0500807 0.0136416
2 0.433867 0.0523648 0.482481 0.10473 0.0136275
2 0.23602 0.632017 0.111004 0.184234 0.0136237
4 0.0850627 0.543359 0.136841 0.564761 0.0135981
4 0.0966316 0.615143 0.174231 0.46163 0.0132782
2 0.512705 0.537008 0.0542434 0.052592 0.0132443
0 0.472361 0.848439 0.877803 0.299817 0.0130281
2 0.23578 0.637385 0.0924541 0.164474 0.0129335
4 0.348606 0.949068 0.141001 0.0771908 0.0128902
2 0.775159 0.202372 0.0535833 0.0397556 0.0126585
2 0.50802 0.540995 0.0469217 0.0578639 0.0126162
2 0.421169 0.0513518 0.087191 0.0563348 0.0123457
2 0.847028 0.41459 0.0301157 0.051098 0.0123108
2 0.240402 0.593651 0.0577673 0.0730568 0.0122563
2 0.513333 0.533636 0.0535851 0.0524671 0.0121888
2 0.839969 0.43394 0.110854 0.107481 0.0120071
2 0.848663 0.423618 0.0389023 0.0725013 0.0119545
2 0.207729 0.633618 0.17932 0.186622 0.0118952
0 0.0991558 0.60016 0.167569 0.616135 0.0118822
2 0.243081 0.591509 0.0575393 0.071472 0.0118054
4 0.130896 0.635487 0.256515 0.431177 0.0117839
4 0.570275 0.929075 0.265092 0.118781 0.0116873
2 0.238505 0.596309 0.0586026 0.0792503 0.0116195
4 0.357055 0.947614 0.114757 0.0726965 0.0114681
2 0.634949 0.565838 0.0436468 0.0480403 0.0114056
4 0.506345 0.900015 0.792565 0.184832 0.0113684
2 0.788761 0.352279 0.0593346 0.0518713 0.0112992
4 0.243089 0.125935 0.142141 0.169901 0.0112177
4 0.0961591 0.660947 0.17793 0.463575 0.0111925
2 0.42432 0.0534977 0.0785259 0.0525759 0.0109724
2 0.779591 0.294237 0.0390681 0.0460094 0.0106503
2 0.79061 0.355661 0.0523158 0.0420008 0.0105913
2 0.241996 0.592856 0.0594289 0.0725381 0.01058
2 0.784155 0.350586 0.0550268 0.0508502 0.0104901
2 0.635088 0.568941 0.0477944 0.0482375 0.0104562
4 0.0845139 0.512153 0.139834 0.580798 0.0103324
2 0.696625 0.115273 0.0561477 0.0516218 0.0102506
4 0.240705 0.131218 0.130718 0.160247 0.0102403
4 0.184551 0.171912 0.23232 0.257174 0.0102051
2 0.222206 0.650555 0.135355 0.23312 0.010156
2 0.235167 0.631758 0.105404 0.18129 0.0101094
4 0.207099 0.153594 0.222734 0.256943 0.0101078
2 0.425393 0.0537763 0.0827733 0.0495904 0.0100338
