0 0.525795 0.521147 0.361904 0.433173 0.678733
0 0.525155 0.522229 0.367246 0.430321 0.657626
0 0.524145 0.520894 0.36353 0.439406 0.640432
0 0.526146 0.521393 0.360348 0.432326 0.636396
0 0.524793 0.520051 0.361956 0.439471 0.595552
0 0.52563 0.522458 0.362102 0.430785 0.584056
0 0.522815 0.519755 0.360818 0.439464 0.535843
0 0.523322 0.520877 0.363304 0.430677 0.525726
0 0.522463 0.520927 0.36419 0.43822 0.50549
5 0.625135 0.599724 0.0654293 0.0697056 0.489643
5 0.624073 0.59971 0.0649037 0.0677579 0.476086
5 0.624693 0.599503 0.0654888 0.070066 0.454037
0 0.521519 0.523649 0.363354 0.43209 0.442739
5 0.625215 0.600056 0.0660494 0.069884 0.433421
5 0.625011 0.598257 0.0649552 0.0660324 0.413279
5 0.413261 0.509906 0.0353188 0.0432944 0.367051
5 0.41332 0.510067 0.0362072 0.043891 0.365072
5 0.413926 0.509416 0.0330676 0.0408636 0.361248
5 0.625449 0.59847 0.0658634 0.0673434 0.3587
5 0.414296 0.50926 0.0374545 0.0406989 0.356972
5 0.624344 0.601327 0.0697337 0.0732627 0.351895
5 0.413722 0.509813 0.0343628 0.041065 0.349761
5 0.413355 0.509757 0.0382726 0.0458697 0.345937
5 0.414193 0.509848 0.0381666 0.0425142 0.324467
5 0.413451 0.509851 0.0395053 0.047212 0.29896
5 0.624576 0.599012 0.0709785 0.0718944 0.263427
5 0.462222 0.640369 0.0949703 0.0893333 0.253538
5 0.461509 0.639748 0.0877414 0.0874495 0.253104
5 0.622737 0.600551 0.067814 0.0732851 0.229393
5 0.41424 0.509619 0.0396017 0.0467385 0.212204
5 0.461245 0.639473 0.0862645 0.0863951 0.201643
5 0.461285 0.638468 0.0902677 0.0940849 0.159494
5 0.462437 0.640413 0.0962112 0.0913369 0.150743
5 0.462999 0.639843 0.0882131 0.0888115 0.133375
5 0.462383 0.638244 0.0953448 0.0947632 0.129021
5 0.412355 0.510982 0.0414683 0.0499191 0.112334
5 0.625759 0.59906 0.0718768 0.0737832 0.108801
5 0.462651 0.638073 0.0891509 0.0875915 0.103072
5 0.411901 0.511185 0.0409358 0.0483649 0.0978692
5 0.625555 0.599101 0.0652966 0.0679331 0.09754
5 0.457125 0.369621 0.0402345 0.0393653 0.0932553
5 0.937737 0.461715 0.0494561 0.0682996 0.0921051
2 0.456749 0.368402 0.0391587 0.0367769 0.088858
5 0.937482 0.461993 0.049157 0.0663527 0.0880131
5 0.937929 0.462994 0.044958 0.0653959 0.0876625
2 0.457812 0.369317 0.0379239 0.0351722 0.0859874
5 0.93855 0.463138 0.0466726 0.0661758 0.0852811
5 0.457163 0.369225 0.0408516 0.0367745 0.0841614
3 0.524411 0.108148 0.437936 0.215906 0.0832855
3 0.520079 0.10679 0.444596 0.212581 0.0815799
3 0.531501 0.103983 0.435406 0.206738 0.0774933
5 0.938159 0.463111 0.0430553 0.063684 0.0721708
5 0.93782 0.462371 0.0433735 0.0642706 0.0708062
5 0.66006 0.536795 0.0196873 0.0233482 0.0705946
5 0.460788 0.636625 0.0975345 0.0996598 0.0679246
5 0.672964 0.585096 0.0165843 0.0207891 0.0669882
5 0.51549 0.37846 0.0275196 0.030212 0.0658705
5 0.437367 0.568265 0.029378 0.0349079 0.0640232
5 0.938871 0.46159 0.0519421 0.0733217 0.062773
5 0.624968 0.599753 0.0642933 0.0660857 0.0623539
5 0.938588 0.462653 0.0439656 0.0658993 0.0619275
5 0.938309 0.461975 0.0447022 0.0631718 0.0615086
5 0.515627 0.378021 0.0268519 0.0300661 0.0614863
5 0.938186 0.462476 0.0605465 0.0748191 0.0610886
5 0.516211 0.378867 0.0265837 0.0292064 0.0610105
5 0.516054 0.378565 0.0266816 0.0287969 0.057875
5 0.435912 0.394048 0.0239383 0.0256736 0.0525736
5 0.939379 0.462298 0.0498334 0.0741702 0.0516531
5 0.659012 0.536548 0.0209865 0.0259489 0.0510063
5 0.685176 0.494707 0.0229859 0.0283485 0.0498862
5 0.67172 0.583885 0.017848 0.0216759 0.0497518
5 0.463195 0.638752 0.0889781 0.0945968 0.0490555
5 0.623339 0.599797 0.0643629 0.0730071 0.0484574
5 0.660597 0.536578 0.0210316 0.026999 0.0482948
5 0.93811 0.463112 0.06038 0.0743209 0.0460118
5 0.686006 0.494626 0.023026 0.0273178 0.0453632
5 0.659748 0.536127 0.0227911 0.0277106 0.0452642
5 0.437571 0.568034 0.0281773 0.033421 0.042621
5 0.436898 0.568429 0.0310958 0.0343203 0.0398563
5 0.684905 0.495567 0.0236121 0.0311601 0.03823
5 0.625349 0.598223 0.0747091 0.073413 0.0378246
5 0.457398 0.369026 0.0457683 0.0470949 0.0376182
2 0.456044 0.367086 0.0396308 0.0359797 0.0374764
5 0.435592 0.393052 0.0235624 0.026093 0.037273
2 0.607598 0.649569 0.0228715 0.0248525 0.0345869
3 0.507959 0.107452 0.456782 0.213462 0.0342747
5 0.636462 0.472544 0.0223826 0.0265236 0.0332207
5 0.462718 0.342176 0.028578 0.0223423 0.032842
5 0.413645 0.511067 0.0459584 0.0502432 0.0328283
5 0.516384 0.377298 0.0346131 0.0399524 0.0322068
5 0.636996 0.472469 0.0221999 0.0266437 0.0315428
5 0.460683 0.620508 0.0994935 0.135112 0.0307755
5 0.515866 0.376804 0.0347156 0.0390651 0.0307121
0 0.438899 0.419394 0.100074 0.153491 0.0304526
5 0.939769 0.461732 0.053476 0.0739174 0.0304447
5 0.938142 0.461091 0.0589985 0.0790925 0.0296013
5 0.518263 0.377526 0.0376884 0.0364276 0.0294488
5 0.455035 0.370267 0.0456722 0.0434478 0.029326
5 0.685751 0.494416 0.0258153 0.0321294 0.0291227
5 0.456893 0.367692 0.0404307 0.0360341 0.0290694
5 0.518419 0.377837 0.0361111 0.0362315 0.0287011
5 0.465449 0.34042 0.0195212 0.0207893 0.0282352
5 0.43599 0.568286 0.0300195 0.0344365 0.0259282
5 0.460977 0.638778 0.0838628 0.088465 0.0258976
5 0.552672 0.659779 0.0355658 0.0388033 0.0254646
5 0.606637 0.649259 0.023009 0.0251118 0.0254095
3 0.523931 0.125749 0.465082 0.250303 0.023089
3 0.515258 0.10728 0.448036 0.213812 0.0228582
3 0.54619 0.111143 0.479113 0.221857 0.021638
5 0.938109 0.461687 0.0657636 0.0788727 0.0213402
0 0.437732 0.397146 0.080388 0.117818 0.0212369
5 0.68587 0.493321 0.0290724 0.0359011 0.0208167
0 0.461998 0.40745 0.125855 0.15711 0.0207234
3 0.505044 0.11167 0.476788 0.222588 0.0206601
5 0.68519 0.492864 0.0284372 0.0345728 0.0200856
5 0.63537 0.472756 0.0281009 0.0311928 0.0200418
5 0.635692 0.472775 0.0287255 0.0314766 0.0196579
5 0.462963 0.639018 0.0968677 0.0938318 0.018753
5 0.607117 0.648269 0.0270627 0.0313761 0.0185352
5 0.552799 0.660443 0.0361682 0.0411058 0.0179637
0 0.448718 0.385384 0.0828376 0.107784 0.0179301
5 0.459707 0.368368 0.0524113 0.047312 0.0179171
5 0.4103 0.509346 0.0530437 0.05108 0.0176588
3 0.516154 0.118625 0.462018 0.236314 0.0175998
5 0.439254 0.568395 0.0378667 0.0395381 0.0173999
5 0.435042 0.393697 0.0247612 0.0272502 0.0170984
5 0.553015 0.660055 0.0349603 0.0386791 0.0164412
3 0.535626 0.0733209 0.433503 0.146642 0.0157977
5 0.434133 0.393416 0.022726 0.0259655 0.0153746
5 0.561272 0.624617 0.0167805 0.0200535 0.0143889
5 0.439253 0.567455 0.0377822 0.0381574 0.0141195
3 0.94728 0.575961 0.10544 0.778437 0.013519
3 0.946607 0.542541 0.106786 0.789029 0.0132637
5 0.625243 0.600777 0.0722096 0.0791601 0.0130194
0 0.589327 0.477837 0.239435 0.349762 0.0127764
5 0.624557 0.602175 0.0732201 0.0859892 0.0127181
3 0.544016 0.0741909 0.461775 0.148382 0.0127124
5 0.606283 0.648336 0.0253535 0.030103 0.0122217
0 0.459012 0.615912 0.105855 0.153246 0.012161
5 0.410269 0.509336 0.052904 0.0516064 0.010954
5 0.937284 0.462057 0.0619079 0.0771007 0.0108954
5 0.457461 0.365553 0.041321 0.0501504 0.0107251
0 0.623563 0.599434 0.0740064 0.0774677 0.0103216
