3 0.540544 0.469657 0.335156 0.408611 0.576079
3 0.540738 0.46819 0.336178 0.41223 0.543754
3 0.5397 0.470626 0.338683 0.410184 0.541045
3 0.540123 0.46799 0.337452 0.415799 0.535341
3 0.538708 0.473986 0.339488 0.413226 0.50046
3 0.538515 0.474035 0.341273 0.4151 0.445569
3 0.539162 0.474543 0.335034 0.408481 0.39645
3 0.540147 0.476172 0.337233 0.402886 0.365078
3 0.533662 0.46196 0.353961 0.43159 0.34723
3 0.537166 0.471271 0.343395 0.418835 0.305708
3 0.544048 0.480662 0.211893 0.208372 0.0174805
3 0.5455 0.470543 0.208951 0.201295 0.01621
3 0.555306 0.461577 0.202051 0.224513 0.0159581
3 0.545915 0.49334 0.232851 0.19788 0.0137721
3 0.0559924 0.224841 0.111985 0.449683 0.0130219
3 0.58611 0.445556 0.219516 0.304556 0.0104701
3 0.546559 0.503686 0.240816 0.211726 0.0100841
