0 0.5111 0.476902 0.363535 0.489088 0.324648
0 0.511947 0.48064 0.361292 0.484485 0.285198
0 0.511832 0.481186 0.368169 0.482325 0.273586
0 0.509355 0.488761 0.371465 0.473537 0.254827
0 0.513311 0.484459 0.365902 0.477021 0.250332
0 0.510912 0.490736 0.375013 0.46902 0.226579
0 0.514531 0.481379 0.379742 0.485705 0.203037
0 0.513476 0.483082 0.382289 0.48013 0.193856
0 0.511228 0.489317 0.383072 0.470838 0.191157
5 0.644046 0.616433 0.033288 0.0353006 0.159046
0 0.510967 0.474193 0.39363 0.487937 0.148266
5 0.644464 0.615919 0.0347987 0.0364406 0.146616
5 0.644385 0.615958 0.0346529 0.0357466 0.133865
5 0.644281 0.616295 0.0356568 0.0369197 0.12335
5 0.644854 0.615848 0.0406681 0.0443799 0.095502
5 0.64539 0.615601 0.0407069 0.0439911 0.0837457
5 0.477794 0.47501 0.0582247 0.103527 0.0784976
5 0.476988 0.474661 0.0606547 0.103695 0.0662135
5 0.476144 0.473868 0.0577341 0.104203 0.0609244
5 0.465755 0.470701 0.0908789 0.118006 0.0564094
5 0.472618 0.47255 0.0747432 0.113448 0.0510873
5 0.475226 0.474108 0.0607719 0.105705 0.0499221
5 0.64658 0.616285 0.0451513 0.0446016 0.0441296
5 0.476112 0.474725 0.0760259 0.112084 0.0439447
5 0.476366 0.475389 0.0524752 0.101495 0.0423576
5 0.646554 0.615891 0.0464478 0.0425218 0.0379631
5 0.644656 0.618263 0.0439505 0.0469752 0.0371853
5 0.476158 0.475157 0.0606629 0.104079 0.0356148
2 0.538603 0.707666 0.0253987 0.0295595 0.0331055
5 0.474218 0.473209 0.0633143 0.110391 0.0319213
5 0.45748 0.463843 0.111992 0.136394 0.0318944
2 0.537872 0.707467 0.0216422 0.0279774 0.0316841
5 0.476731 0.475858 0.0770922 0.11355 0.0314401
5 0.644177 0.617833 0.0483539 0.0480963 0.0313434
5 0.937625 0.457743 0.0518273 0.0648613 0.0312502
5 0.643414 0.617309 0.0430324 0.0430884 0.0309377
5 0.643601 0.616603 0.0430876 0.0442055 0.0301538
5 0.937046 0.458441 0.0462634 0.0569112 0.0268737
5 0.938432 0.459375 0.0460554 0.061058 0.0247437
5 0.936169 0.458658 0.0452568 0.0571316 0.0232949
0 0.601154 0.480576 0.198629 0.483964 0.0227303
5 0.938579 0.459856 0.0459852 0.0633457 0.0219016
2 0.539033 0.708127 0.0277043 0.0310175 0.0214839
2 0.538254 0.707743 0.0265366 0.0308099 0.0212936
5 0.64688 0.615562 0.0493009 0.0500075 0.0194805
0 0.608195 0.487616 0.20124 0.473031 0.0169587
5 0.652264 0.534482 0.0180273 0.0237769 0.0168531
0 0.592926 0.489485 0.232566 0.488655 0.0165466
0 0.609956 0.485875 0.232008 0.485537 0.0162729
5 0.477541 0.475645 0.0709121 0.106234 0.0156916
5 0.937296 0.461083 0.0416758 0.0539302 0.014818
5 0.938198 0.459366 0.0505801 0.06566 0.0148049
0 0.554872 0.436826 0.24321 0.336488 0.0144389
0 0.51306 0.445503 0.287041 0.368241 0.0138078
0 0.393709 0.496685 0.225786 0.474114 0.013737
5 0.468113 0.675824 0.0196742 0.023687 0.0132536
3 0.521862 0.103026 0.545581 0.204791 0.0131578
5 0.937642 0.460747 0.041006 0.0527254 0.0131317
5 0.453434 0.463902 0.114401 0.1393 0.0130366
3 0.556732 0.0983872 0.55657 0.195185 0.0126961
5 0.938044 0.460229 0.0383417 0.0510454 0.012559
5 0.475751 0.474667 0.0648468 0.107116 0.0121833
5 0.936797 0.454875 0.0513808 0.0681857 0.0121456
4 0.632133 0.48664 0.139813 0.40729 0.0117714
5 0.935234 0.45671 0.053368 0.0658824 0.0116088
3 0.637132 0.0455829 0.523324 0.0911658 0.011498
5 0.477401 0.474773 0.0563511 0.103453 0.0114663
5 0.936896 0.459983 0.0406683 0.0535875 0.0111004
5 0.536691 0.70646 0.0279792 0.035952 0.0110493
0 0.519789 0.440352 0.307983 0.402976 0.0110399
0 0.398425 0.500846 0.214447 0.471338 0.0106189
0 0.555665 0.440156 0.276125 0.388919 0.0105121
