3 0.497608 0.489874 0.4689 0.487729 0.77298
3 0.497838 0.489952 0.477246 0.484004 0.766123
3 0.498156 0.490401 0.472856 0.483704 0.761652
3 0.495364 0.48875 0.473858 0.486477 0.760841
3 0.495546 0.486386 0.472157 0.48541 0.75382
3 0.494491 0.486956 0.474567 0.486315 0.727163
3 0.498702 0.486994 0.470743 0.484243 0.715485
3 0.501247 0.490758 0.466229 0.486726 0.695783
3 0.50145 0.490607 0.468569 0.485135 0.685668
3 0.494142 0.486829 0.477873 0.486201 0.594104
3 0.937542 0.612713 0.124917 0.756719 0.103158
3 0.936534 0.636356 0.126933 0.7172 0.0735029
3 0.940685 0.586376 0.11863 0.788233 0.0689771
3 0.767192 0.261398 0.465616 0.520914 0.0652866
3 0.930874 0.615297 0.136204 0.760746 0.05697
2 0.703103 0.477047 0.0395134 0.0856074 0.0414264
3 0.486646 0.463325 0.33664 0.235938 0.040481
3 0.484212 0.480447 0.333635 0.289893 0.0389193
3 0.929809 0.629901 0.138346 0.728517 0.0347782
3 0.0532462 0.177841 0.106492 0.355683 0.0344216
3 0.942517 0.564906 0.114967 0.820774 0.034007
3 0.056738 0.226599 0.113476 0.453198 0.033917
3 0.47253 0.48805 0.311402 0.313971 0.0327436
2 0.70082 0.499559 0.0462237 0.137152 0.0325477
3 0.786743 0.273551 0.426126 0.546081 0.0296527
3 0.932794 0.591064 0.132046 0.781172 0.0293523
3 0.497903 0.800518 0.41856 0.135953 0.0293467
3 0.489335 0.432591 0.324465 0.236159 0.0282544
5 0.992979 0.374418 0.0140423 0.0426829 0.0271193
3 0.941309 0.494318 0.117381 0.898098 0.0266628
2 0.702511 0.47476 0.0409307 0.0803958 0.0266242
3 0.795168 0.12707 0.4077 0.253555 0.0265737
3 0.469069 0.496171 0.313772 0.33354 0.0261609
5 0.992509 0.373997 0.0149819 0.0486065 0.0255641
2 0.702635 0.472413 0.0365119 0.0770416 0.0254553
3 0.936712 0.655269 0.126576 0.687885 0.0250643
3 0.936476 0.689422 0.127048 0.621156 0.0238931
3 0.0520008 0.151204 0.103553 0.302408 0.0237965
3 0.489581 0.427599 0.342872 0.24275 0.0220414
3 0.761043 0.245785 0.477913 0.489207 0.0219728
2 0.700609 0.489614 0.0456565 0.114035 0.0218492
5 0.319478 0.53206 0.0599486 0.202851 0.0204587
3 0.483011 0.455365 0.35166 0.200333 0.0203494
3 0.782242 0.151173 0.435376 0.301678 0.0201399
3 0.598907 0.12401 0.727515 0.24728 0.0199351
5 0.319498 0.527099 0.0664702 0.196539 0.019773
5 0.31767 0.532081 0.0513127 0.197752 0.0193978
5 0.318863 0.526819 0.0598588 0.198145 0.0188189
3 0.51364 0.788298 0.502153 0.151554 0.0184261
3 0.47616 0.481096 0.312839 0.270264 0.0183218
3 0.522906 0.758416 0.539641 0.232245 0.0177551
5 0.702057 0.473381 0.0394221 0.0758695 0.017249
3 0.0460798 0.214888 0.0918533 0.429776 0.0172113
5 0.992145 0.374513 0.0157106 0.0477366 0.0171403
3 0.493307 0.79478 0.467419 0.128491 0.0171036
3 0.448931 0.508061 0.279107 0.317343 0.0171005
3 0.483711 0.490514 0.331761 0.323146 0.0169196
3 0.921781 0.681996 0.155346 0.636008 0.0168288
3 0.0679829 0.49091 0.135966 0.626373 0.0164749
5 0.317999 0.524561 0.0537907 0.185 0.0163557
3 0.570987 0.108269 0.578669 0.215136 0.0163244
3 0.937804 0.447266 0.124392 0.863548 0.0162001
3 0.0447805 0.164137 0.089561 0.328275 0.0160982
3 0.776005 0.123126 0.44389 0.245752 0.0157969
3 0.447592 0.499988 0.273319 0.296136 0.014825
3 0.0676766 0.463712 0.135353 0.627266 0.0144015
3 0.0601166 0.250767 0.120233 0.501535 0.0142845
3 0.933931 0.749069 0.132138 0.497681 0.0142431
3 0.922212 0.783835 0.155576 0.431436 0.014205
3 0.455467 0.0543527 0.515321 0.108705 0.0139792
3 0.770463 0.145441 0.457 0.289846 0.0138845
3 0.944537 0.564754 0.110927 0.672716 0.0137961
3 0.935004 0.570696 0.127372 0.818336 0.0137597
3 0.0649301 0.706072 0.12986 0.587857 0.0136048
3 0.513186 0.785932 0.503543 0.158205 0.0134942
3 0.065798 0.678793 0.131596 0.588359 0.0134799
3 0.0676053 0.515575 0.135211 0.632755 0.0132426
3 0.844057 0.786595 0.311886 0.426191 0.013154
3 0.486741 0.470061 0.340789 0.229015 0.0126606
3 0.769743 0.218125 0.460514 0.434125 0.0122558
3 0.795343 0.794066 0.408067 0.411229 0.0120594
3 0.804461 0.144223 0.391078 0.288327 0.0117591
3 0.944206 0.591162 0.111588 0.671254 0.0116506
3 0.066609 0.434694 0.133218 0.630298 0.0115042
3 0.449935 0.512392 0.29201 0.303718 0.0112533
3 0.944031 0.666904 0.111937 0.666192 0.0108381
2 0.69074 0.516097 0.0696562 0.176494 0.0108091
3 0.0430758 0.144107 0.0861517 0.288213 0.0107369
3 0.432628 0.0528198 0.507289 0.10564 0.0106627
3 0.943768 0.682255 0.112463 0.63549 0.0106573
3 0.469505 0.503399 0.326899 0.308443 0.0103002
3 0.585079 0.258842 0.829841 0.517684 0.0102213
3 0.926246 0.491257 0.144591 0.941416 0.0101702
3 0.0656047 0.407591 0.131209 0.629246 0.0100972
3 0.944935 0.538516 0.110131 0.676297 0.0100943
3 0.901743 0.7458 0.195044 0.507137 0.0100369
