3 0.4741 0.49412 0.447574 0.53641 0.567901
3 0.474061 0.495717 0.451513 0.535443 0.53033
3 0.473882 0.489143 0.448639 0.536951 0.519572
3 0.474538 0.489492 0.451664 0.530806 0.509081
3 0.4759 0.499152 0.448841 0.547145 0.448983
3 0.475761 0.500924 0.452315 0.545886 0.420143
5 0.47143 0.599471 0.0462606 0.0626697 0.363647
3 0.478014 0.501687 0.457473 0.548953 0.363476
5 0.471704 0.599733 0.0454642 0.0621791 0.34521
5 0.470869 0.599392 0.0456139 0.062671 0.313416
5 0.471075 0.599653 0.0468118 0.0629002 0.290988
5 0.470948 0.599802 0.047089 0.0644792 0.227394
5 0.471094 0.599734 0.0495513 0.0664247 0.200977
5 0.391504 0.504211 0.0459406 0.0524099 0.184569
3 0.452637 0.49741 0.385849 0.367729 0.178628
5 0.472057 0.601007 0.0481389 0.0632502 0.170057
5 0.390939 0.504327 0.0448191 0.0531956 0.170034
3 0.456962 0.502467 0.366877 0.358822 0.160342
5 0.391319 0.504154 0.0480496 0.0546242 0.157629
3 0.497026 0.499489 0.361203 0.36115 0.15514
5 0.472592 0.601302 0.0465917 0.0606982 0.135765
3 0.500582 0.501621 0.361169 0.356587 0.135284
3 0.431218 0.492948 0.358662 0.382627 0.127783
5 0.392544 0.504471 0.0445655 0.0527944 0.12674
3 0.471115 0.462597 0.446299 0.482463 0.112365
5 0.392071 0.504687 0.0449231 0.0497435 0.101381
3 0.424225 0.503651 0.332211 0.361783 0.0968759
3 0.476839 0.493319 0.458141 0.538667 0.0933067
5 0.390535 0.504797 0.0487457 0.0566228 0.0926673
5 0.391497 0.504727 0.0440422 0.0503898 0.0848552
5 0.470643 0.600055 0.0462233 0.0628207 0.0774913
5 0.06386 0.952255 0.126083 0.0954901 0.0755987
5 0.392266 0.504839 0.0423373 0.0488829 0.0712927
3 0.0809212 0.950222 0.159675 0.0995564 0.0703737
5 0.470363 0.59997 0.044802 0.0621541 0.0689814
0 0.0658529 0.951808 0.126894 0.0963849 0.0641544
3 0.474053 0.497648 0.446269 0.557865 0.0542255
3 0.474317 0.461429 0.448677 0.489453 0.0518056
3 0.0698763 0.948084 0.139753 0.103831 0.047496
3 0.455147 0.484089 0.400113 0.385633 0.0471688
0 0.0640274 0.951604 0.124478 0.0967911 0.0453928
5 0.47292 0.599227 0.0490024 0.0635711 0.0452543
0 0.0647775 0.952094 0.129178 0.0958122 0.0444828
5 0.389984 0.504399 0.0486023 0.0591132 0.0438405
1 0.514395 0.0703358 0.638731 0.139109 0.0435612
5 0.392196 0.504385 0.0481358 0.0556277 0.0417088
3 0.488177 0.468059 0.200552 0.26422 0.0410308
3 0.0816065 0.940379 0.159193 0.119242 0.0388902
1 0.510574 0.0714006 0.635761 0.141105 0.0366286
5 0.473 0.600282 0.0483989 0.0625432 0.0358565
5 0.0613036 0.952572 0.120881 0.0948569 0.0332881
5 0.470666 0.600228 0.0473555 0.065561 0.0329681
0 0.0725273 0.951944 0.145055 0.0961115 0.0291455
3 0.487717 0.480106 0.205783 0.27492 0.0290566
3 0.497839 0.470581 0.196023 0.264339 0.0284154
4 0.391552 0.505963 0.0444664 0.0515852 0.027691
3 0.517474 0.497663 0.329705 0.359007 0.0263332
3 0.477953 0.466831 0.213602 0.263782 0.0261419
3 0.486752 0.457334 0.198626 0.253909 0.0255746
4 0.391928 0.50583 0.0414565 0.0477782 0.0255129
3 0.381998 0.498253 0.267557 0.395477 0.0242959
3 0.457206 0.510297 0.356367 0.340687 0.0240762
3 0.402246 0.50446 0.301416 0.366977 0.0231164
0 0.0857695 0.948328 0.169967 0.103344 0.0227814
4 0.39066 0.504378 0.0484133 0.0579617 0.0221161
1 0.516739 0.0963731 0.637452 0.192746 0.0217965
3 0.476627 0.478816 0.218396 0.273106 0.0207662
3 0.362995 0.492266 0.233474 0.446015 0.0204592
3 0.408385 0.486375 0.316066 0.404025 0.0192423
3 0.477007 0.455476 0.214593 0.255867 0.0185533
0 0.0856071 0.929471 0.171214 0.141058 0.0176833
3 0.498431 0.482103 0.200586 0.278101 0.0173122
3 0.361993 0.480587 0.232069 0.459974 0.0171611
5 0.350425 0.501191 0.0333089 0.0521288 0.0163565
3 0.0663277 0.937436 0.131649 0.125129 0.0157912
3 0.496696 0.459332 0.193739 0.250112 0.0157284
3 0.384461 0.479756 0.273033 0.430082 0.0156749
3 0.49324 0.488394 0.370844 0.371066 0.0153671
3 0.514002 0.500984 0.344902 0.355332 0.0152978
2 0.32135 0.667668 0.0324926 0.0399772 0.0145442
0 0.0710704 0.952566 0.142141 0.0948677 0.0145338
5 0.350883 0.501285 0.0355147 0.0531516 0.0139963
5 0.470324 0.602007 0.0546341 0.0724927 0.013604
1 0.502783 0.0480538 0.622857 0.0919471 0.0134124
4 0.361755 0.514681 0.229222 0.4026 0.0133428
5 0.350319 0.50075 0.0368532 0.0546803 0.0128043
3 0.486661 0.491487 0.210609 0.288075 0.0124987
2 0.321271 0.667615 0.0333682 0.0414747 0.0123907
5 0.0599885 0.950299 0.119977 0.0994018 0.0123436
1 0.512728 0.098128 0.631109 0.196256 0.012296
5 0.393857 0.504455 0.0458892 0.05469 0.0122125
3 0.465198 0.466851 0.225952 0.265406 0.0112791
1 0.512407 0.0483 0.624358 0.0922678 0.0110914
3 0.474822 0.490023 0.222769 0.285426 0.0108539
5 0.35186 0.49987 0.0294482 0.0435628 0.0108071
5 0.394014 0.504937 0.0426029 0.0503484 0.010706
3 0.463848 0.479148 0.231672 0.27691 0.0105959
