1 0.538886 0.483336 0.694761 0.939508 0.68552
1 0.537776 0.484702 0.707307 0.94477 0.637385
1 0.538399 0.475403 0.692406 0.921917 0.6314
1 0.539715 0.481897 0.704645 0.919699 0.578013
1 0.542512 0.489018 0.713806 0.947888 0.552777
1 0.537885 0.487966 0.68443 0.945394 0.506383
1 0.534632 0.492869 0.697986 0.951172 0.502487
1 0.542217 0.523121 0.703161 0.825997 0.415497
1 0.539086 0.508782 0.690888 0.828474 0.387632
5 0.476682 0.535384 0.0370536 0.0422129 0.365914
5 0.476491 0.535179 0.0352161 0.0398073 0.334036
5 0.476979 0.535328 0.0365161 0.0411979 0.331302
5 0.477535 0.53502 0.0366771 0.0410742 0.321314
5 0.476557 0.535002 0.0389713 0.0440628 0.316858
1 0.539792 0.491967 0.70903 0.960597 0.305943
5 0.476673 0.535936 0.0312908 0.0371488 0.288559
5 0.402834 0.551664 0.0377189 0.0377755 0.282775
5 0.475535 0.535715 0.0438544 0.048581 0.271113
1 0.544121 0.491014 0.716656 0.915267 0.259691
5 0.401971 0.551878 0.0342568 0.0356356 0.254138
5 0.476832 0.535371 0.0318435 0.0380407 0.242294
5 0.4026 0.551771 0.0375222 0.0375546 0.226563
5 0.475873 0.535981 0.0446279 0.0504036 0.211825
1 0.545925 0.597195 0.704816 0.661186 0.209851
5 0.477293 0.534693 0.0402009 0.0449835 0.207138
5 0.401723 0.552142 0.0306177 0.0308051 0.204321
5 0.477176 0.535042 0.0296832 0.0362996 0.193129
5 0.402177 0.552556 0.0325235 0.0344815 0.192284
5 0.402265 0.552509 0.0304121 0.0307464 0.185052
5 0.701689 0.709347 0.0364558 0.0444727 0.182664
5 0.477321 0.535383 0.0280884 0.034568 0.182453
5 0.402297 0.55327 0.0325491 0.0343471 0.174833
5 0.507636 0.518089 0.0356375 0.039971 0.173672
5 0.475947 0.535089 0.0464105 0.0535632 0.17133
5 0.402857 0.552572 0.0322666 0.033739 0.170559
1 0.54923 0.657773 0.707904 0.619701 0.166647
5 0.701893 0.709727 0.0374521 0.0459524 0.163065
5 0.507761 0.517415 0.027087 0.0290256 0.159132
5 0.50806 0.518087 0.0332244 0.0372887 0.157802
5 0.70221 0.709675 0.035601 0.0429693 0.156671
5 0.402575 0.552378 0.0280743 0.0295108 0.156292
5 0.507861 0.518152 0.0355313 0.0383381 0.152675
5 0.477724 0.534287 0.0417541 0.0513643 0.150566
5 0.477725 0.535122 0.0292039 0.0362864 0.145742
5 0.702037 0.709966 0.0303602 0.039887 0.13907
5 0.702103 0.709237 0.0373512 0.0448638 0.136461
5 0.701901 0.710184 0.036927 0.0454373 0.130489
5 0.476862 0.536513 0.0466211 0.0524521 0.129877
5 0.475207 0.536874 0.0477092 0.0545805 0.127193
5 0.508366 0.517981 0.0323392 0.0372141 0.124517
5 0.506849 0.518332 0.0411891 0.0459172 0.121642
5 0.402793 0.55246 0.0442939 0.0460686 0.12095
5 0.508053 0.517731 0.025771 0.0295511 0.12038
5 0.508191 0.519848 0.0379064 0.0444043 0.118861
5 0.402788 0.553013 0.0298264 0.0312715 0.115827
5 0.70198 0.710096 0.0310853 0.0400529 0.115002
5 0.832341 0.405084 0.0371428 0.0468067 0.1142
5 0.832751 0.403383 0.0348718 0.0397717 0.112366
5 0.40253 0.552976 0.0403743 0.042261 0.111788
5 0.832167 0.404644 0.0371892 0.0436871 0.111445
5 0.474657 0.536606 0.0482679 0.0558331 0.110765
5 0.48086 0.533056 0.0415079 0.0459021 0.107519
5 0.402426 0.55289 0.0266684 0.0286781 0.106654
5 0.402021 0.552559 0.0435479 0.046294 0.104924
5 0.507562 0.517883 0.0258328 0.0289268 0.102836
5 0.508543 0.518006 0.0293702 0.0345541 0.100825
5 0.441503 0.494485 0.0388069 0.0422476 0.0934273
5 0.832009 0.403975 0.0342933 0.0399679 0.089618
5 0.402841 0.552481 0.0264749 0.029403 0.089512
1 0.542723 0.599531 0.688649 0.632406 0.0894898
5 0.508042 0.517632 0.0284289 0.0328018 0.0874034
5 0.478317 0.534875 0.026996 0.0332192 0.0850487
5 0.701349 0.710835 0.0437451 0.0528663 0.0842576
5 0.832432 0.404644 0.032866 0.0408362 0.0819113
5 0.70216 0.70984 0.028311 0.0372751 0.0810485
5 0.44069 0.496514 0.037884 0.043234 0.0789155
5 0.442807 0.493539 0.0331982 0.0358139 0.0756171
5 0.702494 0.709311 0.027459 0.0362226 0.0724981
5 0.702321 0.709857 0.0421172 0.0528196 0.0718477
5 0.558093 0.466212 0.0223601 0.0249823 0.0706163
5 0.702356 0.709896 0.0262334 0.0358356 0.0704898
5 0.832239 0.4078 0.039858 0.0529478 0.0704489
5 0.0432858 0.968988 0.0865717 0.0620234 0.0702275
5 0.832898 0.409431 0.044647 0.0615468 0.0698726
5 0.507998 0.517977 0.0235122 0.0279447 0.0685047
5 0.44256 0.494023 0.0296827 0.0327436 0.0678374
5 0.441516 0.49486 0.0294936 0.0338079 0.0666673
5 0.442848 0.493552 0.0298416 0.032592 0.0666137
5 0.558424 0.463501 0.0267252 0.02994 0.065388
5 0.508729 0.51825 0.0431925 0.0465457 0.0639683
5 0.832307 0.404324 0.0311687 0.0399212 0.0636641
5 0.558698 0.465006 0.0325227 0.0341817 0.0631389
5 0.440632 0.495729 0.0323171 0.036907 0.0626681
5 0.0443917 0.969965 0.0842067 0.0600705 0.0614305
5 0.558047 0.465562 0.0272091 0.0272586 0.0614159
5 0.403947 0.551957 0.0285964 0.0311171 0.0604826
5 0.703145 0.709538 0.0343668 0.0430536 0.0595899
5 0.441705 0.494943 0.029739 0.0336352 0.0593847
5 0.55812 0.466094 0.0211206 0.0237513 0.0582946
5 0.443435 0.493407 0.0280408 0.0316604 0.0574926
5 0.83157 0.409418 0.0439064 0.0592447 0.0572337
5 0.791286 0.459473 0.0415394 0.0499635 0.0539852
5 0.831109 0.40472 0.0440035 0.0500073 0.0529948
5 0.702834 0.709172 0.0247995 0.0334671 0.0527295
5 0.441698 0.494044 0.0377567 0.0393732 0.0493665
5 0.78911 0.459671 0.0423475 0.0493807 0.0482486
5 0.50763 0.517619 0.0241101 0.0295673 0.047279
5 0.700119 0.710414 0.0475789 0.0557066 0.0458767
5 0.557282 0.466584 0.0258152 0.0282095 0.0458589
5 0.832856 0.403433 0.0284343 0.0354311 0.0455455
5 0.832425 0.404024 0.0296175 0.0374514 0.0452124
5 0.443187 0.493581 0.0264401 0.0304688 0.0448737
5 0.557518 0.466279 0.0305057 0.0332559 0.0446256
5 0.557708 0.459945 0.0364495 0.0475094 0.0441763
5 0.478409 0.534662 0.0501101 0.060428 0.0440543
5 0.832849 0.403408 0.0288676 0.0361653 0.0439119
1 0.553643 0.68194 0.718057 0.582296 0.043633
5 0.0455066 0.968229 0.0883529 0.063541 0.0429125
5 0.830408 0.406451 0.0469559 0.056395 0.0428772
5 0.832764 0.403461 0.0398602 0.0437406 0.0420533
5 0.699515 0.711196 0.0474231 0.0564467 0.0417128
5 0.787361 0.45921 0.0406227 0.0492685 0.0416753
5 0.557134 0.466257 0.0200862 0.0221859 0.0414712
5 0.495751 0.527532 0.0624356 0.0540652 0.041338
5 0.442567 0.494196 0.0259464 0.0297948 0.0411615
5 0.442877 0.493827 0.0248199 0.0292778 0.0411234
5 0.49828 0.525724 0.0661434 0.0613972 0.0400637
5 0.557426 0.466257 0.0212478 0.0231347 0.0398514
5 0.791496 0.459721 0.0355534 0.044016 0.0390944
5 0.509011 0.517131 0.028611 0.0341056 0.038932
5 0.500597 0.523118 0.0584799 0.063854 0.0378035
5 0.789625 0.459979 0.0350862 0.0442551 0.0370378
5 0.787912 0.459841 0.0423793 0.0501131 0.0365906
5 0.557966 0.465691 0.0338312 0.0369743 0.0364333
5 0.701328 0.71145 0.0477794 0.0586596 0.0356779
5 0.561118 0.449766 0.0426673 0.0631782 0.0356329
5 0.562552 0.443533 0.0460976 0.055363 0.0356257
5 0.557746 0.466198 0.0285813 0.0316025 0.0351663
5 0.0442102 0.967696 0.0884203 0.0646077 0.034614
1 0.546621 0.650131 0.691148 0.572997 0.0344365
5 0.0425839 0.969546 0.0851679 0.0609085 0.0336422
5 0.833518 0.403465 0.0298518 0.03571 0.03286
5 0.55745 0.466249 0.0262015 0.0291391 0.0320947
5 0.788935 0.459803 0.0348121 0.0433733 0.0320554
5 0.831323 0.403943 0.0460392 0.052198 0.0311911
5 0.438883 0.498291 0.0403899 0.049144 0.0304496
5 0.441331 0.49357 0.0456255 0.0490121 0.0301884
5 0.405261 0.551872 0.042807 0.0430382 0.0301598
5 0.511064 0.517384 0.0421034 0.0468004 0.0293166
5 0.788643 0.460051 0.0372875 0.0457133 0.0292532
5 0.399323 0.552884 0.0478014 0.0480178 0.0292515
5 0.562855 0.439889 0.038801 0.0429947 0.0289716
5 0.507898 0.516782 0.0397676 0.0430936 0.0285073
5 0.834469 0.404554 0.0441564 0.0537607 0.0284175
5 0.402345 0.554017 0.0449627 0.0498226 0.0284137
5 0.791621 0.45959 0.0484095 0.0558705 0.0283994
5 0.444719 0.493115 0.0278509 0.0315404 0.0270734
5 0.0445555 0.970653 0.0801899 0.0586948 0.026995
5 0.561473 0.445387 0.0396077 0.0539912 0.0262238
5 0.78982 0.460039 0.0312361 0.0405778 0.0259074
5 0.789411 0.459365 0.035712 0.0428989 0.025643
0 0.518022 0.564615 0.3769 0.366742 0.0254729
5 0.474968 0.531282 0.0556627 0.0671487 0.0249805
5 0.560159 0.448407 0.0406448 0.0605879 0.0241247
5 0.40469 0.55184 0.0471969 0.0521766 0.0238579
5 0.563204 0.438677 0.0386971 0.0407732 0.0236628
5 0.786665 0.459755 0.0411239 0.0511837 0.0227375
5 0.704166 0.71078 0.0509405 0.0625301 0.0217173
5 0.445681 0.492315 0.0390251 0.0385939 0.0210644
5 0.786959 0.45766 0.0438823 0.0533853 0.0204045
5 0.702889 0.711572 0.0498902 0.0616066 0.0201198
5 0.561264 0.43965 0.0446189 0.0473423 0.0200804
5 0.511404 0.517637 0.0479493 0.0555691 0.0196359
5 0.561767 0.440501 0.0381294 0.041022 0.0192774
5 0.835761 0.407065 0.053698 0.0676229 0.0191578
0 0.515622 0.590203 0.368737 0.397267 0.0187345
5 0.43953 0.497162 0.0388795 0.0440136 0.0185281
5 0.704661 0.707804 0.0321926 0.0404831 0.0184896
0 0.501195 0.56613 0.35703 0.348079 0.0181586
5 0.565345 0.440083 0.0497934 0.0560773 0.0179212
0 0.499286 0.444025 0.361285 0.374167 0.0176926
0 0.521129 0.446304 0.377386 0.380863 0.0175126
5 0.790307 0.459566 0.030027 0.0387314 0.0171674
5 0.399131 0.552099 0.0516434 0.0502135 0.0169706
0 0.521903 0.427733 0.374946 0.401554 0.0169546
5 0.562266 0.439494 0.0359688 0.0388914 0.0169277
5 0.444861 0.492301 0.044061 0.0442732 0.0167193
5 0.796389 0.457898 0.04817 0.0561055 0.0166131
5 0.562934 0.439174 0.0343849 0.0380476 0.0164937
5 0.438312 0.498209 0.0377901 0.0453389 0.0164828
5 0.702772 0.708397 0.0341347 0.042883 0.015922
5 0.792965 0.458462 0.0352682 0.0431482 0.0158827
0 0.499524 0.588566 0.362333 0.381579 0.0157638
5 0.562633 0.440099 0.0362037 0.0394947 0.0154783
5 0.560341 0.442854 0.0461419 0.0555977 0.0150991
5 0.557966 0.451225 0.0493354 0.0716635 0.0150055
5 0.504993 0.513956 0.0564802 0.0693775 0.0147606
0 0.501084 0.428188 0.367468 0.393728 0.014651
5 0.795975 0.45803 0.0523132 0.0634231 0.014202
5 0.565659 0.437117 0.0453592 0.0477202 0.0137998
5 0.469862 0.536457 0.060351 0.0646491 0.0136923
5 0.835363 0.403246 0.0372515 0.0435356 0.0135941
5 0.69762 0.713726 0.053317 0.064506 0.013119
5 0.401051 0.5535 0.0466661 0.0538896 0.0130497
0 0.475443 0.44574 0.365905 0.369596 0.0127983
5 0.498074 0.515289 0.070989 0.0776368 0.0123221
5 0.785883 0.460646 0.0462857 0.0562813 0.0122768
5 0.509174 0.515788 0.0321222 0.0365453 0.0122766
0 0.520077 0.54439 0.373686 0.353843 0.0122553
5 0.701824 0.707157 0.0489437 0.0594916 0.0122003
5 0.784134 0.45794 0.0489422 0.0614126 0.0119983
3 0.496804 0.609726 0.361602 0.400123 0.0114147
5 0.699891 0.707365 0.0532138 0.0662296 0.0113924
5 0.436147 0.498186 0.0520821 0.0571679 0.0111665
5 0.561707 0.437701 0.050499 0.0546359 0.0111598
5 0.834391 0.403045 0.0276001 0.0341698 0.0107076
5 0.562729 0.439341 0.0335378 0.0369522 0.0105227
5 0.563347 0.438627 0.0328387 0.0360443 0.010433
5 0.403483 0.551217 0.0459558 0.046359 0.0104092
5 0.468143 0.537917 0.0600893 0.0622263 0.010359
5 0.408438 0.549523 0.0470072 0.0446695 0.0102123
0 0.487349 0.499749 0.192484 0.181548 0.010168
5 0.471569 0.539869 0.0577961 0.0657495 0.0101597
