3 0.500576 0.505218 0.771368 0.989564 0.709526
3 0.497869 0.507441 0.761836 0.955873 0.668129
3 0.497053 0.505032 0.763356 0.987626 0.65613
3 0.504193 0.495709 0.76627 0.948653 0.647823
3 0.493145 0.51339 0.748427 0.935379 0.627091
3 0.512919 0.507593 0.797339 0.984813 0.599497
3 0.497258 0.490529 0.77097 0.93096 0.593541
3 0.510767 0.507322 0.79647 0.965013 0.552905
5 0.646609 0.342231 0.0405161 0.0300407 0.377631
5 0.646633 0.342208 0.0405161 0.0285913 0.361629
3 0.508604 0.490437 0.771356 0.943789 0.343983
5 0.645799 0.342707 0.0443581 0.0336239 0.338267
5 0.645886 0.342692 0.0440803 0.0348383 0.328735
5 0.647199 0.342781 0.0400926 0.0303284 0.298181
5 0.644803 0.342444 0.0432862 0.0326705 0.296957
5 0.645069 0.342965 0.041684 0.0329084 0.276884
5 0.646748 0.342682 0.0390909 0.0288633 0.249652
3 0.497222 0.526136 0.748375 0.895039 0.240875
5 0.646975 0.341811 0.0389458 0.0263469 0.21317
5 0.646723 0.342648 0.0463693 0.0350929 0.196
5 0.624515 0.479596 0.0241909 0.0304238 0.167026
5 0.624786 0.479646 0.0238447 0.0299534 0.116849
5 0.64744 0.342553 0.0404619 0.0327811 0.110437
3 0.498116 0.542567 0.729013 0.851181 0.10919
3 0.507711 0.427031 0.756649 0.827993 0.103352
5 0.624603 0.480234 0.0209229 0.0265393 0.102999
5 0.624158 0.479872 0.0275347 0.0319252 0.100212
5 0.647567 0.341961 0.0362073 0.0252657 0.0992557
3 0.528414 0.51283 0.315164 0.449088 0.0968896
5 0.644155 0.342692 0.0489881 0.0412507 0.0944227
3 0.530228 0.523639 0.314554 0.447609 0.0926377
5 0.625167 0.480235 0.0202455 0.0266587 0.0916129
5 0.624424 0.479971 0.0284742 0.0325825 0.0912362
5 0.624945 0.480079 0.0210051 0.0276499 0.0875142
3 0.495282 0.52489 0.260393 0.440949 0.0830221
3 0.495845 0.513981 0.265814 0.440348 0.0764138
3 0.550216 0.510713 0.351779 0.452544 0.0722224
5 0.625153 0.480392 0.0191319 0.0256139 0.0713676
5 0.625639 0.480314 0.0264314 0.032189 0.0701969
5 0.647565 0.342193 0.0353454 0.0288575 0.0697749
3 0.550724 0.523776 0.344119 0.451546 0.0679018
5 0.623401 0.47957 0.0320485 0.0372184 0.0678821
5 0.625927 0.480366 0.0253117 0.0309705 0.0663733
5 0.645323 0.343039 0.0463126 0.0390775 0.060929
5 0.625004 0.480543 0.0235295 0.0297456 0.0568575
3 0.499006 0.507059 0.274414 0.441942 0.054793
5 0.648175 0.342267 0.0395761 0.027941 0.0481083
3 0.470352 0.525939 0.238019 0.44397 0.0470387
5 0.0289964 0.943306 0.0548519 0.113387 0.044066
3 0.469934 0.512795 0.246283 0.440195 0.0410646
5 0.625094 0.480392 0.0209188 0.0278786 0.0392846
5 0.652853 0.341694 0.0270197 0.0232912 0.0386168
3 0.527294 0.506187 0.314466 0.445149 0.0375734
5 0.0291794 0.948437 0.0545679 0.103126 0.0337536
3 0.565852 0.527698 0.352114 0.436416 0.0336066
5 0.624891 0.479809 0.0346981 0.0395964 0.0328605
5 0.030882 0.943976 0.0560698 0.112049 0.0286845
0 0.269847 0.497764 0.31581 0.973862 0.0284231
5 0.651418 0.341286 0.0304466 0.026442 0.0277954
5 0.0307 0.949027 0.056143 0.101945 0.027179
5 0.642962 0.34234 0.0496903 0.0408649 0.0269549
3 0.564871 0.511266 0.363606 0.440306 0.0269088
5 0.623981 0.480422 0.0343782 0.0380589 0.0268987
0 0.270117 0.503894 0.309419 0.992211 0.0262846
3 0.524105 0.483094 0.305596 0.411729 0.0256828
5 0.642856 0.342101 0.0491811 0.0394578 0.0250247
3 0.502836 0.484531 0.280001 0.413375 0.0247317
5 0.0319775 0.940205 0.0617309 0.117868 0.0213357
5 0.645818 0.345578 0.0523215 0.0452173 0.0205356
3 0.471277 0.506889 0.259957 0.442677 0.0201826
3 0.520388 0.453412 0.294744 0.366957 0.0201584
2 0.596362 0.558614 0.0264737 0.0310998 0.0190139
3 0.504576 0.453948 0.284607 0.364889 0.0186566
3 0.49577 0.534497 0.258322 0.446353 0.0179221
5 0.0323367 0.933724 0.0637138 0.132552 0.0170234
3 0.588661 0.532595 0.324847 0.415309 0.016366
3 0.620909 0.534844 0.287883 0.407317 0.0140032
2 0.0332265 0.946333 0.0663549 0.107334 0.0136159
5 0.626772 0.480334 0.0265666 0.0324767 0.0133302
2 0.596448 0.558356 0.0244177 0.0293949 0.0131507
3 0.550461 0.503742 0.358222 0.448207 0.0130211
3 0.442127 0.509163 0.271892 0.453438 0.0123474
5 0.548065 0.377025 0.0265013 0.0317392 0.0121679
5 0.595233 0.557553 0.0260988 0.0300238 0.0115704
5 0.595334 0.557883 0.0247096 0.029611 0.0110085
3 0.585767 0.514167 0.338382 0.418109 0.0109746
5 0.548758 0.376683 0.027684 0.0328633 0.010928
3 0.444166 0.526465 0.260337 0.456767 0.0108037
3 0.652271 0.53448 0.27605 0.4144 0.0107811
2 0.595528 0.557649 0.0212119 0.0258108 0.0100832
