0 0.433495 0.524668 0.49421 0.493749 0.922669
0 0.433022 0.524666 0.494282 0.498023 0.914019
0 0.431762 0.523158 0.487342 0.492783 0.909922
0 0.430038 0.526862 0.49919 0.490152 0.894681
0 0.432321 0.525141 0.48979 0.496085 0.877438
0 0.42803 0.526796 0.498612 0.495005 0.868993
0 0.433032 0.529648 0.49208 0.49611 0.840116
0 0.431932 0.525985 0.493487 0.491301 0.730466
0 0.433301 0.525011 0.493405 0.499366 0.430717
0 0.432812 0.522699 0.494844 0.488639 0.309004
0 0.428483 0.529227 0.500548 0.493012 0.210767
5 0.484667 0.53282 0.0976698 0.173949 0.0760379
5 0.484438 0.535654 0.0986983 0.173478 0.0685116
5 0.482953 0.532147 0.10216 0.178995 0.0555093
5 0.282685 0.523632 0.0348547 0.0465606 0.0533229
5 0.282866 0.52431 0.0358962 0.0476539 0.0520745
5 0.283269 0.524243 0.0324007 0.0439036 0.051924
5 0.282634 0.523909 0.0329881 0.0456304 0.0505982
5 0.283125 0.524292 0.029109 0.042775 0.0500486
5 0.2839 0.524792 0.0300738 0.0413067 0.0468108
5 0.481665 0.535155 0.106797 0.178807 0.0455652
5 0.283308 0.524713 0.0376613 0.0467666 0.0421939
5 0.283879 0.524732 0.0308618 0.0418679 0.0389913
5 0.284471 0.524135 0.0287951 0.0390404 0.0337222
5 0.283028 0.524121 0.0399184 0.0495716 0.0307885
5 0.283813 0.524887 0.0271856 0.0398101 0.0292269
5 0.214465 0.460137 0.0322966 0.0415858 0.0287485
0 0.42629 0.526731 0.507177 0.491667 0.0285864
5 0.487086 0.534387 0.0929377 0.168861 0.0283944
5 0.214464 0.460156 0.0310227 0.0398179 0.0260103
5 0.283196 0.524047 0.0383341 0.0469435 0.0237255
5 0.490101 0.535962 0.0859529 0.169471 0.0229668
5 0.214051 0.461568 0.0279341 0.0375301 0.0220313
5 0.214373 0.460628 0.0281701 0.0382044 0.0210222
5 0.214327 0.461064 0.030161 0.0402273 0.0210165
5 0.284312 0.524102 0.0243007 0.0361114 0.014805
5 0.21355 0.461417 0.0274326 0.0361857 0.0140969
5 0.21459 0.460102 0.0351074 0.0439401 0.014051
5 0.303856 0.380536 0.0307978 0.0397129 0.0133502
5 0.213976 0.461001 0.0263112 0.0355668 0.0130867
5 0.213926 0.461141 0.0262806 0.0353287 0.012431
5 0.30294 0.379217 0.0348096 0.0434302 0.0123241
5 0.284733 0.523607 0.0269859 0.0371829 0.011868
5 0.486035 0.533862 0.0985122 0.165267 0.011533
5 0.303479 0.380957 0.0381976 0.0457562 0.0110644
5 0.282893 0.524157 0.0441331 0.0559033 0.0110166
5 0.488582 0.529872 0.0176976 0.025429 0.0102272
