5 0.596931 0.333211 0.0524531 0.0581266 0.460931
5 0.596101 0.332307 0.0499161 0.0573079 0.39791
5 0.595849 0.332451 0.0561044 0.0618996 0.383098
5 0.596335 0.333164 0.0489626 0.0538971 0.370249
5 0.59701 0.332888 0.0485822 0.0555518 0.337979
3 0.478716 0.497186 0.778221 0.912017 0.315219
5 0.596688 0.332559 0.0533718 0.0619359 0.287628
5 0.596587 0.333178 0.046783 0.0510065 0.283152
5 0.596171 0.334249 0.052904 0.0581629 0.266804
3 0.485175 0.498128 0.795667 0.983793 0.260096
5 0.59651 0.334114 0.0471153 0.052334 0.243793
3 0.488478 0.499058 0.768461 0.982429 0.232686
3 0.489051 0.498886 0.806513 0.922034 0.225786
3 0.492276 0.494821 0.816857 0.981976 0.21581
3 0.485854 0.496894 0.742966 0.914781 0.180932
3 0.486947 0.490293 0.811779 0.932099 0.152686
0 0.492788 0.485349 0.81086 0.9276 0.148401
0 0.483039 0.0881388 0.569193 0.142772 0.13661
5 0.551506 0.884595 0.0407604 0.0469208 0.131352
5 0.594988 0.333814 0.0615117 0.0691719 0.121215
0 0.488711 0.0836908 0.569245 0.141201 0.119658
0 0.482228 0.0871152 0.583124 0.143391 0.115761
0 0.483817 0.0843554 0.555615 0.140368 0.113868
0 0.468947 0.0916035 0.545561 0.144998 0.10943
0 0.491487 0.0881523 0.598424 0.145842 0.106186
5 0.725603 0.462316 0.0289228 0.0363816 0.103644
5 0.550924 0.884673 0.0398963 0.0477809 0.102381
5 0.596993 0.332938 0.0524462 0.0608445 0.0945126
0 0.49532 0.402454 0.834665 0.7661 0.0915198
5 0.726594 0.463532 0.0277937 0.0357789 0.0903031
3 0.488903 0.487211 0.783373 0.919545 0.0871253
0 0.841426 0.523091 0.123466 0.623257 0.0859702
5 0.551472 0.883967 0.0396259 0.0482134 0.0849596
5 0.596276 0.333795 0.0431806 0.0467926 0.0841188
5 0.726071 0.46304 0.0270018 0.0355231 0.0758025
0 0.840203 0.544442 0.125793 0.634766 0.0698577
5 0.55211 0.884651 0.0376569 0.0455427 0.0692507
0 0.496671 0.39181 0.815839 0.744292 0.0689796
0 0.841994 0.515165 0.122752 0.65107 0.068722
0 0.506352 0.0913864 0.592251 0.147525 0.0683288
5 0.725979 0.4628 0.0252693 0.0351482 0.0672258
0 0.500032 0.0835689 0.57983 0.142531 0.0663468
5 0.550248 0.884252 0.0446892 0.0526308 0.0660837
5 0.72664 0.463007 0.0288939 0.0387518 0.0657491
5 0.552616 0.884839 0.0346666 0.0424492 0.0633263
5 0.724999 0.462941 0.0357338 0.0419747 0.0576947
0 0.1528 0.562452 0.127894 0.589395 0.0571943
5 0.726649 0.463775 0.0258072 0.0354062 0.0527304
0 0.822632 0.523149 0.155698 0.654804 0.0514609
2 0.552305 0.884749 0.0355584 0.0447868 0.0492691
5 0.552218 0.884154 0.038288 0.0480764 0.0491385
5 0.726336 0.463554 0.023557 0.0329481 0.0488021
5 0.725495 0.462277 0.0352966 0.0443095 0.0484182
0 0.193645 0.764623 0.197854 0.354332 0.0478905
5 0.59447 0.33256 0.0612067 0.0650034 0.0471683
0 0.82077 0.54662 0.159263 0.66004 0.04508
0 0.151306 0.540658 0.126502 0.643092 0.0440735
5 0.726539 0.463521 0.0233429 0.0324513 0.0433925
0 0.824367 0.513788 0.15324 0.683409 0.0412205
5 0.551257 0.884216 0.0473954 0.0558 0.0411089
0 0.196766 0.773197 0.199956 0.352997 0.0409346
0 0.189596 0.757743 0.188789 0.345187 0.0409041
0 0.155585 0.582042 0.130547 0.519882 0.0408357
5 0.552552 0.883958 0.0481318 0.0557665 0.0406927
2 0.552365 0.884823 0.0322452 0.0407952 0.0405806
5 0.551323 0.88434 0.0484759 0.0541165 0.0404741
5 0.725076 0.463285 0.0382755 0.0441768 0.0403222
0 0.841381 0.50367 0.127189 0.652469 0.037753
5 0.724506 0.462543 0.0387348 0.0462317 0.0352609
5 0.726906 0.46382 0.0252569 0.0340582 0.0341546
3 0.513244 0.504726 0.37151 0.427866 0.03347
5 0.593871 0.332943 0.0634633 0.0670221 0.0331973
5 0.553462 0.8842 0.0445964 0.0525173 0.0329522
0 0.190369 0.767478 0.193608 0.348526 0.0326562
2 0.553558 0.884341 0.0384815 0.0471914 0.032292
0 0.173035 0.582813 0.163792 0.657244 0.0318695
0 0.168815 0.564563 0.158031 0.70949 0.028382
5 0.54919 0.884117 0.0509431 0.0550051 0.0280797
5 0.55243 0.884418 0.0343508 0.0422295 0.0271421
0 0.824491 0.500322 0.154821 0.677173 0.026849
0 0.187123 0.743805 0.188086 0.321871 0.0262513
0 0.839001 0.562806 0.130543 0.631782 0.0248207
3 0.495054 0.501401 0.392847 0.430261 0.0241636
5 0.726474 0.463801 0.0327649 0.0393865 0.023725
3 0.493914 0.483044 0.388197 0.44064 0.0235134
0 0.521433 0.095872 0.566138 0.148471 0.0228313
5 0.724811 0.462109 0.0392635 0.0488291 0.0217123
0 0.444846 0.0969643 0.497 0.149863 0.0211156
3 0.516792 0.483774 0.361086 0.4393 0.0208283
3 0.477881 0.517661 0.75936 0.873439 0.0206422
0 0.865688 0.529745 0.124752 0.635566 0.0206025
5 0.59743 0.332459 0.0507212 0.0547924 0.0202789
5 0.726898 0.462696 0.0406501 0.0492182 0.0198242
0 0.869827 0.519265 0.131248 0.660732 0.0190875
0 0.799489 0.528617 0.195489 0.674401 0.0188223
0 0.820076 0.56498 0.163098 0.64946 0.0187833
3 0.540388 0.50649 0.338722 0.42716 0.0185504
0 0.195887 0.582367 0.202453 0.711302 0.0183805
0 0.797514 0.554056 0.197776 0.677524 0.0181906
5 0.549524 0.883475 0.0547554 0.0581685 0.0181724
0 0.191838 0.748286 0.197601 0.346249 0.0174975
5 0.726588 0.463307 0.024977 0.0333053 0.0161425
0 0.196269 0.591206 0.202393 0.664384 0.0160861
0 0.470472 0.0949659 0.599539 0.153105 0.0157469
0 0.508733 0.498488 0.839294 0.973038 0.0149854
3 0.513208 0.538229 0.369565 0.428737 0.0149131
5 0.52641 0.443391 0.032066 0.0296644 0.0146382
0 0.200379 0.777511 0.209673 0.35143 0.0144794
0 0.5146 0.0849563 0.574455 0.143198 0.0142699
5 0.525959 0.443447 0.0348154 0.0343532 0.0141509
5 0.727859 0.46347 0.0377023 0.0470527 0.0140995
0 0.822067 0.494397 0.159714 0.644524 0.0138626
3 0.542993 0.484317 0.329986 0.436766 0.0136169
5 0.526139 0.443823 0.0273598 0.0256838 0.0133298
0 0.801546 0.516446 0.193937 0.700759 0.0124318
0 0.48764 0.098604 0.610701 0.162117 0.0123622
0 0.139548 0.557273 0.105152 0.50174 0.0122723
0 0.475114 0.0959227 0.602077 0.157787 0.012211
0 0.448229 0.0972396 0.59187 0.150358 0.0122077
0 0.210893 0.780505 0.226573 0.36393 0.0121369
0 0.178059 0.590307 0.170742 0.620428 0.0120721
0 0.265167 0.509453 0.338504 0.954954 0.0120625
5 0.0375978 0.681816 0.0520096 0.0469624 0.0115062
0 0.19525 0.563204 0.200802 0.736953 0.0112345
2 0.554056 0.884578 0.0344706 0.0425732 0.0112039
3 0.538395 0.538685 0.343758 0.42272 0.0111379
5 0.0374883 0.681996 0.0543029 0.0493739 0.0109984
0 0.503284 0.101589 0.598174 0.163186 0.0108765
0 0.75896 0.515449 0.310063 0.950263 0.0107505
5 0.0380169 0.682208 0.0513576 0.0477984 0.010682
0 0.839571 0.496105 0.138111 0.630122 0.01059
5 0.361293 0.859312 0.0393667 0.0421912 0.0105086
3 0.321831 0.464265 0.232699 0.411511 0.0104785
0 0.759548 0.51505 0.306746 0.929355 0.0104404
0 0.837269 0.580072 0.140943 0.611737 0.0102878
