5 0.782189 0.747121 0.0770171 0.117733 0.623594
5 0.785088 0.742987 0.0856566 0.120313 0.52219
5 0.78502 0.743306 0.086804 0.118292 0.518605
5 0.782941 0.745069 0.075582 0.115616 0.508435
5 0.782894 0.745758 0.0789653 0.116705 0.504455
5 0.783733 0.743719 0.086777 0.117949 0.482133
5 0.782969 0.746639 0.0736805 0.117545 0.455618
3 0.672279 0.548006 0.518235 0.660332 0.437948
5 0.783823 0.742594 0.0884178 0.121553 0.431443
3 0.670591 0.551905 0.515566 0.668937 0.410531
3 0.671924 0.561038 0.516606 0.694908 0.305644
3 0.671133 0.563195 0.518723 0.69142 0.292612
5 0.781711 0.749852 0.0729565 0.109547 0.273808
3 0.671808 0.572591 0.515062 0.724479 0.229474
3 0.673922 0.515266 0.513714 0.587615 0.208051
3 0.67163 0.573873 0.517432 0.72377 0.206607
3 0.708162 0.542871 0.310847 0.33549 0.204412
3 0.66764 0.559523 0.51064 0.690574 0.203248
3 0.710154 0.53496 0.31028 0.342389 0.199468
3 0.672073 0.524564 0.51954 0.607126 0.193981
5 0.783243 0.743278 0.0740348 0.109059 0.191933
3 0.723719 0.529567 0.310806 0.335029 0.187084
3 0.71967 0.536578 0.308466 0.322135 0.174168
5 0.783758 0.744974 0.0967721 0.126211 0.148157
5 0.784765 0.744591 0.0954816 0.125872 0.146952
3 0.693299 0.542173 0.308042 0.355631 0.134582
3 0.693086 0.556048 0.308799 0.356396 0.134505
3 0.710193 0.524882 0.309902 0.351736 0.112197
3 0.70588 0.570012 0.314803 0.371706 0.108908
5 0.78374 0.745784 0.0972388 0.125446 0.105582
5 0.784824 0.744827 0.0736194 0.113522 0.101833
3 0.726556 0.521071 0.312083 0.349378 0.0996838
5 0.783402 0.749844 0.0721498 0.11025 0.0993567
5 0.782979 0.743764 0.101212 0.12701 0.0845934
3 0.668522 0.547501 0.510822 0.663002 0.077157
3 0.744291 0.52526 0.289033 0.333367 0.0674477
3 0.673857 0.578134 0.516301 0.72919 0.0652749
5 0.786662 0.746285 0.0701896 0.116153 0.0651028
5 0.780052 0.750219 0.0713014 0.105511 0.0583139
5 0.783383 0.743749 0.0761644 0.110034 0.0577248
3 0.66376 0.57192 0.508394 0.711555 0.0575454
3 0.742219 0.534597 0.281566 0.31612 0.0559939
3 0.691392 0.525024 0.310715 0.360008 0.0529648
3 0.692525 0.579915 0.311275 0.382068 0.0520378
1 0.658838 0.882896 0.387134 0.144074 0.0503937
3 0.704388 0.611659 0.318237 0.409789 0.0490585
3 0.673803 0.578066 0.513265 0.727128 0.0481929
5 0.784588 0.744388 0.098795 0.126207 0.0432405
3 0.716507 0.557455 0.312229 0.340308 0.0401089
3 0.671471 0.541046 0.521704 0.667555 0.0399148
5 0.780497 0.748062 0.0756578 0.114071 0.0393342
5 0.784849 0.742378 0.0933852 0.130603 0.0309642
1 0.649832 0.884766 0.362186 0.138738 0.0286731
5 0.783561 0.742386 0.0941372 0.129282 0.0270694
5 0.786844 0.743217 0.0978597 0.127086 0.0242981
1 0.675523 0.882433 0.412772 0.149775 0.0235363
1 0.656985 0.878352 0.386488 0.152884 0.0231799
1 0.676113 0.877962 0.382397 0.154383 0.0226142
3 0.691894 0.607311 0.310287 0.382637 0.0215958
5 0.784384 0.742469 0.0729834 0.108072 0.0203442
3 0.705537 0.626815 0.320002 0.386694 0.0172641
3 0.746997 0.511868 0.296245 0.359899 0.0160984
5 0.780286 0.753186 0.0710488 0.0959178 0.0159827
3 0.667485 0.56588 0.298346 0.369355 0.0154874
1 0.648502 0.878843 0.367662 0.15182 0.0144071
3 0.771855 0.534164 0.261204 0.321478 0.0131354
3 0.669632 0.571144 0.52466 0.705428 0.0130616
3 0.714178 0.617035 0.319358 0.422877 0.012533
3 0.699522 0.563223 0.256029 0.296598 0.0119575
3 0.664806 0.547805 0.307851 0.3712 0.0118664
3 0.669238 0.582375 0.529866 0.733094 0.0118314
5 0.778201 0.754373 0.0684531 0.092111 0.0117845
1 0.492236 0.557008 0.162295 0.611148 0.0110818
3 0.69906 0.552192 0.252881 0.303058 0.0109548
3 0.7125 0.563148 0.254434 0.299489 0.0108189
3 0.772447 0.519361 0.27014 0.343638 0.0105386
3 0.712678 0.572694 0.259469 0.288701 0.0104916
