3 0.442911 0.453815 0.475532 0.605528 0.947741
3 0.441687 0.453878 0.485954 0.607213 0.933139
3 0.440703 0.455515 0.483474 0.603534 0.931413
3 0.442799 0.45238 0.472575 0.607551 0.925375
3 0.440885 0.454214 0.474344 0.60458 0.918492
3 0.445664 0.452822 0.482004 0.608348 0.91759
3 0.441094 0.454628 0.48348 0.610429 0.90795
3 0.438395 0.455567 0.482444 0.603705 0.903302
3 0.440667 0.450935 0.478943 0.6025 0.892173
3 0.43956 0.454929 0.477176 0.612502 0.854619
3 0.438034 0.453506 0.481197 0.616771 0.0385075
3 0.599067 0.459368 0.177101 0.551507 0.0317912
3 0.600434 0.460609 0.170258 0.548238 0.0243373
3 0.599841 0.455516 0.180176 0.560167 0.0177
3 0.579321 0.456289 0.215864 0.579956 0.0139082
3 0.578504 0.452899 0.22202 0.586077 0.0138392
