2 0.704372 0.118838 0.0528325 0.0596974 0.881196
2 0.357362 0.17852 0.0600182 0.0752877 0.850844
2 0.498033 0.656941 0.054184 0.062343 0.84664
2 0.704345 0.118667 0.053636 0.0606927 0.832983
2 0.70433 0.119158 0.0534895 0.0599984 0.825714
2 0.498279 0.656738 0.0555612 0.0639544 0.820041
2 0.553633 0.296343 0.051215 0.0622736 0.819704
2 0.586485 0.438061 0.0509208 0.0645517 0.818002
2 0.704678 0.118505 0.052157 0.0582331 0.813137
2 0.357767 0.17924 0.0588397 0.074976 0.810067
2 0.703856 0.119336 0.0529964 0.0611783 0.796566
2 0.586412 0.437961 0.0493553 0.0627634 0.791451
2 0.553528 0.29602 0.0508175 0.0616208 0.791099
2 0.246861 0.2979 0.0517613 0.0640578 0.78704
2 0.247168 0.297858 0.0497799 0.0634034 0.786599
2 0.585987 0.437428 0.0505833 0.063776 0.775976
2 0.498394 0.657264 0.0548325 0.0621084 0.775151
2 0.357939 0.179334 0.0601608 0.0749409 0.77376
2 0.55301 0.296155 0.0493857 0.0601656 0.769163
2 0.498776 0.657045 0.0556934 0.0633665 0.768625
2 0.358544 0.179198 0.0595491 0.0763123 0.76533
2 0.585986 0.437864 0.0484852 0.0613916 0.764836
2 0.553426 0.296174 0.0524726 0.0649926 0.75764
2 0.454591 0.251318 0.0439206 0.0545881 0.752564
2 0.357901 0.179653 0.0584882 0.0761397 0.751593
2 0.704031 0.119823 0.0546722 0.0617715 0.750448
2 0.247344 0.297801 0.050727 0.0637114 0.748818
2 0.553355 0.296241 0.0504052 0.0604966 0.739498
2 0.618132 0.16469 0.0528578 0.0612402 0.733795
2 0.454501 0.251908 0.0441071 0.0542247 0.73202
2 0.617969 0.164383 0.0528872 0.0608279 0.728876
2 0.358093 0.178908 0.0589453 0.0733745 0.721195
2 0.553894 0.296274 0.0531572 0.0637939 0.720991
2 0.247182 0.297563 0.0510226 0.0647668 0.720619
2 0.586118 0.437532 0.0529627 0.0661057 0.716446
2 0.247275 0.297929 0.0499796 0.0631026 0.703192
2 0.617521 0.164814 0.0518253 0.0596893 0.68873
2 0.553637 0.296221 0.0523882 0.0627935 0.684107
2 0.514508 0.32358 0.0414589 0.052632 0.682047
2 0.699772 0.670052 0.0484207 0.0520715 0.674713
2 0.593812 0.214481 0.0450637 0.049282 0.672889
2 0.617717 0.165134 0.0514444 0.0601405 0.666058
2 0.497752 0.656938 0.0562837 0.064716 0.663125
2 0.454193 0.251851 0.0424208 0.0540204 0.661078
2 0.585627 0.437897 0.0530251 0.0657181 0.652266
2 0.685812 0.457336 0.0536725 0.0683098 0.641589
2 0.699602 0.67028 0.0485197 0.0497181 0.640041
2 0.514531 0.323235 0.0387121 0.0506125 0.63389
2 0.513966 0.324004 0.0414766 0.0519944 0.633825
2 0.357675 0.179584 0.059778 0.0772645 0.633387
2 0.483642 0.71382 0.0493185 0.051981 0.633119
2 0.48418 0.713861 0.0493602 0.0519564 0.629982
2 0.484077 0.713728 0.0470563 0.0493686 0.629874
2 0.498569 0.657903 0.0568527 0.0663866 0.627399
2 0.552008 0.64957 0.0439777 0.0489962 0.619032
2 0.483609 0.713524 0.0497243 0.053871 0.610232
2 0.497706 0.656352 0.0580575 0.0656793 0.609112
2 0.594599 0.214829 0.0489691 0.0489828 0.606394
2 0.242587 0.406529 0.0474509 0.062146 0.60625
2 0.586261 0.4378 0.0538344 0.0661553 0.593815
2 0.247191 0.297879 0.0516819 0.0654132 0.590788
2 0.454008 0.252188 0.0450349 0.0561384 0.588359
2 0.498251 0.656599 0.0543237 0.0621029 0.585565
2 0.61827 0.164455 0.053841 0.0624233 0.583082
2 0.687218 0.456906 0.0555436 0.0692094 0.581433
2 0.552177 0.649842 0.0466822 0.0521194 0.579557
2 0.243267 0.406682 0.0505711 0.0638321 0.578381
2 0.685097 0.457339 0.0540386 0.0678205 0.574934
2 0.618499 0.164711 0.0527864 0.0623345 0.574862
2 0.483712 0.713462 0.0488374 0.0523109 0.573123
2 0.454131 0.252118 0.0447795 0.0557498 0.569696
2 0.593436 0.214155 0.0480137 0.0521062 0.568654
2 0.513914 0.323177 0.0393062 0.0493255 0.566001
2 0.786804 0.494954 0.0409536 0.0517177 0.561154
2 0.551905 0.649855 0.0443916 0.0484492 0.559596
2 0.242486 0.405725 0.0482471 0.0621502 0.555507
2 0.454691 0.251749 0.0426706 0.0531495 0.548667
2 0.24699 0.298443 0.053461 0.0651696 0.548333
2 0.699434 0.669923 0.0512454 0.0546218 0.545841
2 0.55243 0.650561 0.045988 0.0516956 0.537791
2 0.51416 0.323636 0.0432765 0.0532963 0.537505
2 0.686748 0.457235 0.0548543 0.0687153 0.526261
2 0.699727 0.670223 0.0496914 0.0526729 0.524897
2 0.425092 0.313279 0.0382066 0.044254 0.521829
2 0.358149 0.179457 0.055935 0.0729359 0.520769
2 0.514475 0.323913 0.040687 0.0517058 0.520404
2 0.243076 0.405718 0.0505474 0.0628452 0.516804
2 0.514102 0.323477 0.0452667 0.0554856 0.514478
2 0.304137 0.569769 0.052076 0.0688208 0.513859
2 0.699788 0.670158 0.0461423 0.0504668 0.51304
2 0.700193 0.669983 0.0465977 0.0483649 0.509791
2 0.24719 0.298449 0.0468868 0.0621703 0.505332
2 0.484638 0.713669 0.0450381 0.0483684 0.500314
2 0.594753 0.214561 0.0491524 0.0508606 0.499207
2 0.350868 0.599509 0.0442523 0.0517341 0.497123
2 0.303915 0.569786 0.053588 0.0692212 0.490494
2 0.700087 0.670786 0.0499691 0.0532996 0.484428
2 0.499172 0.658001 0.0558363 0.0660376 0.481219
2 0.454043 0.25152 0.0479459 0.0583041 0.474182
2 0.585716 0.596321 0.045255 0.0544989 0.474088
2 0.425172 0.313244 0.0387509 0.0441054 0.468749
2 0.78676 0.495223 0.0405897 0.0504215 0.466098
2 0.48322 0.71368 0.0499171 0.0543946 0.462993
2 0.242306 0.405196 0.0464372 0.0598499 0.462669
2 0.551706 0.649477 0.044792 0.0518419 0.461259
2 0.499747 0.656781 0.0524469 0.0601088 0.459032
2 0.700497 0.670064 0.044527 0.0472073 0.458499
2 0.470791 0.445292 0.0430011 0.0516373 0.457503
2 0.59509 0.215183 0.0496727 0.0483009 0.454788
2 0.585869 0.437418 0.0536087 0.0660385 0.453778
2 0.478442 0.596063 0.0421375 0.0464832 0.451767
2 0.585173 0.596022 0.0421207 0.0504837 0.449993
2 0.786655 0.494697 0.0419839 0.0518709 0.445316
2 0.593206 0.215118 0.0422873 0.0488117 0.444435
2 0.424824 0.313008 0.0418825 0.0473806 0.440199
2 0.680238 0.172564 0.0282456 0.0328414 0.437676
2 0.786484 0.494721 0.0384259 0.0496736 0.431047
2 0.595483 0.215171 0.0513452 0.0512886 0.430202
2 0.478665 0.59638 0.0397411 0.045268 0.429613
2 0.424852 0.313038 0.0381801 0.0438683 0.429458
2 0.637243 0.32693 0.0565264 0.0662795 0.428974
2 0.585373 0.596169 0.0416703 0.0509081 0.424273
2 0.454494 0.251534 0.0485563 0.0570613 0.417878
2 0.638362 0.327114 0.0570855 0.0666261 0.417763
2 0.684382 0.4574 0.0545109 0.0681571 0.416568
2 0.351033 0.598991 0.0408578 0.0478369 0.415768
2 0.637647 0.327282 0.0578555 0.0684465 0.414379
2 0.786647 0.494907 0.0380028 0.049067 0.414115
2 0.68546 0.456862 0.0528394 0.0682845 0.41168
2 0.304028 0.569927 0.0535263 0.0706705 0.405623
2 0.470781 0.445101 0.0438803 0.0515438 0.404709
2 0.403548 0.485333 0.0369308 0.0423853 0.403783
2 0.478667 0.596283 0.0399286 0.0443418 0.402615
2 0.47857 0.595639 0.0421604 0.0467638 0.401636
2 0.618824 0.16466 0.0541688 0.0618578 0.401187
2 0.304286 0.569201 0.0510025 0.0672826 0.400014
2 0.585801 0.43834 0.0480047 0.0616722 0.398389
2 0.425355 0.313205 0.0364171 0.0427072 0.393211
2 0.483721 0.713988 0.0503919 0.0543717 0.389996
2 0.470786 0.445417 0.0411987 0.0486944 0.382156
2 0.638559 0.327191 0.0568551 0.0664568 0.380495
2 0.242087 0.405267 0.044705 0.0576657 0.37683
2 0.703656 0.118646 0.0563143 0.0624321 0.37644
2 0.679693 0.172048 0.028575 0.0326535 0.373772
2 0.594667 0.214829 0.0450986 0.0475153 0.37247
2 0.624059 0.567617 0.0395824 0.0451147 0.371907
2 0.499807 0.65708 0.0530975 0.0621343 0.371734
5 0.27088 0.173629 0.0467192 0.0575297 0.369472
2 0.553087 0.295979 0.0503314 0.0605831 0.366686
2 0.470556 0.445428 0.0479304 0.0553252 0.366545
2 0.585615 0.597034 0.0436076 0.0540253 0.364781
2 0.247047 0.298503 0.0517085 0.0657559 0.363409
2 0.623744 0.567529 0.0398301 0.044995 0.362405
2 0.350795 0.599825 0.043473 0.0505225 0.360988
2 0.617485 0.164737 0.0508371 0.0586516 0.360246
2 0.358327 0.178451 0.0606742 0.0738171 0.359139
2 0.725102 0.441982 0.0462393 0.0548009 0.358738
2 0.617386 0.164472 0.0546431 0.0612457 0.353102
2 0.623993 0.567905 0.0375499 0.0430671 0.350513
2 0.40371 0.485424 0.0395753 0.044875 0.350364
2 0.617459 0.164496 0.0555532 0.062461 0.347846
2 0.514315 0.323359 0.0373744 0.0479138 0.344169
2 0.350381 0.599533 0.0458286 0.0530671 0.343765
2 0.24448 0.407646 0.0537716 0.0674922 0.341743
2 0.55237 0.650502 0.0505644 0.056947 0.339271
2 0.684036 0.457217 0.0521142 0.0687918 0.33715
2 0.30418 0.569293 0.0518236 0.0685005 0.334467
2 0.704207 0.119118 0.0526925 0.0610506 0.332675
2 0.62392 0.567437 0.0352329 0.042156 0.331725
2 0.350475 0.59965 0.0486029 0.0560106 0.331237
2 0.454279 0.251315 0.046731 0.0571608 0.330696
2 0.635776 0.325984 0.0528758 0.063031 0.329389
2 0.623986 0.567091 0.0385491 0.0432763 0.327055
2 0.584923 0.595195 0.0450012 0.0527014 0.326226
2 0.552288 0.650986 0.0502493 0.0561873 0.325657
2 0.470722 0.445479 0.0431982 0.0519267 0.325092
2 0.303671 0.571213 0.0547574 0.0708734 0.324684
2 0.425416 0.313069 0.0377336 0.0435917 0.324345
2 0.704736 0.118958 0.0586688 0.0617866 0.322905
2 0.786359 0.495284 0.0398108 0.0503922 0.321065
2 0.72499 0.441477 0.0462886 0.0567699 0.318705
2 0.478448 0.596505 0.0375868 0.0434691 0.316989
2 0.424563 0.313186 0.0352726 0.0411393 0.316139
2 0.533461 0.594329 0.0384521 0.0437447 0.315916
2 0.479122 0.596157 0.0371757 0.04226 0.314214
2 0.303975 0.570449 0.0547496 0.0699393 0.314015
2 0.40358 0.485239 0.0354664 0.0408477 0.313884
2 0.533241 0.593798 0.0408313 0.0464564 0.31241
2 0.482769 0.713793 0.0526844 0.0580707 0.311246
2 0.552223 0.649682 0.041412 0.0474924 0.3075
2 0.35128 0.599735 0.0437006 0.0516685 0.305183
2 0.724824 0.441986 0.0450034 0.0522668 0.302038
2 0.551756 0.650329 0.0487845 0.0555398 0.300708
2 0.380395 0.68602 0.0383886 0.045122 0.299598
2 0.623747 0.568028 0.0368129 0.0436961 0.299558
2 0.246963 0.299795 0.051512 0.0656365 0.299146
2 0.62376 0.568278 0.0391794 0.0456452 0.299093
2 0.725118 0.441479 0.0460769 0.0544602 0.297797
2 0.533856 0.594289 0.0370265 0.0425403 0.297534
2 0.379774 0.685626 0.0402677 0.047056 0.297146
2 0.724757 0.441504 0.045906 0.0530351 0.296693
2 0.425535 0.313124 0.0332498 0.0405477 0.291691
2 0.303849 0.569116 0.0497222 0.066301 0.291651
2 0.699025 0.670389 0.05061 0.0564575 0.291439
2 0.637344 0.329066 0.0572468 0.0675116 0.291256
2 0.454914 0.252009 0.041227 0.0554439 0.288752
2 0.554481 0.296446 0.0538679 0.0660053 0.287461
5 0.271126 0.174073 0.0496203 0.0595711 0.287015
5 0.270816 0.174142 0.0461589 0.0572241 0.286988
2 0.63768 0.326328 0.0546184 0.0641912 0.286394
2 0.584428 0.596138 0.0394068 0.0491839 0.286371
5 0.271029 0.173948 0.0476037 0.059345 0.279713
2 0.351036 0.598635 0.0403905 0.0463583 0.277698
2 0.470537 0.445473 0.0475785 0.0550494 0.275743
5 0.270501 0.174966 0.0457395 0.0564575 0.271627
2 0.47055 0.445381 0.0391318 0.0475428 0.269827
2 0.498421 0.656398 0.0525402 0.0594047 0.268144
2 0.703639 0.118814 0.0533913 0.0595392 0.265871
2 0.424618 0.313117 0.044571 0.0497048 0.265244
2 0.478678 0.595474 0.0418804 0.0461942 0.264797
2 0.470414 0.44525 0.0412136 0.0495941 0.262689
2 0.679967 0.17216 0.0299578 0.0334565 0.262422
2 0.514534 0.324043 0.0439549 0.0540461 0.26214
5 0.270942 0.173686 0.0470332 0.0585817 0.259419
2 0.477902 0.595901 0.0477189 0.0510836 0.258817
2 0.679933 0.172485 0.027116 0.0326943 0.257643
2 0.55252 0.649559 0.0439673 0.0491409 0.257183
2 0.243023 0.407275 0.0514867 0.0650485 0.255331
2 0.379433 0.685621 0.0407495 0.048702 0.253987
2 0.380127 0.68597 0.0396827 0.0464417 0.253368
2 0.684379 0.459622 0.0530464 0.0680753 0.250957
2 0.470717 0.445879 0.0375593 0.0460332 0.248831
2 0.496782 0.656695 0.057142 0.0661742 0.248505
2 0.379645 0.685197 0.04159 0.0479539 0.245622
2 0.533172 0.594521 0.0374334 0.0438985 0.243677
2 0.403801 0.48579 0.0365883 0.043332 0.242545
2 0.687736 0.456818 0.0556743 0.0708221 0.233506
2 0.635487 0.326052 0.0536274 0.0635307 0.232926
2 0.680087 0.172742 0.0248644 0.0311388 0.232792
5 0.270685 0.173972 0.0535098 0.0609631 0.226402
2 0.585883 0.597083 0.0475522 0.0582239 0.22369
2 0.552589 0.650945 0.048605 0.0537184 0.220902
2 0.244557 0.408207 0.0561026 0.0694124 0.219842
2 0.725214 0.441994 0.0476426 0.0573145 0.216484
2 0.639288 0.329555 0.0529388 0.0617833 0.211703
2 0.78639 0.495161 0.0431358 0.053314 0.209654
2 0.403637 0.485856 0.0375551 0.0450805 0.20586
2 0.379777 0.686051 0.0391848 0.0455413 0.205545
2 0.40914 0.0373536 0.038796 0.0432683 0.204992
2 0.704855 0.117793 0.0492689 0.0565673 0.204859
2 0.592877 0.214074 0.0463935 0.0521217 0.204694
2 0.585383 0.596339 0.0437971 0.0532799 0.204574
2 0.272299 0.418711 0.0338674 0.0449404 0.203784
2 0.379624 0.685694 0.0423259 0.0486436 0.201352
2 0.478304 0.595871 0.047441 0.0516514 0.200165
2 0.725142 0.442203 0.0440318 0.0541918 0.200077
2 0.586698 0.437225 0.0555111 0.0690642 0.198542
2 0.584173 0.594995 0.0439036 0.0522738 0.197238
2 0.403591 0.485504 0.0410473 0.0466032 0.195888
2 0.533571 0.594557 0.0358869 0.0425245 0.194241
2 0.618429 0.164484 0.0528588 0.0598266 0.194169
2 0.623532 0.567378 0.0328423 0.0404958 0.193117
2 0.680053 0.172708 0.0257205 0.0309496 0.192326
2 0.636123 0.326767 0.0594504 0.0678873 0.187127
2 0.552767 0.296112 0.0512886 0.0621389 0.184599
2 0.304029 0.5695 0.0512271 0.0684635 0.183151
2 0.403795 0.485591 0.0337262 0.0412481 0.181311
2 0.425117 0.312415 0.031299 0.0382214 0.180994
2 0.514143 0.321967 0.0373142 0.0472492 0.180265
2 0.639914 0.328214 0.0492313 0.0620374 0.180225
2 0.584818 0.596202 0.0366759 0.0476887 0.179528
2 0.533711 0.594552 0.0366727 0.0439235 0.179161
2 0.584754 0.438587 0.0560363 0.0672426 0.177975
2 0.586079 0.597271 0.0503307 0.0600207 0.177884
2 0.47867 0.596237 0.0333676 0.0399223 0.177697
2 0.532739 0.593933 0.044585 0.0492318 0.177393
2 0.700537 0.669017 0.0409039 0.0422006 0.177323
2 0.485121 0.713646 0.048228 0.051435 0.176104
2 0.699252 0.670797 0.0546619 0.0587987 0.174406
2 0.513492 0.323788 0.0451837 0.0570766 0.174162
2 0.270084 0.175076 0.0429258 0.054084 0.171792
2 0.585558 0.597656 0.048628 0.0585229 0.169551
2 0.594379 0.214128 0.0491464 0.0515175 0.16779
2 0.679953 0.173308 0.0269611 0.0331573 0.167613
2 0.478744 0.596167 0.0469441 0.0505292 0.166273
2 0.78608 0.49446 0.0369981 0.0465176 0.164787
2 0.497343 0.658312 0.0600809 0.067592 0.163519
2 0.68381 0.459581 0.0552932 0.0694365 0.161921
2 0.379514 0.685978 0.0364703 0.0421209 0.159579
2 0.351621 0.598441 0.038293 0.044926 0.158828
2 0.680327 0.173236 0.025903 0.0319713 0.158406
2 0.242899 0.406016 0.0519447 0.0657925 0.157757
2 0.786982 0.495152 0.0454651 0.0562668 0.157618
2 0.45456 0.250716 0.0409751 0.0519419 0.155727
2 0.271674 0.418026 0.0376805 0.0480872 0.155317
2 0.680226 0.172853 0.0310528 0.0357927 0.155201
2 0.617725 0.164425 0.0470599 0.0573863 0.152995
2 0.533561 0.594569 0.0329142 0.0401048 0.152985
2 0.408986 0.0374695 0.0365033 0.0418803 0.152953
2 0.470471 0.446175 0.049513 0.0575484 0.152793
