0 0.569852 0.496294 0.684506 0.92366 0.914823
0 0.571214 0.489238 0.685341 0.90167 0.904217
0 0.566321 0.499384 0.694894 0.935143 0.851706
0 0.570471 0.494074 0.676291 0.921987 0.830821
0 0.570508 0.493401 0.678775 0.896693 0.825791
0 0.56658 0.491637 0.691057 0.89963 0.815365
0 0.565057 0.48928 0.680199 0.915054 0.812848
0 0.566375 0.496031 0.691736 0.931674 0.77084
0 0.573443 0.501466 0.684461 0.867502 0.675115
0 0.568582 0.509845 0.686367 0.861266 0.291801
0 0.564175 0.390045 0.683799 0.738887 0.199247
5 0.401867 0.879303 0.0411937 0.042474 0.049176
5 0.401222 0.878838 0.0442934 0.0458537 0.0467765
5 0.400765 0.878621 0.0458728 0.0473894 0.0457435
5 0.401847 0.879946 0.0454915 0.0465923 0.0400513
5 0.40235 0.879373 0.0382257 0.0408976 0.0358231
5 0.40298 0.879664 0.0394696 0.0412925 0.0349175
5 0.401251 0.879523 0.0481105 0.0483587 0.033654
5 0.402373 0.879249 0.040554 0.0443824 0.0320548
5 0.403847 0.879444 0.037788 0.0398648 0.0295268
5 0.401771 0.879236 0.0471855 0.0487089 0.0261224
0 0.565902 0.400725 0.693634 0.764538 0.0238567
5 0.303626 0.629873 0.0841712 0.182874 0.0222991
5 0.289273 0.595911 0.114564 0.25799 0.0185387
5 0.29302 0.608605 0.107768 0.241212 0.0174281
5 0.402946 0.879944 0.0356256 0.0386292 0.0166973
5 0.402279 0.879704 0.0506575 0.0532243 0.0109552
5 0.403444 0.880031 0.0333748 0.0371622 0.0104788
0 0.385754 0.497229 0.328102 0.94535 0.0101433
