1 0.507332 0.441662 0.550094 0.655265 0.59435
1 0.508662 0.443409 0.554855 0.658793 0.504723
1 0.509941 0.441789 0.553973 0.654709 0.439756
2 0.71917 0.384473 0.0300877 0.0394835 0.433176
1 0.506788 0.443299 0.563658 0.65451 0.411129
2 0.718846 0.384626 0.0286988 0.0379497 0.388159
1 0.50714 0.437381 0.550683 0.649771 0.377275
2 0.690367 0.542227 0.0311643 0.0352694 0.339438
1 0.506675 0.443198 0.561079 0.650251 0.337553
2 0.718561 0.384488 0.0277555 0.0368985 0.334127
2 0.695128 0.321929 0.0629993 0.0530059 0.311272
2 0.71932 0.384299 0.0259422 0.0368831 0.298417
2 0.68966 0.542073 0.0325165 0.0359355 0.263166
2 0.719213 0.385183 0.0242041 0.0347967 0.26117
2 0.719241 0.38487 0.0249897 0.0358514 0.256714
2 0.690551 0.541711 0.0374382 0.0402356 0.243708
2 0.690185 0.5417 0.0363306 0.0395737 0.243414
2 0.694195 0.321306 0.060676 0.0496336 0.231519
2 0.689792 0.542139 0.0318226 0.0361248 0.230588
1 0.505724 0.435553 0.55959 0.648936 0.227781
2 0.689987 0.542005 0.0315068 0.0356005 0.215031
1 0.506078 0.440667 0.546559 0.649898 0.207491
2 0.719445 0.385205 0.0255033 0.0359331 0.201115
2 0.719725 0.384452 0.0266463 0.0367035 0.18722
2 0.694381 0.320551 0.0591232 0.0507199 0.186492
2 0.690246 0.542399 0.0270489 0.0328559 0.173201
2 0.719619 0.385691 0.0260194 0.0361964 0.165368
2 0.694797 0.320368 0.0619791 0.0533939 0.160838
2 0.689394 0.54168 0.0385926 0.0418338 0.158136
2 0.718339 0.38398 0.034735 0.0422603 0.137806
2 0.690004 0.542643 0.0294908 0.0346654 0.137042
2 0.690912 0.541585 0.0306101 0.0355357 0.131844
2 0.694293 0.320775 0.0581926 0.0477227 0.13141
2 0.694689 0.321209 0.0548496 0.0453479 0.130095
2 0.717937 0.384786 0.0345118 0.0433761 0.127879
1 0.504853 0.442498 0.55896 0.645805 0.123758
2 0.719367 0.385314 0.0267318 0.0390769 0.120004
2 0.717971 0.384369 0.0380265 0.0460912 0.110096
2 0.690316 0.542985 0.0335693 0.0383815 0.107685
2 0.69502 0.321591 0.066015 0.0542039 0.102976
2 0.690961 0.54243 0.030699 0.0342614 0.10207
2 0.545627 0.624734 0.0291903 0.0335289 0.0999481
2 0.719693 0.383465 0.0265012 0.0360265 0.0991118
2 0.308764 0.519135 0.0273514 0.0314271 0.0983889
2 0.689235 0.54233 0.0392089 0.0424363 0.0978072
2 0.545802 0.624734 0.0260799 0.0308181 0.088734
5 0.523072 0.538001 0.0359494 0.0403093 0.087232
5 0.4162 0.472462 0.0307885 0.0371032 0.0868066
2 0.307928 0.518798 0.0296612 0.0341108 0.0857353
2 0.308226 0.518994 0.0266691 0.0305395 0.0806755
2 0.718409 0.384131 0.0322076 0.0438549 0.0761532
2 0.545849 0.625063 0.0275387 0.0323763 0.0736403
2 0.30866 0.519203 0.0245287 0.0295446 0.0729009
2 0.694169 0.320846 0.0553906 0.0453511 0.0728548
5 0.416948 0.470334 0.0282025 0.0322735 0.0727326
5 0.52333 0.538 0.0349768 0.0391223 0.0725874
2 0.546086 0.62488 0.027324 0.0322968 0.0710127
2 0.308356 0.518953 0.0261648 0.0308344 0.0703626
2 0.308768 0.518531 0.0321515 0.0355812 0.0685499
1 0.505676 0.444658 0.547457 0.657354 0.0684651
2 0.307965 0.51889 0.0303412 0.0344954 0.0681384
2 0.546017 0.624187 0.0326673 0.0361983 0.0676862
2 0.545596 0.624807 0.026347 0.0307146 0.0673555
2 0.545615 0.624518 0.0329245 0.0359023 0.067194
2 0.308427 0.519236 0.0247898 0.0302769 0.0665637
5 0.417377 0.473675 0.0316449 0.0401895 0.0665531
2 0.691512 0.541184 0.0255281 0.0309163 0.0659615
2 0.307834 0.518993 0.0269253 0.0307975 0.065507
5 0.523333 0.538031 0.03587 0.0399186 0.0639823
5 0.415578 0.474875 0.0398259 0.0527532 0.0618416
2 0.546086 0.625266 0.0234178 0.0294407 0.061275
0 0.701023 0.3476 0.0925858 0.118919 0.0609596
2 0.546066 0.625277 0.0246574 0.0301353 0.0590869
2 0.308902 0.519171 0.0307028 0.0338914 0.0590847
5 0.523082 0.537811 0.0374659 0.0422998 0.0582277
5 0.41608 0.47158 0.0386155 0.0437777 0.0567227
5 0.522816 0.538056 0.0424853 0.0483865 0.0564882
5 0.416703 0.47106 0.0278056 0.0324124 0.0560506
2 0.546598 0.625339 0.0290115 0.0331545 0.0557066
2 0.717562 0.384546 0.0356408 0.0456196 0.0553737
2 0.308291 0.51851 0.0317586 0.0343915 0.0550813
2 0.69388 0.321553 0.0534794 0.0434058 0.0548369
4 0.652308 0.635737 0.0999533 0.123956 0.0546488
1 0.507317 0.438997 0.551219 0.642199 0.0533042
5 0.523643 0.538486 0.0409028 0.0457833 0.0506411
5 0.522257 0.538058 0.0441101 0.0478847 0.0504715
2 0.68973 0.542732 0.0400213 0.0432396 0.0502025
2 0.523514 0.538144 0.0282579 0.0340296 0.0501976
4 0.649463 0.630154 0.109176 0.117951 0.0500669
5 0.416831 0.472546 0.027182 0.0339738 0.0500549
5 0.523576 0.538526 0.0331158 0.0382968 0.0499156
2 0.546268 0.625088 0.0243872 0.0295964 0.0496517
5 0.417667 0.470998 0.025717 0.0317118 0.0491028
5 0.693835 0.320096 0.0581199 0.0477078 0.0488773
2 0.689965 0.542316 0.0404416 0.0446014 0.0472598
0 0.70101 0.349495 0.0988561 0.122833 0.0471373
5 0.417564 0.471696 0.027124 0.0339223 0.0465637
5 0.416956 0.470711 0.0226496 0.0283705 0.0441468
5 0.41551 0.475233 0.0334589 0.0444225 0.040815
2 0.546553 0.625323 0.0296254 0.0341285 0.0401856
2 0.693683 0.319994 0.0595228 0.0510124 0.0399004
5 0.523462 0.53831 0.0316258 0.0368748 0.038947
5 0.521007 0.271676 0.0271448 0.0311915 0.0389453
5 0.522114 0.538408 0.0452467 0.0510415 0.0386829
4 0.656274 0.628138 0.0909087 0.107195 0.0385487
2 0.756077 0.41057 0.0237385 0.0276682 0.0382284
5 0.416907 0.475653 0.0364815 0.0478814 0.0379861
2 0.756092 0.411082 0.0213817 0.0270525 0.0368
2 0.308498 0.519143 0.0332209 0.0364049 0.0348744
2 0.640736 0.661162 0.0216719 0.0224856 0.0343835
2 0.756303 0.41056 0.0227175 0.0275593 0.0333964
2 0.635725 0.634876 0.0198983 0.0208363 0.0333054
1 0.505816 0.305938 0.539668 0.369723 0.0331331
5 0.523345 0.538193 0.0292878 0.0350976 0.0325655
5 0.523354 0.538424 0.0297258 0.0353444 0.0325637
5 0.308705 0.518697 0.0367867 0.0390226 0.0324651
5 0.416159 0.470188 0.0408934 0.0441284 0.0323553
2 0.640369 0.661267 0.0247319 0.0237266 0.0321126
5 0.521382 0.272199 0.0258377 0.0300552 0.0319606
5 0.520745 0.271822 0.0356082 0.0379401 0.0319438
2 0.690141 0.541458 0.0425642 0.0448513 0.0316078
5 0.417029 0.47115 0.0232216 0.0286932 0.0314573
5 0.416224 0.475718 0.0294237 0.0428113 0.0313829
5 0.524692 0.538594 0.0454733 0.050822 0.0307202
5 0.688096 0.541773 0.0463763 0.0481367 0.0296519
2 0.71639 0.381522 0.0496507 0.0604755 0.0293206
4 0.665725 0.609448 0.054283 0.0550235 0.0291865
4 0.655935 0.632784 0.0928839 0.117638 0.0282154
1 0.515731 0.305666 0.550128 0.367555 0.0281038
5 0.52504 0.538178 0.0396305 0.0433114 0.0279437
2 0.639812 0.661528 0.019812 0.0217634 0.0278794
2 0.635946 0.633641 0.0259132 0.0259027 0.0278636
4 0.667017 0.6085 0.0544809 0.0509033 0.0276129
2 0.756124 0.41001 0.0284296 0.0302757 0.0272116
5 0.520658 0.271602 0.0376328 0.0390322 0.0261873
2 0.720794 0.38295 0.0268854 0.0356791 0.0260868
0 0.705189 0.348003 0.102748 0.124319 0.0258997
5 0.662422 0.365577 0.0270222 0.0300512 0.0258211
1 0.501688 0.312059 0.516705 0.388252 0.0256572
2 0.523964 0.538106 0.0280436 0.0337115 0.0250664
2 0.545026 0.625067 0.0372794 0.0414704 0.0244959
5 0.521218 0.272131 0.0247644 0.0293569 0.0244299
2 0.640351 0.661583 0.0209095 0.0227904 0.0239486
2 0.756832 0.411528 0.0237298 0.0303424 0.0239422
2 0.635201 0.634509 0.0222612 0.0230469 0.0233308
4 0.663447 0.618182 0.0633412 0.0777186 0.0232337
5 0.52135 0.272203 0.0238898 0.0290947 0.022672
5 0.662649 0.365762 0.0224236 0.0267896 0.0224845
2 0.696695 0.322395 0.0633995 0.0543086 0.0224694
2 0.719178 0.385522 0.0319746 0.0430933 0.0217462
2 0.693927 0.321185 0.0639271 0.0565968 0.0216963
4 0.666826 0.607991 0.051395 0.0495156 0.0215219
2 0.63566 0.63527 0.0212151 0.0213511 0.0211726
5 0.522144 0.537342 0.0481166 0.0533742 0.0210299
0 0.698117 0.348051 0.0968041 0.120226 0.0207692
2 0.640703 0.66113 0.0238683 0.0236688 0.0207257
2 0.695931 0.321836 0.0617385 0.050345 0.0207146
4 0.633184 0.641089 0.150283 0.14314 0.0205538
2 0.756578 0.410914 0.0214994 0.0271488 0.0205018
2 0.640322 0.661429 0.0193319 0.0214079 0.0201044
5 0.52186 0.272423 0.025928 0.0309398 0.0200243
2 0.756182 0.410226 0.030216 0.0324804 0.0199936
5 0.521904 0.272431 0.0259231 0.030779 0.0199487
0 0.703861 0.349581 0.105894 0.127538 0.0198764
5 0.417192 0.469719 0.0378439 0.0397737 0.0196802
5 0.662452 0.365808 0.0245134 0.0269945 0.0196302
5 0.414868 0.476583 0.0437529 0.0567882 0.0194168
2 0.635657 0.635486 0.0193732 0.0189223 0.01934
0 0.665031 0.612642 0.0624408 0.0632356 0.0192621
2 0.635369 0.635127 0.0179354 0.0184706 0.019128
5 0.521445 0.272007 0.0297572 0.034107 0.0190499
4 0.650174 0.650959 0.116478 0.154678 0.019039
2 0.546423 0.624849 0.0358427 0.0386931 0.0189713
5 0.662318 0.365871 0.0223423 0.0259993 0.0188428
5 0.687894 0.541236 0.0494505 0.050626 0.0187965
5 0.66229 0.365945 0.0248467 0.027443 0.0186079
4 0.667547 0.60819 0.0509675 0.0473418 0.0180598
5 0.662655 0.3663 0.0224766 0.0252202 0.0180152
2 0.545802 0.624314 0.0371899 0.0403445 0.0178158
2 0.755871 0.410298 0.0222497 0.0259531 0.017666
1 0.513934 0.312099 0.510632 0.389277 0.0172394
2 0.656193 0.62737 0.0857951 0.0946744 0.0171723
5 0.520234 0.271936 0.0380642 0.0427936 0.0168631
4 0.645574 0.60613 0.129215 0.171012 0.0166083
2 0.634601 0.634911 0.024479 0.0245947 0.016388
5 0.662824 0.36621 0.0213232 0.0247993 0.0161899
5 0.415513 0.480071 0.0309156 0.0407664 0.0159213
2 0.655045 0.625552 0.0819698 0.0875256 0.015815
2 0.307726 0.518552 0.0369395 0.0401599 0.0158062
5 0.521193 0.272469 0.0210306 0.0272183 0.0152339
5 0.423421 0.4752 0.0522367 0.0580012 0.0151093
2 0.688151 0.543303 0.0473504 0.0508356 0.0151049
2 0.310112 0.518676 0.0308261 0.0336786 0.0149939
2 0.47535 0.609393 0.0303903 0.0292326 0.0149772
4 0.632233 0.625061 0.160056 0.165051 0.0149601
4 0.653794 0.620923 0.101984 0.113448 0.0149251
2 0.756089 0.410826 0.0306125 0.033712 0.0148623
2 0.641047 0.661443 0.0232274 0.0239418 0.0146974
2 0.634586 0.635798 0.0202117 0.0211541 0.0146354
5 0.662022 0.366352 0.0220397 0.0241345 0.0145413
5 0.422637 0.47236 0.0445488 0.0455722 0.0145069
5 0.417828 0.469734 0.0299268 0.0345642 0.0142629
2 0.476546 0.60947 0.0277162 0.0279282 0.0139755
4 0.667943 0.609034 0.0509348 0.0480516 0.0139009
2 0.476267 0.609266 0.0305088 0.0298916 0.0138216
2 0.47632 0.609155 0.0294928 0.0294143 0.0135119
0 0.698947 0.351953 0.106826 0.126861 0.0134656
2 0.637464 0.642342 0.0308804 0.0451291 0.013288
5 0.692416 0.319486 0.0544807 0.0433264 0.0131631
2 0.65546 0.629972 0.0873712 0.0988788 0.0125704
5 0.521431 0.272434 0.0211555 0.02645 0.0125125
2 0.547708 0.624726 0.0299076 0.0347089 0.0121451
4 0.659326 0.626713 0.0758864 0.0933147 0.0120264
5 0.417002 0.478444 0.0372158 0.0478937 0.0119533
2 0.476275 0.609405 0.024918 0.0259735 0.0119487
4 0.631415 0.655637 0.157185 0.166562 0.0117701
5 0.521369 0.272092 0.032604 0.0365768 0.0115913
5 0.662082 0.36618 0.0210423 0.0238903 0.0115137
2 0.641004 0.660798 0.0242593 0.0247971 0.011283
4 0.659696 0.62265 0.0745727 0.0867578 0.0109914
2 0.653897 0.632495 0.0738505 0.0756765 0.0109057
5 0.416391 0.483234 0.0266619 0.0321527 0.0108309
2 0.475959 0.60915 0.0287285 0.0281693 0.0108041
5 0.42544 0.47066 0.0447966 0.0433879 0.0104161
2 0.757409 0.413412 0.0291737 0.037523 0.0102088
2 0.695801 0.325284 0.0702956 0.0669502 0.010086
