0 0.525393 0.506106 0.382705 0.451601 0.687381
0 0.523792 0.505728 0.375525 0.45233 0.673177
0 0.524562 0.506567 0.375627 0.447449 0.667735
0 0.523213 0.502619 0.38231 0.452198 0.660574
0 0.522956 0.503247 0.383915 0.450061 0.633076
0 0.523689 0.50518 0.381699 0.458875 0.526871
5 0.39828 0.448099 0.0363391 0.0409624 0.389278
5 0.398246 0.447317 0.0355027 0.0419109 0.382364
5 0.398725 0.447836 0.0380247 0.0443772 0.338154
5 0.397877 0.448408 0.0360596 0.0417733 0.327818
5 0.397978 0.448077 0.0381071 0.0425409 0.31037
5 0.397666 0.447618 0.0400833 0.0465867 0.286771
5 0.398257 0.448407 0.0323972 0.0400581 0.276427
5 0.398337 0.448139 0.0322123 0.0393324 0.247123
5 0.398267 0.448474 0.0303409 0.0372804 0.232552
5 0.39836 0.448284 0.0309173 0.0373114 0.230865
5 0.396718 0.447661 0.043829 0.0481952 0.22816
0 0.524454 0.512036 0.358452 0.433726 0.2252
0 0.518773 0.512378 0.362694 0.438324 0.220758
5 0.398612 0.448256 0.030451 0.0362799 0.207836
0 0.522904 0.506799 0.382775 0.457827 0.207702
0 0.524786 0.502296 0.403954 0.455421 0.20275
5 0.396461 0.448323 0.04219 0.0485743 0.180837
0 0.527563 0.504566 0.353533 0.427533 0.155241
5 0.424738 0.576671 0.0389418 0.0382305 0.15206
2 0.595455 0.676031 0.0351775 0.0402127 0.152008
5 0.399679 0.448085 0.043237 0.0506028 0.146624
0 0.519329 0.50554 0.363362 0.430726 0.138343
5 0.400655 0.447873 0.0391476 0.0451923 0.133948
5 0.412631 0.398409 0.0327517 0.0337764 0.131901
5 0.399372 0.447708 0.0290585 0.0354697 0.123275
5 0.424042 0.576663 0.0357116 0.0348848 0.120983
5 0.424587 0.577141 0.0316199 0.0323109 0.113825
5 0.424212 0.57738 0.0318137 0.0321643 0.111373
2 0.594911 0.676484 0.034444 0.0377549 0.109719
5 0.424092 0.576818 0.0345676 0.0341226 0.107977
5 0.424973 0.576636 0.0306076 0.0317872 0.107752
2 0.595623 0.675832 0.0361746 0.0426548 0.104153
5 0.422169 0.576652 0.040966 0.0414726 0.102698
5 0.423655 0.577422 0.0369696 0.0380988 0.100563
5 0.41266 0.398325 0.0281428 0.0306574 0.096101
2 0.595192 0.676843 0.0301873 0.036022 0.0960309
5 0.423209 0.577239 0.0346831 0.033812 0.0910041
5 0.424225 0.577206 0.0316118 0.032019 0.0889072
5 0.412386 0.398694 0.0259841 0.0281273 0.0882061
2 0.595522 0.676202 0.0304104 0.0371019 0.08344
5 0.398248 0.448282 0.0485736 0.0549426 0.0827586
5 0.412406 0.39815 0.0297514 0.0316344 0.0816662
2 0.595462 0.676855 0.0306048 0.0354606 0.0786828
5 0.411945 0.397995 0.0313513 0.0334583 0.0771973
5 0.423976 0.577105 0.0326404 0.0328635 0.0762975
5 0.412264 0.3983 0.0271657 0.0290886 0.0736595
2 0.595502 0.677387 0.0320021 0.0358211 0.073005
5 0.412558 0.398806 0.0258911 0.0289612 0.070186
2 0.595293 0.676257 0.0297619 0.0377625 0.0698435
5 0.421746 0.576975 0.0399255 0.041275 0.0657233
5 0.422135 0.574522 0.0486705 0.0507369 0.0649886
5 0.41277 0.398904 0.0255814 0.0289287 0.0613437
2 0.594714 0.677088 0.0365103 0.0397645 0.0605744
2 0.5956 0.676665 0.0303732 0.0355753 0.0592664
2 0.595915 0.677561 0.0337571 0.0360766 0.0577349
0 0.393838 0.500651 0.124537 0.381422 0.055562
5 0.423179 0.577534 0.0391809 0.0407998 0.0553623
0 0.516328 0.510994 0.369066 0.431899 0.0552397
0 0.393362 0.494946 0.123591 0.37543 0.0552056
5 0.414715 0.399006 0.0374259 0.0388586 0.0530152
5 0.660355 0.438698 0.031637 0.0351709 0.0528405
5 0.412287 0.398519 0.0251195 0.027273 0.0500587
0 0.518465 0.501699 0.404049 0.457679 0.0489526
5 0.394979 0.448888 0.0470932 0.0552948 0.0484847
5 0.424252 0.57719 0.0426107 0.0424919 0.0483246
5 0.412388 0.398148 0.0363286 0.037905 0.0475748
5 0.65868 0.438994 0.033758 0.0376403 0.0429894
5 0.594197 0.675921 0.042446 0.0469764 0.0423165
2 0.595603 0.676164 0.0285624 0.0366002 0.0413802
5 0.660941 0.439539 0.0274616 0.0320724 0.0410881
5 0.425353 0.576107 0.0409047 0.0389229 0.040778
5 0.659799 0.440689 0.0323447 0.0345184 0.0395483
5 0.413558 0.398687 0.0410304 0.0400797 0.0391525
5 0.654842 0.548538 0.0345587 0.0301554 0.0374779
5 0.415662 0.399498 0.0445728 0.0443075 0.0370861
5 0.659559 0.440191 0.0282761 0.0314644 0.036968
5 0.657547 0.438524 0.0354524 0.0396684 0.0369046
5 0.65365 0.548073 0.0336583 0.0299239 0.0334463
5 0.400491 0.448296 0.0499706 0.057113 0.0332833
5 0.659506 0.439513 0.0265583 0.0304074 0.0327434
5 0.40005 0.448684 0.0502077 0.0560869 0.0319209
5 0.658439 0.439706 0.0294406 0.0323074 0.0317833
5 0.396776 0.44717 0.0495218 0.0535956 0.0317001
5 0.66024 0.440495 0.0250237 0.029904 0.0309907
5 0.655531 0.548671 0.0323517 0.0290293 0.0309359
5 0.426486 0.574939 0.0395162 0.0378569 0.029629
5 0.593414 0.676899 0.0415489 0.0448861 0.0293244
5 0.657566 0.43997 0.0360846 0.038146 0.0292966
5 0.660074 0.439967 0.024025 0.0289309 0.0292732
5 0.41681 0.395692 0.042352 0.0440045 0.025735
5 0.654735 0.548064 0.032769 0.0299296 0.0243952
5 0.423623 0.574119 0.050824 0.0530251 0.0243514
0 0.406068 0.499404 0.144821 0.390798 0.0242613
5 0.41449 0.397612 0.0378879 0.0388413 0.0239783
5 0.40246 0.445923 0.0378834 0.0442672 0.022401
5 0.653941 0.547827 0.0316078 0.0288421 0.0223991
5 0.41087 0.398345 0.0418116 0.0441962 0.0218277
0 0.393874 0.493994 0.12664 0.381113 0.0207525
5 0.655899 0.548331 0.0327045 0.0296607 0.0201756
5 0.655409 0.54825 0.0345558 0.0299769 0.0200603
5 0.498163 0.594523 0.0399525 0.0348171 0.0197436
5 0.656757 0.439775 0.035546 0.0383535 0.0196262
5 0.425646 0.575027 0.0400097 0.0390087 0.0190973
5 0.661418 0.439789 0.027378 0.0315612 0.0190729
5 0.653523 0.548085 0.0401791 0.0358008 0.0179712
5 0.655868 0.547612 0.0384339 0.0325752 0.0168383
5 0.655287 0.548044 0.0320762 0.0289176 0.0164028
5 0.425093 0.575785 0.0470106 0.0465338 0.0159209
5 0.396204 0.449424 0.0514956 0.0596006 0.0156558
5 0.497932 0.594009 0.0375007 0.0324888 0.0152196
5 0.497299 0.594491 0.0398439 0.0335477 0.0151075
5 0.655021 0.547586 0.0422194 0.0383494 0.0149576
0 0.53258 0.481113 0.348203 0.393342 0.0148913
2 0.499137 0.594592 0.0342321 0.0306144 0.0148809
5 0.657573 0.547682 0.0365313 0.0316394 0.0145712
0 0.412584 0.495993 0.160575 0.393439 0.0144349
0 0.407316 0.543187 0.100433 0.147412 0.0142993
0 0.404465 0.50187 0.139025 0.391147 0.0141911
5 0.497447 0.594188 0.0385557 0.0329285 0.0139734
5 0.653285 0.547675 0.0365085 0.0325829 0.0138757
5 0.496143 0.594248 0.0435448 0.0377482 0.013279
0 0.521949 0.483539 0.362346 0.398631 0.0132731
5 0.660341 0.438289 0.0431486 0.0461413 0.0131801
5 0.655525 0.436715 0.0448572 0.0525438 0.0130314
5 0.596783 0.676274 0.0412576 0.0445878 0.0127013
5 0.499415 0.594914 0.0376555 0.0342761 0.0125961
2 0.596342 0.675827 0.0434143 0.0477532 0.0124434
5 0.65679 0.547329 0.0364077 0.032672 0.0113874
5 0.410454 0.398932 0.041486 0.0443552 0.0113082
0 0.446054 0.502647 0.228293 0.412965 0.0111188
0 0.407107 0.545746 0.102831 0.146579 0.0110762
5 0.498547 0.594619 0.0332471 0.0292489 0.0108257
5 0.656899 0.547938 0.040955 0.0341411 0.0107548
2 0.49825 0.594288 0.0360876 0.030523 0.0107344
0 0.399018 0.545023 0.109557 0.152151 0.0107131
0 0.442547 0.508156 0.216823 0.414237 0.0105628
5 0.409121 0.399447 0.0423531 0.046164 0.0101866
0 0.406781 0.537669 0.106584 0.168764 0.0100223
