0 0.432568 0.477977 0.840478 0.875938 0.409765
0 0.394907 0.47395 0.789814 0.858162 0.407572
0 0.455695 0.483969 0.884827 0.901255 0.399461
0 0.429408 0.479589 0.833429 0.896356 0.353984
0 0.452883 0.482845 0.874464 0.917388 0.352219
3 0.617395 0.492597 0.761329 0.938413 0.347911
3 0.624185 0.485852 0.751074 0.927719 0.321595
0 0.393314 0.470909 0.786627 0.869379 0.303644
0 0.426779 0.485151 0.834373 0.900321 0.301178
3 0.654637 0.492504 0.688663 0.938599 0.27305
0 0.47555 0.482119 0.943036 0.931176 0.271638
3 0.592766 0.489166 0.804224 0.941366 0.264777
2 0.141329 0.689649 0.117342 0.168757 0.235702
2 0.14174 0.691279 0.109766 0.164605 0.22281
0 0.447804 0.485704 0.866523 0.907422 0.194
3 0.692708 0.49095 0.606619 0.940851 0.188861
2 0.140255 0.695751 0.113079 0.16173 0.172658
2 0.140916 0.693277 0.107512 0.163197 0.163171
0 0.387622 0.476797 0.775244 0.877154 0.143059
2 0.138251 0.689382 0.100364 0.173944 0.121747
2 0.140772 0.690913 0.115444 0.16563 0.101948
3 0.659967 0.486292 0.680067 0.925373 0.0974648
3 0.600073 0.487138 0.792256 0.928296 0.0954769
2 0.139739 0.686838 0.102798 0.177707 0.091975
0 0.478634 0.487035 0.946563 0.918006 0.0865514
3 0.623136 0.490034 0.752705 0.932528 0.0752974
3 0.590416 0.488761 0.804591 0.933958 0.0610404
2 0.138602 0.689856 0.100134 0.158662 0.0608205
2 0.137224 0.691785 0.12863 0.168943 0.0444039
2 0.135218 0.711785 0.13413 0.170636 0.0418079
3 0.68831 0.486232 0.617133 0.922209 0.035324
0 0.571013 0.487373 0.839344 0.932132 0.0344058
2 0.135746 0.686404 0.0918446 0.170485 0.033645
2 0.15734 0.525128 0.0269195 0.0402868 0.0325238
3 0.743209 0.489721 0.511868 0.929464 0.0312708
3 0.663318 0.490662 0.670996 0.932796 0.0310151
0 0.57415 0.484951 0.836125 0.942477 0.0289342
2 0.155548 0.517295 0.0341036 0.0584336 0.0282709
2 0.139077 0.682588 0.0991126 0.180996 0.0281135
2 0.143609 0.698139 0.118113 0.159365 0.0269352
2 0.157147 0.521181 0.0306016 0.0498557 0.0268119
2 0.155896 0.519694 0.0341433 0.0551571 0.0268048
2 0.144229 0.685638 0.11928 0.176378 0.0229377
2 0.140277 0.708501 0.116777 0.138718 0.0203611
2 0.687296 0.387002 0.115634 0.221727 0.0190918
2 0.157495 0.525059 0.0309482 0.0467084 0.0164683
5 0.593574 0.61974 0.024608 0.0401154 0.0150528
2 0.157807 0.521979 0.0335006 0.0552073 0.014769
2 0.0498147 0.529239 0.052854 0.110353 0.0143103
2 0.154413 0.513247 0.036022 0.069835 0.0129895
2 0.135449 0.686935 0.0885507 0.136944 0.0119159
2 0.043204 0.537534 0.0749521 0.194911 0.0117384
2 0.15555 0.512319 0.0420087 0.0749347 0.0115668
2 0.1419 0.709118 0.11521 0.137438 0.0112544
2 0.685167 0.387619 0.127184 0.222026 0.01115
0 0.54749 0.487241 0.90502 0.926689 0.0109178
2 0.0532397 0.503522 0.0428141 0.0554918 0.0108821
5 0.594283 0.620428 0.0271012 0.042199 0.0106477
2 0.0438402 0.531188 0.0666352 0.127032 0.010365
2 0.0480813 0.549609 0.055544 0.0670069 0.0101369
