3 0.569616 0.498145 0.705588 0.986064 0.740808
3 0.563737 0.496235 0.716173 0.987896 0.739775
3 0.567526 0.492407 0.712583 0.984815 0.724192
3 0.567185 0.494491 0.715317 0.988058 0.711027
3 0.562754 0.542291 0.721491 0.910538 0.677311
3 0.56638 0.510059 0.716006 0.955821 0.642828
3 0.564341 0.530154 0.722946 0.939692 0.612189
3 0.562517 0.533837 0.720557 0.888264 0.548218
3 0.565542 0.50473 0.716351 0.989143 0.532487
3 0.566735 0.51415 0.71428 0.938352 0.411771
3 0.569748 0.495723 0.694073 0.973985 0.197911
3 0.319332 0.65117 0.230541 0.535083 0.19336
3 0.570873 0.497305 0.699361 0.994509 0.149256
3 0.326628 0.609747 0.252303 0.780505 0.130768
3 0.685242 0.49836 0.473699 0.986321 0.0631555
3 0.313617 0.65621 0.227469 0.648214 0.0422192
3 0.670616 0.497416 0.475716 0.972644 0.0412859
3 0.350167 0.698428 0.2571 0.53172 0.0389437
3 0.324999 0.543688 0.242596 0.901307 0.0192495
5 0.185328 0.132267 0.0231264 0.0312573 0.0148491
3 0.673742 0.501319 0.486175 0.987669 0.0141252
5 0.523459 0.584403 0.016175 0.0286809 0.0126758
3 0.908588 0.492461 0.179501 0.984921 0.0120956
