2 0.599138 0.553347 0.0815541 0.113809 0.812341
2 0.599143 0.553404 0.0809742 0.114837 0.798354
2 0.598035 0.553164 0.0810266 0.115587 0.772891
2 0.598125 0.551174 0.0803694 0.112585 0.763126
2 0.599241 0.551615 0.0822732 0.109321 0.730067
2 0.598222 0.552945 0.0805811 0.116136 0.682722
2 0.597507 0.55125 0.0846312 0.114325 0.679166
2 0.598966 0.553215 0.081852 0.110385 0.629243
2 0.599712 0.554982 0.0778504 0.11769 0.585405
2 0.815499 0.430419 0.0520347 0.0796711 0.547007
2 0.814986 0.430675 0.0564545 0.0802902 0.509512
2 0.814309 0.429604 0.054874 0.0831459 0.496032
2 0.816135 0.434424 0.0524354 0.0716446 0.489099
2 0.0850381 0.587918 0.144731 0.232266 0.461971
2 0.817919 0.434795 0.0479755 0.0734076 0.42131
2 0.818201 0.437939 0.0491687 0.0646207 0.403685
2 0.599081 0.554013 0.0794629 0.116397 0.393326
2 0.814425 0.429369 0.0583985 0.0835139 0.385686
2 0.817038 0.434074 0.0525687 0.0719793 0.371251
2 0.813639 0.424598 0.0532903 0.0733755 0.350596
2 0.815816 0.432259 0.0595569 0.0825119 0.337316
2 0.812956 0.42669 0.0534664 0.0773848 0.318018
2 0.0900737 0.586866 0.152607 0.244059 0.291973
2 0.584621 0.433487 0.0608027 0.0910034 0.264426
2 0.584626 0.433402 0.0639327 0.0957039 0.263456
2 0.0809692 0.603585 0.135079 0.209838 0.261411
2 0.0869362 0.590502 0.145597 0.215557 0.257154
2 0.0827163 0.596305 0.138047 0.220777 0.254641
2 0.814028 0.42869 0.0589116 0.0909724 0.248899
2 0.583645 0.432198 0.0602238 0.0894741 0.243793
2 0.585018 0.4333 0.0630074 0.0931986 0.234631
2 0.600261 0.55482 0.0758822 0.118278 0.233743
2 0.368049 0.378038 0.0283843 0.0352779 0.227847
2 0.368514 0.378544 0.0269264 0.0341544 0.227635
2 0.598683 0.550943 0.087535 0.113681 0.220563
2 0.808716 0.416856 0.0459111 0.0557596 0.220458
2 0.583633 0.434802 0.058409 0.0840055 0.21932
2 0.583992 0.432068 0.0602937 0.0900433 0.210141
2 0.368201 0.377916 0.0271337 0.0356806 0.207306
2 0.588161 0.433764 0.0759577 0.104574 0.207291
2 0.368075 0.378148 0.0263013 0.0333536 0.201237
2 0.818468 0.43575 0.0513599 0.0696637 0.195881
2 0.144045 0.54303 0.140344 0.28492 0.182241
2 0.122993 0.581167 0.205474 0.370795 0.176561
2 0.110959 0.557611 0.202457 0.324373 0.176323
2 0.584305 0.433078 0.0597327 0.0843528 0.17076
2 0.179975 0.787748 0.0957595 0.380215 0.163303
2 0.076388 0.607934 0.12494 0.19673 0.160738
2 0.0954306 0.56072 0.181142 0.318222 0.159784
2 0.0852063 0.595393 0.139757 0.231948 0.155249
2 0.0929938 0.581025 0.154906 0.231131 0.155084
2 0.176606 0.802332 0.0873225 0.338554 0.152371
2 0.265138 0.771543 0.212319 0.362339 0.15232
2 0.0824612 0.562879 0.152773 0.29492 0.147345
2 0.583391 0.434334 0.0594442 0.0887294 0.129407
2 0.248899 0.749566 0.191683 0.327154 0.127934
2 0.266825 0.771603 0.198052 0.339283 0.124059
2 0.953063 0.693607 0.0928835 0.244714 0.117421
2 0.0834464 0.609703 0.139833 0.194617 0.117355
2 0.665469 0.528931 0.0397965 0.0429603 0.115577
2 0.267927 0.771581 0.196738 0.351152 0.112932
2 0.951013 0.689302 0.0979738 0.241372 0.112839
2 0.357122 0.448056 0.0281003 0.0408264 0.108265
2 0.954605 0.701362 0.0893571 0.253238 0.108167
2 0.357011 0.447869 0.0275211 0.0407575 0.106985
2 0.26148 0.757884 0.210302 0.346064 0.103983
2 0.610094 0.910061 0.0288499 0.0401678 0.103835
2 0.269007 0.771965 0.240603 0.373731 0.100802
2 0.279151 0.764121 0.25845 0.374492 0.0980361
2 0.229907 0.714028 0.150006 0.286554 0.0963941
2 0.610312 0.908907 0.0320399 0.0470514 0.0953371
2 0.357012 0.447409 0.0266651 0.0387822 0.0943895
2 0.356752 0.447596 0.0254386 0.0377962 0.0937469
2 0.22756 0.710769 0.137208 0.267042 0.0936966
2 0.0792919 0.564843 0.146553 0.285861 0.0928891
2 0.592973 0.421879 0.0396269 0.0659982 0.0925335
2 0.595578 0.558684 0.0748206 0.103168 0.0900593
2 0.152805 0.550845 0.128042 0.307285 0.0883358
2 0.590141 0.425951 0.0450488 0.0742142 0.0875751
2 0.665035 0.530593 0.0423313 0.0467852 0.0864343
2 0.609698 0.909413 0.0331206 0.0471481 0.0841617
2 0.6657 0.528951 0.0385434 0.0445229 0.082396
2 0.611317 0.908961 0.035195 0.0485004 0.0818135
2 0.276354 0.793164 0.153739 0.315777 0.0803795
2 0.23137 0.718803 0.147863 0.32182 0.0778352
2 0.109328 0.559689 0.211657 0.32328 0.0763529
2 0.228727 0.739589 0.145687 0.303375 0.076326
2 0.256309 0.784234 0.249811 0.393981 0.0761843
2 0.6647 0.530063 0.0417719 0.0485848 0.0750193
2 0.609142 0.908628 0.0366684 0.0517457 0.0717378
2 0.951176 0.693737 0.0930196 0.247912 0.0716878
2 0.160491 0.593866 0.154785 0.396283 0.0661858
2 0.170799 0.789974 0.0826903 0.370615 0.0659835
2 0.311854 0.37827 0.168996 0.209977 0.0659532
2 0.610128 0.910225 0.0350962 0.048671 0.0646109
2 0.596357 0.558261 0.0768547 0.105522 0.0615535
2 0.323401 0.371548 0.168355 0.174783 0.0615464
2 0.611544 0.908805 0.0371178 0.0528798 0.0614422
2 0.664291 0.531449 0.0436449 0.0573387 0.061407
2 0.0329666 0.944947 0.0659332 0.110105 0.0608489
2 0.596687 0.434801 0.0953883 0.110981 0.0606451
2 0.166595 0.643064 0.321703 0.495811 0.0599306
2 0.815248 0.430437 0.0609651 0.0953884 0.0583528
2 0.370701 0.314486 0.222523 0.0722661 0.0583206
2 0.124498 0.556461 0.18434 0.313547 0.057094
2 0.666188 0.527847 0.0416584 0.0507846 0.0565761
2 0.955319 0.719432 0.0893616 0.298155 0.0547574
2 0.170831 0.811575 0.0819927 0.326875 0.0547171
2 0.188866 0.779822 0.115276 0.386117 0.0546679
2 0.66557 0.529628 0.0402929 0.0470299 0.0541049
2 0.0609973 0.623064 0.0940095 0.16323 0.053958
2 0.257614 0.781073 0.249245 0.392936 0.0528364
2 0.949375 0.688129 0.0975867 0.232154 0.0525834
2 0.094616 0.624684 0.189232 0.448308 0.0521653
2 0.816899 0.430696 0.069465 0.0948753 0.0511361
2 0.270874 0.778736 0.265123 0.38136 0.0511358
2 0.313734 0.379851 0.157634 0.186022 0.0505812
2 0.263145 0.716342 0.216547 0.394437 0.0496663
2 0.271991 0.782075 0.189113 0.324924 0.0485548
2 0.609089 0.908481 0.0373252 0.0554984 0.0480001
2 0.243995 0.763307 0.200451 0.354478 0.0473614
2 0.0785989 0.574193 0.144023 0.275655 0.0468927
5 0.274883 0.788659 0.176928 0.311354 0.0452388
2 0.614455 0.435487 0.133587 0.11761 0.0435508
2 0.0645781 0.612401 0.100259 0.187402 0.0403389
2 0.0760856 0.629365 0.12413 0.171447 0.0398871
2 0.610524 0.908769 0.0413573 0.0559682 0.0398824
2 0.954105 0.68298 0.0917906 0.230924 0.039644
2 0.588178 0.434511 0.071322 0.102659 0.0394855
2 0.0766868 0.576961 0.142858 0.253956 0.0394252
2 0.375425 0.313673 0.226618 0.0805077 0.0388723
2 0.167722 0.812954 0.0705488 0.369289 0.0384774
2 0.156817 0.48315 0.121245 0.174513 0.0380024
2 0.0325897 0.945786 0.0651794 0.108428 0.0366345
2 0.0331946 0.947085 0.0663892 0.105829 0.0363815
2 0.0712649 0.631527 0.115291 0.155697 0.0361655
2 0.2739 0.786568 0.16161 0.334878 0.035864
2 0.225114 0.716427 0.130892 0.288639 0.0357077
2 0.666885 0.52763 0.0402272 0.0513507 0.0356779
5 0.267038 0.778415 0.19745 0.326201 0.0355453
2 0.304256 0.381693 0.151821 0.207121 0.0345311
2 0.153443 0.485211 0.124167 0.176254 0.0337797
2 0.953309 0.685203 0.0887008 0.226129 0.0333994
2 0.285225 0.302503 0.0572214 0.0445921 0.0328526
2 0.587684 0.436433 0.0751429 0.109671 0.032677
5 0.114931 0.544371 0.224598 0.362368 0.0323846
2 0.284048 0.307217 0.0553227 0.0478249 0.0305354
2 0.224324 0.702293 0.130481 0.227674 0.0298746
2 0.368314 0.317477 0.195582 0.0665514 0.0290274
2 0.222352 0.739159 0.140081 0.302873 0.0287655
2 0.167597 0.816096 0.0703114 0.329529 0.0279973
2 0.21636 0.587442 0.100735 0.283832 0.0271352
2 0.0343267 0.944858 0.0686534 0.110284 0.0264806
2 0.600681 0.5528 0.083221 0.116615 0.0259986
2 0.059041 0.639338 0.090508 0.129891 0.0256159
5 0.29268 0.703577 0.30332 0.472284 0.0255776
2 0.954311 0.686947 0.0873467 0.227238 0.0255223
2 0.325557 0.378474 0.182284 0.211714 0.0244166
3 0.947827 0.781934 0.104346 0.425443 0.0243984
2 0.23306 0.629926 0.154483 0.499091 0.0242795
2 0.285014 0.304854 0.0541532 0.0439966 0.0229082
2 0.365179 0.378313 0.0420935 0.0501286 0.0225075
2 0.365002 0.318136 0.246654 0.0755297 0.0223775
2 0.146563 0.495618 0.129977 0.191935 0.0221815
4 0.76153 0.894732 0.424728 0.193403 0.0219058
2 0.207837 0.603207 0.119924 0.413804 0.0218823
4 0.740964 0.899145 0.434511 0.185477 0.0217437
2 0.818724 0.44388 0.0544938 0.0733259 0.0214491
2 0.30847 0.301423 0.109285 0.0605176 0.0212926
2 0.158706 0.479251 0.115293 0.164374 0.0210855
2 0.168749 0.778337 0.0835117 0.388803 0.021085
2 0.197849 0.792906 0.132876 0.363448 0.0210213
2 0.0515525 0.638144 0.0743167 0.130722 0.0208567
2 0.276299 0.791553 0.144592 0.31485 0.0202042
2 0.222636 0.70805 0.132181 0.23616 0.0201885
2 0.582439 0.435413 0.0619878 0.0885676 0.0201452
2 0.819904 0.443064 0.0540856 0.0719904 0.0198477
2 0.0318695 0.948483 0.0633535 0.103034 0.0196855
2 0.0981675 0.573972 0.146218 0.212319 0.0194786
2 0.200831 0.77153 0.138672 0.369786 0.0192316
2 0.36558 0.379116 0.0411553 0.0475717 0.0189654
2 0.371324 0.378339 0.0425799 0.042127 0.0186929
2 0.592693 0.42249 0.0534369 0.0697616 0.01868
2 0.152112 0.534748 0.124805 0.28403 0.0184141
2 0.60106 0.551425 0.090078 0.119932 0.0182857
2 0.162759 0.478407 0.111022 0.164702 0.0182488
3 0.962673 0.78122 0.0746545 0.432062 0.018223
2 0.584817 0.428252 0.0546914 0.0804295 0.0180718
2 0.952822 0.761663 0.0933244 0.372935 0.0180438
2 0.784519 0.853613 0.0323058 0.0457298 0.0180371
4 0.791403 0.893485 0.372606 0.1968 0.0179874
2 0.35617 0.450775 0.0357194 0.0546467 0.0177868
5 0.358842 0.446873 0.0397323 0.0499137 0.0176462
2 0.784867 0.853222 0.0322182 0.0473338 0.0174703
5 0.312454 0.697945 0.33034 0.504674 0.0174002
2 0.152353 0.496067 0.126145 0.193234 0.0170132
4 0.721393 0.900028 0.447339 0.184673 0.0168903
2 0.3681 0.382444 0.037396 0.0521477 0.0168585
2 0.368516 0.31334 0.223973 0.0871747 0.0168164
2 0.21817 0.611077 0.101597 0.301036 0.0167804
2 0.37078 0.378633 0.0418088 0.0424201 0.0166887
3 0.959966 0.7816 0.0800691 0.420172 0.0166094
2 0.356526 0.450525 0.0358934 0.0548776 0.0164415
2 0.338206 0.360601 0.168114 0.157536 0.0163641
2 0.0445625 0.65014 0.0586588 0.106687 0.0163224
2 0.592887 0.439151 0.0865322 0.113905 0.015975
2 0.213142 0.631014 0.118935 0.474345 0.015916
2 0.700516 0.426996 0.0205737 0.0319937 0.0158666
2 0.528063 0.339157 0.0290208 0.0351238 0.01564
2 0.581715 0.43552 0.0605464 0.0914854 0.015598
2 0.0447888 0.653746 0.0572862 0.0961068 0.0155817
2 0.346373 0.359466 0.116851 0.0759083 0.0153916
2 0.785311 0.854085 0.0342423 0.0509725 0.0151412
3 0.949868 0.7856 0.100265 0.412388 0.01506
2 0.367328 0.383473 0.0366526 0.0516374 0.014968
2 0.0232585 0.946656 0.0465169 0.106687 0.0149255
2 0.160859 0.534402 0.118088 0.286744 0.0149067
4 0.741232 0.909679 0.452163 0.166897 0.014855
2 0.281794 0.797095 0.13907 0.273672 0.0147116
2 0.172162 0.822623 0.069439 0.312636 0.0143466
2 0.28424 0.307951 0.0581276 0.0478551 0.0142737
2 0.80751 0.425361 0.0600449 0.0834683 0.0142729
2 0.0664192 0.601911 0.102608 0.217806 0.0142357
4 0.764744 0.90963 0.45114 0.166258 0.0140112
2 0.172029 0.812025 0.0682897 0.33518 0.0138119
2 0.286408 0.299099 0.0591144 0.0539149 0.0136286
2 0.273792 0.637704 0.236067 0.518234 0.0132523
4 0.757859 0.876033 0.400908 0.22585 0.0131472
2 0.784797 0.853362 0.0349073 0.0493062 0.0130204
2 0.220909 0.575633 0.10595 0.23092 0.0129223
5 0.299888 0.665693 0.316806 0.534769 0.0129183
2 0.184868 0.566663 0.17272 0.344517 0.0127728
2 0.217166 0.623014 0.10972 0.440465 0.0127668
4 0.782699 0.877412 0.345651 0.222914 0.0126476
2 0.362606 0.319894 0.217234 0.0646911 0.0125541
2 0.0933467 0.593029 0.140613 0.197258 0.0123753
2 0.359521 0.549141 0.0220783 0.0345634 0.0123073
2 0.0508435 0.648291 0.0721988 0.111032 0.0122986
2 0.285568 0.304834 0.05969 0.0478628 0.0121824
2 0.663366 0.527171 0.0453788 0.0575042 0.0119208
4 0.738609 0.877694 0.420152 0.219045 0.0118664
2 0.528185 0.338344 0.0267686 0.0359618 0.011858
2 0.821459 0.78925 0.0259865 0.038559 0.0117706
2 0.0192083 0.950846 0.0384167 0.0983083 0.0117097
2 0.220687 0.6415 0.129128 0.469151 0.0116707
2 0.0982719 0.57914 0.151617 0.240301 0.0116482
2 0.213925 0.550256 0.0972262 0.209447 0.0116408
2 0.29865 0.381485 0.147424 0.212831 0.0115082
4 0.722835 0.910553 0.465042 0.165747 0.011474
2 0.174836 0.817765 0.0864466 0.318782 0.0114692
2 0.2757 0.788894 0.153235 0.332238 0.0113463
2 0.165028 0.808154 0.0686225 0.383692 0.0113174
2 0.391374 0.312474 0.239934 0.0901543 0.0112234
2 0.365052 0.368663 0.0437336 0.0595223 0.0112054
2 0.285934 0.300189 0.0561772 0.0535789 0.0111593
2 0.214242 0.595196 0.0958022 0.323318 0.0110791
5 0.358407 0.4473 0.0401716 0.0489867 0.0110763
2 0.308621 0.384985 0.168048 0.219163 0.0110763
2 0.218593 0.547207 0.100254 0.176922 0.01103
4 0.790531 0.913004 0.401201 0.159356 0.0110229
2 0.0811034 0.63129 0.136623 0.170506 0.0109951
2 0.951169 0.727088 0.0958067 0.37298 0.0105807
2 0.104878 0.557042 0.147836 0.208315 0.0103647
2 0.784224 0.853322 0.0368484 0.0534664 0.0103418
2 0.166837 0.805934 0.0685053 0.388132 0.0102234
2 0.172551 0.667403 0.339582 0.541739 0.0101677
2 0.230005 0.637244 0.143508 0.441523 0.0100899
2 0.172493 0.820561 0.0929359 0.319437 0.0100895
2 0.280876 0.793415 0.149244 0.298059 0.0100816
2 0.276261 0.790076 0.143648 0.305944 0.0100802
