3 0.49296 0.522716 0.846198 0.874691 0.861637
3 0.495614 0.519734 0.84257 0.867103 0.855398
3 0.47112 0.522103 0.80647 0.865966 0.835393
3 0.474042 0.519589 0.808001 0.861877 0.815339
3 0.588781 0.529124 0.670781 0.892768 0.806158
3 0.464098 0.522128 0.7924 0.859329 0.803128
3 0.521926 0.524667 0.802246 0.877403 0.725346
3 0.522764 0.526513 0.797453 0.884445 0.643767
3 0.468179 0.519218 0.799683 0.854605 0.632806
3 0.472483 0.52049 0.799749 0.858595 0.560666
3 0.625183 0.530728 0.599508 0.902175 0.443694
3 0.669076 0.530717 0.504038 0.905042 0.419341
3 0.652661 0.528214 0.533157 0.916591 0.217848
5 0.0103772 0.54886 0.0207545 0.0401231 0.184425
3 0.591977 0.527735 0.665707 0.891633 0.182647
5 0.00978548 0.548961 0.019571 0.0396255 0.159413
3 0.461351 0.518056 0.781952 0.847529 0.107751
5 0.0114549 0.54901 0.0229099 0.0454928 0.0995006
5 0.0111376 0.547184 0.0222752 0.0518661 0.0751011
5 0.0112535 0.548643 0.0225069 0.0455896 0.0713613
5 0.012643 0.547042 0.025286 0.0543193 0.0313481
3 0.598653 0.526275 0.651473 0.900282 0.029372
3 0.648967 0.526384 0.543498 0.908477 0.0228826
5 0.0121325 0.55391 0.024265 0.0638755 0.0187876
3 0.495061 0.524745 0.845013 0.875335 0.0164975
5 0.0138689 0.552386 0.0277378 0.064784 0.0117391
5 0.0245533 0.474886 0.0181838 0.0254684 0.011384
3 0.626288 0.527078 0.598181 0.905672 0.0112586
