3 0.429596 0.541988 0.768722 0.886419 0.659093
3 0.434779 0.541841 0.773071 0.88601 0.648238
3 0.430252 0.542949 0.761297 0.873175 0.64556
3 0.4725 0.542384 0.831166 0.889684 0.555611
3 0.476503 0.539482 0.833403 0.871309 0.551096
3 0.496026 0.540348 0.875919 0.890918 0.541638
3 0.475617 0.540304 0.832686 0.890201 0.523457
3 0.504209 0.535994 0.887798 0.877097 0.516685
3 0.500226 0.536082 0.88012 0.896346 0.500589
3 0.523009 0.527189 0.939943 0.899105 0.428722
2 0.706575 0.248168 0.0784775 0.117728 0.346157
2 0.706115 0.246221 0.0815687 0.114129 0.341466
5 0.23291 0.541763 0.0290394 0.0562569 0.332761
2 0.706214 0.245948 0.0811149 0.114264 0.331768
2 0.703312 0.484348 0.0770806 0.156072 0.320304
2 0.704272 0.483381 0.0663131 0.156265 0.308678
2 0.706455 0.246374 0.0778594 0.114979 0.306772
2 0.707047 0.247193 0.0807019 0.115951 0.306614
5 0.233105 0.541903 0.0308606 0.0558552 0.287192
5 0.233126 0.542783 0.0302026 0.0590024 0.28496
2 0.707184 0.483683 0.0613011 0.153994 0.275573
2 0.706755 0.247507 0.0764321 0.11664 0.250195
5 0.233373 0.541739 0.031243 0.0590083 0.244172
2 0.707038 0.249408 0.0745105 0.117655 0.226459
2 0.706994 0.249375 0.0837757 0.122817 0.225925
2 0.70112 0.483025 0.0857867 0.157954 0.220037
2 0.707667 0.485295 0.0656911 0.153813 0.213733
5 0.233454 0.543128 0.0334581 0.0613671 0.209523
3 0.715086 0.521868 0.562993 0.926654 0.188908
2 0.701177 0.482026 0.0741071 0.159129 0.188586
3 0.699433 0.522011 0.601135 0.924363 0.185249
3 0.736788 0.531399 0.52281 0.937203 0.181988
5 0.234335 0.540888 0.0307343 0.0587738 0.177514
3 0.721034 0.529556 0.547409 0.934901 0.157929
2 0.705301 0.24625 0.0808595 0.112156 0.148471
5 0.282202 0.797712 0.0234834 0.0334117 0.142563
2 0.702255 0.481528 0.0819682 0.159532 0.142268
2 0.836704 0.538891 0.0289656 0.0497643 0.138001
2 0.836477 0.539427 0.0289911 0.0515204 0.136282
2 0.688877 0.479789 0.108647 0.167033 0.131522
5 0.281749 0.797496 0.0234931 0.0322873 0.126149
5 0.314763 0.202906 0.0229792 0.0361138 0.109785
2 0.710067 0.254552 0.0873753 0.137385 0.108341
5 0.356766 0.210382 0.0274712 0.0342707 0.105887
3 0.746255 0.534147 0.497543 0.931705 0.105322
5 0.313826 0.202945 0.0218366 0.0337856 0.103275
2 0.705612 0.484927 0.0936798 0.159031 0.101934
3 0.953205 0.782583 0.09359 0.422826 0.101376
5 0.232529 0.541861 0.0388118 0.0630283 0.0959147
5 0.313774 0.202272 0.0219308 0.0339671 0.0940441
5 0.837304 0.538964 0.0322562 0.0519423 0.0899957
5 0.837746 0.539545 0.0334264 0.0541095 0.0892649
5 0.232266 0.543569 0.0397332 0.0640019 0.0890681
5 0.860986 0.445909 0.0220043 0.0324041 0.0849336
5 0.356136 0.210104 0.0268436 0.0334212 0.0844118
2 0.837225 0.539817 0.0330798 0.0542795 0.083307
3 0.711712 0.530916 0.575823 0.928817 0.0831838
5 0.0867099 0.589686 0.0212584 0.0337917 0.0831202
5 0.861327 0.4461 0.0218522 0.0313806 0.0821799
3 0.178505 0.815938 0.267318 0.365649 0.0817774
5 0.314554 0.202835 0.023666 0.0374362 0.0795341
3 0.953132 0.783554 0.0937353 0.41947 0.0792105
5 0.837887 0.538928 0.0356318 0.0566167 0.073943
5 0.421614 0.931847 0.0281734 0.036468 0.073435
5 0.768917 0.973594 0.0348857 0.0441341 0.0712583
5 0.085954 0.58936 0.0242959 0.0374584 0.0710607
5 0.232348 0.542211 0.038713 0.0647479 0.0706947
3 0.960204 0.782263 0.0795917 0.430016 0.0702477
2 0.990267 0.605713 0.0182633 0.0529496 0.0663074
2 0.663107 0.193433 0.0216113 0.0342694 0.0646401
3 0.692666 0.526794 0.614669 0.926964 0.0634087
2 0.834816 0.539679 0.0349041 0.0557742 0.0594375
2 0.702574 0.483592 0.0833796 0.155155 0.0593323
5 0.769065 0.97378 0.0405075 0.0476842 0.0583432
5 0.767828 0.974876 0.0385366 0.0486573 0.0569021
2 0.70006 0.478678 0.0891523 0.168707 0.0565157
5 0.959806 0.895684 0.0250126 0.0329495 0.0562775
5 0.422013 0.931773 0.0312006 0.0411346 0.054884
2 0.709094 0.487982 0.0842254 0.153667 0.0535842
2 0.421345 0.931565 0.0278096 0.0379383 0.0526455
2 0.989801 0.603309 0.0195336 0.0596348 0.0521521
5 0.959474 0.896434 0.0263037 0.0375764 0.0511114
2 0.835467 0.538902 0.0348623 0.0552056 0.0510615
5 0.355859 0.211019 0.0338825 0.0438026 0.0508315
2 0.702051 0.482953 0.0973882 0.159697 0.0503216
5 0.281217 0.797834 0.0294174 0.0385331 0.0501421
5 0.355402 0.211456 0.0331146 0.0418478 0.0500924
2 0.697569 0.479931 0.0821291 0.166365 0.0469233
2 0.826523 0.467436 0.0240067 0.0343789 0.0462297
2 0.708753 0.247326 0.0833712 0.120387 0.0461191
5 0.769223 0.973472 0.0407552 0.0476423 0.0458867
2 0.706085 0.257399 0.0795311 0.136172 0.045785
2 0.781682 0.168418 0.0223437 0.030787 0.0454814
5 0.768591 0.973965 0.0363541 0.0445567 0.0445464
5 0.958533 0.89578 0.0327043 0.0423428 0.0443129
3 0.96257 0.785866 0.0748603 0.41462 0.0434929
5 0.28127 0.797313 0.0297788 0.039663 0.0428951
2 0.78254 0.168702 0.0245836 0.0321406 0.0426327
5 0.0862628 0.589587 0.0296987 0.0400543 0.0406226
5 0.420719 0.929422 0.0344259 0.0467338 0.0382494
2 0.988344 0.603 0.0233122 0.0683312 0.0377713
5 0.442034 0.146062 0.0232861 0.0348717 0.0374067
2 0.420924 0.932164 0.0308057 0.0398956 0.0371682
5 0.827486 0.467323 0.0281319 0.0412494 0.0366772
5 0.145076 0.636629 0.0192541 0.0266044 0.0366158
5 0.82616 0.467137 0.026195 0.0373852 0.0364282
5 0.827016 0.467406 0.0273608 0.0369827 0.0364054
2 0.662375 0.194447 0.0271281 0.0408153 0.0362507
0 0.952424 0.784599 0.0951524 0.413723 0.0352492
5 0.315383 0.207472 0.0293031 0.0537188 0.035009
2 0.713529 0.256963 0.0981699 0.142286 0.0346177
5 0.353545 0.207606 0.0362181 0.0461099 0.0330377
2 0.802969 0.117812 0.0226167 0.0328431 0.0330262
5 0.835851 0.539451 0.037949 0.0612527 0.0326579
5 0.4217 0.929598 0.0326743 0.0470912 0.0319068
5 0.0839365 0.588673 0.0313949 0.0459805 0.0316403
5 0.355826 0.20855 0.0324994 0.0437104 0.0315293
5 0.314888 0.206348 0.0334636 0.0542474 0.0313743
5 0.441704 0.145284 0.0261654 0.0374386 0.0313488
5 0.959336 0.895271 0.0341395 0.0420845 0.0310331
3 0.762361 0.468323 0.416912 0.467807 0.030805
5 0.767712 0.974847 0.039606 0.0481337 0.0307121
5 0.583218 0.784392 0.023503 0.0319484 0.0304991
5 0.337723 0.204951 0.0695828 0.0551742 0.0295645
5 0.0835415 0.589468 0.0327439 0.0471055 0.0292653
2 0.802859 0.120094 0.0227115 0.0321444 0.0289753
0 0.957885 0.784274 0.0842306 0.415368 0.0284591
2 0.991191 0.374293 0.0176172 0.130027 0.0282771
3 0.946928 0.763693 0.105866 0.462072 0.0273298
3 0.9508 0.760229 0.0984005 0.473689 0.0268061
5 0.352535 0.27565 0.018307 0.026545 0.0267938
5 0.282928 0.79758 0.0305259 0.0401077 0.0265472
3 0.763729 0.424293 0.407768 0.393317 0.0263773
3 0.758436 0.535615 0.478894 0.924245 0.026253
5 0.30967 0.832033 0.0433462 0.0406548 0.0250187
5 0.487478 0.908963 0.0254025 0.0365855 0.0249849
5 0.39752 0.410541 0.0179842 0.0276242 0.0248029
5 0.0860023 0.59118 0.0324968 0.0522975 0.0246774
2 0.990328 0.362373 0.0191031 0.149832 0.0241578
3 0.767986 0.441163 0.354067 0.362371 0.0240911
2 0.664391 0.192155 0.0264624 0.0424005 0.0238529
2 0.98677 0.6038 0.0264599 0.0640488 0.0235258
5 0.235183 0.5416 0.0478492 0.0755845 0.0232802
5 0.313693 0.829988 0.0446826 0.0455049 0.0231955
5 0.144215 0.636875 0.0191972 0.0263977 0.0231722
2 0.991576 0.384117 0.0167293 0.107187 0.0228742
5 0.442466 0.146244 0.0291834 0.0401604 0.0228425
3 0.951786 0.77721 0.0964273 0.410804 0.0226615
2 0.65514 0.466617 0.0181555 0.028185 0.0221189
5 0.585343 0.783994 0.0263895 0.0347708 0.0215643
3 0.780646 0.473818 0.365886 0.448649 0.0214814
5 0.139376 0.710819 0.0201757 0.0287928 0.0214135
5 0.860185 0.446707 0.0291535 0.0358986 0.0211344
3 0.594165 0.58513 0.400835 0.481656 0.020891
5 0.13989 0.710981 0.0176478 0.0275849 0.0207949
5 0.236384 0.541408 0.0493531 0.0783706 0.0206929
5 0.860275 0.446049 0.0281392 0.0358474 0.0204761
5 0.261213 0.567296 0.0191874 0.0265149 0.0202122
5 0.287696 0.417763 0.0176034 0.0256051 0.0198311
5 0.487496 0.909509 0.0271729 0.0371824 0.0195847
5 0.282843 0.798059 0.0318985 0.0384323 0.0194763
5 0.351904 0.274648 0.0240546 0.0315423 0.0194325
5 0.487604 0.908693 0.031739 0.0442059 0.0192034
3 0.741043 0.43923 0.417669 0.483125 0.0190373
2 0.787195 0.13109 0.0369662 0.0382934 0.0189149
2 0.766964 0.0991027 0.0212985 0.0272367 0.0189128
2 0.794611 0.125654 0.0497108 0.054945 0.0188881
3 0.601078 0.58002 0.393787 0.458572 0.0188272
3 0.614368 0.599093 0.426384 0.499886 0.0188039
3 0.741906 0.463039 0.418335 0.518037 0.0186571
2 0.680797 0.477446 0.115303 0.172203 0.0186568
5 0.344818 0.199612 0.0399923 0.045253 0.0184284
3 0.302602 0.517933 0.349086 0.550234 0.018276
5 0.441985 0.145511 0.031494 0.0407497 0.0179585
5 0.397156 0.411016 0.0188429 0.0284382 0.0179462
5 0.143698 0.637599 0.0231398 0.0294273 0.0179417
3 0.975475 0.786434 0.0490505 0.345016 0.0178939
2 0.631362 0.346669 0.0198892 0.0313727 0.0177893
2 0.783773 0.132732 0.0312225 0.0376097 0.0177744
2 0.662842 0.194393 0.0296366 0.0414292 0.0176796
2 0.803739 0.118508 0.0257481 0.038082 0.0176696
3 0.655136 0.528831 0.689492 0.921 0.0175331
3 0.763819 0.485262 0.419588 0.491314 0.0174942
3 0.975477 0.788693 0.0490461 0.386247 0.0174049
5 0.309652 0.834311 0.0401805 0.0370805 0.0173711
2 0.655003 0.466505 0.0205889 0.0316723 0.0172977
5 0.803488 0.118863 0.0284553 0.0383905 0.0171663
5 0.353354 0.275199 0.0225115 0.0289724 0.0171527
5 0.588828 0.783273 0.0306408 0.0374951 0.0171307
2 0.687831 0.310148 0.0305832 0.0345664 0.0168426
5 0.647263 0.799404 0.0176903 0.0272415 0.0167242
2 0.985656 0.329142 0.0283316 0.211218 0.0167154
5 0.585618 0.783281 0.0347223 0.0367757 0.0167094
5 0.959742 0.893807 0.0327342 0.0473783 0.0165073
3 0.297292 0.545866 0.359625 0.569453 0.0162605
2 0.700308 0.247969 0.072195 0.104378 0.0161413
3 0.655705 0.524485 0.688591 0.91687 0.0158219
5 0.487046 0.908859 0.0323661 0.0436804 0.0157889
2 0.694335 0.30574 0.0466905 0.0510617 0.0155715
2 0.835268 0.535847 0.038044 0.065139 0.015485
2 0.689393 0.309789 0.0351647 0.0383196 0.0154706
3 0.76899 0.418073 0.372515 0.321127 0.0154492
5 0.0871635 0.589361 0.0280415 0.0426358 0.0154395
2 0.63061 0.348022 0.0198507 0.0319863 0.015392
5 0.313266 0.828346 0.0480601 0.0485568 0.0152779
5 0.316959 0.825045 0.0428884 0.0565051 0.0152594
5 0.316135 0.828295 0.0391894 0.0432635 0.0152297
5 0.0866079 0.591295 0.0354042 0.0550538 0.0148293
2 0.783941 0.168073 0.0342949 0.0418035 0.0148171
3 0.303953 0.489201 0.34808 0.528371 0.0147965
5 0.419255 0.929538 0.0418166 0.0488307 0.0147337
3 0.61728 0.592018 0.422846 0.473452 0.0147115
5 0.735713 0.575948 0.0187898 0.0254375 0.0146688
2 0.875747 0.397794 0.0174653 0.0272184 0.0145762
2 0.712528 0.250305 0.0896244 0.128573 0.0145527
5 0.958666 0.893614 0.0349671 0.0448326 0.0144519
3 0.288729 0.575497 0.309237 0.548271 0.0142204
5 0.634572 0.776537 0.0171834 0.0264943 0.014183
3 0.290034 0.553154 0.307009 0.523389 0.014133
4 0.171324 0.748548 0.252345 0.502903 0.0138282
2 0.986246 0.604483 0.0275083 0.0660078 0.0138196
2 0.984329 0.603359 0.0313424 0.0742233 0.0137115
2 0.708528 0.487047 0.0581637 0.14693 0.013654
2 0.665103 0.192202 0.0314935 0.0416606 0.0134734
2 0.790073 0.128491 0.0539281 0.0534489 0.0133223
5 0.261065 0.569853 0.0175345 0.0271472 0.0132909
5 0.312472 0.830123 0.0487682 0.0485286 0.0132891
3 0.579548 0.570501 0.370263 0.458395 0.0132794
2 0.691156 0.310588 0.0388146 0.040983 0.0129404
3 0.199533 0.76593 0.314892 0.419917 0.0127471
5 0.582106 0.785542 0.0277008 0.0341725 0.0126943
2 0.702167 0.245497 0.0797455 0.110532 0.0126591
2 0.712202 0.238894 0.0681712 0.0958359 0.012653
4 0.210864 0.816386 0.307082 0.348395 0.0125992
5 0.423169 0.929773 0.040242 0.0482539 0.0125066
5 0.33946 0.206269 0.0644006 0.0623633 0.0124676
2 0.662882 0.195019 0.0324872 0.0481017 0.0123651
3 0.961597 0.781604 0.0768064 0.395984 0.0123408
2 0.78301 0.168717 0.0329125 0.0388627 0.0120944
3 0.309212 0.479864 0.409094 0.591264 0.0119017
5 0.861858 0.445591 0.0314054 0.0404114 0.0117088
3 0.30453 0.495421 0.41602 0.631593 0.0115141
3 0.945254 0.74869 0.109493 0.48654 0.0115072
5 0.288093 0.417175 0.0218783 0.0277976 0.0114517
5 0.284265 0.804291 0.0350425 0.0597803 0.0113226
5 0.842101 0.537137 0.0518176 0.0636477 0.0111216
2 0.992077 0.401565 0.0156957 0.0806298 0.0111188
2 0.984488 0.371606 0.0310249 0.148293 0.0110493
5 0.42289 0.929347 0.0423094 0.0517854 0.0109877
2 0.781767 0.1675 0.0340075 0.0433559 0.0109567
3 0.288465 0.578282 0.375296 0.578299 0.0109283
2 0.781812 0.169437 0.0309051 0.0382966 0.0108913
2 0.655819 0.465799 0.022741 0.0315739 0.0108412
5 0.353483 0.274935 0.0267444 0.0344362 0.0107805
5 0.356768 0.209127 0.0431917 0.0453483 0.0107655
2 0.827467 0.473454 0.0366338 0.0526581 0.01072
2 0.982095 0.31967 0.0358095 0.256973 0.010674
5 0.234674 0.546865 0.0452468 0.0749484 0.0106386
2 0.86205 0.44613 0.03017 0.0407488 0.0104246
5 0.440046 0.146714 0.0326317 0.0411044 0.0103408
