2 0.494755 0.488219 0.128565 0.196899 0.839741
2 0.494704 0.488721 0.128437 0.192415 0.817686
2 0.496224 0.489028 0.127067 0.205697 0.719728
2 0.492373 0.487024 0.124803 0.193393 0.622064
2 0.495756 0.490904 0.127266 0.205927 0.618893
2 0.495808 0.488677 0.128709 0.194732 0.585036
2 0.493773 0.484275 0.136455 0.190335 0.573143
2 0.49232 0.485324 0.139543 0.193457 0.513974
2 0.495716 0.483229 0.13107 0.193124 0.460215
2 0.494711 0.486098 0.131864 0.189117 0.452989
2 0.495058 0.469197 0.129296 0.161882 0.425884
2 0.492241 0.4867 0.120995 0.193186 0.412794
3 0.454214 0.485062 0.823982 0.949599 0.383974
2 0.488207 0.48661 0.11352 0.19222 0.371643
3 0.708955 0.496513 0.467266 0.985421 0.351545
2 0.493479 0.486638 0.138023 0.203298 0.3489
3 0.439645 0.477165 0.805996 0.950659 0.268786
2 0.496939 0.476775 0.126131 0.178066 0.167523
3 0.672084 0.495157 0.543847 0.985721 0.161296
3 0.483831 0.481737 0.871669 0.95754 0.158857
2 0.494804 0.46523 0.127527 0.150528 0.140138
3 0.725492 0.497324 0.439954 0.970737 0.13359
2 0.493216 0.489029 0.143513 0.198758 0.127245
3 0.455451 0.481107 0.831169 0.952421 0.121993
2 0.483798 0.492883 0.10613 0.183093 0.118383
2 0.495522 0.490272 0.13383 0.192013 0.116243
3 0.483883 0.479436 0.872676 0.958871 0.106116
2 0.496054 0.463991 0.127481 0.145766 0.103695
2 0.49145 0.488271 0.130809 0.1933 0.103461
3 0.698382 0.499179 0.489988 0.979995 0.0990347
3 0.471134 0.477032 0.854509 0.954063 0.0951241
2 0.494591 0.490286 0.145071 0.195276 0.0899944
2 0.475303 0.493655 0.0888823 0.18037 0.0661423
2 0.491234 0.490999 0.130531 0.207471 0.0639508
2 0.495917 0.469302 0.130394 0.149714 0.0576053
2 0.49607 0.493961 0.127846 0.186639 0.049079
3 0.506631 0.482986 0.912114 0.965972 0.0463029
2 0.498504 0.491 0.13729 0.20417 0.0437218
3 0.716115 0.498723 0.456923 0.972246 0.0435229
3 0.628761 0.492034 0.635521 0.984068 0.0399002
0 0.502737 0.482808 0.907405 0.965615 0.027092
0 0.489002 0.478058 0.883127 0.956116 0.0268522
2 0.532513 0.324325 0.0716197 0.0986718 0.0256964
3 0.657398 0.495134 0.576917 0.97998 0.0246704
2 0.499445 0.489671 0.134743 0.204972 0.0240501
2 0.533075 0.323203 0.064465 0.0977134 0.0192653
0 0.492148 0.48573 0.879075 0.971461 0.0186079
2 0.496688 0.462177 0.123754 0.139739 0.0183557
2 0.531806 0.327203 0.0721303 0.0955455 0.0178818
2 0.493277 0.498456 0.132149 0.217937 0.0152455
2 0.489139 0.489479 0.134118 0.202593 0.0146772
3 0.621135 0.490284 0.652162 0.979777 0.0145049
2 0.514148 0.317725 0.102825 0.113069 0.0142028
2 0.534251 0.326282 0.0818074 0.105667 0.014037
3 0.761085 0.46934 0.361324 0.558657 0.0138978
3 0.17321 0.503449 0.260903 0.993102 0.0134898
3 0.766162 0.494811 0.336675 0.560564 0.0132153
3 0.761296 0.471908 0.33907 0.513134 0.0120164
3 0.712616 0.493013 0.463798 0.973966 0.0119788
3 0.686256 0.493698 0.517266 0.974573 0.0119273
0 0.495811 0.481625 0.879877 0.96325 0.0116409
2 0.49189 0.492819 0.119957 0.205744 0.0116095
2 0.530707 0.324833 0.0702212 0.097974 0.011569
3 0.768093 0.520235 0.342389 0.603454 0.0111067
3 0.767589 0.49522 0.347385 0.59718 0.0109711
2 0.512626 0.320199 0.108024 0.112161 0.010753
3 0.187697 0.758501 0.308289 0.427227 0.0104183
3 0.747029 0.453224 0.386148 0.490282 0.0100212
