2 0.577451 0.845019 0.0782595 0.126097 0.563093
2 0.295099 0.458521 0.101309 0.0923663 0.561042
4 0.524476 0.516654 0.791151 0.948142 0.557674
2 0.744232 0.234218 0.0865803 0.130281 0.553132
4 0.524762 0.521751 0.791627 0.948428 0.546268
2 0.745191 0.233906 0.0869978 0.129238 0.545532
2 0.296211 0.456671 0.100928 0.0879373 0.54321
2 0.578764 0.849726 0.0816537 0.13172 0.523193
2 0.578123 0.84829 0.0788516 0.13019 0.516736
2 0.577292 0.84335 0.077178 0.125316 0.512094
2 0.577592 0.845833 0.0783877 0.128188 0.503352
2 0.329427 0.671282 0.0651283 0.103433 0.491908
4 0.507319 0.520097 0.749031 0.959806 0.486447
2 0.260451 0.361393 0.119984 0.135454 0.485152
4 0.525591 0.522544 0.791004 0.954911 0.483882
4 0.528869 0.518922 0.792338 0.962156 0.482885
2 0.326705 0.66996 0.0642201 0.103868 0.482191
2 0.410079 0.600142 0.0648355 0.083316 0.480154
2 0.614355 0.450655 0.0884038 0.14821 0.472715
2 0.223718 0.714621 0.0861574 0.133356 0.472284
2 0.296412 0.454106 0.10008 0.0815259 0.469444
2 0.409877 0.600196 0.0645527 0.0842023 0.465541
4 0.524209 0.521921 0.795457 0.956159 0.462454
2 0.55321 0.310826 0.127354 0.149425 0.453842
2 0.576653 0.844159 0.0760148 0.127472 0.452709
2 0.740161 0.233196 0.0930694 0.130496 0.451442
2 0.742819 0.233483 0.080646 0.131569 0.448603
4 0.509728 0.522436 0.759664 0.955128 0.445356
2 0.613683 0.450687 0.0888571 0.148254 0.438737
4 0.511733 0.524309 0.765807 0.946343 0.43792
2 0.737715 0.137014 0.0514321 0.0814434 0.437251
2 0.745313 0.234221 0.0893564 0.133525 0.435032
2 0.747069 0.237246 0.0873365 0.131452 0.425267
2 0.331247 0.668987 0.0749022 0.10771 0.416917
2 0.324092 0.663531 0.056768 0.0869558 0.414499
2 0.742678 0.236981 0.0784177 0.125762 0.41011
2 0.260931 0.359732 0.123937 0.140031 0.409609
2 0.554867 0.312244 0.126573 0.153388 0.39883
2 0.295849 0.458907 0.0990689 0.099139 0.393617
2 0.614159 0.449331 0.0866743 0.145708 0.390478
4 0.525782 0.518616 0.791925 0.962768 0.382921
2 0.225591 0.714149 0.0817301 0.131307 0.37787
2 0.332006 0.668296 0.0792985 0.11087 0.376012
2 0.322875 0.668813 0.0576382 0.106382 0.375185
2 0.612601 0.45232 0.0823882 0.149261 0.374546
2 0.224532 0.712741 0.0846965 0.132055 0.37224
2 0.870235 0.533402 0.0906181 0.17183 0.368966
2 0.258156 0.358872 0.115339 0.139814 0.363671
2 0.258291 0.355283 0.118273 0.150913 0.362687
2 0.40991 0.599626 0.064622 0.0833944 0.360248
4 0.541883 0.519085 0.766108 0.952302 0.354683
2 0.579036 0.845406 0.0856672 0.13166 0.34599
2 0.294735 0.454611 0.0981197 0.0804659 0.342127
2 0.409346 0.600224 0.0639687 0.0820819 0.341615
2 0.554875 0.316434 0.1265 0.15868 0.340833
2 0.330669 0.671726 0.0676981 0.104679 0.337785
2 0.296838 0.463808 0.0973873 0.108311 0.336479
2 0.613063 0.449098 0.0881697 0.145939 0.334836
2 0.737947 0.136424 0.0505791 0.0836872 0.332278
2 0.57737 0.84384 0.078717 0.124162 0.329013
2 0.737536 0.135029 0.0505942 0.079528 0.326181
2 0.614583 0.452315 0.0870416 0.148573 0.324922
2 0.749465 0.234491 0.090301 0.126929 0.322941
2 0.40989 0.599863 0.0668849 0.0844782 0.321942
2 0.407949 0.498488 0.0383686 0.0524004 0.310402
2 0.817465 0.3769 0.0864144 0.272054 0.310248
2 0.55298 0.316279 0.127557 0.156902 0.308083
2 0.738074 0.136825 0.0535869 0.082235 0.301623
2 0.872523 0.522453 0.0899092 0.200498 0.298476
2 0.227167 0.713375 0.084038 0.132567 0.293218
2 0.407333 0.498371 0.0374017 0.0505559 0.283277
2 0.737601 0.13566 0.0518066 0.0810562 0.278962
2 0.410013 0.599796 0.0618282 0.0789136 0.277258
2 0.40819 0.499255 0.0383295 0.05115 0.272076
2 0.687684 0.692655 0.0548739 0.0583038 0.263452
2 0.409729 0.598895 0.0599304 0.0795462 0.260361
2 0.325857 0.669534 0.0625273 0.102908 0.254863
2 0.23244 0.711038 0.0940897 0.136225 0.253502
2 0.744811 0.23718 0.0851005 0.131589 0.253312
2 0.407064 0.50007 0.0386828 0.0519994 0.251914
2 0.737274 0.13671 0.0539213 0.0875703 0.245131
2 0.818136 0.346657 0.0837332 0.212837 0.244056
2 0.612011 0.450455 0.0941999 0.149662 0.242726
2 0.864074 0.541257 0.0775831 0.150312 0.238288
2 0.298294 0.447546 0.0986786 0.0642166 0.238256
2 0.554673 0.309585 0.124951 0.148385 0.237141
2 0.410394 0.599715 0.0657732 0.0831137 0.230638
2 0.579577 0.849203 0.0875048 0.134008 0.226984
2 0.73801 0.133644 0.0490748 0.0775696 0.226336
2 0.320922 0.657435 0.0527039 0.0837329 0.223783
2 0.290308 0.530515 0.0842403 0.195643 0.221623
2 0.85485 0.542006 0.0541716 0.148605 0.216496
2 0.552646 0.308756 0.124544 0.144926 0.216284
2 0.744976 0.235073 0.0745726 0.122892 0.215166
2 0.686231 0.693003 0.0536839 0.0615688 0.213327
2 0.6906 0.692783 0.0490534 0.058302 0.21281
2 0.820508 0.585148 0.0372475 0.0760295 0.205623
2 0.229148 0.710808 0.0946404 0.14019 0.201829
2 0.687432 0.2733 0.193444 0.254479 0.20085
2 0.576333 0.844424 0.0846373 0.128394 0.196904
2 0.687615 0.692183 0.0551252 0.0581814 0.19334
2 0.818783 0.583519 0.0379542 0.0758924 0.192364
2 0.871797 0.539773 0.0843965 0.159529 0.189547
2 0.410052 0.599904 0.0702715 0.0897209 0.18758
2 0.551718 0.308968 0.125718 0.144383 0.183169
2 0.301276 0.447402 0.0911442 0.0614857 0.177551
2 0.819413 0.584915 0.0398047 0.0779329 0.177356
2 0.225358 0.713672 0.0775499 0.130293 0.176145
2 0.290461 0.527421 0.0768129 0.178396 0.173118
2 0.867492 0.537938 0.0910148 0.171093 0.167375
2 0.870939 0.525137 0.0921824 0.206846 0.16579
2 0.333338 0.685483 0.0623827 0.0786722 0.162536
2 0.815928 0.379054 0.0885768 0.280954 0.162426
2 0.334287 0.826193 0.0610842 0.0850166 0.161905
2 0.610281 0.449748 0.0944661 0.146342 0.16154
2 0.333586 0.82739 0.0626597 0.0850707 0.160189
2 0.687565 0.690981 0.0546652 0.0601838 0.158251
2 0.816457 0.351303 0.0844697 0.22176 0.154698
2 0.19923 0.519367 0.0843657 0.153217 0.154586
2 0.657318 0.16437 0.100883 0.0985984 0.154068
2 0.424548 0.763252 0.0598543 0.103048 0.153216
2 0.260495 0.354452 0.120127 0.147639 0.151276
2 0.337817 0.665652 0.0991904 0.117721 0.150295
2 0.197707 0.521696 0.0896627 0.142105 0.149743
2 0.263784 0.349508 0.127929 0.158667 0.149304
2 0.574546 0.841626 0.0710269 0.114136 0.149112
2 0.198784 0.514475 0.0826663 0.16357 0.14905
2 0.737459 0.137691 0.0553565 0.0860998 0.148908
2 0.69018 0.692192 0.0502606 0.0574839 0.146101
2 0.281247 0.457229 0.0747194 0.085542 0.145031
2 0.199921 0.526582 0.0825 0.136934 0.143281
2 0.260771 0.360838 0.113266 0.142707 0.143182
2 0.604573 0.450587 0.0653594 0.147341 0.142728
2 0.425008 0.762966 0.0636038 0.102477 0.141223
2 0.257058 0.36544 0.115307 0.129205 0.13628
2 0.425575 0.73728 0.0766534 0.161819 0.134896
2 0.407983 0.496599 0.0389808 0.0563713 0.134656
2 0.333547 0.816153 0.0492935 0.0618844 0.134284
2 0.579557 0.84537 0.084287 0.134383 0.134017
2 0.218672 0.729378 0.0970172 0.164554 0.133073
2 0.821779 0.583676 0.0362314 0.0756332 0.132476
2 0.873017 0.526895 0.0916834 0.218487 0.129564
2 0.687017 0.690307 0.057721 0.0629642 0.128578
2 0.255851 0.363057 0.113105 0.13485 0.128231
2 0.685436 0.266626 0.190112 0.245024 0.128061
2 0.700121 0.500111 0.155732 0.211055 0.128003
2 0.256562 0.36008 0.115398 0.148691 0.127253
2 0.425072 0.752819 0.0656532 0.127225 0.127027
2 0.701108 0.464085 0.156859 0.264714 0.126615
2 0.198803 0.520379 0.0874033 0.155801 0.123363
2 0.513212 0.859942 0.0422634 0.0814278 0.122632
2 0.747062 0.252886 0.0687953 0.0888017 0.12192
2 0.200242 0.524316 0.0804897 0.14561 0.121695
2 0.814934 0.389913 0.0892332 0.268237 0.121035
2 0.260132 0.359762 0.109346 0.141313 0.118752
2 0.554022 0.33294 0.127524 0.186326 0.118428
2 0.577656 0.848844 0.0767792 0.137682 0.118145
2 0.603976 0.448803 0.0635988 0.145282 0.115098
2 0.700111 0.460937 0.161837 0.263457 0.11422
2 0.334555 0.666506 0.0866785 0.10935 0.113987
2 0.333884 0.69627 0.0611134 0.0560321 0.113197
2 0.838775 0.428316 0.0189631 0.0321603 0.112672
2 0.686124 0.693412 0.0555785 0.0627618 0.112431
2 0.296353 0.5054 0.0927045 0.205749 0.11166
2 0.736493 0.133633 0.0560387 0.0830935 0.111128
2 0.873873 0.542475 0.0881807 0.168316 0.110807
4 0.546036 0.517573 0.75297 0.962542 0.110752
2 0.224715 0.713938 0.0875577 0.134105 0.110327
2 0.371648 0.843964 0.148544 0.137086 0.10954
2 0.33797 0.664493 0.0987435 0.120281 0.108245
2 0.497782 0.110935 0.0360061 0.0386596 0.107597
2 0.294517 0.521759 0.0857432 0.174465 0.106238
2 0.56791 0.617091 0.0677579 0.0768226 0.10616
2 0.816706 0.584213 0.0429053 0.0774288 0.104797
2 0.874941 0.526015 0.0934372 0.218469 0.10427
2 0.333513 0.67373 0.079701 0.10205 0.104066
2 0.285725 0.529754 0.088592 0.20338 0.103783
2 0.513785 0.859322 0.0445595 0.077713 0.103778
2 0.692393 0.920891 0.0910053 0.0754304 0.103086
2 0.257293 0.366956 0.113183 0.126384 0.102505
2 0.83704 0.641142 0.140622 0.198754 0.102013
2 0.198564 0.528497 0.0855059 0.125388 0.100441
2 0.42601 0.762282 0.0578207 0.1044 0.100188
2 0.498441 0.111165 0.0365247 0.0364203 0.100103
2 0.426376 0.762986 0.0554565 0.0974045 0.0997837
2 0.318713 0.65872 0.0491246 0.0907041 0.0992709
2 0.406842 0.496769 0.0386025 0.0551298 0.0985472
2 0.77239 0.847265 0.094014 0.170323 0.0981275
2 0.690985 0.278817 0.19168 0.287485 0.0975263
2 0.819403 0.339184 0.0797764 0.195184 0.0968782
2 0.691026 0.266851 0.180202 0.261122 0.095846
2 0.294866 0.506563 0.0933335 0.197656 0.0954614
2 0.6979 0.510075 0.154088 0.19187 0.0952006
2 0.841185 0.643778 0.134917 0.170565 0.0943318
2 0.551635 0.336909 0.129941 0.196297 0.0942649
2 0.513855 0.859307 0.0441464 0.0784781 0.0937335
2 0.23555 0.709057 0.106526 0.143125 0.0931234
2 0.223391 0.718202 0.0855682 0.121514 0.0930924
2 0.7366 0.133033 0.0525933 0.0802168 0.0930448
2 0.55176 0.313588 0.12589 0.145539 0.0927121
2 0.729678 0.236165 0.109761 0.13121 0.091884
2 0.817074 0.338539 0.0823376 0.195245 0.0917799
2 0.568829 0.619275 0.0661943 0.084171 0.0916916
2 0.569265 0.610448 0.0618705 0.0622852 0.0890127
2 0.200044 0.527502 0.0947616 0.143872 0.0877224
2 0.511818 0.857792 0.0383417 0.0756652 0.087445
2 0.699184 0.48929 0.156715 0.180385 0.0863953
2 0.576654 0.843896 0.0747572 0.126019 0.0863172
2 0.738098 0.133702 0.0507959 0.0812952 0.0859877
2 0.815528 0.33051 0.0789283 0.175141 0.085918
2 0.684075 0.638708 0.0862589 0.0533412 0.0853643
2 0.36874 0.186803 0.0850869 0.0715734 0.0848235
2 0.769811 0.846882 0.0895535 0.154524 0.084048
2 0.371725 0.848462 0.145339 0.137353 0.0831254
2 0.523935 0.866888 0.0773257 0.101204 0.0828467
2 0.844059 0.649152 0.128476 0.154387 0.0820587
2 0.711284 0.381314 0.0531422 0.0537972 0.0820467
2 0.845202 0.645915 0.12275 0.189849 0.0816906
2 0.373081 0.843953 0.145323 0.12658 0.0816269
2 0.813863 0.372988 0.0767779 0.249396 0.0811657
2 0.658387 0.163635 0.102003 0.0987777 0.0810758
2 0.274688 0.452829 0.0575833 0.073646 0.0810447
2 0.737495 0.138092 0.0574949 0.0886254 0.0802085
2 0.817204 0.393886 0.0947245 0.283092 0.0794298
2 0.218967 0.597387 0.0450257 0.0783456 0.0792883
2 0.298341 0.451632 0.10083 0.0785581 0.0791205
2 0.341385 0.81479 0.033013 0.0596851 0.0783228
2 0.704607 0.456882 0.164564 0.232428 0.0781965
2 0.568246 0.612617 0.0621047 0.0683696 0.0779541
2 0.684769 0.285417 0.199665 0.292173 0.0779136
2 0.534475 0.285131 0.167801 0.200435 0.0774574
2 0.427454 0.765002 0.0551377 0.0920996 0.0766312
2 0.604616 0.450873 0.0669249 0.144802 0.0762141
2 0.37227 0.841579 0.146283 0.136015 0.0759005
2 0.737376 0.132146 0.0477828 0.0777539 0.0744808
2 0.803867 0.572915 0.023363 0.0546382 0.0744284
2 0.409124 0.601714 0.0666474 0.0831731 0.0740882
2 0.196134 0.514898 0.0896192 0.166599 0.0738868
2 0.409431 0.602432 0.0689089 0.0873661 0.0737687
2 0.854102 0.538571 0.0569406 0.143313 0.0736238
2 0.711192 0.38076 0.0525689 0.0537768 0.0731219
2 0.659003 0.171604 0.105527 0.118984 0.0722643
2 0.332249 0.81955 0.0549897 0.0685153 0.0717371
2 0.688631 0.63746 0.104891 0.0583084 0.0714763
2 0.372262 0.183815 0.0805007 0.0681469 0.070618
2 0.69208 0.923095 0.0903013 0.0745686 0.0703263
2 0.815921 0.333606 0.0839008 0.185293 0.0697166
2 0.497817 0.112752 0.0388864 0.0397819 0.0691453
2 0.692505 0.922194 0.0924538 0.0739449 0.0690785
2 0.544884 0.306673 0.152374 0.165124 0.0685826
2 0.220541 0.597636 0.0479766 0.0806437 0.0674869
2 0.200238 0.530612 0.0801529 0.121222 0.0673805
2 0.513009 0.858065 0.0405693 0.0744653 0.0673289
2 0.194122 0.511862 0.0902762 0.171456 0.0670054
2 0.427338 0.761581 0.0540314 0.101222 0.0664406
2 0.750881 0.202738 0.0863058 0.0600635 0.0663992
2 0.819884 0.584859 0.0370973 0.0766492 0.0657656
2 0.861453 0.540025 0.0642982 0.14484 0.0653576
2 0.198715 0.509337 0.0813697 0.175849 0.0648874
2 0.634665 0.233975 0.0622786 0.130695 0.0646859
2 0.823873 0.58614 0.04413 0.0808692 0.0643246
2 0.683543 0.694036 0.0539059 0.0625119 0.0642042
2 0.497639 0.113196 0.038474 0.0386917 0.0641392
2 0.371975 0.844196 0.142652 0.136705 0.0641078
2 0.655866 0.155682 0.0944435 0.0738514 0.0638874
2 0.743859 0.330932 0.0674896 0.120375 0.0629572
2 0.409534 0.604142 0.0644842 0.0880423 0.0629266
2 0.2155 0.596888 0.0530387 0.0839965 0.0626696
2 0.692852 0.516534 0.14137 0.212319 0.0625563
2 0.552212 0.308392 0.120263 0.144152 0.0622633
2 0.631544 0.228087 0.0800086 0.122533 0.0617229
2 0.663204 0.642532 0.0419676 0.0453114 0.0617187
2 0.821775 0.584923 0.0418397 0.0772941 0.0614657
2 0.838592 0.428394 0.0182546 0.0327235 0.061256
2 0.600712 0.452328 0.0578991 0.145791 0.0608968
2 0.289836 0.528462 0.0731094 0.166108 0.0607937
2 0.697851 0.508202 0.153836 0.154213 0.0605986
2 0.41013 0.601933 0.0665821 0.0878571 0.060583
2 0.581291 0.759797 0.0561411 0.0534261 0.0604778
2 0.647826 0.236755 0.0918298 0.142518 0.0594858
2 0.741708 0.326867 0.069599 0.127352 0.059255
2 0.708208 0.919288 0.124849 0.077131 0.0585895
2 0.218291 0.598466 0.0462822 0.0796422 0.0582895
2 0.803684 0.440281 0.0550127 0.10811 0.0581186
2 0.6784 0.231755 0.096067 0.0486951 0.058109
2 0.771398 0.847623 0.0606718 0.154744 0.057755
2 0.574741 0.822268 0.0641866 0.0744107 0.0574957
2 0.424317 0.746081 0.0659499 0.14552 0.0570045
2 0.369007 0.187014 0.0858847 0.0773378 0.0568954
2 0.515355 0.861737 0.0543538 0.0871929 0.0568011
2 0.746227 0.416282 0.0483076 0.129767 0.0565489
2 0.670762 0.232379 0.104691 0.042852 0.0565463
2 0.704846 0.233549 0.167496 0.128842 0.0563304
2 0.710707 0.382639 0.0587484 0.0568735 0.0562172
2 0.612626 0.449731 0.0861937 0.148674 0.055815
2 0.373103 0.184972 0.0812097 0.0727556 0.0553431
2 0.639072 0.23144 0.082314 0.136455 0.0550449
2 0.200648 0.517509 0.0782042 0.156245 0.0547865
2 0.688706 0.690523 0.0552483 0.0598963 0.0538997
2 0.62842 0.225747 0.108499 0.128949 0.0538867
