1 0.497924 0.495396 0.728716 0.99073 0.411118
1 0.509735 0.502688 0.699442 0.991739 0.407822
1 0.497765 0.505478 0.724392 0.989044 0.371402
1 0.499215 0.497552 0.725861 0.992347 0.369122
1 0.497002 0.503178 0.733114 0.993644 0.362463
5 0.736599 0.414779 0.0658251 0.0513809 0.315163
5 0.735987 0.415113 0.0658359 0.047428 0.300152
1 0.4986 0.508095 0.724966 0.98381 0.295069
5 0.736275 0.415693 0.0675753 0.049655 0.289467
3 0.500128 0.498275 0.729275 0.988916 0.283986
1 0.499219 0.5 0.730596 1 0.276928
1 0.498769 0.500361 0.72602 0.999278 0.27068
1 0.499689 0.5 0.72447 1 0.268071
5 0.736978 0.414414 0.067529 0.0481785 0.268027
5 0.734515 0.418125 0.0634033 0.0533497 0.257746
5 0.734819 0.417361 0.0678048 0.0579886 0.249268
5 0.736687 0.415542 0.064195 0.0542179 0.24897
5 0.737041 0.416581 0.0646898 0.0514158 0.229324
5 0.736708 0.416489 0.0653918 0.0514246 0.222122
5 0.739387 0.414828 0.0641913 0.0515639 0.215545
5 0.73651 0.414136 0.0737354 0.050817 0.198997
5 0.73368 0.416371 0.062927 0.057064 0.189818
5 0.621198 0.652773 0.0321576 0.0442327 0.133032
5 0.621286 0.653069 0.0294962 0.0387951 0.132474
5 0.621424 0.652836 0.0279634 0.0371923 0.124812
5 0.621334 0.652777 0.0306015 0.0401347 0.1247
5 0.621023 0.651221 0.0385111 0.0518855 0.073489
5 0.622186 0.650754 0.0349549 0.0491614 0.0730362
5 0.735072 0.419379 0.0744578 0.0658481 0.0719079
5 0.743539 0.413877 0.0667447 0.0559902 0.0659343
5 0.622716 0.651895 0.04033 0.0510716 0.0610562
5 0.734613 0.41835 0.0776988 0.0723086 0.060413
5 0.737436 0.418119 0.0772353 0.0690556 0.0563001
5 0.62294 0.650876 0.0389395 0.0505939 0.0536158
5 0.741289 0.412847 0.077416 0.062388 0.0512434
5 0.748824 0.41456 0.0562489 0.0558418 0.0505568
3 0.811395 0.18822 0.376631 0.376441 0.0464487
5 0.731382 0.416527 0.0741892 0.0694878 0.0436195
5 0.623378 0.65041 0.0434068 0.056025 0.0431621
3 0.807229 0.148001 0.378834 0.296003 0.0392278
3 0.812555 0.185936 0.37483 0.371872 0.0381815
3 0.29224 0.514957 0.315005 0.970085 0.0374327
5 0.730343 0.419245 0.0709927 0.0615068 0.0365281
5 0.621089 0.656392 0.0402027 0.0571757 0.03639
3 0.261027 0.515837 0.262022 0.968326 0.03438
5 0.322059 0.283918 0.0243219 0.0309598 0.0311959
3 0.809295 0.252972 0.381367 0.505944 0.0305883
3 0.787201 0.125646 0.381694 0.251291 0.0273175
3 0.800627 0.169972 0.385851 0.339944 0.0258033
5 0.619906 0.656223 0.0419965 0.0599896 0.025649
3 0.801177 0.243419 0.388216 0.486838 0.0227945
5 0.618117 0.653647 0.050457 0.0574026 0.0193465
5 0.322839 0.283774 0.0296816 0.0378659 0.0183261
5 0.324225 0.28484 0.036113 0.0423052 0.0180297
3 0.807785 0.149338 0.378977 0.298677 0.0179393
5 0.324633 0.286304 0.0399483 0.0417498 0.0177662
3 0.29115 0.512756 0.312367 0.973081 0.0173479
5 0.61787 0.653621 0.0508128 0.0618231 0.0167406
5 0.32227 0.284492 0.0343717 0.0422531 0.0153764
3 0.810531 0.249394 0.378938 0.498788 0.0153177
5 0.737275 0.41599 0.0862213 0.0750465 0.0145923
3 0.79895 0.305572 0.381782 0.611143 0.0134278
5 0.622506 0.654108 0.0516013 0.0681556 0.0125572
5 0.325489 0.286562 0.0415597 0.0456019 0.0125293
3 0.811727 0.179182 0.376546 0.358365 0.0113373
5 0.324609 0.285158 0.0369316 0.0470804 0.0110965
