3 0.501498 0.499378 0.26603 0.31274 0.698044
3 0.500215 0.499163 0.266581 0.31446 0.675574
3 0.500001 0.499968 0.268069 0.309005 0.670216
3 0.501643 0.500469 0.263486 0.315597 0.66805
3 0.499473 0.498561 0.266058 0.308964 0.647798
3 0.50086 0.501723 0.265523 0.313426 0.609556
3 0.500391 0.497564 0.265784 0.313298 0.600214
3 0.499023 0.496207 0.265471 0.305297 0.532736
3 0.498587 0.496904 0.27025 0.305727 0.507702
3 0.500102 0.498875 0.266559 0.309774 0.460032
5 0.091705 0.306758 0.0300951 0.0366071 0.115063
5 0.0912398 0.306566 0.0271501 0.0342313 0.111043
5 0.0908512 0.306778 0.0299399 0.0364296 0.0966239
5 0.0907528 0.306601 0.0285923 0.0361042 0.094462
5 0.779941 0.829571 0.0746587 0.0918997 0.0907982
5 0.778939 0.824881 0.0705858 0.0783014 0.0715926
3 0.503592 0.479402 0.226762 0.204871 0.069072
5 0.69083 0.882153 0.0856022 0.178888 0.0680838
5 0.68959 0.874409 0.0867852 0.193373 0.0646862
5 0.67469 0.875089 0.0563086 0.190902 0.0637916
0 0.708717 0.837134 0.335602 0.30386 0.0611555
5 0.779811 0.829181 0.0742324 0.0942345 0.0510312
5 0.78015 0.827148 0.0729233 0.0862065 0.0486497
5 0.676526 0.882521 0.0580463 0.176712 0.0485467
0 0.714013 0.837663 0.356886 0.298 0.0479689
5 0.780669 0.834293 0.0762512 0.105215 0.0478443
5 0.779697 0.823544 0.069051 0.0761094 0.0434426
3 0.500948 0.44971 0.230095 0.167457 0.0430846
5 0.683718 0.875111 0.117373 0.196717 0.0425615
5 0.776546 0.824262 0.0668864 0.0781943 0.0415893
5 0.676326 0.877751 0.0584241 0.209518 0.0415016
5 0.775122 0.824668 0.0619125 0.0681767 0.034631
5 0.0908126 0.305434 0.0347683 0.0440614 0.0340489
5 0.781347 0.838412 0.079261 0.118946 0.0326731
5 0.08917 0.306918 0.0407584 0.0436769 0.0324104
5 0.0897084 0.305536 0.035466 0.043209 0.0304582
5 0.685232 0.877244 0.115748 0.211487 0.0301854
0 0.718207 0.837337 0.365827 0.297346 0.0299381
5 0.673392 0.879038 0.0492844 0.205234 0.0298888
5 0.68936 0.882289 0.105618 0.179946 0.0295285
0 0.707887 0.837301 0.325761 0.301623 0.0278502
5 0.0887923 0.307416 0.0426871 0.0458623 0.0277799
0 0.710439 0.836187 0.329947 0.314897 0.0265094
3 0.491878 0.487607 0.221927 0.178716 0.0242918
5 0.774579 0.825288 0.0641186 0.067955 0.0242401
5 0.0931322 0.306301 0.0445746 0.0477168 0.0225557
3 0.519186 0.470114 0.216336 0.222671 0.0212483
5 0.093033 0.306288 0.043927 0.0446725 0.0207949
3 0.502823 0.510465 0.22875 0.276158 0.0186653
5 0.726658 0.868446 0.0377083 0.0526422 0.0158009
3 0.494768 0.453745 0.235681 0.164471 0.0155352
5 0.712805 0.867877 0.0674148 0.0629157 0.014399
5 0.725886 0.869208 0.0413192 0.0575091 0.0142423
5 0.686229 0.877414 0.123135 0.194528 0.0141133
1 0.499248 0.577273 0.260373 0.163646 0.0135397
5 0.0913199 0.312105 0.0382711 0.0530364 0.0135258
5 0.091154 0.311683 0.0388114 0.0527226 0.0133495
5 0.80047 0.904703 0.0606414 0.128953 0.0132919
5 0.510865 0.510251 0.0140325 0.0188296 0.012893
5 0.776104 0.822085 0.0611271 0.0695358 0.0125439
5 0.726253 0.867175 0.0429371 0.0598201 0.012249
3 0.500084 0.432411 0.238203 0.166707 0.0119739
5 0.725237 0.868228 0.0399208 0.0549499 0.011169
5 0.689244 0.888294 0.0753416 0.165105 0.0110572
3 0.516475 0.44994 0.217497 0.16681 0.0108108
5 0.790991 0.903993 0.0680773 0.126545 0.0107638
5 0.513478 0.51116 0.0159953 0.0193324 0.0107126
3 0.464155 0.48725 0.179394 0.205394 0.0106136
