3 0.555765 0.48157 0.494234 0.703249 0.637904
3 0.556371 0.476773 0.48956 0.71018 0.561485
3 0.557043 0.480157 0.491024 0.705562 0.560219
3 0.557985 0.470267 0.490689 0.717273 0.404061
3 0.550503 0.485436 0.47478 0.702859 0.365344
3 0.555806 0.477287 0.489429 0.706489 0.282868
5 0.40857 0.171854 0.0220539 0.0314088 0.0477956
5 0.40821 0.17299 0.0238768 0.0337097 0.0420225
3 0.556584 0.471239 0.488114 0.718334 0.0310483
5 0.410668 0.17367 0.0381756 0.0513225 0.0251634
5 0.409518 0.174809 0.0347289 0.0478537 0.0246891
5 0.409837 0.170516 0.029315 0.0399452 0.0182331
5 0.425578 0.183563 0.0865303 0.0817261 0.013421
3 0.561344 0.484563 0.499327 0.705993 0.0132323
5 0.426176 0.181503 0.0725487 0.0710345 0.0132047
5 0.408189 0.170934 0.031612 0.042569 0.012593
3 0.502591 0.254426 0.300198 0.185791 0.0123425
