2 0.374997 0.686849 0.0422704 0.0650789 0.426822
2 0.617124 0.291455 0.10866 0.0772202 0.349627
2 0.375418 0.684898 0.0441971 0.0688771 0.34433
2 0.375344 0.686037 0.0447183 0.0686327 0.344328
2 0.616853 0.295633 0.106924 0.0655282 0.34238
2 0.617439 0.29789 0.108183 0.0661249 0.331328
2 0.375254 0.686597 0.0424972 0.0650943 0.331288
2 0.373661 0.68508 0.0452132 0.0731237 0.325676
2 0.374754 0.685365 0.0430457 0.0710273 0.309316
2 0.615762 0.296845 0.106537 0.0619017 0.308851
2 0.617947 0.296296 0.10322 0.0628127 0.297074
2 0.375774 0.684805 0.0432979 0.068758 0.273677
2 0.616381 0.292806 0.109642 0.0732469 0.269721
2 0.376201 0.684418 0.0475171 0.073679 0.260643
3 0.45249 0.500273 0.808743 0.965922 0.24266
2 0.375127 0.684957 0.043736 0.0700359 0.239008
2 0.616253 0.298246 0.105091 0.0610656 0.234629
2 0.617777 0.298359 0.104597 0.0666586 0.212271
2 0.61648 0.29216 0.105124 0.0720907 0.208032
3 0.484089 0.494861 0.854212 0.97849 0.157899
2 0.718443 0.450136 0.023839 0.0358302 0.140102
5 0.416638 0.335573 0.0223951 0.0312338 0.135447
2 0.718523 0.450993 0.0205749 0.0328896 0.134818
2 0.611554 0.59312 0.0270813 0.0409268 0.130472
3 0.489667 0.476265 0.857214 0.944362 0.120463
2 0.610918 0.591661 0.0256327 0.042921 0.116727
2 0.611138 0.592343 0.0331633 0.0442511 0.0999833
5 0.129217 0.272688 0.0201476 0.0311077 0.0894762
5 0.128966 0.272602 0.0208047 0.0320872 0.0881027
2 0.620399 0.298019 0.101043 0.0542795 0.0880115
2 0.566611 0.592494 0.0240394 0.031935 0.0832866
5 0.447531 0.164449 0.0280392 0.0364177 0.0819264
2 0.378282 0.678503 0.0517898 0.0810234 0.0800075
2 0.660857 0.438738 0.0189221 0.0323124 0.0780357
5 0.416459 0.337245 0.0277155 0.0375747 0.075106
5 0.332623 0.399461 0.0199596 0.0332594 0.0734123
3 0.512443 0.5 0.899734 1 0.070149
5 0.417263 0.336596 0.0283784 0.037226 0.0696622
2 0.617645 0.606476 0.0256427 0.037538 0.0670893
5 0.129456 0.272622 0.0240442 0.0355015 0.0664668
2 0.381466 0.676015 0.0578566 0.0829039 0.0651327
3 0.517651 0.479048 0.901104 0.958095 0.0651233
2 0.613861 0.600101 0.0322462 0.0491544 0.0649095
2 0.668369 0.60874 0.0266131 0.0416145 0.0641068
5 0.129594 0.272426 0.022749 0.0331399 0.0634775
5 0.448224 0.16404 0.0295553 0.038024 0.0594868
2 0.447715 0.165004 0.0292319 0.0396043 0.059329
2 0.668278 0.6086 0.0276108 0.0402964 0.0590826
2 0.566857 0.591966 0.0266515 0.0363841 0.0584566
2 0.447994 0.164472 0.0299018 0.0391931 0.0575784
2 0.615622 0.598665 0.0338289 0.0509368 0.0566373
2 0.378371 0.680949 0.0681053 0.0924628 0.0547885
2 0.612452 0.29951 0.102011 0.0463051 0.0518664
2 0.667596 0.608069 0.0276988 0.045359 0.0511818
2 0.609898 0.591538 0.0319964 0.0470844 0.0483227
5 0.417044 0.337367 0.0305327 0.0396644 0.0464989
5 0.64807 0.300921 0.0473492 0.0468522 0.0454596
2 0.619491 0.297289 0.103682 0.058263 0.0451123
2 0.375946 0.68549 0.0480281 0.0797333 0.0440849
5 0.374773 0.679226 0.0536175 0.0843201 0.0418894
2 0.668267 0.609398 0.0291135 0.0455318 0.0403774
3 0.481243 0.504255 0.865283 0.991491 0.0399266
2 0.556432 0.383379 0.0226242 0.0387224 0.0386438
2 0.721678 0.45042 0.0294947 0.0385713 0.0381926
5 0.235054 0.138205 0.0168329 0.0275335 0.0381696
2 0.620377 0.299372 0.100883 0.0611558 0.038123
2 0.721767 0.450874 0.0301442 0.0356135 0.0360257
2 0.612777 0.597567 0.0333019 0.0579719 0.0357065
3 0.357064 0.385165 0.344225 0.535832 0.0341058
5 0.333527 0.39813 0.023873 0.0389283 0.0338145
2 0.567142 0.592992 0.0268107 0.0338762 0.033626
2 0.737337 0.450029 0.0200285 0.0295849 0.0327521
5 0.64829 0.299408 0.050598 0.0495701 0.0319285
2 0.559402 0.38129 0.0272434 0.0436524 0.0319235
2 0.639847 0.299893 0.0618498 0.0463802 0.0316832
3 0.450741 0.505074 0.817657 0.981476 0.0308893
2 0.394643 0.67773 0.100561 0.0967113 0.0305438
3 0.498611 0.357303 0.869082 0.69142 0.0281476
5 0.0919162 0.648379 0.0265199 0.0393197 0.0281079
3 0.327931 0.350021 0.32027 0.443128 0.0278795
2 0.605958 0.295586 0.0861664 0.0507482 0.0276551
3 0.35203 0.402356 0.341091 0.549717 0.0272306
5 0.0919796 0.649014 0.0337775 0.0457836 0.0269463
3 0.376242 0.406751 0.355451 0.562415 0.0265102
3 0.380328 0.396691 0.364193 0.56414 0.0262945
2 0.660755 0.439852 0.0248433 0.0349989 0.0258595
2 0.659678 0.440176 0.0247214 0.038805 0.0250986
2 0.612964 0.596795 0.0391314 0.0555615 0.0243659
5 0.235734 0.136643 0.01998 0.0304815 0.0237967
5 0.415299 0.336782 0.034043 0.041239 0.0235815
5 0.210993 0.136914 0.0182238 0.0270448 0.0234145
2 0.638716 0.300247 0.0668764 0.0475618 0.023414
5 0.375433 0.685617 0.0563626 0.0881215 0.0232324
3 0.362247 0.357839 0.334946 0.476484 0.0228733
3 0.525558 0.422801 0.911065 0.819857 0.0227008
5 0.33249 0.398983 0.0269806 0.0407663 0.0226884
2 0.377329 0.6837 0.0526873 0.0850094 0.0224949
5 0.416043 0.334269 0.0308328 0.0443617 0.0222874
2 0.614049 0.298169 0.110189 0.0616616 0.0222858
5 0.0925064 0.647443 0.0316254 0.0461146 0.0222365
2 0.378384 0.680198 0.0672695 0.0916054 0.0220473
2 0.736306 0.450119 0.0239477 0.033799 0.0216419
5 0.208509 0.137086 0.0188816 0.0257647 0.0214032
5 0.0920972 0.648457 0.0280817 0.0399333 0.0207549
3 0.507603 0.502083 0.902779 0.995834 0.0198347
3 0.36847 0.309925 0.341587 0.387187 0.0197974
5 0.0916087 0.648773 0.0352149 0.0479469 0.0197126
2 0.566417 0.592624 0.0298513 0.0388947 0.0196243
3 0.33264 0.335489 0.302107 0.415331 0.019464
3 0.323592 0.373052 0.329145 0.477076 0.0187226
3 0.389204 0.335901 0.379162 0.443592 0.0184877
3 0.385693 0.37034 0.361153 0.503664 0.018484
2 0.555202 0.384275 0.027384 0.0402772 0.0184672
2 0.585833 0.299849 0.0453315 0.0343703 0.0171202
2 0.666198 0.613272 0.0400776 0.0549753 0.0168345
2 0.602278 0.290073 0.149501 0.0996746 0.0166527
3 0.389842 0.408993 0.382047 0.567052 0.0164682
2 0.719339 0.453913 0.0317497 0.0475417 0.0163849
2 0.561422 0.37968 0.0304867 0.0467516 0.015956
5 0.415171 0.338824 0.0352436 0.0489219 0.015852
2 0.448925 0.173157 0.0379119 0.0655868 0.0157085
2 0.449866 0.175125 0.0350107 0.0647612 0.0156446
2 0.309146 0.496696 0.0181003 0.0267688 0.0151682
5 0.0914765 0.647166 0.0336636 0.045926 0.0151393
5 0.649539 0.300542 0.0473739 0.0573375 0.0151269
3 0.392132 0.40244 0.398009 0.573984 0.0149366
3 0.28874 0.3365 0.32641 0.388868 0.0147359
2 0.378695 0.414121 0.0175479 0.0283962 0.0145123
2 0.716914 0.450522 0.031499 0.0426317 0.0143249
5 0.37252 0.681896 0.0616175 0.0906049 0.0142371
5 0.415173 0.350397 0.0300182 0.050827 0.0142324
3 0.341838 0.286592 0.311542 0.316115 0.0140247
5 0.235044 0.136174 0.0217278 0.0355108 0.0140053
2 0.662323 0.437473 0.025792 0.0409004 0.0139072
5 0.236479 0.135803 0.0242211 0.0363419 0.0138911
3 0.378673 0.247767 0.426576 0.27351 0.0129062
2 0.596114 0.281247 0.157974 0.113206 0.0127503
2 0.666522 0.606276 0.0330108 0.0657528 0.0125277
5 0.332659 0.398613 0.0289503 0.0434304 0.0124317
2 0.666045 0.615242 0.036663 0.0527971 0.0123654
5 0.0952337 0.646845 0.0404238 0.0498505 0.0120647
3 0.500413 0.491393 0.888928 0.98038 0.0119211
5 0.129956 0.276467 0.0313567 0.0531283 0.0118891
2 0.716592 0.449356 0.0324287 0.0439254 0.0118137
2 0.447661 0.897259 0.029443 0.0409937 0.0118028
3 0.387029 0.351394 0.452825 0.468765 0.0117107
5 0.1298 0.275933 0.0311126 0.0521474 0.0116831
5 0.0953135 0.650619 0.0453826 0.0603389 0.0115463
3 0.368274 0.239799 0.373305 0.249456 0.0115432
3 0.393668 0.377295 0.406842 0.511681 0.0114725
2 0.66471 0.609477 0.0373463 0.0588042 0.0113433
3 0.282962 0.3514 0.352825 0.410232 0.0113222
5 0.330729 0.399709 0.0306195 0.0502762 0.0112591
2 0.447905 0.896682 0.0296623 0.0401218 0.011098
2 0.660133 0.440125 0.0265229 0.0422615 0.0109795
2 0.315634 0.287615 0.0235425 0.0311117 0.0107819
5 0.642545 0.300223 0.0581724 0.0562721 0.0106724
5 0.417264 0.334722 0.0351499 0.0492512 0.010592
3 0.297548 0.327196 0.309881 0.369958 0.0105829
5 0.213276 0.134401 0.0226001 0.0344107 0.0103623
5 0.373554 0.684698 0.065057 0.0888725 0.0102351
2 0.556168 0.383347 0.0356154 0.046909 0.0101891
5 0.371328 0.680692 0.0607796 0.0861824 0.0101081
2 0.560281 0.381222 0.0333615 0.0461423 0.0100677
