2 0.341016 0.222981 0.0743993 0.186699 0.661139
2 0.31158 0.594603 0.141904 0.140569 0.649274
2 0.529657 0.460212 0.105374 0.151343 0.642171
2 0.585059 0.618275 0.126124 0.191613 0.57318
2 0.677009 0.2883 0.0498074 0.145713 0.5191
2 0.420153 0.370859 0.115393 0.19039 0.464153
1 0.934524 0.0794977 0.128566 0.149766 0.460278
2 0.523222 0.0892374 0.129637 0.10909 0.317969
1 0.960268 0.761652 0.0756896 0.116812 0.275368
0 0.500548 0.515077 0.679171 0.960974 0.199141
2 0.766369 0.41761 0.0946752 0.05913 0.159773
5 0.862747 0.740498 0.0254525 0.0408239 0.153575
5 0.925104 0.662546 0.0323229 0.0480272 0.119984
2 0.579946 0.717305 0.136276 0.0449026 0.110125
1 0.787294 0.0350014 0.0911845 0.0700028 0.0950786
3 0.444163 0.209069 0.224023 0.239785 0.0909502
2 0.281626 0.454429 0.151643 0.181692 0.0687246
2 0.547738 0.718781 0.0672229 0.0360023 0.0585981
5 0.96064 0.760282 0.078494 0.123343 0.0491686
5 0.800382 0.140482 0.0333522 0.0484477 0.0464479
2 0.508558 0.208312 0.175375 0.0453395 0.0434599
5 0.522008 0.240562 0.343389 0.298938 0.0397976
5 0.314112 0.522267 0.179962 0.301527 0.0366357
5 0.281752 0.447945 0.148383 0.214721 0.0354745
5 0.890228 0.671919 0.0179306 0.0278697 0.0324731
5 0.765854 0.419011 0.0954287 0.0495205 0.0307929
5 0.787533 0.0350434 0.0911181 0.0700868 0.0263135
5 0.309228 0.597821 0.152207 0.156696 0.0251225
2 0.50401 0.430658 0.0554242 0.0900304 0.0247283
2 0.600477 0.253411 0.177266 0.104146 0.0216787
3 0.437785 0.596805 0.236835 0.24731 0.0210988
5 0.895658 0.670334 0.0276999 0.0463543 0.0200807
5 0.839717 0.0310345 0.0174362 0.0223979 0.0196889
2 0.456717 0.429783 0.0418315 0.0829558 0.019524
2 0.675394 0.770704 0.0925737 0.187318 0.0179004
5 0.819128 0.801643 0.016413 0.0277521 0.0175496
5 0.933988 0.836079 0.0169541 0.0259632 0.0173721
5 0.833988 0.738108 0.0239877 0.0287358 0.0162649
5 0.903062 0.823839 0.0195513 0.0285004 0.0137413
2 0.463774 0.363232 0.211752 0.238694 0.0121502
5 0.771688 0.140383 0.0532746 0.0444208 0.0114989
0 0.743258 0.63917 0.19351 0.4345 0.0102912
