1 0.536685 0.43309 0.635974 0.477788 0.192133
3 0.544685 0.435555 0.631817 0.487781 0.180815
0 0.82471 0.601613 0.199807 0.376721 0.18071
5 0.703437 0.684834 0.0203659 0.0278233 0.14716
5 0.738899 0.638546 0.0280795 0.0397177 0.144546
5 0.666871 0.555855 0.0182461 0.0236335 0.125318
2 0.910809 0.590426 0.039479 0.0739773 0.0811387
5 0.813899 0.530205 0.0733639 0.233127 0.0611996
5 0.726258 0.664755 0.0175774 0.021346 0.0588634
5 0.722122 0.671214 0.0186484 0.028433 0.0586827
5 0.854721 0.623201 0.0182695 0.0295654 0.0560284
5 0.695924 0.687536 0.0209821 0.0279175 0.0556091
5 0.331258 0.647472 0.0303756 0.0444382 0.0437225
5 0.712384 0.678838 0.0223867 0.0336807 0.0400619
5 0.910266 0.58975 0.0406229 0.0781467 0.0351112
5 0.339156 0.648581 0.0493526 0.059222 0.0233376
5 0.834878 0.60698 0.0231592 0.040553 0.0222524
5 0.817386 0.682247 0.0151962 0.0247828 0.0218574
5 0.884086 0.586726 0.0155432 0.0573964 0.0127637
1 0.560792 0.612071 0.720924 0.775857 0.0125035
2 0.801711 0.662574 0.0178759 0.0290551 0.0124017
5 0.74119 0.635286 0.0399868 0.0623404 0.0116053
5 0.82808 0.839125 0.0290315 0.042296 0.0108214
5 0.896061 0.585107 0.0265103 0.0735289 0.0103092
