3 0.322616 0.29959 0.643731 0.599179 0.635251
5 0.345904 0.202118 0.0741298 0.0871312 0.132961
3 0.158933 0.298257 0.317303 0.596514 0.0490252
3 0.35895 0.408959 0.438948 0.340466 0.039034
0 0.340578 0.193536 0.0936483 0.108447 0.0383384
3 0.151184 0.217395 0.186384 0.327853 0.0266652
5 0.479848 0.267882 0.144096 0.462121 0.0161685
3 0.537278 0.218445 0.287592 0.436889 0.0154268
0 0.156618 0.237881 0.195062 0.265037 0.0147904
5 0.438087 0.0208962 0.0369781 0.0417924 0.0117836
0 0.485353 0.258095 0.129895 0.516191 0.0101766
