3 0.493161 0.495593 0.896638 0.98447 0.29317
0 0.489324 0.497205 0.913922 0.965903 0.130084
5 0.617167 0.293356 0.108379 0.0626221 0.122983
5 0.374567 0.687972 0.0464744 0.0707223 0.0294709
3 0.575113 0.165022 0.335208 0.304722 0.0258447
2 0.129645 0.273209 0.0197168 0.0336922 0.0174501
3 0.615209 0.56215 0.456089 0.540757 0.0165736
3 0.335444 0.436978 0.351597 0.658612 0.0153564
5 0.720004 0.450215 0.023022 0.0356969 0.0120182
2 0.719819 0.449693 0.0214877 0.031677 0.011907
5 0.652708 0.296419 0.0355667 0.0530853 0.0100872
0 0.581644 0.187627 0.362202 0.265333 0.0100664
