3 0.458151 0.4603 0.513023 0.51359 0.88822
3 0.460968 0.458051 0.512145 0.516019 0.881413
3 0.453176 0.458664 0.511478 0.511592 0.87672
3 0.454995 0.456771 0.513619 0.512221 0.869491
3 0.453626 0.45669 0.513789 0.510992 0.865577
3 0.451471 0.458143 0.515454 0.512195 0.851258
3 0.45531 0.455347 0.515864 0.51054 0.847271
3 0.453505 0.456545 0.514935 0.513724 0.839873
3 0.457169 0.461508 0.519157 0.513355 0.837169
3 0.458154 0.454293 0.512548 0.506378 0.715061
1 0.224479 0.497214 0.0482309 0.224987 0.0262582
1 0.229488 0.498405 0.0537315 0.193973 0.0250554
1 0.230502 0.508516 0.0573356 0.220895 0.0244736
2 0.592695 0.366975 0.018218 0.0193457 0.0208018
1 0.223095 0.490959 0.0440584 0.18625 0.0198633
1 0.22902 0.475391 0.0519101 0.204005 0.0176833
2 0.59154 0.366475 0.0173921 0.0200952 0.0139967
1 0.23115 0.46355 0.0567747 0.205959 0.0137616
4 0.462251 0.238167 0.173385 0.0859954 0.0129652
2 0.593304 0.36801 0.0172029 0.0205636 0.0120459
1 0.223146 0.502392 0.0454195 0.227831 0.011945
1 0.222077 0.467314 0.0410754 0.166456 0.0118451
1 0.228742 0.512501 0.0549819 0.240619 0.01056
5 0.0386163 0.960241 0.0718331 0.0771645 0.0100272
