0 0.491241 0.475953 0.919591 0.935914 0.433465
2 0.347082 0.305884 0.0684722 0.0892019 0.384522
2 0.34733 0.305333 0.0702422 0.088681 0.375182
2 0.347679 0.305253 0.0703637 0.0885598 0.355021
0 0.507129 0.480241 0.882246 0.935478 0.329204
2 0.347248 0.304656 0.0695316 0.0895822 0.31668
2 0.346535 0.305322 0.0674582 0.0872262 0.313863
2 0.348087 0.304828 0.0697248 0.0890429 0.311953
0 0.500834 0.474198 0.893086 0.934358 0.302578
2 0.348707 0.305383 0.0730643 0.0928539 0.230098
2 0.346413 0.304659 0.0669871 0.0890866 0.227684
0 0.498361 0.475661 0.922676 0.940016 0.214546
2 0.347902 0.305659 0.0720993 0.0906143 0.183073
0 0.488563 0.511631 0.921812 0.973879 0.181353
0 0.491097 0.493092 0.922365 0.914173 0.180908
0 0.510191 0.492193 0.893481 0.913163 0.16406
5 0.346924 0.305504 0.0672166 0.0863688 0.149671
5 0.703946 0.675603 0.0596792 0.085026 0.147076
0 0.45522 0.478221 0.838945 0.947637 0.145321
2 0.636084 0.456316 0.0644616 0.0798683 0.126585
5 0.704221 0.674761 0.0609456 0.0856566 0.126075
5 0.704173 0.675712 0.0608539 0.0834736 0.123677
2 0.635639 0.455433 0.0638829 0.0808788 0.11818
0 0.512298 0.511727 0.878518 0.970146 0.115287
0 0.493974 0.51101 0.907184 0.974684 0.106898
5 0.704211 0.675107 0.0602012 0.0846601 0.102522
5 0.703273 0.675146 0.0579885 0.0831612 0.102471
5 0.704381 0.676352 0.0615877 0.0850054 0.100321
5 0.703722 0.675325 0.0624981 0.084499 0.0921678
2 0.636667 0.454856 0.0663617 0.0838845 0.0904772
5 0.347673 0.304523 0.0687903 0.0895869 0.0898584
2 0.635937 0.45573 0.0657258 0.0808581 0.0843317
5 0.348856 0.30534 0.0691906 0.087771 0.0826593
0 0.509968 0.489067 0.937495 0.918966 0.0762102
0 0.495406 0.509912 0.937496 0.974762 0.0743699
5 0.704228 0.676537 0.0627417 0.0868297 0.0736547
5 0.773718 0.132907 0.049572 0.0618591 0.0691071
5 0.705012 0.676313 0.0679388 0.0905499 0.066141
0 0.455555 0.506934 0.85769 0.974228 0.0653297
5 0.703406 0.67557 0.0586666 0.0832164 0.0643529
5 0.635983 0.455434 0.0670674 0.0837164 0.0626839
5 0.636374 0.45571 0.0689577 0.0846152 0.0619666
5 0.774299 0.133756 0.0433535 0.0569475 0.0591707
5 0.774166 0.132604 0.0434135 0.0582424 0.0578494
5 0.35846 0.1954 0.032668 0.0414577 0.0553416
5 0.358638 0.195571 0.0329696 0.0406596 0.0545796
5 0.703817 0.67589 0.0597229 0.0822661 0.0541656
0 0.504147 0.491963 0.886089 0.914808 0.0537325
5 0.359343 0.196509 0.0428895 0.0481004 0.0506729
5 0.358231 0.195453 0.034313 0.042103 0.0461268
5 0.358269 0.195425 0.0331253 0.0420651 0.0447733
5 0.774217 0.133652 0.0461329 0.0578862 0.0447456
4 0.467658 0.490152 0.858387 0.918296 0.0433932
5 0.705161 0.675917 0.0681751 0.0895097 0.0430675
5 0.774163 0.133036 0.0456188 0.0585143 0.0416732
5 0.774037 0.133048 0.0511637 0.0635532 0.0413391
2 0.635224 0.45613 0.0659085 0.0823385 0.0409314
5 0.359094 0.196375 0.0406144 0.049614 0.0407301
5 0.359473 0.196736 0.0421903 0.0478215 0.038877
2 0.636001 0.456004 0.0667578 0.0823832 0.0388083
5 0.773658 0.135281 0.0503536 0.0630162 0.0362713
5 0.773886 0.134658 0.0447102 0.0585647 0.0359353
5 0.359025 0.196287 0.0379228 0.0464147 0.0342533
5 0.706097 0.674747 0.0763922 0.08858 0.0320549
2 0.635186 0.455062 0.0644188 0.0819553 0.0318256
0 0.545654 0.484098 0.839975 0.933452 0.0293763
5 0.774249 0.134733 0.0472171 0.0588208 0.0271551
5 0.357968 0.196687 0.0402531 0.0510681 0.0266306
5 0.707775 0.673799 0.0761987 0.0896815 0.0244318
5 0.358985 0.197188 0.0522131 0.0592552 0.0243274
5 0.774297 0.135056 0.049024 0.0643359 0.0239982
5 0.360169 0.195852 0.0473054 0.0511223 0.0184922
5 0.350403 0.304346 0.079664 0.0920256 0.016709
5 0.773475 0.135045 0.0523413 0.0652047 0.0155637
5 0.775333 0.13459 0.0533594 0.0646315 0.0143911
5 0.358144 0.196407 0.0380438 0.0480399 0.0143567
5 0.703165 0.675124 0.0765851 0.0974717 0.0141343
5 0.351333 0.304406 0.0796823 0.0932975 0.0138792
5 0.635527 0.455143 0.0728031 0.0886342 0.0135114
0 0.483228 0.448068 0.934431 0.824149 0.0132568
5 0.609541 0.533385 0.062782 0.0631048 0.0108589
5 0.705433 0.674283 0.0787741 0.0934175 0.01026
5 0.603115 0.533015 0.0528842 0.0609727 0.0101191
