1 0.544425 0.480089 0.669906 0.882369 0.912383
1 0.546491 0.477652 0.674634 0.886057 0.912356
1 0.543425 0.492584 0.667499 0.87638 0.904785
1 0.545361 0.491958 0.669113 0.878067 0.903028
1 0.543609 0.482338 0.662746 0.87851 0.900841
1 0.543019 0.49278 0.664344 0.88 0.900763
1 0.543407 0.515642 0.658631 0.939092 0.300779
1 0.545177 0.512438 0.672232 0.939325 0.294344
1 0.551014 0.474028 0.667142 0.887833 0.113207
1 0.547101 0.507623 0.672462 0.933278 0.0567592
5 0.401968 0.836332 0.292702 0.183097 0.0300383
5 0.616635 0.080416 0.454666 0.158152 0.0255125
5 0.635565 0.0858669 0.437652 0.169594 0.0219167
1 0.521315 0.48324 0.620531 0.872391 0.018581
5 0.42853 0.847925 0.327465 0.159245 0.0160311
5 0.381644 0.825259 0.280513 0.211097 0.0138173
5 0.438305 0.855323 0.343656 0.146567 0.0125876
5 0.635813 0.104735 0.41581 0.164525 0.0107413
5 0.414967 0.843125 0.326017 0.183875 0.010292
