1 0.40639 0.603762 0.525312 0.54819 0.934091
1 0.403466 0.603347 0.524628 0.548339 0.930488
1 0.404217 0.606647 0.526141 0.549415 0.925434
1 0.403255 0.604702 0.526327 0.544748 0.907294
1 0.401681 0.603891 0.526207 0.545951 0.907084
1 0.402052 0.603268 0.525497 0.54789 0.904614
1 0.402733 0.605121 0.525983 0.540769 0.900929
1 0.402357 0.605781 0.526524 0.546594 0.899902
1 0.401648 0.60439 0.528261 0.54828 0.885271
1 0.40478 0.603801 0.523817 0.53982 0.583066
5 0.445887 0.700317 0.0270763 0.0314058 0.477202
5 0.445647 0.700096 0.0309993 0.0344174 0.450095
5 0.445059 0.700136 0.0299452 0.0339289 0.44364
5 0.44554 0.700436 0.0356533 0.0366446 0.410197
5 0.337669 0.737382 0.027166 0.032294 0.340503
5 0.405476 0.611401 0.0210489 0.0246658 0.311074
5 0.336853 0.737475 0.0296546 0.032985 0.306513
5 0.446077 0.700347 0.0375471 0.0413873 0.267709
5 0.336041 0.73677 0.0368427 0.0376934 0.228562
5 0.404809 0.611166 0.0283233 0.0284774 0.227704
5 0.446167 0.699978 0.0348864 0.0406328 0.224024
5 0.336311 0.736828 0.0381452 0.0370394 0.194375
5 0.40198 0.609951 0.0325645 0.0316153 0.172966
1 0.406219 0.603644 0.526519 0.548638 0.155111
5 0.301268 0.591693 0.0226138 0.0261926 0.153707
5 0.404309 0.611587 0.0297654 0.0323761 0.14292
5 0.300727 0.591753 0.023833 0.0270621 0.128887
5 0.404175 0.610251 0.0357655 0.0332623 0.127623
5 0.332635 0.736835 0.0419422 0.0391896 0.12124
5 0.301274 0.591649 0.0257056 0.0283067 0.11992
5 0.215642 0.564227 0.0247662 0.0300221 0.115848
5 0.404677 0.611621 0.034497 0.0340894 0.104677
5 0.333238 0.737089 0.0415268 0.0388638 0.101712
5 0.443682 0.699534 0.0408795 0.0401422 0.0971753
5 0.301287 0.591751 0.0279213 0.0288818 0.0961576
5 0.334943 0.737821 0.0431027 0.0441317 0.0903636
5 0.399954 0.609005 0.0385702 0.0344545 0.0820791
5 0.443752 0.700007 0.0412027 0.041471 0.0768031
5 0.399259 0.607755 0.0408668 0.0349524 0.0761565
5 0.215406 0.564252 0.026292 0.0298632 0.0736975
5 0.632501 0.760523 0.0428501 0.0557292 0.0523027
5 0.63178 0.761635 0.0385084 0.0475352 0.051664
5 0.457262 0.595493 0.0263543 0.0304768 0.0446617
5 0.44825 0.701376 0.0481696 0.0485867 0.0434497
5 0.632283 0.760918 0.0376771 0.0461916 0.0434027
5 0.335344 0.738319 0.0480274 0.0465369 0.0413127
5 0.631634 0.761691 0.0438317 0.0534122 0.0386172
5 0.371889 0.482521 0.0264249 0.0262236 0.0374029
5 0.630659 0.760957 0.0520795 0.0574927 0.0347261
5 0.214153 0.563197 0.0324764 0.0378506 0.0283049
5 0.399928 0.609542 0.046624 0.0415109 0.0280951
5 0.456592 0.594754 0.0293212 0.0329165 0.0271039
5 0.334642 0.734308 0.0435762 0.0418039 0.0263561
5 0.372114 0.482644 0.0296886 0.0298591 0.0235647
5 0.630248 0.763028 0.050924 0.0585895 0.0233107
5 0.214161 0.563255 0.0313642 0.0359784 0.020899
5 0.631064 0.760303 0.0443655 0.0550581 0.0207017
5 0.448467 0.699604 0.0495244 0.0467335 0.0203715
5 0.332535 0.737826 0.0507241 0.047702 0.0195069
5 0.628827 0.763181 0.0638 0.0711373 0.0184743
5 0.457176 0.594941 0.0320607 0.03639 0.0177469
5 0.216723 0.563989 0.0366652 0.0394284 0.01753
5 0.216972 0.61234 0.0198856 0.0228171 0.0169669
5 0.631747 0.761295 0.0394778 0.0468166 0.016852
5 0.457816 0.596004 0.0334389 0.0391288 0.0166988
5 0.371521 0.481798 0.0308542 0.0316319 0.0160917
5 0.337647 0.733908 0.045499 0.0432665 0.0153379
5 0.442744 0.700568 0.0463024 0.0454547 0.0151547
5 0.457652 0.594619 0.03508 0.0385947 0.0150472
5 0.444625 0.697941 0.0433787 0.0466652 0.0145085
5 0.632193 0.761877 0.0392506 0.0470942 0.014463
5 0.216864 0.563159 0.0371478 0.0379097 0.0141448
5 0.448434 0.702558 0.052786 0.0548213 0.0136379
5 0.632312 0.761424 0.0443289 0.0516517 0.0126843
5 0.371022 0.482358 0.0345791 0.0350103 0.012438
5 0.299069 0.586853 0.0360937 0.036707 0.0107163
5 0.371429 0.480474 0.033471 0.0346013 0.0100143
