3 0.406732 0.442947 0.410739 0.425641 0.568041
3 0.405775 0.442298 0.409489 0.428974 0.561324
3 0.407052 0.442084 0.41002 0.419795 0.553432
3 0.403822 0.442031 0.409217 0.429278 0.54061
3 0.406555 0.442602 0.409772 0.420118 0.538447
3 0.404448 0.442509 0.408636 0.424536 0.51296
3 0.403325 0.441468 0.413964 0.426766 0.487082
3 0.407069 0.442304 0.407845 0.42588 0.421598
3 0.408196 0.442857 0.40947 0.424881 0.417865
3 0.406207 0.442347 0.413123 0.428412 0.406968
3 0.375936 0.405106 0.184654 0.291831 0.331159
3 0.373839 0.40579 0.189929 0.301993 0.282583
3 0.368269 0.414482 0.188629 0.294871 0.220542
3 0.37541 0.401567 0.174568 0.275208 0.157726
3 0.366312 0.410599 0.187094 0.286648 0.146124
3 0.384775 0.396679 0.169439 0.265839 0.084597
3 0.369389 0.427517 0.185113 0.277381 0.0841275
3 0.38109 0.396467 0.171843 0.271169 0.0818898
3 0.538549 0.429142 0.139097 0.329443 0.0653659
3 0.372221 0.416553 0.190107 0.294518 0.0566702
3 0.360321 0.424862 0.192496 0.288092 0.0510503
3 0.363086 0.438225 0.180977 0.265905 0.0425571
3 0.357766 0.409425 0.196142 0.248454 0.0339707
3 0.379012 0.404044 0.17683 0.288741 0.029965
3 0.370931 0.394746 0.176682 0.249318 0.0241388
3 0.395006 0.390607 0.187283 0.254075 0.0240028
0 0.374041 0.25852 0.191814 0.0646258 0.0227178
3 0.538459 0.411648 0.139177 0.268947 0.0215208
4 0.366832 0.261091 0.169462 0.0704955 0.0188192
3 0.537117 0.429888 0.147289 0.343407 0.0185159
3 0.554703 0.414449 0.113569 0.29485 0.0167319
3 0.356863 0.434609 0.200932 0.255284 0.0160636
3 0.483671 0.0175517 0.391656 0.0351034 0.0157541
4 0.363119 0.263244 0.178154 0.0801854 0.014457
3 0.547947 0.390515 0.115676 0.171052 0.0141976
0 0.379435 0.255419 0.201596 0.0572941 0.0130626
3 0.366999 0.447282 0.173008 0.234158 0.0117395
3 0.39061 0.553436 0.361731 0.204407 0.0115114
3 0.509268 0.0179701 0.391312 0.0359402 0.0112927
4 0.35193 0.266039 0.170056 0.0859818 0.0107731
3 0.362364 0.454815 0.167824 0.237211 0.0104389
3 0.398149 0.555327 0.375805 0.202768 0.0102352
3 0.449418 0.0176995 0.414751 0.035399 0.0101368
1 0.39755 0.602377 0.267308 0.102508 0.010059
