3 0.358006 0.472244 0.434499 0.378104 0.848101
3 0.356705 0.471782 0.436059 0.377546 0.843319
3 0.358404 0.473 0.433898 0.37621 0.830466
3 0.355386 0.472728 0.43438 0.375683 0.82528
3 0.355331 0.472293 0.433398 0.377808 0.812029
3 0.359068 0.47261 0.434627 0.374475 0.796552
3 0.354559 0.469873 0.440087 0.378637 0.791387
3 0.358036 0.471182 0.433208 0.374245 0.78762
3 0.355217 0.473449 0.434672 0.376672 0.765788
3 0.356717 0.473076 0.436837 0.374122 0.117402
3 0.364122 0.469901 0.337768 0.279693 0.0248512
3 0.364154 0.468134 0.329921 0.333441 0.0208583
3 0.384477 0.47256 0.357763 0.316876 0.0195238
5 0.303913 0.365475 0.0165625 0.0196875 0.0175167
3 0.355741 0.470715 0.43771 0.379517 0.015107
4 0.332213 0.3233 0.179416 0.0724821 0.0142311
3 0.34543 0.459721 0.294831 0.278305 0.0130617
4 0.337031 0.323357 0.178453 0.0748732 0.0125497
3 0.363415 0.450005 0.341859 0.242933 0.0116403
4 0.343936 0.322945 0.169832 0.0707702 0.0100997
