1 0.446678 0.330439 0.326704 0.454783 0.921693
1 0.446958 0.330243 0.32666 0.45618 0.918917
1 0.445869 0.330038 0.326978 0.458247 0.915734
1 0.445124 0.329651 0.329711 0.456049 0.904073
1 0.444007 0.328895 0.330079 0.460304 0.903478
1 0.44548 0.329774 0.328233 0.454491 0.9022
1 0.443826 0.329003 0.333441 0.450675 0.894253
1 0.446848 0.328965 0.330213 0.451074 0.88357
1 0.446067 0.328052 0.328853 0.451032 0.88255
1 0.4438 0.329122 0.337003 0.455697 0.834991
5 0.43687 0.618519 0.0282075 0.0346927 0.122872
5 0.438471 0.619766 0.0219333 0.0275423 0.10881
5 0.438401 0.619357 0.0244022 0.0291605 0.106356
5 0.430658 0.618661 0.0418362 0.0351231 0.102039
5 0.492426 0.628776 0.0406685 0.0467844 0.0926871
5 0.492591 0.630036 0.0401927 0.0456677 0.0917186
5 0.494157 0.629892 0.0443906 0.048869 0.0898926
5 0.49228 0.629222 0.0320495 0.0404788 0.0886326
5 0.492513 0.629851 0.0368409 0.0458147 0.0815625
5 0.492374 0.628297 0.0333464 0.0417776 0.0784705
5 0.420358 0.612331 0.0765218 0.0511059 0.0776011
5 0.491726 0.627897 0.0367578 0.0446002 0.0676742
5 0.491117 0.629823 0.0406722 0.047263 0.0605668
5 0.49176 0.628903 0.0361151 0.042315 0.0584159
5 0.41919 0.613253 0.0702531 0.0427401 0.0531932
5 0.41793 0.615824 0.0737501 0.0496686 0.0529446
5 0.437361 0.620189 0.0336726 0.0421088 0.045975
5 0.435134 0.619159 0.0389716 0.0458229 0.0452629
5 0.492412 0.626625 0.050036 0.0619991 0.0436924
5 0.421328 0.612685 0.0764216 0.052711 0.0418162
5 0.49272 0.627029 0.0433073 0.0561441 0.0391902
5 0.438816 0.619072 0.0362727 0.0403709 0.0295165
0 0.413573 0.585044 0.294824 0.12519 0.0233998
5 0.42074 0.606641 0.0844781 0.0636103 0.0227638
5 0.419665 0.610514 0.0749254 0.0467182 0.0226429
5 0.421138 0.611967 0.0827733 0.0539631 0.0222959
5 0.438916 0.621352 0.0350701 0.0414244 0.021269
5 0.491595 0.627476 0.0468283 0.0583723 0.0209288
5 0.484968 0.629456 0.0497003 0.0461446 0.0193996
0 0.38789 0.56342 0.256698 0.139719 0.0191232
5 0.437348 0.622569 0.0445663 0.0510694 0.0190127
5 0.426691 0.616636 0.0597564 0.0442995 0.0187096
0 0.393939 0.578894 0.250315 0.124259 0.0185522
5 0.837936 0.67456 0.0457788 0.0488781 0.0181022
0 0.413306 0.561682 0.296481 0.159158 0.0163674
5 0.487732 0.627019 0.0586031 0.0552838 0.0154842
5 0.499225 0.865426 0.0533413 0.0614206 0.0154417
0 0.43108 0.589888 0.33378 0.12034 0.0151041
5 0.500386 0.586003 0.0290702 0.0317039 0.0144886
5 0.384944 0.595614 0.165226 0.0964446 0.013745
5 0.499585 0.865633 0.0530849 0.0628394 0.0133546
5 0.496245 0.630189 0.0659372 0.0647033 0.0131365
5 0.841942 0.677478 0.0582171 0.0578421 0.0129363
5 0.496936 0.629671 0.0629461 0.0584836 0.0124593
0 0.418268 0.593219 0.284498 0.118113 0.0108102
5 0.517942 0.580955 0.0718681 0.0482592 0.0107692
5 0.520777 0.573363 0.051679 0.0425449 0.0107376
5 0.498096 0.586389 0.0442194 0.0445936 0.0106524
