0 0.513359 0.450644 0.495215 0.617428 0.724831
0 0.514035 0.450516 0.492097 0.616119 0.721326
0 0.512857 0.450771 0.497201 0.615075 0.679427
0 0.516758 0.450625 0.493401 0.616704 0.671852
0 0.512799 0.449838 0.494026 0.62167 0.67125
0 0.514863 0.452024 0.499276 0.611516 0.637412
0 0.514396 0.450796 0.50148 0.612503 0.607823
0 0.516255 0.449961 0.49402 0.613114 0.598735
0 0.51619 0.449924 0.494699 0.620752 0.585299
0 0.513492 0.451139 0.495346 0.614228 0.0972748
0 0.515134 0.449692 0.504717 0.617342 0.0844902
5 0.825757 0.46896 0.022769 0.0281429 0.0181696
1 0.505381 0.178448 0.308224 0.0957799 0.0180875
5 0.826386 0.468677 0.0265984 0.0307005 0.0146417
1 0.488785 0.179353 0.269333 0.0973213 0.013593
1 0.511219 0.179389 0.338206 0.0980283 0.0117998
5 0.793386 0.266404 0.0365176 0.0338889 0.0101605
