3 0.517751 0.434592 0.606403 0.741276 0.642995
3 0.518411 0.450216 0.610161 0.710052 0.586379
3 0.520069 0.451031 0.615302 0.733166 0.552516
3 0.51604 0.46493 0.605681 0.69715 0.530872
3 0.517326 0.435179 0.60908 0.759115 0.468669
3 0.521464 0.47329 0.622754 0.658181 0.447483
3 0.520655 0.476377 0.622456 0.671741 0.441618
3 0.521942 0.480954 0.623292 0.673523 0.43305
3 0.515599 0.476355 0.614206 0.669686 0.268279
5 0.493486 0.321463 0.0563099 0.0836376 0.257828
1 0.509579 0.0929306 0.395777 0.0860718 0.237497
3 0.517737 0.478838 0.61655 0.673104 0.221082
5 0.491286 0.321317 0.0450578 0.0803691 0.215675
5 0.492791 0.323281 0.0497726 0.0803938 0.205103
5 0.49108 0.321599 0.0413352 0.0788909 0.196558
5 0.497276 0.322484 0.0642939 0.0843809 0.169238
5 0.497582 0.322002 0.0620594 0.0838438 0.157958
5 0.495595 0.321317 0.0610976 0.0840994 0.155266
1 0.495245 0.0915442 0.375612 0.0830347 0.146436
5 0.492825 0.322269 0.0498912 0.0797974 0.140207
3 0.513088 0.478048 0.609819 0.674188 0.13539
1 0.497871 0.094994 0.430218 0.0898295 0.114534
5 0.298036 0.56805 0.0330452 0.0334187 0.110634
5 0.243624 0.541502 0.0257255 0.0325617 0.110385
5 0.243763 0.5416 0.024501 0.0336047 0.10873
5 0.297927 0.568506 0.0350302 0.0351452 0.108375
5 0.298189 0.568438 0.0384014 0.0367504 0.108098
5 0.298905 0.568408 0.0289818 0.031337 0.100783
5 0.501423 0.321121 0.0716792 0.0904098 0.0878962
5 0.497433 0.321508 0.0681259 0.0860845 0.0876167
5 0.563393 0.359917 0.0199029 0.0236783 0.0684495
5 0.497529 0.464986 0.0229929 0.0276664 0.0661944
5 0.243121 0.543062 0.0344318 0.0402611 0.0587942
5 0.496819 0.464687 0.0286935 0.0310508 0.0563449
5 0.243614 0.542093 0.0350338 0.0386098 0.0504692
3 0.59874 0.474097 0.314414 0.405618 0.0491144
5 0.501014 0.32045 0.0568043 0.0788479 0.0474575
3 0.57233 0.474084 0.285422 0.41039 0.0458735
3 0.604045 0.46343 0.338133 0.429714 0.0428064
5 0.510017 0.261289 0.0261305 0.0274778 0.0425527
5 0.563087 0.360549 0.0263582 0.0276095 0.0420798
5 0.491712 0.324354 0.0532988 0.0807291 0.0420736
5 0.241043 0.542181 0.0341991 0.0395302 0.0406339
3 0.530995 0.438946 0.580836 0.74269 0.0403184
5 0.497473 0.464954 0.0278284 0.0304178 0.0390633
5 0.561919 0.359388 0.0257458 0.027578 0.0384512
5 0.24098 0.542224 0.0337019 0.0405717 0.0380271
3 0.581047 0.460625 0.306032 0.440092 0.0379559
5 0.505677 0.660285 0.019626 0.0218414 0.0376034
1 0.507715 0.0942476 0.368326 0.0887652 0.037531
5 0.506306 0.659735 0.02269 0.0247104 0.0343852
1 0.494548 0.0938221 0.355759 0.0859964 0.0335862
1 0.492508 0.0984792 0.387365 0.095838 0.0320143
5 0.497345 0.46505 0.03365 0.0336571 0.0317422
5 0.497483 0.464819 0.0319739 0.0370187 0.0315562
5 0.560903 0.287241 0.0220664 0.0252651 0.0315067
5 0.561207 0.286722 0.0207371 0.0230618 0.0312026
5 0.292157 0.416716 0.0232735 0.0279743 0.0306728
3 0.603445 0.480746 0.382659 0.474927 0.0298153
3 0.551484 0.472289 0.269355 0.412725 0.0287743
3 0.592391 0.491557 0.312206 0.375299 0.0286533
5 0.490676 0.325191 0.040278 0.0715776 0.0284683
5 0.292397 0.417059 0.0256546 0.0306397 0.0278406
3 0.564296 0.492472 0.274188 0.389507 0.026866
5 0.299255 0.569555 0.0408079 0.0410734 0.0263002
3 0.58714 0.43561 0.344357 0.460394 0.0256783
5 0.562942 0.360182 0.0312902 0.0311438 0.0252924
3 0.591281 0.470655 0.335569 0.482028 0.0252608
5 0.242793 0.544292 0.0342061 0.0451292 0.0249439
3 0.59301 0.488065 0.460125 0.461444 0.0240079
3 0.558456 0.462867 0.283393 0.449731 0.02396
5 0.562175 0.367533 0.0349631 0.0473941 0.0236618
5 0.298447 0.567655 0.0409351 0.0390585 0.02356
5 0.56157 0.368754 0.0282255 0.0435645 0.0231021
3 0.599477 0.466497 0.381305 0.406046 0.0230554
5 0.297717 0.567562 0.0381811 0.0378122 0.0229095
3 0.600334 0.441303 0.386884 0.469853 0.022665
5 0.510085 0.261553 0.0246003 0.0283505 0.0224626
5 0.299539 0.568641 0.0362889 0.0397024 0.0214064
1 0.478369 0.0908192 0.339963 0.0817913 0.0213236
5 0.501901 0.322042 0.0811727 0.0888119 0.0209808
3 0.58307 0.417323 0.330066 0.421047 0.0204443
5 0.498974 0.321132 0.0866361 0.091749 0.0203429
3 0.597015 0.418962 0.363378 0.421534 0.0197662
3 0.592748 0.456572 0.339766 0.492692 0.0194481
5 0.559968 0.38664 0.0212866 0.0229459 0.0193992
5 0.56133 0.284629 0.0298081 0.0332486 0.0193587
3 0.601992 0.468586 0.392817 0.490062 0.018792
5 0.561067 0.285155 0.0300235 0.0308731 0.0184185
5 0.490788 0.325366 0.0445874 0.0742679 0.018054
5 0.508759 0.26116 0.0328648 0.0313979 0.0180079
5 0.507691 0.260689 0.0351665 0.0315808 0.0177534
3 0.581235 0.465259 0.394449 0.394185 0.0173613
3 0.544713 0.488813 0.256097 0.391809 0.0173456
5 0.499071 0.312207 0.0783057 0.112177 0.0169171
3 0.599952 0.469658 0.315286 0.383772 0.0167922
3 0.560317 0.513352 0.272179 0.373406 0.016625
5 0.556868 0.278639 0.0254414 0.0331039 0.0149777
5 0.507013 0.29928 0.0447364 0.0356572 0.0149577
3 0.531013 0.474837 0.253413 0.408805 0.0149285
5 0.495841 0.464962 0.0373091 0.0390207 0.0148501
3 0.570784 0.477805 0.302333 0.494477 0.0144744
5 0.292288 0.416829 0.0278432 0.0322248 0.0144089
1 0.496403 0.0941328 0.384386 0.0877083 0.0143242
3 0.527874 0.432685 0.587251 0.757583 0.0141006
3 0.592255 0.481957 0.472619 0.479029 0.0140863
3 0.587605 0.516248 0.313152 0.36379 0.0136855
3 0.542081 0.507118 0.252673 0.366626 0.0135541
5 0.554649 0.271249 0.024242 0.0254889 0.0134104
3 0.594738 0.444918 0.335353 0.340028 0.0133841
3 0.591932 0.478891 0.424606 0.430233 0.0132746
5 0.500357 0.323052 0.0972675 0.101339 0.0131688
5 0.418307 0.731861 0.0188896 0.0189643 0.0128109
5 0.477917 0.664421 0.0172858 0.0217494 0.0127285
5 0.292066 0.416664 0.030057 0.0345154 0.012444
3 0.519262 0.450767 0.603008 0.718657 0.0116568
3 0.593024 0.449801 0.336342 0.35523 0.0112163
3 0.644086 0.443269 0.355072 0.726892 0.0111392
5 0.559208 0.283416 0.0346391 0.0398034 0.0110887
5 0.558323 0.280692 0.0323057 0.0400013 0.0110835
3 0.53694 0.46833 0.265846 0.445043 0.0109799
3 0.595636 0.457119 0.457767 0.472766 0.010751
3 0.527101 0.489494 0.237195 0.38778 0.0102036
5 0.491105 0.322859 0.0737388 0.0889049 0.0101954
5 0.489809 0.324029 0.0716249 0.0964598 0.0101183
3 0.572826 0.463879 0.303 0.493123 0.0100722
