3 0.507296 0.555426 0.429774 0.586413 0.77612
3 0.507075 0.556098 0.427361 0.587658 0.735042
3 0.506473 0.556283 0.432033 0.588537 0.700001
3 0.508218 0.557452 0.431838 0.590257 0.670879
3 0.506343 0.555653 0.427395 0.5889 0.632583
3 0.507336 0.557212 0.429155 0.589503 0.623047
3 0.509814 0.558036 0.43229 0.586313 0.551221
3 0.506832 0.558912 0.429875 0.592191 0.502848
3 0.509094 0.559359 0.428692 0.586549 0.438922
3 0.507964 0.563125 0.428949 0.584495 0.226961
2 0.696835 0.598677 0.0189275 0.0212134 0.050605
2 0.697169 0.599389 0.0219927 0.021256 0.0488175
5 0.653413 0.577658 0.0202012 0.023677 0.0395967
5 0.650771 0.626512 0.0153365 0.0163022 0.0362063
4 0.518081 0.751581 0.418841 0.193114 0.0338728
5 0.651208 0.577637 0.0239361 0.0255354 0.0330088
4 0.438608 0.675012 0.273639 0.335202 0.0312955
5 0.647345 0.580689 0.0292316 0.0296165 0.0281363
2 0.678638 0.626261 0.0186804 0.0215627 0.0257584
5 0.879278 0.545443 0.0293254 0.0422749 0.0256423
4 0.516116 0.752231 0.420131 0.192943 0.0188405
4 0.516112 0.723386 0.409148 0.25036 0.0186324
5 0.648627 0.579892 0.0307557 0.0329875 0.0164702
2 0.427589 0.778465 0.0229881 0.0244235 0.0157755
3 0.519275 0.615474 0.15843 0.200655 0.0154436
5 0.798647 0.369944 0.0261576 0.0325191 0.0150269
2 0.683117 0.62781 0.0242938 0.0260554 0.0146324
4 0.509523 0.7023 0.415757 0.293124 0.0144524
4 0.514031 0.715663 0.420318 0.266098 0.013972
5 0.798709 0.370301 0.027446 0.0340372 0.0133333
3 0.471169 0.515151 0.306771 0.39697 0.0131796
5 0.878826 0.545319 0.0295306 0.0433233 0.0130175
5 0.798975 0.369493 0.0296994 0.0352827 0.0130147
4 0.515872 0.724453 0.416868 0.246894 0.0128027
4 0.515332 0.747219 0.418399 0.199604 0.0123482
5 0.799435 0.370232 0.0302512 0.0357444 0.0115772
5 0.878467 0.545497 0.0282302 0.0420543 0.0106914
5 0.653733 0.575364 0.0245946 0.0253796 0.010491
4 0.509019 0.745681 0.417657 0.205413 0.0103607
2 0.699549 0.600987 0.0265979 0.0291992 0.0101883
