1 0.415596 0.471219 0.378145 0.450359 0.886985
1 0.416209 0.471322 0.375776 0.450733 0.880698
1 0.413257 0.472469 0.381484 0.451163 0.879358
1 0.415285 0.470852 0.376856 0.450027 0.867294
1 0.412708 0.473618 0.381958 0.451331 0.86582
1 0.41439 0.468597 0.383344 0.44685 0.855046
1 0.415078 0.469443 0.379386 0.449584 0.854104
1 0.41478 0.467335 0.383755 0.448556 0.838894
1 0.4171 0.467395 0.375121 0.445604 0.83589
1 0.415269 0.470203 0.382272 0.446955 0.722705
5 0.321093 0.897335 0.0307268 0.0347326 0.0548772
5 0.354086 0.82252 0.0204608 0.022538 0.0485227
5 0.323174 0.896841 0.0359315 0.0410204 0.0470449
5 0.321395 0.897384 0.0319183 0.036599 0.0460351
5 0.352837 0.822287 0.0270929 0.024615 0.0457308
5 0.323057 0.897127 0.0371059 0.0403471 0.0430379
5 0.348088 0.820088 0.0389387 0.0303886 0.0322136
5 0.320942 0.896898 0.0326985 0.0368419 0.0320561
5 0.333876 0.818978 0.0193182 0.023702 0.0307512
5 0.320619 0.897125 0.0329972 0.0382476 0.0243746
5 0.350632 0.820426 0.0386473 0.0316162 0.0243187
5 0.334267 0.751804 0.0226898 0.0258594 0.0236515
5 0.335358 0.819082 0.0234321 0.0264567 0.0228471
5 0.320688 0.898158 0.0352265 0.0401844 0.0223184
2 0.513921 0.986491 0.0501311 0.0270175 0.0198522
5 0.322396 0.895068 0.0392505 0.0465983 0.0194862
5 0.322845 0.897949 0.0371981 0.0432149 0.0179299
1 0.409782 0.469377 0.388819 0.445039 0.0169277
5 0.334077 0.751409 0.0259463 0.0293015 0.0165238
2 0.515811 0.987109 0.0474476 0.025783 0.0159418
2 0.5141 0.991124 0.0424341 0.0177521 0.0140817
5 0.321134 0.897376 0.0349967 0.0415955 0.0128601
5 0.351096 0.822191 0.0321379 0.0324912 0.0128443
5 0.33336 0.751313 0.0288648 0.0319248 0.0125683
2 0.516562 0.992107 0.0357676 0.0154343 0.0125377
5 0.332752 0.750736 0.0292563 0.0341885 0.0123956
5 0.192135 0.739296 0.03332 0.0413865 0.0122052
5 0.324332 0.89537 0.0458397 0.0506672 0.0117683
5 0.352762 0.822523 0.0333524 0.0334936 0.0115509
5 0.192271 0.739433 0.0343517 0.0403076 0.0108394
