3 0.423035 0.460353 0.373042 0.390373 0.831065
3 0.422674 0.460275 0.3707 0.39241 0.819207
3 0.42008 0.459997 0.380054 0.389859 0.816157
3 0.421065 0.459408 0.377283 0.395036 0.802565
3 0.422356 0.460052 0.371573 0.392534 0.794773
3 0.423089 0.459813 0.372056 0.390545 0.794504
3 0.422534 0.459769 0.37482 0.395652 0.775208
3 0.423725 0.459544 0.373681 0.393723 0.738499
3 0.421017 0.459235 0.377074 0.389431 0.734828
3 0.421262 0.459086 0.377053 0.388435 0.183918
3 0.42082 0.458961 0.381192 0.394732 0.0469334
1 0.247355 0.431141 0.0718555 0.332475 0.0236871
1 0.247764 0.433577 0.071336 0.339832 0.0159277
1 0.248262 0.434985 0.0723093 0.30023 0.0155076
1 0.25341 0.440545 0.0693553 0.351369 0.0115898
