3 0.408951 0.43185 0.505483 0.586309 0.821926
3 0.408376 0.435166 0.507711 0.593844 0.803361
3 0.405131 0.432613 0.504068 0.585472 0.786987
3 0.404111 0.434438 0.505382 0.593056 0.779318
3 0.406121 0.432342 0.501506 0.585982 0.768881
3 0.405775 0.434438 0.503569 0.592031 0.753891
3 0.409582 0.437448 0.513796 0.599866 0.709277
3 0.404891 0.435542 0.509524 0.60077 0.70419
3 0.405864 0.435665 0.509531 0.602466 0.643855
3 0.413821 0.43326 0.490096 0.58346 0.325714
5 0.518014 0.496993 0.0257679 0.0248142 0.177617
5 0.517857 0.497293 0.0275787 0.0275381 0.132481
5 0.517543 0.497045 0.0294005 0.0276287 0.0893673
5 0.364574 0.271046 0.0145095 0.0193793 0.0695384
3 0.434869 0.533329 0.258318 0.343127 0.0637522
5 0.517578 0.49758 0.0312809 0.029685 0.0616953
3 0.437124 0.522593 0.2356 0.305748 0.0559779
5 0.483873 0.561503 0.0165289 0.0246697 0.049656
3 0.423471 0.53454 0.268397 0.345029 0.0460311
5 0.518834 0.49737 0.0331017 0.0292154 0.0455278
3 0.402502 0.453874 0.135342 0.172133 0.0438574
1 0.182868 0.352259 0.0508155 0.176117 0.0400937
5 0.518246 0.497409 0.0348097 0.03124 0.0378828
3 0.42257 0.519529 0.252845 0.303646 0.0365992
3 0.42145 0.530427 0.291597 0.336571 0.0347786
3 0.397518 0.454068 0.120466 0.16804 0.0309514
1 0.180752 0.358285 0.0452183 0.16789 0.0293359
3 0.387732 0.457454 0.101437 0.173121 0.0291612
3 0.409998 0.53113 0.299916 0.34022 0.0289367
3 0.403809 0.436703 0.137436 0.137725 0.0270758
3 0.431055 0.529448 0.226792 0.318654 0.0262761
3 0.405503 0.438719 0.127039 0.139679 0.0253699
3 0.421531 0.491632 0.212348 0.246977 0.0224162
5 0.364287 0.271975 0.0178582 0.0255452 0.022309
3 0.395554 0.458313 0.1188 0.181235 0.0219471
5 0.506064 0.445189 0.0166969 0.0237358 0.0204984
5 0.506101 0.445062 0.0156409 0.0214147 0.0198733
3 0.414832 0.53155 0.274648 0.338641 0.0197756
5 0.483968 0.561485 0.0225902 0.0273994 0.0194238
3 0.408215 0.420761 0.127511 0.105864 0.0190735
3 0.402012 0.454121 0.149018 0.176219 0.0190003
3 0.385555 0.452098 0.0942796 0.161405 0.0179745
1 0.18482 0.341729 0.0562533 0.185461 0.0169483
5 0.339042 0.547224 0.0120541 0.0152869 0.0161454
3 0.410292 0.435443 0.506396 0.591435 0.0161089
1 0.18069 0.365144 0.0440342 0.196553 0.0159792
2 0.402215 0.206778 0.175684 0.120993 0.0146071
1 0.186963 0.35006 0.0597965 0.134218 0.0144986
1 0.177262 0.34751 0.0403999 0.154887 0.0141675
3 0.435574 0.482702 0.247101 0.237471 0.0129325
3 0.426986 0.496543 0.192969 0.254761 0.0123334
1 0.177645 0.345528 0.0432017 0.178148 0.0115326
2 0.400306 0.202616 0.164909 0.116192 0.0113157
3 0.411036 0.429264 0.133998 0.123133 0.011241
3 0.40238 0.457323 0.137394 0.184383 0.0112384
3 0.413494 0.416218 0.120183 0.0955144 0.0111312
3 0.425276 0.484261 0.234085 0.227118 0.0110712
3 0.258751 0.449202 0.160087 0.306035 0.0109206
3 0.25596 0.461243 0.174106 0.3383 0.0107767
1 0.191042 0.34063 0.0696764 0.142367 0.0104062
5 0.482965 0.562043 0.0183545 0.0270766 0.0103507
