0 0.370722 0.571806 0.210917 0.281665 0.621321
0 0.369644 0.572267 0.210058 0.284106 0.592162
0 0.370946 0.572159 0.211896 0.282584 0.582866
0 0.370764 0.572351 0.212296 0.28385 0.57868
0 0.370845 0.570157 0.209973 0.282275 0.574993
0 0.373208 0.571842 0.212057 0.28086 0.565604
0 0.372603 0.571123 0.212514 0.281254 0.561221
0 0.369432 0.571545 0.212321 0.281873 0.545552
0 0.37146 0.572774 0.211896 0.281701 0.516586
0 0.369301 0.573326 0.210261 0.28298 0.466857
0 0.373314 0.547394 0.195802 0.235205 0.0746755
0 0.377758 0.560733 0.187091 0.240159 0.0641341
0 0.376266 0.577253 0.194678 0.275372 0.0313336
0 0.371257 0.540356 0.19588 0.221651 0.0293097
0 0.384408 0.565661 0.186471 0.255702 0.0247799
5 0.501958 0.410985 0.0256701 0.0277784 0.0233678
0 0.380402 0.555127 0.194063 0.255752 0.0224073
5 0.502178 0.410826 0.0292417 0.032602 0.019379
0 0.37903 0.574423 0.199718 0.276389 0.018789
0 0.372289 0.560414 0.198907 0.24074 0.0180246
5 0.505041 0.410753 0.0395197 0.0406938 0.0178415
0 0.373245 0.577621 0.203779 0.279952 0.0174382
0 0.370619 0.546309 0.202326 0.234017 0.017156
5 0.500758 0.410262 0.0316108 0.0346371 0.0168686
5 0.501224 0.410908 0.0275501 0.0311652 0.0165664
5 0.556814 0.677482 0.038561 0.0430315 0.0155247
5 0.555603 0.677546 0.0405731 0.0455279 0.0151034
5 0.505156 0.409684 0.0404216 0.0398246 0.0140397
5 0.55842 0.677599 0.0445112 0.0476207 0.0128926
0 0.375278 0.574819 0.208478 0.279787 0.0127943
5 0.558093 0.67903 0.042035 0.0459939 0.0127812
5 0.501773 0.41269 0.0330116 0.0383187 0.0121368
0 0.371229 0.577393 0.204021 0.278975 0.0118129
5 0.504795 0.413472 0.0422793 0.0455328 0.0114074
5 0.555999 0.678992 0.0345512 0.0392815 0.0113421
5 0.706444 0.438304 0.0337673 0.0335678 0.0105488
5 0.55828 0.679734 0.0422656 0.045729 0.0102809
0 0.375518 0.544953 0.200578 0.233353 0.0102131
5 0.555341 0.67898 0.0370857 0.0420479 0.0100125
