0 0.575114 0.487539 0.736686 0.972405 0.804213
0 0.572516 0.490396 0.735076 0.980508 0.787942
0 0.570512 0.443933 0.745071 0.887866 0.756098
0 0.556292 0.459682 0.760147 0.919364 0.746188
0 0.531138 0.358678 0.792626 0.710383 0.718768
0 0.571859 0.481136 0.752681 0.962273 0.677542
0 0.556018 0.369597 0.761191 0.735359 0.652372
5 0.568925 0.575311 0.0954707 0.130203 0.604885
0 0.552868 0.436632 0.749608 0.873065 0.588252
5 0.569643 0.576741 0.0923918 0.134027 0.541578
0 0.565712 0.489464 0.707681 0.97765 0.529329
5 0.570268 0.576796 0.0928011 0.130646 0.521452
5 0.570044 0.575656 0.0925689 0.129898 0.519493
0 0.530467 0.321086 0.79964 0.635115 0.437772
5 0.570607 0.576526 0.0906932 0.129122 0.427465
5 0.570688 0.575801 0.094546 0.130232 0.423815
5 0.569311 0.576481 0.0950202 0.130563 0.418785
5 0.56953 0.574775 0.0945541 0.128202 0.349329
5 0.568918 0.575636 0.0920898 0.131964 0.278605
0 0.577186 0.493049 0.729009 0.986099 0.22875
0 0.564022 0.419477 0.771965 0.838955 0.182805
5 0.570446 0.577479 0.0897727 0.12969 0.177483
0 0.576984 0.497437 0.725769 0.994874 0.173455
5 0.530717 0.351414 0.0767792 0.104786 0.124523
5 0.570044 0.577955 0.0928867 0.131097 0.114994
5 0.52941 0.351111 0.0756632 0.103618 0.0968287
5 0.529266 0.351665 0.077305 0.10544 0.0884985
5 0.530429 0.352012 0.0779188 0.106337 0.0792292
5 0.529568 0.35188 0.0749484 0.102354 0.0776667
5 0.52958 0.351414 0.0775508 0.103686 0.0751744
5 0.529472 0.351742 0.0767706 0.102481 0.0669372
5 0.260647 0.741092 0.0453949 0.0496967 0.064645
5 0.570701 0.577292 0.0922149 0.129696 0.0615782
5 0.531172 0.351687 0.0773987 0.102477 0.061527
5 0.586157 0.871502 0.0383307 0.0388698 0.0549672
5 0.58592 0.872185 0.0433288 0.0431117 0.0518324
5 0.262841 0.742044 0.0568451 0.0583321 0.0504866
5 0.39642 0.411019 0.0633452 0.0819505 0.0485016
5 0.261266 0.741056 0.0433218 0.049668 0.0471298
5 0.58674 0.871003 0.0410767 0.0407847 0.0458181
5 0.586361 0.872351 0.0368168 0.039968 0.0447642
5 0.586331 0.871971 0.0274008 0.0311833 0.0445357
5 0.262931 0.741659 0.0577417 0.0603423 0.0423672
5 0.585279 0.871246 0.0336165 0.0349003 0.0404645
5 0.529652 0.351786 0.0785255 0.104753 0.0395394
5 0.261281 0.740426 0.0557587 0.0557479 0.0377645
5 0.260745 0.741913 0.0445442 0.0471322 0.0362309
5 0.608854 0.383895 0.0709956 0.093256 0.0361703
5 0.609163 0.384014 0.0702238 0.0931011 0.0343693
5 0.609306 0.384568 0.0726943 0.0957574 0.0324786
5 0.608508 0.383641 0.0696453 0.0925887 0.0316871
5 0.261566 0.741017 0.0553779 0.0551431 0.0315634
5 0.584555 0.871438 0.0389175 0.0395945 0.0306212
5 0.585197 0.871374 0.0425327 0.0422074 0.0301718
5 0.610027 0.38444 0.0713413 0.0936817 0.0299764
5 0.396559 0.410523 0.0634953 0.0823176 0.0299338
0 0.564018 0.499038 0.694025 0.998075 0.0291906
5 0.395269 0.411045 0.0613898 0.0812529 0.0280235
5 0.263222 0.74046 0.0606101 0.0576801 0.0272108
5 0.261528 0.741683 0.0404103 0.044732 0.0267644
5 0.261777 0.741524 0.0485161 0.0503289 0.0263105
5 0.609756 0.383794 0.0713905 0.09218 0.0260342
5 0.395257 0.410973 0.0602548 0.0794892 0.0258406
5 0.584218 0.872024 0.0433671 0.0454341 0.025625
5 0.760991 0.830587 0.0491812 0.0533696 0.0243658
0 0.531349 0.277658 0.800646 0.551936 0.0242912
5 0.609789 0.383924 0.0718829 0.0932681 0.0238695
5 0.761329 0.83067 0.0473324 0.0528651 0.0236417
5 0.760726 0.83072 0.0590768 0.0609462 0.0233797
5 0.396615 0.410716 0.0647802 0.0818934 0.0232366
5 0.395185 0.410668 0.0624085 0.080486 0.0228132
5 0.262574 0.743002 0.0608189 0.0592076 0.0225125
5 0.77797 0.693609 0.0341859 0.0401843 0.0224382
5 0.260582 0.74182 0.0472076 0.0495236 0.020502
5 0.395309 0.410531 0.0598167 0.0821396 0.0186097
5 0.761283 0.830447 0.0544159 0.0534255 0.0185154
5 0.608848 0.38352 0.0695656 0.0920123 0.0183104
5 0.635848 0.695947 0.0419257 0.0435942 0.0178042
5 0.570904 0.571001 0.0953507 0.123931 0.0173196
5 0.763319 0.831621 0.0583056 0.0590786 0.0164561
5 0.778705 0.693888 0.0320268 0.0377153 0.0158736
5 0.39591 0.410864 0.0614188 0.0804253 0.015747
5 0.387605 0.493089 0.0403333 0.044457 0.0152633
5 0.76226 0.831233 0.05621 0.0543564 0.0151747
5 0.76284 0.829322 0.0645631 0.0719753 0.014985
5 0.39564 0.410587 0.0590466 0.0810309 0.0149786
0 0.524301 0.235775 0.786497 0.465883 0.0148013
0 0.52879 0.231308 0.799605 0.457776 0.0146237
5 0.567723 0.573858 0.102003 0.129694 0.0139079
5 0.611003 0.383599 0.0741475 0.0984337 0.0136272
5 0.777689 0.693829 0.0473562 0.0584377 0.0135871
5 0.777742 0.694585 0.0481062 0.0548742 0.0126268
5 0.63319 0.702349 0.0569219 0.0749875 0.012188
5 0.885759 0.685194 0.0657108 0.0768686 0.0118716
0 0.339043 0.29021 0.399437 0.572496 0.0118481
5 0.609265 0.38352 0.0709186 0.0943014 0.0117532
5 0.763409 0.830232 0.058347 0.054204 0.0116593
5 0.261949 0.741156 0.0616604 0.0638829 0.0116256
5 0.263537 0.742002 0.062668 0.0640897 0.0115956
5 0.387559 0.492777 0.0332395 0.0402277 0.0115705
5 0.76192 0.829597 0.0537324 0.0540838 0.0114877
5 0.760658 0.830646 0.0453168 0.0472225 0.0114438
5 0.778283 0.69475 0.0469498 0.0462143 0.011263
5 0.761179 0.830192 0.0387627 0.0423969 0.0108733
5 0.675512 0.572042 0.0388031 0.057296 0.0108069
5 0.609844 0.384504 0.0727866 0.0964273 0.0105229
5 0.521295 0.270324 0.0511562 0.0669519 0.0102623
5 0.761743 0.829111 0.0559805 0.0534712 0.0102181
5 0.520743 0.27207 0.0567304 0.0702077 0.0100313
