3 0.531305 0.618986 0.418003 0.648061 0.896945
3 0.528142 0.618488 0.421325 0.646993 0.893028
3 0.530383 0.616014 0.419234 0.636307 0.866496
3 0.529183 0.616999 0.427467 0.642443 0.862924
3 0.526979 0.616834 0.422281 0.639727 0.853748
3 0.529086 0.614493 0.427673 0.630958 0.852891
3 0.530979 0.614336 0.419077 0.640272 0.851849
3 0.527478 0.614906 0.42187 0.639725 0.836435
3 0.530405 0.614821 0.427054 0.637594 0.824959
3 0.528281 0.616377 0.41961 0.642695 0.81712
5 0.451382 0.75448 0.0281364 0.0347456 0.0100895
