1 0.60904 0.41448 0.627367 0.769899 0.889421
1 0.607227 0.415552 0.62225 0.772559 0.88616
1 0.60332 0.41651 0.628422 0.774002 0.882408
1 0.606417 0.413633 0.626649 0.765348 0.879283
1 0.608099 0.412405 0.633003 0.762486 0.874668
1 0.602678 0.414258 0.62893 0.765601 0.868623
1 0.600216 0.413651 0.624163 0.76086 0.821179
1 0.603612 0.426729 0.622477 0.755432 0.769157
1 0.600665 0.427066 0.62485 0.75514 0.651349
1 0.601915 0.414459 0.618822 0.768877 0.617027
1 0.608947 0.412681 0.61948 0.768436 0.549746
5 0.500467 0.387533 0.0279135 0.0306448 0.162172
5 0.500682 0.387375 0.0324819 0.0398851 0.13469
5 0.500814 0.387452 0.0276658 0.0312482 0.110805
5 0.501254 0.387708 0.0333396 0.0391356 0.102948
5 0.500169 0.386803 0.0328674 0.0363825 0.0939908
5 0.50155 0.387285 0.0330353 0.0365248 0.0887473
5 0.493511 0.383274 0.0570166 0.0606552 0.0525543
5 0.474358 0.361231 0.0225604 0.0235093 0.0498357
5 0.651614 0.706946 0.0441389 0.0487522 0.0463168
5 0.473478 0.361424 0.0224927 0.023348 0.0416801
5 0.651082 0.706762 0.0503798 0.0516442 0.0406745
5 0.652904 0.707696 0.0477788 0.051326 0.0394198
5 0.503675 0.387124 0.0468014 0.0521022 0.0365213
5 0.504135 0.387701 0.0431222 0.0477562 0.0357452
5 0.50407 0.388186 0.0450886 0.0477841 0.0354366
5 0.495814 0.390077 0.054084 0.0611722 0.0343085
5 0.494801 0.381475 0.0516283 0.0521387 0.0319604
5 0.650524 0.707407 0.0435476 0.0468051 0.0307489
5 0.652372 0.70782 0.0411919 0.0464638 0.0283017
5 0.478362 0.365446 0.031887 0.0351725 0.027094
0 0.484513 0.385645 0.108555 0.106683 0.0251288
5 0.651514 0.707412 0.0386939 0.0421865 0.0237331
1 0.603715 0.413628 0.622601 0.768274 0.0225477
5 0.652846 0.707728 0.0414762 0.045271 0.0222125
5 0.650747 0.707405 0.0435066 0.045186 0.020926
5 0.650858 0.70733 0.0392141 0.0436102 0.0180261
5 0.489963 0.387408 0.0723212 0.0719112 0.0174106
5 0.0542048 0.962562 0.10841 0.0748763 0.0173169
5 0.49894 0.391544 0.050723 0.0578945 0.0168118
5 0.650724 0.709932 0.0466129 0.0509402 0.0166621
5 0.65025 0.708822 0.0502004 0.0542709 0.0149177
5 0.474972 0.359909 0.0306331 0.0300882 0.0149034
5 0.473178 0.3631 0.0297449 0.0332045 0.0141893
5 0.652279 0.71057 0.0492845 0.0534007 0.0123939
5 0.473817 0.359959 0.0306232 0.0319599 0.0112244
0 0.490236 0.384977 0.113336 0.110758 0.0101101
