3 0.419422 0.479957 0.458115 0.49566 0.500692
3 0.420246 0.480382 0.460694 0.501754 0.480601
3 0.418596 0.480887 0.458304 0.497989 0.470035
3 0.419851 0.480447 0.457905 0.50298 0.443795
3 0.421625 0.480508 0.458424 0.500826 0.40362
3 0.421363 0.478973 0.459755 0.502286 0.396993
3 0.421076 0.480886 0.45569 0.500055 0.395033
3 0.420516 0.477905 0.455867 0.501925 0.3791
3 0.422832 0.479493 0.458317 0.497951 0.376645
4 0.423225 0.47951 0.459329 0.499581 0.261954
2 0.471242 0.554868 0.0142948 0.0196286 0.0275844
4 0.376271 0.259584 0.218936 0.0667958 0.02241
2 0.471553 0.554924 0.0168246 0.0217606 0.0190664
2 0.608543 0.528111 0.017118 0.022117 0.0156483
4 0.367931 0.258887 0.202007 0.0665771 0.0156043
2 0.582144 0.430973 0.017119 0.0226723 0.0154277
4 0.38228 0.259362 0.217755 0.0655489 0.01506
2 0.609606 0.527817 0.0165912 0.0217018 0.0144249
2 0.614933 0.438776 0.0166746 0.0220995 0.0121237
2 0.583944 0.431168 0.0190422 0.0265638 0.0100509
