3 0.426142 0.433109 0.331576 0.396636 0.651557
3 0.426031 0.431396 0.332163 0.396263 0.633136
3 0.425712 0.431911 0.328151 0.395411 0.63186
3 0.425048 0.43398 0.327939 0.395285 0.623541
3 0.426094 0.431139 0.330132 0.394134 0.6196
3 0.426625 0.430682 0.332257 0.393861 0.596372
3 0.424229 0.43146 0.325086 0.399029 0.548284
3 0.427578 0.432066 0.329672 0.398544 0.534643
3 0.425948 0.431922 0.331947 0.399191 0.527151
3 0.427137 0.43216 0.337802 0.399123 0.52277
3 0.411889 0.400988 0.227207 0.170594 0.0904068
3 0.423721 0.395532 0.199252 0.170368 0.054272
3 0.398107 0.40072 0.264123 0.17545 0.0507956
3 0.409824 0.396762 0.23301 0.170823 0.0460519
3 0.406987 0.420663 0.249072 0.215328 0.0370513
3 0.423636 0.417058 0.184843 0.238205 0.0362021
3 0.404375 0.435636 0.218016 0.275847 0.0215009
1 0.557846 0.41922 0.0786458 0.360908 0.0205828
3 0.424586 0.395193 0.202534 0.175451 0.0177552
3 0.430189 0.393513 0.184493 0.183223 0.0164161
1 0.557378 0.422164 0.0773299 0.354215 0.0131198
3 0.429045 0.405359 0.181832 0.229476 0.0125251
3 0.408588 0.386096 0.251614 0.185924 0.011408
3 0.37607 0.436949 0.221733 0.286074 0.0113351
3 0.408913 0.404915 0.263939 0.184097 0.0112702
1 0.433389 0.577855 0.276277 0.103051 0.0109547
