2 0.541269 0.404717 0.102906 0.108099 0.786623
2 0.708003 0.546186 0.0729792 0.0837982 0.747801
2 0.540091 0.403885 0.102587 0.108371 0.740331
2 0.539043 0.405443 0.102699 0.104992 0.720914
2 0.541003 0.40501 0.104087 0.106844 0.665194
2 0.708269 0.545939 0.0711987 0.0842691 0.664778
2 0.541724 0.406406 0.102105 0.105295 0.664724
2 0.707344 0.545375 0.0708242 0.0847431 0.654047
2 0.708757 0.545375 0.0682464 0.0829461 0.623641
2 0.708265 0.545017 0.068207 0.0850677 0.61715
2 0.540545 0.405527 0.102795 0.105687 0.603634
2 0.540105 0.403432 0.107068 0.111965 0.582219
2 0.709443 0.544809 0.06583 0.0822501 0.52397
2 0.70783 0.546135 0.076423 0.0874313 0.498757
2 0.539051 0.404738 0.107951 0.107339 0.49725
2 0.707998 0.54619 0.0773707 0.085961 0.468474
2 0.228825 0.682414 0.124563 0.0661802 0.466084
2 0.709092 0.546451 0.0764287 0.0879664 0.42622
2 0.230289 0.681977 0.128106 0.0681734 0.425098
2 0.229893 0.680353 0.126791 0.0665297 0.40435
2 0.229754 0.681533 0.127201 0.068935 0.345626
2 0.229888 0.681407 0.127634 0.0668647 0.339593
2 0.227818 0.681153 0.117802 0.065255 0.317291
2 0.708302 0.546762 0.0763793 0.0908018 0.300342
2 0.539591 0.405139 0.104713 0.104768 0.248262
1 0.584247 0.554454 0.484265 0.534629 0.224488
5 0.19153 0.815666 0.0337554 0.036539 0.168024
5 0.193397 0.816294 0.0257726 0.0333461 0.163589
2 0.228648 0.68151 0.130691 0.0679598 0.153797
5 0.235235 0.834603 0.0377114 0.0434933 0.148432
2 0.227415 0.680256 0.12741 0.0647115 0.13964
5 0.193195 0.816252 0.0268539 0.0336274 0.139118
5 0.192211 0.81614 0.0340913 0.0372577 0.138114
5 0.234558 0.834707 0.0404949 0.0445929 0.133978
5 0.235248 0.833689 0.0333049 0.0391643 0.127947
2 0.709856 0.546032 0.0705882 0.0818027 0.127216
1 0.583034 0.557591 0.483564 0.530782 0.127068
2 0.708346 0.546274 0.0755215 0.0882241 0.124565
1 0.578991 0.553868 0.478279 0.531925 0.120827
2 0.539377 0.4082 0.102829 0.101055 0.11996
2 0.230233 0.683355 0.108018 0.0628273 0.119048
5 0.235753 0.833288 0.0363787 0.0432711 0.114816
1 0.582307 0.551967 0.470905 0.527778 0.112531
5 0.234596 0.83415 0.0374795 0.0411022 0.1117
5 0.234667 0.833534 0.0402599 0.0438759 0.104282
2 0.228084 0.682306 0.125279 0.0704193 0.102536
1 0.579784 0.554501 0.481784 0.532774 0.0953399
1 0.580297 0.554996 0.475601 0.530879 0.091922
2 0.540693 0.413078 0.0994548 0.0914179 0.0833298
1 0.579505 0.55534 0.480744 0.52985 0.0818728
2 0.541655 0.399629 0.0999104 0.0935958 0.0808524
5 0.233943 0.832753 0.047096 0.0516508 0.0772477
1 0.58011 0.553787 0.480462 0.533184 0.0692711
5 0.23477 0.831569 0.046866 0.0505317 0.0683873
2 0.537824 0.406309 0.100664 0.105841 0.0620723
2 0.538737 0.405581 0.10479 0.10997 0.0610542
2 0.230844 0.683544 0.0964367 0.0586085 0.0584206
5 0.191409 0.819314 0.0375236 0.0454523 0.0564384
1 0.584605 0.556704 0.485232 0.538308 0.0536388
2 0.707899 0.546138 0.0789026 0.0910355 0.0517266
1 0.580108 0.554515 0.48347 0.533364 0.0462294
2 0.54111 0.402489 0.103888 0.10262 0.0451069
5 0.192626 0.817448 0.034361 0.0422259 0.0448869
5 0.292757 0.789906 0.0820639 0.298082 0.0445687
2 0.709783 0.545791 0.0736149 0.085897 0.0429613
2 0.298629 0.758614 0.0836351 0.189456 0.0413859
2 0.711161 0.544246 0.0652741 0.0832058 0.0409685
5 0.236878 0.835561 0.0510771 0.0536931 0.0396761
5 0.291861 0.794526 0.0843408 0.281866 0.0386464
2 0.299055 0.750884 0.0819032 0.185945 0.0351473
2 0.248138 0.72249 0.178677 0.173105 0.0288967
5 0.269494 0.792728 0.130759 0.298555 0.0286463
5 0.260262 0.791432 0.14872 0.301875 0.0252525
2 0.257037 0.752178 0.155826 0.21303 0.0245217
5 0.191166 0.816088 0.0345949 0.0387685 0.0243134
2 0.289383 0.777401 0.0887093 0.245025 0.023489
2 0.242403 0.691973 0.168229 0.110086 0.0233833
5 0.237091 0.834934 0.0537116 0.0576021 0.0227532
5 0.234062 0.832923 0.0485796 0.0513196 0.0211226
5 0.190922 0.815798 0.0356738 0.0404762 0.0201529
0 0.248598 0.79064 0.186327 0.2983 0.0199144
5 0.289706 0.788773 0.0894056 0.30362 0.0189946
2 0.302065 0.760879 0.0879448 0.203269 0.0185622
2 0.241036 0.678517 0.162971 0.10532 0.018008
5 0.192653 0.814884 0.0371488 0.0431787 0.0176949
2 0.271308 0.78172 0.12846 0.266766 0.0174551
2 0.247128 0.730912 0.176789 0.180446 0.0173245
2 0.709768 0.548378 0.0655069 0.0817905 0.0172115
2 0.541492 0.383872 0.0983114 0.0605953 0.0167675
2 0.252588 0.732918 0.182645 0.217044 0.0156399
5 0.263185 0.795494 0.0214055 0.0236098 0.0142352
1 0.216586 0.812703 0.23887 0.351294 0.0140404
2 0.251443 0.692109 0.0519294 0.0383977 0.0137472
2 0.29755 0.749851 0.0813554 0.175228 0.0135461
2 0.539085 0.407113 0.108617 0.104064 0.0133624
5 0.237527 0.835006 0.0545143 0.0523599 0.0133342
2 0.227427 0.682793 0.116017 0.0657571 0.0130701
2 0.248451 0.695744 0.179154 0.132511 0.0126253
0 0.256004 0.789859 0.178416 0.293789 0.0125837
2 0.542481 0.403774 0.10511 0.111663 0.01253
2 0.284456 0.757394 0.100308 0.205815 0.0108631
0 0.243502 0.790732 0.191699 0.306192 0.0104127
5 0.193301 0.814609 0.0397324 0.0439443 0.0101534
5 0.254131 0.791438 0.161718 0.306995 0.0101423
