0 0.491346 0.482768 0.5138 0.622217 0.527831
0 0.491983 0.482465 0.514578 0.619485 0.509499
0 0.490242 0.485937 0.512028 0.615358 0.501752
0 0.493894 0.480109 0.506801 0.612582 0.471874
0 0.495447 0.482161 0.513807 0.620504 0.427735
0 0.493808 0.485579 0.510738 0.617695 0.418479
0 0.493504 0.483122 0.514885 0.619529 0.406667
2 0.377493 0.663249 0.106914 0.0986226 0.395919
0 0.496022 0.48187 0.516733 0.62108 0.341927
2 0.381278 0.664312 0.100895 0.0986874 0.33726
0 0.494094 0.487529 0.509881 0.615601 0.333931
0 0.49549 0.484446 0.515539 0.61875 0.333549
2 0.33138 0.501939 0.0619255 0.070701 0.328935
2 0.376359 0.662425 0.108071 0.0970136 0.328051
2 0.380925 0.663721 0.109793 0.099169 0.324573
2 0.329887 0.501362 0.0597682 0.0720199 0.289736
2 0.381058 0.665865 0.110803 0.102584 0.2864
2 0.331978 0.502419 0.0661393 0.0738866 0.264507
2 0.458396 0.284377 0.0525466 0.0489486 0.204983
2 0.458308 0.283717 0.0564523 0.0503315 0.203634
2 0.378125 0.675844 0.105174 0.120135 0.202906
2 0.458634 0.284858 0.0515643 0.0443208 0.201354
2 0.459842 0.284372 0.0522096 0.0487969 0.182557
2 0.458964 0.284945 0.0511663 0.0460254 0.180002
2 0.331092 0.502485 0.0669118 0.0785737 0.171094
2 0.383061 0.663308 0.0923916 0.0975673 0.169813
2 0.459133 0.2849 0.0515297 0.0450306 0.168698
2 0.379933 0.663974 0.107923 0.099351 0.16609
2 0.458499 0.284591 0.0529669 0.0452348 0.161846
2 0.657838 0.319577 0.0548674 0.0707104 0.155093
2 0.333501 0.502137 0.0666993 0.0720428 0.154988
2 0.657589 0.318197 0.0540174 0.0731962 0.152895
2 0.657309 0.318067 0.0535965 0.0744267 0.145378
2 0.389347 0.663917 0.082184 0.0966674 0.141204
2 0.641212 0.593316 0.0717887 0.0883449 0.134964
2 0.329787 0.501995 0.058787 0.0706811 0.130211
2 0.33119 0.501891 0.0617174 0.0708278 0.125173
2 0.644459 0.59239 0.074738 0.09338 0.120631
2 0.65705 0.318457 0.0577145 0.0724664 0.11841
2 0.457936 0.284024 0.0556561 0.0493476 0.112357
2 0.384879 0.662357 0.0836804 0.0943607 0.110819
2 0.377573 0.664978 0.103797 0.0999033 0.110036
2 0.641172 0.391065 0.0561937 0.0819123 0.104691
2 0.460771 0.285128 0.0557975 0.0493402 0.101793
2 0.656651 0.317472 0.0548276 0.0745527 0.100307
2 0.669103 0.60333 0.137373 0.228259 0.0990557
2 0.657289 0.31804 0.0547088 0.0713986 0.0978229
2 0.641082 0.38931 0.0552087 0.077506 0.0964161
2 0.457002 0.285329 0.0585719 0.0545304 0.0948178
2 0.382897 0.572087 0.0764047 0.0842303 0.0928
2 0.643938 0.390092 0.0601813 0.0806847 0.0875087
2 0.381772 0.571643 0.0801384 0.0836595 0.08719
2 0.642113 0.387955 0.0566333 0.0758943 0.0865207
2 0.640163 0.38692 0.0550903 0.0764275 0.0841296
2 0.639216 0.388315 0.0530683 0.0743946 0.0826345
2 0.459813 0.284112 0.0598094 0.051547 0.0797403
2 0.646769 0.392174 0.06608 0.0877302 0.0796724
2 0.656224 0.317646 0.0584978 0.0754481 0.0792407
2 0.395031 0.66127 0.0735509 0.102842 0.0779704
2 0.639905 0.59239 0.0695571 0.0888352 0.0778807
2 0.380551 0.571532 0.0820283 0.0865089 0.0757037
2 0.659623 0.318112 0.0568073 0.0770972 0.0750552
2 0.332724 0.502223 0.0621356 0.0726461 0.0722001
2 0.643975 0.389128 0.0602712 0.0786892 0.0707334
2 0.6596 0.319655 0.0611793 0.0743984 0.0705966
2 0.329731 0.501538 0.0632129 0.0769796 0.0687362
2 0.332792 0.503151 0.0686409 0.0739027 0.0649949
2 0.332482 0.502227 0.0586234 0.0709348 0.0649356
2 0.513741 0.343366 0.0807347 0.0879368 0.0633711
2 0.328844 0.501235 0.0585446 0.0725898 0.063124
2 0.677266 0.60188 0.142788 0.250641 0.061557
2 0.641565 0.592162 0.0691474 0.0918328 0.0614721
2 0.511029 0.342035 0.0736506 0.0898488 0.0601437
2 0.66981 0.590906 0.138905 0.239193 0.0601145
2 0.668749 0.618915 0.138279 0.238188 0.0600311
2 0.382803 0.572763 0.0776002 0.0845994 0.0597986
2 0.510449 0.345468 0.0733725 0.0835281 0.0579101
2 0.65545 0.316768 0.0591429 0.0767019 0.056848
2 0.513286 0.340869 0.0797231 0.0950153 0.0560734
2 0.461469 0.285016 0.0546718 0.051837 0.0560279
2 0.676166 0.594938 0.138812 0.234705 0.0527042
2 0.33274 0.502986 0.0752188 0.0866928 0.0520019
2 0.396398 0.660369 0.0647911 0.100591 0.0517698
2 0.65702 0.317681 0.0662982 0.0784701 0.0504005
2 0.507197 0.345403 0.0669335 0.0803812 0.0487643
2 0.407259 0.652875 0.158471 0.118505 0.0476913
2 0.382844 0.66274 0.119831 0.113604 0.045892
2 0.329904 0.500589 0.0574566 0.0689908 0.045777
2 0.395755 0.657932 0.145508 0.11446 0.045579
2 0.658332 0.319195 0.0638554 0.0785319 0.0422014
2 0.373644 0.571993 0.103911 0.0930256 0.0419872
2 0.379918 0.571507 0.0865502 0.084602 0.0418866
2 0.376416 0.663705 0.10522 0.0958971 0.0418135
2 0.647273 0.389349 0.0701805 0.0859601 0.0411929
2 0.641855 0.591933 0.0713061 0.0939337 0.040021
2 0.64224 0.3875 0.0608306 0.0826944 0.0381005
0 0.489363 0.484862 0.50373 0.608143 0.0380235
2 0.505359 0.348482 0.0644747 0.0745139 0.0379674
2 0.479182 0.500207 0.0585271 0.0502711 0.0377812
2 0.502512 0.348571 0.056885 0.072373 0.0371281
2 0.379509 0.670775 0.109693 0.112947 0.0368146
2 0.47851 0.499308 0.0558675 0.0479588 0.0355991
2 0.505434 0.347675 0.0689633 0.0771118 0.034901
2 0.478676 0.498549 0.0573237 0.0458933 0.0337892
2 0.39979 0.659117 0.0855662 0.110736 0.0334604
2 0.516982 0.338524 0.0938598 0.10661 0.0322617
2 0.337812 0.326889 0.0713813 0.0684096 0.0322265
2 0.382419 0.573756 0.0758341 0.0877031 0.0319493
2 0.333469 0.502704 0.0724412 0.0827004 0.0315595
2 0.376582 0.684674 0.103172 0.139637 0.031454
2 0.640129 0.592277 0.0698842 0.0888967 0.031081
2 0.386168 0.574199 0.0653554 0.0850061 0.03019
2 0.456582 0.285019 0.0596392 0.0630925 0.0292719
2 0.636973 0.389629 0.0514824 0.0805524 0.0285482
2 0.648628 0.391764 0.0748313 0.0844122 0.0278697
2 0.477612 0.498668 0.0537125 0.0454151 0.0278039
2 0.657105 0.31782 0.0681679 0.081625 0.0260724
2 0.477606 0.498289 0.05507 0.0500822 0.0260667
2 0.400765 0.667018 0.152789 0.123132 0.0259359
2 0.333037 0.502693 0.0751461 0.0845378 0.0258794
2 0.387001 0.572677 0.0641526 0.0823802 0.0251426
2 0.40609 0.644565 0.162204 0.130546 0.0249673
2 0.477947 0.497796 0.0583926 0.045522 0.0244493
2 0.412685 0.622812 0.177626 0.198145 0.0228309
2 0.652984 0.593482 0.0919834 0.0977749 0.0226357
2 0.682125 0.6081 0.154633 0.264386 0.0221676
2 0.479541 0.498604 0.059014 0.0530256 0.0220726
2 0.660109 0.593316 0.108752 0.102508 0.0218101
2 0.376511 0.572915 0.0972073 0.09323 0.0212365
2 0.276221 0.493051 0.0407533 0.0638948 0.0210655
2 0.33836 0.328738 0.0719211 0.0665377 0.0210582
2 0.383424 0.573507 0.0941038 0.0914692 0.0206757
2 0.478409 0.498164 0.0563224 0.044847 0.0204214
2 0.277109 0.493051 0.0354639 0.061194 0.0202916
2 0.274965 0.493113 0.0381585 0.0624187 0.0195782
2 0.479856 0.50031 0.0643867 0.0565382 0.0191671
2 0.513268 0.340886 0.0868476 0.1025 0.0191356
2 0.649016 0.392243 0.071189 0.0876138 0.0190984
2 0.514598 0.340569 0.0797466 0.0968813 0.019031
2 0.63611 0.592888 0.06277 0.084295 0.01724
2 0.336684 0.32455 0.0792205 0.0792303 0.016763
2 0.362857 0.687513 0.184958 0.16278 0.0166045
2 0.336968 0.327301 0.0679767 0.0665578 0.0164978
5 0.0155773 0.0685533 0.0311546 0.0499977 0.0163802
5 0.0174221 0.0679699 0.0348442 0.055547 0.0162619
2 0.655701 0.593526 0.098046 0.0992339 0.0162114
2 0.478476 0.497849 0.0575841 0.0486541 0.0160452
2 0.655841 0.317135 0.0555751 0.0754312 0.0160187
2 0.576118 0.269864 0.0484894 0.0646068 0.0159395
2 0.659143 0.417945 0.107604 0.147041 0.0159266
2 0.457055 0.285853 0.0627614 0.0657577 0.0157587
2 0.576379 0.269452 0.0571576 0.0679851 0.0156471
2 0.681413 0.581376 0.1325 0.222359 0.0150414
2 0.276297 0.493227 0.0389282 0.0639373 0.0150073
5 0.0154969 0.0680398 0.0309939 0.0479175 0.0146451
2 0.569692 0.267793 0.0719528 0.0728501 0.0142695
2 0.397964 0.584054 0.152205 0.143198 0.0139921
2 0.335332 0.323592 0.0706894 0.0745264 0.0137918
2 0.443269 0.630505 0.0655153 0.0909528 0.0137055
2 0.337005 0.32712 0.0652391 0.0726159 0.0136876
2 0.336259 0.325952 0.0675181 0.066868 0.0136457
5 0.0156326 0.0685677 0.0312652 0.049487 0.0134955
2 0.273537 0.492571 0.04445 0.0945115 0.0134177
2 0.456239 0.285418 0.068113 0.0677085 0.0133227
2 0.673104 0.408146 0.134912 0.25664 0.0131712
2 0.507143 0.348576 0.0654743 0.0775019 0.0130242
2 0.406027 0.649102 0.171659 0.137677 0.0129557
2 0.665764 0.605721 0.134719 0.158252 0.0128115
5 0.0161277 0.0674767 0.0322554 0.0549566 0.0127232
5 0.0160644 0.0683171 0.0321288 0.0500209 0.0126607
2 0.634087 0.593331 0.0584149 0.0835158 0.0122399
2 0.578296 0.26986 0.0537931 0.06748 0.0120897
2 0.411155 0.632415 0.188177 0.159843 0.0120198
2 0.277491 0.491882 0.0382438 0.0641193 0.0120009
2 0.576106 0.268969 0.0640821 0.0722441 0.011609
2 0.639774 0.386384 0.0607288 0.0823591 0.0115625
2 0.478453 0.499205 0.0676305 0.0586743 0.0112188
5 0.0168617 0.0686386 0.0337235 0.0520405 0.011168
2 0.275496 0.49145 0.0384536 0.0631716 0.0111562
2 0.445836 0.63101 0.0615288 0.0888393 0.011135
2 0.377372 0.568699 0.10999 0.115267 0.0110112
2 0.270046 0.480882 0.0524206 0.260207 0.0108273
2 0.39116 0.664394 0.0833125 0.0954155 0.010824
2 0.479775 0.501671 0.0659338 0.0606459 0.0105051
2 0.672559 0.390262 0.138294 0.283288 0.0103666
2 0.381493 0.68066 0.127405 0.146458 0.0102477
5 0.0170356 0.0691258 0.0340712 0.0517595 0.0102215
2 0.578619 0.27044 0.0546828 0.067794 0.010151
2 0.340868 0.3306 0.0722254 0.0644328 0.0100777
2 0.533403 0.329395 0.196605 0.147059 0.0100251
