2 0.476309 0.607042 0.0440122 0.0654583 0.830601
2 0.533376 0.640891 0.0588016 0.0534214 0.816859
2 0.477059 0.606312 0.0454909 0.0655046 0.794477
2 0.45854 0.543848 0.0470763 0.0554046 0.794385
2 0.533953 0.640909 0.0565346 0.054353 0.779208
2 0.458328 0.543747 0.049759 0.055444 0.776436
2 0.544757 0.479905 0.0379483 0.0467349 0.766222
2 0.533699 0.641049 0.0572048 0.0536766 0.763954
2 0.600448 0.443218 0.0495036 0.0565164 0.76266
2 0.601286 0.443328 0.0478876 0.0569751 0.760905
2 0.600963 0.55069 0.0596797 0.0560793 0.757758
2 0.600242 0.551226 0.0604838 0.0566744 0.755768
2 0.458284 0.544035 0.0477293 0.0546233 0.752014
2 0.600613 0.549781 0.0575786 0.0560144 0.750845
2 0.533666 0.641822 0.0566842 0.0571319 0.746736
2 0.477309 0.606612 0.0464665 0.0671208 0.745851
2 0.601209 0.443504 0.0486629 0.0570863 0.745562
2 0.600568 0.44354 0.0468788 0.0584681 0.745462
2 0.533623 0.640841 0.0579804 0.0533397 0.744554
2 0.601151 0.549428 0.0568725 0.0561921 0.740125
2 0.458744 0.543871 0.047607 0.0547221 0.735582
2 0.544801 0.480053 0.037942 0.0463037 0.735333
2 0.533525 0.64091 0.0566665 0.0529786 0.734471
2 0.460442 0.445231 0.037219 0.0529501 0.732112
2 0.373379 0.397026 0.0475541 0.0599566 0.731674
2 0.476933 0.606668 0.0446219 0.0653754 0.731385
2 0.600191 0.44348 0.0503518 0.0579969 0.730478
2 0.458446 0.543876 0.0479109 0.0546761 0.730007
2 0.532724 0.641606 0.058487 0.0541573 0.7287
2 0.459711 0.446727 0.0380064 0.0549234 0.727342
2 0.477137 0.606219 0.0455073 0.0650683 0.724562
2 0.459271 0.543582 0.0477098 0.0549579 0.722308
2 0.600705 0.550044 0.0573116 0.0551912 0.71987
2 0.373861 0.397995 0.0475628 0.0598513 0.716363
2 0.600498 0.549903 0.0587229 0.0563759 0.715372
2 0.47817 0.607574 0.0461972 0.0677076 0.715194
2 0.366751 0.609679 0.043688 0.0480784 0.70846
2 0.372139 0.398734 0.0470019 0.0619383 0.706639
2 0.648598 0.441865 0.0407974 0.059118 0.706277
2 0.457488 0.544265 0.049274 0.0543572 0.706066
2 0.460156 0.446031 0.0375099 0.0535852 0.704741
2 0.600634 0.443119 0.0467883 0.0552314 0.702236
2 0.600171 0.443515 0.0483784 0.0559343 0.699746
2 0.477044 0.60633 0.0485045 0.0686999 0.696137
2 0.504602 0.502641 0.0389064 0.0412112 0.693071
2 0.494256 0.460693 0.0335786 0.0464265 0.689817
2 0.648309 0.441968 0.0403205 0.0564382 0.676902
2 0.599971 0.551651 0.0613869 0.0574568 0.675014
2 0.548221 0.523188 0.0520167 0.051591 0.669526
2 0.367852 0.609147 0.0432716 0.0489358 0.665004
2 0.61846 0.273502 0.0525165 0.0616477 0.664287
2 0.520419 0.295287 0.0411315 0.0421455 0.66363
2 0.519164 0.294742 0.0410595 0.0425702 0.662794
2 0.547592 0.523251 0.0523607 0.0500988 0.661052
2 0.648207 0.441661 0.0403083 0.0583691 0.660531
2 0.512507 0.230575 0.0567334 0.0587833 0.660489
2 0.459707 0.448152 0.0388756 0.0549022 0.659181
2 0.569197 0.705473 0.0361492 0.0500049 0.658673
2 0.523207 0.428625 0.0371216 0.0390579 0.657108
2 0.373696 0.396769 0.0481427 0.058613 0.656846
2 0.364784 0.609228 0.0414103 0.0471691 0.656733
2 0.547753 0.524801 0.0506407 0.0462228 0.656506
2 0.460014 0.446576 0.0391686 0.0556082 0.656149
2 0.494316 0.460225 0.0321808 0.0452526 0.655588
2 0.545484 0.479825 0.0384391 0.0464625 0.655495
2 0.51892 0.295473 0.0394813 0.0414657 0.653823
2 0.495316 0.460827 0.0355523 0.0467519 0.650312
2 0.520597 0.29487 0.0411092 0.0409107 0.649937
2 0.365973 0.609072 0.0409199 0.0485326 0.647703
2 0.373355 0.397846 0.0468386 0.0597974 0.647501
2 0.546569 0.480183 0.0392715 0.0471725 0.644323
2 0.601674 0.443521 0.0467702 0.0581724 0.643422
2 0.460813 0.445457 0.0395359 0.0542149 0.642325
2 0.367271 0.609509 0.0431347 0.0478262 0.641318
2 0.401751 0.362172 0.0464214 0.049695 0.6404
2 0.547262 0.524268 0.0516522 0.0480104 0.64034
2 0.374769 0.400262 0.0467511 0.0604712 0.639927
2 0.546587 0.479371 0.0395383 0.0476809 0.639071
2 0.601487 0.550698 0.056538 0.0596217 0.638957
2 0.648544 0.442394 0.040329 0.0569562 0.638757
2 0.366288 0.609576 0.0409657 0.0471272 0.638238
2 0.533872 0.641491 0.0591652 0.0571021 0.636226
2 0.504045 0.502688 0.0382554 0.0403364 0.635463
2 0.373642 0.511709 0.0567431 0.0498423 0.635106
2 0.370545 0.558186 0.0402031 0.0447141 0.634581
2 0.519778 0.294519 0.0399879 0.0405819 0.634351
2 0.477836 0.606625 0.0458528 0.0670867 0.633286
2 0.600931 0.4435 0.0495017 0.0579328 0.632655
2 0.548467 0.522892 0.0518063 0.0518008 0.630854
2 0.457962 0.544093 0.0501169 0.0557404 0.630505
2 0.618303 0.273173 0.0554998 0.0624728 0.629677
2 0.400511 0.362421 0.0451037 0.0510629 0.629239
2 0.505233 0.50139 0.0384454 0.0396836 0.629027
2 0.520873 0.294873 0.0403639 0.041539 0.62582
2 0.618658 0.273272 0.0549065 0.0621349 0.623805
2 0.460151 0.446523 0.0392123 0.0545994 0.623432
2 0.518989 0.295161 0.0391545 0.0413676 0.620924
2 0.402654 0.362574 0.0459314 0.0490424 0.61895
2 0.373553 0.511375 0.0562656 0.0490486 0.611643
2 0.512255 0.23101 0.0561829 0.0574667 0.610009
2 0.372789 0.39977 0.0459888 0.0610138 0.609867
2 0.545625 0.480032 0.0379201 0.0468613 0.608296
2 0.618517 0.273425 0.0553924 0.0631551 0.608218
2 0.548102 0.52371 0.050407 0.0482453 0.608053
2 0.545807 0.481252 0.039963 0.0456757 0.602202
2 0.618548 0.27321 0.0528958 0.0624081 0.602193
2 0.505173 0.502073 0.0390408 0.0405743 0.600147
2 0.512718 0.232055 0.0561654 0.0596944 0.596562
2 0.447199 0.295491 0.0493748 0.0542782 0.595893
2 0.569677 0.705315 0.0381743 0.0509405 0.595623
2 0.519343 0.295482 0.0385551 0.0406182 0.594642
2 0.511771 0.23027 0.0590842 0.0589962 0.59205
2 0.544967 0.480278 0.0392835 0.0461341 0.591528
2 0.4021 0.362546 0.0440695 0.0493538 0.589238
2 0.523311 0.428431 0.0355986 0.0379748 0.58832
2 0.447202 0.2957 0.0490193 0.0546864 0.586482
2 0.495033 0.460291 0.0346576 0.0475464 0.585113
2 0.568972 0.704984 0.0363125 0.0482771 0.584496
2 0.494542 0.459768 0.0325259 0.0485586 0.584172
2 0.545187 0.347782 0.0370415 0.0409632 0.582071
2 0.534514 0.641759 0.0571853 0.0566277 0.575707
2 0.522027 0.428999 0.0339141 0.0371579 0.573652
2 0.404257 0.363408 0.045916 0.0490818 0.573381
2 0.375631 0.399507 0.0497661 0.0607826 0.573345
2 0.538675 0.385892 0.0445225 0.0377936 0.571998
2 0.370293 0.558503 0.0406445 0.0449446 0.570923
2 0.533212 0.64236 0.0609478 0.0564122 0.570829
2 0.511678 0.232082 0.0585259 0.0598513 0.568199
2 0.4011 0.363016 0.0435956 0.0520115 0.56699
2 0.621997 0.337947 0.0342902 0.0377727 0.566676
2 0.64883 0.441692 0.0409209 0.0578748 0.566556
2 0.522157 0.429054 0.0347527 0.038111 0.565814
2 0.599537 0.552072 0.0604989 0.0595399 0.565458
2 0.478437 0.607461 0.051215 0.0699525 0.564756
2 0.488748 0.377129 0.0367626 0.0383815 0.563727
2 0.539466 0.385281 0.0444447 0.0385799 0.562627
2 0.488329 0.377411 0.0370434 0.0380111 0.560987
2 0.502836 0.339613 0.0450735 0.0468541 0.560289
2 0.543904 0.348139 0.0385633 0.0426383 0.559071
2 0.543912 0.348907 0.0364125 0.0412098 0.558918
2 0.512424 0.230763 0.0578243 0.0572717 0.555946
2 0.648885 0.441659 0.0403222 0.0564707 0.554706
2 0.618931 0.273149 0.053784 0.0637516 0.554437
2 0.545277 0.348379 0.0415413 0.0439023 0.55343
2 0.5462 0.347921 0.0390497 0.0435683 0.550668
2 0.547555 0.520464 0.0467779 0.0585982 0.549425
2 0.622273 0.337809 0.0341336 0.0370281 0.546388
2 0.446656 0.29593 0.0487328 0.0559897 0.54554
2 0.622493 0.337893 0.0349134 0.0383859 0.542383
2 0.446813 0.294705 0.0485563 0.0526195 0.542349
2 0.50434 0.503168 0.0395827 0.0430475 0.541229
2 0.457209 0.5441 0.050145 0.0572889 0.540696
2 0.544675 0.348506 0.0370899 0.0410121 0.536665
2 0.447714 0.29623 0.0488833 0.05686 0.533666
2 0.4603 0.449633 0.0395078 0.0530662 0.532562
2 0.538598 0.386376 0.0453375 0.0414726 0.530989
2 0.372971 0.511699 0.0560592 0.0479539 0.529023
2 0.522311 0.428245 0.032937 0.0378194 0.526903
2 0.600089 0.444549 0.0529094 0.058679 0.526797
2 0.418823 0.44101 0.0479373 0.0466631 0.526522
2 0.487652 0.377152 0.0343283 0.0375713 0.523787
2 0.622542 0.337976 0.0338125 0.0361661 0.523308
2 0.546332 0.348037 0.0383795 0.0425977 0.521719
2 0.540739 0.386269 0.0434689 0.0386602 0.521189
2 0.370611 0.558407 0.0411068 0.0443067 0.518433
2 0.50689 0.501738 0.0394118 0.039494 0.513875
2 0.365114 0.610011 0.0448901 0.0492323 0.513666
2 0.546796 0.480016 0.0390019 0.0465168 0.511941
2 0.569552 0.704522 0.0366452 0.048442 0.511537
2 0.531349 0.724433 0.037075 0.0410174 0.511064
2 0.62075 0.272814 0.0543499 0.0644256 0.510476
2 0.539832 0.386177 0.0417834 0.0366268 0.508858
2 0.372564 0.558174 0.0408785 0.0444225 0.508421
2 0.569308 0.705598 0.0363959 0.0459048 0.507513
2 0.372594 0.511663 0.0582505 0.0473928 0.507394
2 0.445711 0.293359 0.0513455 0.0513639 0.504873
2 0.402662 0.363014 0.0450802 0.0500379 0.50156
2 0.502592 0.338645 0.0454836 0.0451965 0.500086
2 0.549004 0.523337 0.0496161 0.054704 0.49727
2 0.371729 0.55788 0.040672 0.0443872 0.493463
2 0.616997 0.273985 0.0587186 0.0659238 0.489952
2 0.419608 0.439494 0.0452521 0.0455904 0.489305
2 0.506481 0.501366 0.0381054 0.0407079 0.489075
2 0.518589 0.294832 0.0396142 0.0428404 0.488692
2 0.569124 0.705163 0.0364858 0.047603 0.488547
2 0.488774 0.377546 0.0353227 0.037384 0.487888
2 0.484963 0.735152 0.0446721 0.0520837 0.486535
2 0.622825 0.336293 0.0363794 0.0380854 0.485709
2 0.420112 0.439777 0.0466291 0.0457968 0.484305
2 0.372521 0.511237 0.0561552 0.0476307 0.484229
2 0.622124 0.336645 0.0356158 0.0393787 0.482116
2 0.536577 0.386434 0.0450317 0.0357582 0.481791
2 0.49517 0.461593 0.0338201 0.0479222 0.481734
2 0.511353 0.231021 0.0601411 0.0600191 0.48137
2 0.372296 0.512046 0.057765 0.0478784 0.47975
2 0.53167 0.724361 0.0369124 0.0397855 0.479019
2 0.37136 0.55853 0.0418578 0.0448602 0.477902
2 0.419312 0.43986 0.0477962 0.0462939 0.476191
2 0.418285 0.440512 0.04767 0.0439704 0.471175
2 0.544916 0.34859 0.037652 0.0418089 0.469368
2 0.50399 0.338837 0.0461506 0.0470303 0.46853
2 0.618381 0.27421 0.052954 0.0625779 0.465803
2 0.372341 0.511141 0.0571214 0.0518608 0.464682
2 0.494016 0.459819 0.0361301 0.0485613 0.464522
2 0.417765 0.440762 0.0494343 0.0444537 0.464138
2 0.365661 0.61012 0.0468541 0.0513533 0.460655
2 0.532734 0.723788 0.0367975 0.0383212 0.460241
2 0.476115 0.606469 0.0441198 0.0657667 0.458781
2 0.372429 0.558731 0.0461098 0.0455176 0.453424
2 0.4935 0.459314 0.0354418 0.04821 0.443474
2 0.602405 0.55012 0.0563206 0.0587098 0.443087
2 0.504292 0.338945 0.043868 0.0466111 0.442049
2 0.372439 0.557832 0.0446951 0.0463536 0.439724
2 0.514027 0.231624 0.0602367 0.0601265 0.438416
2 0.53693 0.386247 0.0460827 0.0415348 0.435818
2 0.543182 0.348019 0.038919 0.0437071 0.432843
2 0.624699 0.338393 0.0360016 0.0393407 0.42932
2 0.600712 0.552258 0.0641046 0.0599519 0.428107
2 0.620164 0.272667 0.0557548 0.0642882 0.427075
2 0.47719 0.606109 0.0440207 0.0651438 0.426388
2 0.485102 0.735451 0.0441571 0.0521652 0.425743
2 0.695643 0.437602 0.0541312 0.0506801 0.422961
2 0.524459 0.428724 0.036126 0.0393235 0.419657
2 0.511181 0.230821 0.0620967 0.062022 0.41868
2 0.624625 0.337672 0.036741 0.0388662 0.415183
2 0.520918 0.428036 0.0368003 0.0383175 0.414352
2 0.374041 0.510811 0.0568011 0.0513862 0.413629
2 0.445364 0.294748 0.0538675 0.0541237 0.410476
2 0.448631 0.297531 0.0502313 0.0586764 0.410075
2 0.650304 0.441954 0.0433823 0.0588481 0.4069
2 0.356073 0.445881 0.0353907 0.0416234 0.406294
2 0.506238 0.339097 0.0440337 0.047697 0.405067
2 0.65003 0.442452 0.0431663 0.0577178 0.401138
2 0.364521 0.609723 0.0455971 0.0503871 0.396924
2 0.355844 0.446528 0.037008 0.0401838 0.389682
2 0.372199 0.558678 0.0443116 0.0462684 0.3887
2 0.446279 0.333357 0.0510072 0.0452976 0.386628
2 0.696522 0.438057 0.0512012 0.0513289 0.386454
2 0.531952 0.724529 0.0362015 0.0389679 0.384843
2 0.442458 0.334912 0.0580093 0.0442305 0.383627
2 0.61672 0.272936 0.0597263 0.0664188 0.381973
2 0.61775 0.273007 0.0578087 0.0654725 0.378877
2 0.507362 0.33747 0.0389967 0.0436938 0.377149
2 0.372113 0.511085 0.0599166 0.0521653 0.376078
2 0.697801 0.437608 0.0508617 0.0480659 0.375538
2 0.656306 0.646642 0.0505907 0.0523702 0.372487
2 0.546796 0.524577 0.0558295 0.054138 0.369171
2 0.504865 0.338128 0.0475723 0.0464774 0.367552
2 0.439766 0.337271 0.0589929 0.0447251 0.366185
2 0.69669 0.437938 0.0512187 0.04787 0.366028
2 0.504399 0.503233 0.0404007 0.0439921 0.358022
2 0.696763 0.437817 0.051815 0.0474031 0.35704
2 0.355354 0.446743 0.0351854 0.0399351 0.356441
2 0.510517 0.232488 0.0615931 0.0610362 0.356395
2 0.648126 0.445403 0.0407616 0.0591353 0.355453
2 0.695457 0.43817 0.0529541 0.0512098 0.354845
2 0.62441 0.336316 0.0396573 0.0405534 0.352097
2 0.533608 0.723819 0.0393994 0.0388478 0.351406
2 0.570529 0.705108 0.0418056 0.051558 0.349273
2 0.440306 0.336527 0.0611765 0.0444008 0.344945
2 0.354774 0.446559 0.0334177 0.0396114 0.343046
2 0.376646 0.68146 0.0534334 0.0536332 0.34069
2 0.507357 0.44907 0.0306545 0.0489665 0.339698
2 0.67059 0.404804 0.0448804 0.0415572 0.334816
2 0.374912 0.681904 0.0552292 0.0537208 0.333975
2 0.506071 0.342101 0.0483702 0.0508044 0.333532
2 0.670852 0.404416 0.0464424 0.0413609 0.330169
2 0.444006 0.335726 0.0527231 0.0440688 0.329666
2 0.373921 0.681831 0.0558357 0.0546628 0.327073
2 0.570921 0.704952 0.0408006 0.0524947 0.327033
2 0.69675 0.437977 0.0492032 0.0474141 0.326706
2 0.656371 0.647181 0.0505605 0.0554837 0.322738
2 0.670675 0.404028 0.0448744 0.0429898 0.321686
2 0.483979 0.735093 0.0444477 0.0533295 0.320541
2 0.67281 0.404026 0.0479418 0.0417994 0.320155
2 0.404413 0.361039 0.0464055 0.054051 0.319611
2 0.44447 0.294142 0.0549535 0.054195 0.317241
2 0.437597 0.338892 0.0564641 0.0427865 0.314284
2 0.521221 0.428666 0.0376035 0.0404006 0.313184
2 0.616702 0.273944 0.0600439 0.0651204 0.312531
2 0.483561 0.734496 0.0454318 0.0562943 0.312351
2 0.484008 0.734397 0.048089 0.0553593 0.312016
2 0.49734 0.4628 0.0388127 0.0496276 0.311801
2 0.374565 0.681928 0.0568613 0.055083 0.311561
2 0.67011 0.403501 0.0512842 0.0420054 0.310859
2 0.540838 0.385521 0.0492963 0.0407131 0.309075
2 0.656505 0.646111 0.0435769 0.0494463 0.304677
2 0.448802 0.301285 0.0514168 0.0693877 0.3002
2 0.402205 0.363003 0.0494949 0.0503145 0.299162
2 0.54213 0.386021 0.0471109 0.0400726 0.297312
2 0.671472 0.404445 0.0448428 0.0424127 0.294306
2 0.512819 0.23087 0.0666327 0.0616469 0.294301
2 0.433049 0.340056 0.0465107 0.0426864 0.291494
2 0.417864 0.442733 0.0492451 0.042067 0.289735
2 0.374722 0.683679 0.0591097 0.0523975 0.289497
2 0.44122 0.336394 0.0598275 0.0476245 0.289298
2 0.487216 0.376171 0.0334613 0.0386242 0.289108
2 0.657453 0.64665 0.0500247 0.0523368 0.288149
2 0.37409 0.40026 0.0465519 0.0628196 0.28734
2 0.374817 0.682572 0.0537756 0.0523196 0.287056
