2 0.416106 0.395996 0.202743 0.20746 0.587493
2 0.428826 0.394812 0.234332 0.211836 0.501566
2 0.415478 0.396374 0.194392 0.213676 0.500077
2 0.402919 0.396754 0.197546 0.207269 0.439507
2 0.395552 0.396563 0.169486 0.211094 0.416508
2 0.435819 0.388004 0.239133 0.227578 0.385439
2 0.414288 0.385198 0.222305 0.235634 0.372385
4 0.506189 0.490914 0.454009 0.558577 0.371875
4 0.509861 0.493597 0.45427 0.563788 0.367713
4 0.50616 0.486542 0.446212 0.549304 0.352285
4 0.503133 0.484878 0.44743 0.547741 0.342574
2 0.429373 0.390109 0.2485 0.23439 0.335843
2 0.624905 0.550417 0.166548 0.195939 0.334724
4 0.508808 0.496271 0.456492 0.561153 0.33356
4 0.517331 0.494881 0.469032 0.568292 0.332634
2 0.45171 0.391949 0.275983 0.218375 0.299072
4 0.500169 0.495405 0.433624 0.56444 0.292921
2 0.609277 0.558352 0.201103 0.181992 0.291888
2 0.375999 0.359913 0.0835383 0.140872 0.285767
4 0.500676 0.488668 0.431469 0.549915 0.280556
4 0.508076 0.496507 0.447825 0.568636 0.274552
2 0.399235 0.385078 0.212083 0.230657 0.273272
2 0.372921 0.358079 0.0819753 0.137469 0.265929
2 0.533113 0.341328 0.263093 0.210712 0.259727
2 0.62721 0.545817 0.160598 0.206954 0.249987
2 0.515112 0.331853 0.299865 0.206333 0.245501
2 0.376225 0.362784 0.0771341 0.145955 0.233869
2 0.537216 0.354007 0.261614 0.235436 0.230276
2 0.611795 0.550803 0.19261 0.201654 0.229767
2 0.462956 0.373701 0.29767 0.256218 0.228424
2 0.37504 0.36417 0.0803681 0.148159 0.220882
2 0.449476 0.408837 0.278733 0.21123 0.220117
2 0.516772 0.359986 0.320118 0.254098 0.207892
2 0.418236 0.390846 0.195773 0.217738 0.201374
0 0.496378 0.484247 0.443206 0.537149 0.200184
2 0.445073 0.61471 0.132401 0.117597 0.19666
2 0.501775 0.307063 0.29159 0.166469 0.191929
2 0.437601 0.61493 0.122978 0.113577 0.187873
2 0.375468 0.371412 0.0859183 0.14484 0.187331
2 0.512878 0.313945 0.30282 0.176492 0.184268
2 0.50476 0.315901 0.29854 0.175262 0.182694
2 0.443249 0.372376 0.257125 0.256936 0.169499
2 0.481118 0.375866 0.318116 0.253476 0.166309
2 0.517656 0.358033 0.347266 0.297731 0.164392
2 0.390633 0.391638 0.151872 0.210405 0.162379
2 0.411423 0.396153 0.166283 0.211257 0.160854
2 0.381476 0.397819 0.180443 0.212541 0.159937
2 0.49314 0.359221 0.352542 0.289802 0.159058
2 0.442868 0.615013 0.125486 0.120871 0.15653
2 0.473019 0.304299 0.258251 0.150196 0.156207
2 0.370417 0.362702 0.0798642 0.12713 0.151945
2 0.398388 0.391546 0.143102 0.191286 0.145267
2 0.499968 0.362508 0.332153 0.261043 0.142481
2 0.528406 0.362188 0.300269 0.300511 0.140713
2 0.556696 0.337213 0.237523 0.198494 0.138447
2 0.382063 0.396866 0.163451 0.215318 0.138225
2 0.526005 0.320626 0.285824 0.17597 0.137576
2 0.375977 0.387723 0.17632 0.225293 0.136848
2 0.469083 0.366778 0.312299 0.264751 0.135644
2 0.468871 0.31338 0.283211 0.159285 0.133087
2 0.558372 0.340878 0.22523 0.202876 0.132487
2 0.435987 0.614444 0.123554 0.114192 0.130767
2 0.426777 0.606653 0.1712 0.138147 0.128809
2 0.376121 0.380683 0.0933631 0.183672 0.128484
2 0.59904 0.565884 0.211393 0.164003 0.125804
2 0.407356 0.608481 0.218675 0.15945 0.125248
2 0.376621 0.365099 0.0882741 0.151947 0.123547
2 0.457923 0.591504 0.209275 0.161802 0.122169
2 0.518402 0.365673 0.316311 0.282499 0.122036
2 0.478545 0.700971 0.261966 0.136254 0.119899
2 0.64258 0.541774 0.140612 0.214378 0.119851
2 0.399123 0.607884 0.221803 0.201856 0.11747
2 0.428999 0.594468 0.218763 0.165126 0.11649
2 0.416442 0.593218 0.242167 0.181303 0.115927
2 0.599567 0.556261 0.212902 0.194226 0.114222
2 0.489525 0.709167 0.156506 0.103769 0.114019
2 0.473808 0.423608 0.275609 0.211992 0.111819
2 0.499641 0.536355 0.317481 0.270717 0.109131
2 0.372546 0.360323 0.0877906 0.132091 0.10749
2 0.449346 0.603428 0.178315 0.142264 0.105005
2 0.477714 0.543883 0.316457 0.287116 0.103792
2 0.435618 0.611769 0.123272 0.120965 0.102265
2 0.49048 0.583113 0.257183 0.170028 0.0996686
2 0.513082 0.538743 0.328318 0.223644 0.0996146
2 0.397126 0.625736 0.221961 0.22139 0.0984654
2 0.61836 0.54338 0.18489 0.221697 0.097615
2 0.389633 0.397355 0.198478 0.214622 0.0973359
2 0.473068 0.539199 0.328181 0.287126 0.0969827
2 0.40331 0.396169 0.160812 0.204924 0.0964961
2 0.454093 0.443433 0.294443 0.293059 0.0953258
2 0.502785 0.300532 0.306762 0.174184 0.0934356
2 0.436759 0.408175 0.28475 0.281039 0.0933771
2 0.443104 0.610842 0.133737 0.125566 0.0928539
2 0.644264 0.539149 0.138598 0.220323 0.0920779
2 0.544171 0.356478 0.27945 0.269068 0.0916276
2 0.486133 0.299685 0.286549 0.17291 0.0914967
2 0.410598 0.38968 0.234335 0.238416 0.091146
2 0.37911 0.360792 0.0738292 0.140278 0.0898162
2 0.370041 0.422 0.170212 0.15893 0.0885
2 0.484255 0.540388 0.348523 0.272516 0.0854851
2 0.445589 0.322114 0.250808 0.16362 0.0841211
2 0.449478 0.611918 0.145524 0.128419 0.0826638
2 0.450885 0.551135 0.300976 0.267108 0.0812966
2 0.601831 0.552748 0.224672 0.204458 0.0799232
2 0.501693 0.659678 0.32864 0.226248 0.0798969
2 0.511297 0.577142 0.298825 0.165648 0.0791088
2 0.525835 0.569659 0.307798 0.14786 0.0778976
2 0.448753 0.304632 0.241099 0.138515 0.0770035
2 0.367793 0.617942 0.169616 0.221144 0.0769483
2 0.452573 0.531796 0.310862 0.273142 0.0760217
2 0.607094 0.533283 0.200448 0.241114 0.0747458
2 0.53125 0.302958 0.0877406 0.110565 0.0739307
2 0.529338 0.367513 0.296174 0.290939 0.0733803
2 0.468886 0.615747 0.248922 0.166449 0.0731475
2 0.374999 0.358566 0.0916891 0.139933 0.0730485
2 0.465118 0.500358 0.313376 0.281391 0.0727339
2 0.424017 0.559002 0.254007 0.233847 0.0714329
2 0.396597 0.560936 0.210999 0.204454 0.0685573
2 0.510815 0.412425 0.259874 0.214875 0.0673578
2 0.502521 0.536672 0.35333 0.251636 0.0669082
2 0.649774 0.55156 0.1193 0.213119 0.0667808
2 0.529568 0.303244 0.0928985 0.114525 0.0660004
2 0.621701 0.532072 0.177191 0.24389 0.0653649
2 0.443896 0.296423 0.126026 0.105374 0.0641144
2 0.379073 0.361571 0.0679347 0.139774 0.0632564
2 0.35429 0.39963 0.144126 0.249199 0.0632386
2 0.420154 0.529356 0.248082 0.219881 0.0624665
2 0.411227 0.401694 0.170235 0.218922 0.0624314
2 0.429698 0.611288 0.21572 0.148685 0.0615534
2 0.660797 0.553403 0.090899 0.214058 0.0606132
2 0.480716 0.457102 0.265081 0.261598 0.0604456
2 0.369735 0.366831 0.0840853 0.12097 0.060048
2 0.492591 0.70148 0.244688 0.133927 0.0600381
2 0.541688 0.570197 0.254857 0.148335 0.0574644
2 0.393412 0.535943 0.202336 0.201846 0.057001
2 0.351739 0.44128 0.141016 0.15462 0.0563077
2 0.412095 0.392531 0.164296 0.200564 0.0558856
2 0.447099 0.612786 0.138486 0.129196 0.0557124
2 0.478233 0.509887 0.321197 0.249917 0.0542597
2 0.474613 0.651218 0.290897 0.232486 0.0532176
2 0.525754 0.538971 0.321874 0.225931 0.0524648
2 0.508095 0.30069 0.333097 0.171663 0.0516998
2 0.456066 0.460494 0.295612 0.275487 0.0503793
2 0.545966 0.555292 0.277836 0.19414 0.0493541
2 0.49768 0.596571 0.283741 0.166468 0.048275
2 0.432283 0.296833 0.144581 0.10055 0.0482018
2 0.584051 0.535242 0.232755 0.235391 0.0476058
2 0.448819 0.489285 0.307107 0.282342 0.0451062
2 0.548128 0.323484 0.246321 0.173239 0.0448498
2 0.500349 0.709246 0.137058 0.107296 0.0447256
2 0.530482 0.301592 0.0898468 0.116681 0.0442201
2 0.506857 0.454645 0.2655 0.230029 0.0437301
2 0.522079 0.577915 0.30412 0.15416 0.0434642
2 0.652639 0.54527 0.112157 0.210801 0.043398
2 0.543019 0.379892 0.286497 0.281624 0.043175
2 0.369627 0.57874 0.172884 0.251188 0.0425287
2 0.659585 0.546548 0.0877712 0.216005 0.0424242
2 0.370941 0.450643 0.176055 0.166472 0.0416103
2 0.473785 0.680062 0.270268 0.178357 0.0404666
2 0.500374 0.520026 0.33558 0.236615 0.0403569
2 0.457871 0.301368 0.258168 0.156207 0.0400352
2 0.371661 0.623996 0.181897 0.223261 0.0399048
2 0.360161 0.595886 0.138291 0.137881 0.0398653
2 0.424536 0.354147 0.2071 0.203055 0.0396015
2 0.47993 0.465939 0.274605 0.232841 0.0391225
2 0.562465 0.343572 0.245617 0.200999 0.0390889
2 0.357554 0.437068 0.131263 0.112378 0.0390194
2 0.376193 0.368735 0.0853006 0.121607 0.0384706
2 0.439157 0.616635 0.113216 0.119241 0.0382451
2 0.503118 0.474459 0.301751 0.208496 0.0382058
2 0.488539 0.716885 0.156127 0.0951469 0.0376164
2 0.389471 0.496461 0.194004 0.23546 0.0372483
2 0.361453 0.411283 0.156664 0.246005 0.0371282
2 0.505976 0.640664 0.329904 0.238554 0.0369616
2 0.482531 0.704832 0.167074 0.104625 0.0361602
2 0.424685 0.409476 0.161951 0.197078 0.0357912
2 0.523763 0.687179 0.361633 0.174177 0.0351137
2 0.47037 0.707836 0.219689 0.121285 0.034939
2 0.351787 0.438658 0.114241 0.104903 0.0347517
2 0.498217 0.717219 0.138664 0.0978422 0.0345126
2 0.423816 0.614725 0.124169 0.109907 0.0337191
2 0.449126 0.300735 0.129342 0.126871 0.0334876
2 0.376303 0.389187 0.162629 0.206941 0.0332642
2 0.386529 0.44831 0.188687 0.171605 0.0331026
2 0.413787 0.492343 0.238907 0.249288 0.0330269
2 0.534759 0.409357 0.277009 0.204594 0.0326057
2 0.380558 0.359223 0.0720254 0.134424 0.031814
2 0.588957 0.56393 0.245713 0.179712 0.0308541
2 0.571368 0.517648 0.232404 0.205244 0.0303834
2 0.40567 0.628243 0.215229 0.183746 0.0299229
2 0.431515 0.296148 0.143841 0.0984718 0.0298921
2 0.487558 0.715998 0.160689 0.0952415 0.0297941
2 0.562482 0.404474 0.249012 0.227075 0.0294641
2 0.525622 0.488178 0.303045 0.19534 0.0294192
2 0.49595 0.716262 0.143748 0.098766 0.0284638
2 0.442319 0.457594 0.296852 0.29606 0.0283668
2 0.595354 0.525038 0.199512 0.230178 0.0275687
2 0.741895 0.517033 0.0717981 0.156728 0.0274971
2 0.441819 0.29642 0.128302 0.103136 0.027436
2 0.523517 0.527714 0.317866 0.235262 0.0269936
2 0.356674 0.586433 0.138727 0.130517 0.0268243
2 0.639722 0.540202 0.153898 0.229593 0.0265436
2 0.373944 0.548219 0.182736 0.266604 0.0264163
2 0.566409 0.331644 0.236118 0.183494 0.0262436
2 0.533005 0.461868 0.280645 0.177097 0.0261554
2 0.433249 0.615184 0.120619 0.115676 0.0249575
2 0.355022 0.508136 0.154097 0.273332 0.0247271
2 0.533986 0.303669 0.0853723 0.118711 0.0245116
2 0.423871 0.398315 0.159942 0.201701 0.0241969
2 0.486866 0.709262 0.214723 0.118315 0.023926
2 0.54493 0.533003 0.284146 0.233774 0.0238225
2 0.364903 0.611843 0.130067 0.115132 0.0238102
2 0.374248 0.510562 0.183512 0.282669 0.0234183
2 0.61457 0.381556 0.116512 0.0815689 0.0233893
2 0.350414 0.435936 0.118442 0.105385 0.0233878
2 0.620293 0.441246 0.140952 0.062086 0.0231623
2 0.544193 0.505601 0.282076 0.19611 0.0227683
2 0.346965 0.617133 0.139152 0.225991 0.0224152
2 0.408862 0.45884 0.23021 0.237665 0.0220831
2 0.535478 0.301537 0.0811077 0.105807 0.0219099
2 0.628846 0.440111 0.128266 0.0606456 0.0217175
2 0.738276 0.514829 0.0824164 0.164245 0.0212389
2 0.42637 0.614031 0.127247 0.110311 0.0211689
2 0.401132 0.398434 0.165402 0.216602 0.0211023
2 0.53624 0.573501 0.281212 0.156238 0.0202262
2 0.356729 0.43639 0.134596 0.108735 0.0197541
2 0.518424 0.597923 0.333022 0.199037 0.0191865
2 0.666258 0.551413 0.0875074 0.221363 0.0187402
2 0.669836 0.533161 0.199879 0.242438 0.0187193
2 0.662879 0.556908 0.0884687 0.208149 0.0186917
2 0.374337 0.506192 0.161441 0.117184 0.018476
2 0.444871 0.303412 0.121279 0.117675 0.0175125
2 0.360711 0.440197 0.123145 0.106982 0.0174898
2 0.60059 0.379115 0.136587 0.090366 0.0171218
2 0.550179 0.427668 0.274482 0.17684 0.0170404
2 0.51604 0.30021 0.329715 0.164514 0.0167907
2 0.357102 0.58608 0.138703 0.125543 0.0167328
2 0.448036 0.292467 0.124473 0.107867 0.0166193
2 0.579535 0.474333 0.214582 0.123534 0.0162325
2 0.58096 0.457352 0.2102 0.103147 0.0161488
2 0.540187 0.699204 0.359228 0.140622 0.0160841
2 0.360506 0.436912 0.118527 0.118902 0.0160632
2 0.490783 0.281639 0.306218 0.151311 0.0160302
2 0.449106 0.608727 0.14319 0.1311 0.0158419
0 0.951676 0.490943 0.0966484 0.968806 0.0155267
2 0.368707 0.375058 0.0750332 0.0998647 0.0155206
2 0.339986 0.436368 0.104279 0.105449 0.015495
0 0.950678 0.476853 0.0986433 0.931949 0.0154895
2 0.549794 0.477532 0.272266 0.143393 0.0152977
2 0.535139 0.303465 0.0861557 0.122059 0.0152055
2 0.36203 0.37623 0.0840946 0.105039 0.0151653
2 0.360719 0.598821 0.131546 0.120955 0.0149489
2 0.337271 0.437551 0.100057 0.110924 0.0148774
2 0.483677 0.714834 0.167298 0.0920054 0.0148703
2 0.540356 0.302737 0.0749313 0.105089 0.0147536
2 0.530688 0.572104 0.160187 0.1275 0.0145644
4 0.398045 0.519461 0.241592 0.469233 0.0144849
4 0.396193 0.498504 0.237948 0.524585 0.0144531
2 0.567024 0.339262 0.232326 0.195838 0.0144221
2 0.622188 0.443859 0.140522 0.0743102 0.0139748
2 0.651166 0.555412 0.112933 0.205697 0.0139539
2 0.500882 0.27982 0.328846 0.14248 0.0139533
2 0.41631 0.611549 0.125207 0.116372 0.0136732
2 0.335042 0.438298 0.0871913 0.103022 0.0136091
2 0.666481 0.543443 0.0952619 0.231357 0.0135031
2 0.430205 0.309311 0.21358 0.137417 0.0133191
2 0.393 0.362302 0.163103 0.199107 0.0132563
4 0.396071 0.4737 0.239839 0.489815 0.0131427
2 0.360634 0.372987 0.0759651 0.10592 0.0129678
2 0.448621 0.310403 0.125881 0.140445 0.0129144
2 0.671627 0.534387 0.17401 0.230401 0.012694
2 0.744731 0.513575 0.0667162 0.164024 0.0126716
2 0.488898 0.697015 0.161602 0.117075 0.0126137
2 0.59774 0.465207 0.186834 0.102933 0.0126032
2 0.381874 0.511014 0.150591 0.111762 0.0124134
2 0.362178 0.403768 0.15582 0.234612 0.0123814
2 0.599168 0.455203 0.180385 0.088176 0.012376
2 0.358652 0.58379 0.14286 0.126761 0.0120404
2 0.353597 0.578264 0.1536 0.285378 0.0117695
2 0.425131 0.413507 0.165616 0.181237 0.0116477
2 0.360006 0.438485 0.130042 0.103953 0.0116033
2 0.456159 0.611565 0.143586 0.13208 0.0115678
2 0.334818 0.489226 0.123239 0.380944 0.0115539
2 0.518176 0.571697 0.170556 0.133168 0.0111275
2 0.659178 0.536152 0.176242 0.238412 0.0109003
2 0.482597 0.589999 0.0841392 0.106924 0.0108794
2 0.607862 0.526421 0.197792 0.251105 0.0106688
2 0.337888 0.453012 0.132225 0.374796 0.0106189
2 0.531305 0.687953 0.404884 0.171387 0.010605
2 0.526894 0.29902 0.0963249 0.118625 0.0105929
2 0.438028 0.618494 0.106859 0.117326 0.0105125
2 0.630842 0.440505 0.128961 0.0675233 0.0105113
2 0.523988 0.636802 0.369474 0.269853 0.0104999
2 0.552273 0.572978 0.101186 0.122255 0.0104119
2 0.36611 0.43775 0.103661 0.117347 0.010317
2 0.352791 0.440611 0.109731 0.108716 0.0101678
