2 0.550377 0.426295 0.0741302 0.143977 0.372806
2 0.548669 0.427368 0.0708943 0.143231 0.353036
2 0.612411 0.412123 0.0726473 0.169166 0.33844
2 0.586776 0.633173 0.249052 0.227882 0.31976
2 0.547835 0.635772 0.288647 0.236052 0.311407
2 0.58136 0.643849 0.265149 0.228231 0.303489
2 0.591119 0.647491 0.250628 0.213532 0.299561
2 0.546883 0.428685 0.0762121 0.143715 0.289389
2 0.612134 0.412183 0.0712085 0.17507 0.286963
2 0.548276 0.427072 0.0723153 0.142442 0.282388
2 0.523449 0.635923 0.29353 0.23585 0.259417
