3 0.500859 0.505729 0.455976 0.541605 0.654107
3 0.499245 0.501996 0.461305 0.541837 0.643641
3 0.498343 0.505587 0.460045 0.548868 0.643521
3 0.498669 0.50463 0.459146 0.540719 0.641616
3 0.498517 0.50379 0.457943 0.539575 0.637644
3 0.501814 0.508722 0.453574 0.535111 0.628646
3 0.500203 0.505362 0.456564 0.538585 0.605499
3 0.499081 0.506192 0.460643 0.55083 0.56388
3 0.502391 0.508928 0.45471 0.533001 0.521061
3 0.50214 0.506221 0.457507 0.54966 0.294833
2 0.385583 0.363251 0.120001 0.114567 0.272098
2 0.389551 0.361679 0.140892 0.124328 0.255918
