0 0.449034 0.49857 0.660587 0.950499 0.593036
0 0.425794 0.50115 0.621347 0.94646 0.588153
0 0.461673 0.496906 0.686688 0.965121 0.581056
0 0.427397 0.501939 0.622249 0.932347 0.557876
0 0.417923 0.505346 0.596072 0.91244 0.547233
0 0.45603 0.502478 0.681145 0.948386 0.545438
0 0.430909 0.508315 0.623663 0.923247 0.506451
0 0.406722 0.51192 0.573621 0.895248 0.410106
0 0.421124 0.505914 0.601154 0.93206 0.389899
0 0.407229 0.518263 0.57536 0.891381 0.115418
0 0.938628 0.489421 0.122567 0.948607 0.042189
0 0.939754 0.496747 0.119954 0.964245 0.038187
0 0.942431 0.509448 0.114463 0.981103 0.037946
0 0.943304 0.496559 0.112304 0.950084 0.0359034
2 0.213304 0.753491 0.0259591 0.0609689 0.0348116
0 0.938217 0.483126 0.122947 0.966251 0.0345884
0 0.446228 0.498576 0.652912 0.957006 0.0317862
2 0.612 0.238025 0.0427043 0.0678101 0.029533
0 0.945838 0.484669 0.107679 0.969339 0.0280034
0 0.942911 0.484423 0.113347 0.946901 0.0226907
2 0.701454 0.256421 0.024754 0.0354239 0.0200968
2 0.612522 0.237928 0.0424201 0.0676276 0.0199358
2 0.613757 0.238206 0.0459786 0.0675886 0.0196386
0 0.939252 0.482096 0.120116 0.940443 0.0195471
3 0.976543 0.612303 0.0453447 0.733055 0.0187781
2 0.578674 0.131739 0.0407689 0.0495056 0.0181124
3 0.976538 0.641781 0.0454096 0.716437 0.0179607
2 0.812393 0.579244 0.0640725 0.12843 0.0178452
2 0.213305 0.753128 0.0264316 0.0631901 0.0177943
2 0.21182 0.754266 0.0265144 0.0614303 0.0176817
2 0.214622 0.752143 0.022897 0.0647715 0.0171843
2 0.578547 0.13115 0.040088 0.0501436 0.0170776
2 0.613848 0.237732 0.0453609 0.0685349 0.016343
3 0.976461 0.594209 0.0451941 0.77821 0.0152941
1 0.912529 0.587565 0.117361 0.824869 0.0143846
2 0.611363 0.239196 0.0447391 0.0671355 0.0142476
2 0.211782 0.75479 0.0257647 0.0597208 0.014184
3 0.968258 0.603178 0.0634849 0.793644 0.0141414
3 0.968086 0.62372 0.0638279 0.752559 0.0140204
3 0.976516 0.646471 0.0459299 0.646506 0.0138865
3 0.967315 0.645692 0.0653689 0.708616 0.0127487
0 0.435919 0.494406 0.662115 0.95493 0.0126008
2 0.611924 0.238574 0.0446425 0.0696292 0.0123151
3 0.967948 0.581424 0.0641031 0.837152 0.011833
2 0.810444 0.576394 0.0714186 0.125685 0.0117314
3 0.976562 0.567446 0.0448601 0.797886 0.0110088
2 0.810467 0.576992 0.0683795 0.12356 0.0108385
2 0.701429 0.255981 0.0259512 0.0361459 0.0107223
2 0.578962 0.132294 0.0421995 0.0518443 0.0107179
1 0.912254 0.608444 0.1154 0.783113 0.0106422
2 0.692201 0.188785 0.0260553 0.050594 0.0102934
