0 0.485574 0.498329 0.817629 0.869118 0.725852
0 0.471172 0.495609 0.793515 0.85904 0.689333
0 0.489526 0.50457 0.821802 0.882651 0.668829
0 0.475446 0.50809 0.796291 0.89486 0.645835
0 0.497486 0.510687 0.833448 0.894136 0.571303
0 0.485958 0.499272 0.829231 0.874795 0.491575
0 0.478634 0.513552 0.801606 0.901878 0.489128
0 0.490996 0.505237 0.83006 0.879136 0.482876
0 0.468784 0.503559 0.76213 0.880771 0.407202
0 0.468853 0.490213 0.772034 0.844509 0.365448
0 0.49133 0.511815 0.823819 0.879308 0.299707
5 0.101126 0.218309 0.0728784 0.062897 0.253706
5 0.766642 0.711055 0.0223544 0.0295551 0.223581
5 0.100738 0.218084 0.0707681 0.0596549 0.209585
5 0.101199 0.217478 0.0742525 0.0599759 0.200491
5 0.698477 0.62107 0.0248109 0.0331033 0.198175
5 0.10197 0.219874 0.0781822 0.0714443 0.197128
5 0.101616 0.218204 0.0734464 0.0604227 0.190732
5 0.101508 0.219164 0.0784409 0.0682283 0.155632
5 0.697787 0.620992 0.0254312 0.0355856 0.147876
5 0.766572 0.710398 0.0271596 0.0372279 0.143202
5 0.585067 0.710422 0.0656191 0.0858353 0.141251
0 0.468602 0.484314 0.794812 0.835582 0.133176
5 0.765653 0.710756 0.0247935 0.0345548 0.126603
5 0.100514 0.21918 0.0824541 0.0679319 0.125583
2 0.942546 0.781078 0.0235062 0.0346757 0.12478
5 0.698486 0.620402 0.0271908 0.0372136 0.123411
5 0.740109 0.720076 0.0214513 0.0305182 0.117843
5 0.698987 0.619204 0.0316461 0.043652 0.116332
5 0.585357 0.709573 0.0634814 0.0847399 0.115413
0 0.481188 0.48885 0.814866 0.851992 0.11045
5 0.765984 0.709691 0.0286482 0.0395737 0.108163
2 0.94276 0.782217 0.0228131 0.0337662 0.107265
5 0.100775 0.218659 0.0783386 0.0658188 0.104855
5 0.697536 0.620133 0.0255462 0.0377613 0.102081
5 0.683134 0.72666 0.0214559 0.026143 0.0996054
5 0.670716 0.747637 0.0195672 0.0280384 0.0976622
5 0.697753 0.618913 0.0309815 0.0448907 0.0912149
5 0.672258 0.747296 0.0185971 0.0259258 0.0908298
5 0.801524 0.841148 0.0238683 0.0300217 0.0907022
5 0.586162 0.710917 0.0614317 0.0822811 0.090614
2 0.968032 0.805204 0.0233377 0.0352148 0.0872101
5 0.584308 0.710344 0.0669489 0.0915229 0.087017
5 0.684295 0.726411 0.0222306 0.0274104 0.0858039
5 0.740133 0.721095 0.0215438 0.0299329 0.0845537
5 0.584971 0.709381 0.0636516 0.0870841 0.0837694
2 0.971686 0.92103 0.0533142 0.0818378 0.0824566
5 0.78947 0.866885 0.0201647 0.0228343 0.0820947
5 0.753357 0.736821 0.0176853 0.0227834 0.0753035
5 0.755598 0.733455 0.0134964 0.0259829 0.0723734
5 0.800101 0.84204 0.024696 0.0338795 0.0722984
5 0.801382 0.841211 0.0268848 0.0359545 0.0718165
5 0.585806 0.709682 0.0632431 0.0849527 0.0650283
5 0.738421 0.720222 0.0253838 0.0362796 0.0631783
5 0.702052 0.62072 0.0386704 0.044911 0.061562
5 0.585923 0.710607 0.061275 0.0821236 0.0603118
5 0.683706 0.724443 0.0254059 0.0330549 0.0593002
2 0.96896 0.805334 0.0247728 0.0388392 0.0592662
5 0.766494 0.712478 0.0282453 0.0368219 0.0585797
5 0.788734 0.865763 0.0188512 0.0234184 0.0575287
5 0.670735 0.747925 0.0230974 0.0293967 0.0569495
5 0.669882 0.747996 0.0216528 0.0296592 0.0556581
5 0.780783 0.806656 0.0210234 0.0282892 0.054576
5 0.801349 0.842013 0.0253206 0.0320255 0.0541157
5 0.768466 0.709275 0.0373764 0.0444679 0.0531385
5 0.103177 0.217902 0.0794512 0.0714979 0.0511706
5 0.769225 0.711539 0.0333568 0.0413001 0.0507012
5 0.58746 0.711775 0.060068 0.0810261 0.0490096
5 0.585027 0.710024 0.0777363 0.0987482 0.0486966
2 0.973177 0.766812 0.0265366 0.0373362 0.0474304
5 0.702837 0.61841 0.0433733 0.0513039 0.0470452
5 0.584608 0.709708 0.068617 0.0923067 0.0459803
5 0.701826 0.621108 0.038327 0.0473538 0.0451088
5 0.684971 0.725101 0.0267053 0.0344316 0.0429082
5 0.738202 0.72071 0.0240619 0.0336299 0.0423291
5 0.586777 0.711413 0.0606254 0.0820384 0.041105
5 0.100386 0.2195 0.0875683 0.0759064 0.038135
2 0.970388 0.920512 0.0539487 0.080086 0.0358091
2 0.973898 0.767407 0.0233455 0.0365108 0.0338573
0 0.598795 0.618488 0.152915 0.177582 0.0327415
5 0.583808 0.70825 0.0704294 0.0924891 0.0325204
2 0.975008 0.766723 0.0298149 0.0409219 0.0324934
5 0.750278 0.729863 0.0231475 0.037309 0.031184
5 0.635827 0.667796 0.0295482 0.039121 0.0311017
2 0.944641 0.786811 0.0256013 0.0377288 0.0307699
2 0.968825 0.805384 0.0288409 0.0405721 0.0306565
5 0.731889 0.779318 0.0193845 0.0268191 0.0305493
2 0.972079 0.920412 0.053009 0.0832022 0.0303517
2 0.892132 0.890366 0.0184443 0.0256712 0.0298862
5 0.635602 0.66748 0.0316076 0.0410098 0.0296108
5 0.928016 0.736683 0.0197191 0.0264394 0.0289323
0 0.598709 0.618886 0.163981 0.180307 0.0286488
2 0.972245 0.919361 0.0518319 0.0773706 0.028099
2 0.968351 0.805807 0.0247801 0.0403486 0.0265614
5 0.781316 0.807624 0.0261034 0.0346671 0.0265511
2 0.85534 0.79139 0.0249325 0.0329149 0.0262605
2 0.855166 0.791286 0.0247963 0.0337902 0.0254777
0 0.599996 0.638087 0.153089 0.209468 0.0251026
2 0.911492 0.804059 0.0183948 0.0258812 0.0240843
2 0.944079 0.781046 0.0254954 0.0342516 0.0240292
2 0.974413 0.767049 0.0261145 0.038169 0.0237615
5 0.622006 0.584893 0.0208034 0.0255029 0.0233336
5 0.636007 0.66821 0.0273535 0.0359331 0.0231304
5 0.793375 0.862617 0.0308111 0.0305048 0.0224647
2 0.927745 0.736201 0.0184269 0.0254669 0.0219493
2 0.970547 0.920201 0.048846 0.077177 0.0215491
5 0.635216 0.668443 0.0298974 0.0404479 0.0210108
2 0.780421 0.807114 0.0264738 0.0329543 0.0199112
2 0.854629 0.79116 0.0269928 0.0382952 0.0199082
0 0.602089 0.645389 0.163136 0.229802 0.019675
2 0.97126 0.804807 0.0305653 0.0432817 0.0196057
5 0.676635 0.740714 0.0370842 0.0449309 0.0194197
5 0.58703 0.710255 0.0759781 0.0889009 0.0193754
2 0.951984 0.830056 0.0168228 0.0236601 0.0186843
5 0.100599 0.220966 0.0832613 0.0788569 0.0185627
5 0.101666 0.220209 0.0887177 0.0815548 0.0185246
5 0.768003 0.713223 0.0362802 0.0449539 0.0181444
2 0.947615 0.74898 0.0200465 0.0281216 0.0175087
5 0.947268 0.74838 0.0202926 0.0273506 0.0173639
2 0.873588 0.828518 0.022433 0.0274577 0.0173021
2 0.961068 0.658371 0.0193859 0.0262608 0.017289
0 0.599267 0.623462 0.156995 0.188189 0.0172492
2 0.949239 0.832289 0.0183052 0.0247237 0.0172138
2 0.873523 0.829013 0.0238219 0.0304731 0.017011
5 0.783107 0.805896 0.0304228 0.0354831 0.016762
2 0.969012 0.805887 0.0304157 0.0444269 0.0161967
5 0.681461 0.730675 0.0303008 0.0395573 0.0161498
2 0.931239 0.821145 0.0178946 0.0228755 0.0160105
5 0.100422 0.219575 0.0820249 0.0713968 0.0158787
5 0.102262 0.216773 0.0749487 0.0698461 0.0158193
0 0.602614 0.619272 0.174158 0.197744 0.0156569
5 0.549574 0.678268 0.020072 0.0251065 0.0153481
0 0.604139 0.609081 0.185553 0.203682 0.015236
5 0.583679 0.709411 0.0721972 0.100083 0.0151695
0 0.597783 0.645191 0.146578 0.224018 0.0150666
5 0.695119 0.618916 0.0415625 0.0430613 0.0150085
2 0.85519 0.791609 0.0287112 0.0382571 0.0145512
5 0.102973 0.223973 0.0818542 0.0872425 0.0143164
2 0.885938 0.866404 0.0423606 0.0830017 0.0142614
5 0.550452 0.855148 0.0778664 0.0489613 0.0141497
5 0.781708 0.805935 0.0263689 0.0360501 0.013963
2 0.893049 0.888539 0.0232 0.0295065 0.0139386
4 0.707829 0.921617 0.504145 0.0903379 0.013904
2 0.910314 0.777334 0.019935 0.0233182 0.0138315
2 0.973744 0.921561 0.052512 0.0837018 0.0136368
4 0.69252 0.919813 0.536165 0.0868445 0.0132271
5 0.731649 0.778516 0.0211608 0.0309436 0.0130599
2 0.961346 0.659483 0.020466 0.0290415 0.0128407
5 0.621575 0.584786 0.0249536 0.0309327 0.0128106
5 0.637614 0.667458 0.0336958 0.0443297 0.0127976
0 0.957551 0.478228 0.0848979 0.956455 0.01262
5 0.549884 0.855397 0.0812289 0.0521354 0.0125635
5 0.622647 0.583043 0.0262746 0.0350637 0.0125049
2 0.945986 0.748534 0.0237921 0.0287629 0.0122658
5 0.698713 0.625253 0.0347472 0.0552136 0.0121851
2 0.947376 0.748005 0.0237189 0.0319439 0.0118656
2 0.951885 0.708702 0.0180741 0.0255062 0.011676
5 0.732329 0.778844 0.0256558 0.0342086 0.01101
4 0.727042 0.922657 0.479674 0.0923713 0.0107292
2 0.876191 0.862614 0.0362368 0.0954953 0.0107064
5 0.855821 0.790225 0.0290306 0.039164 0.0105492
2 0.902812 0.915508 0.0210989 0.0259281 0.0104625
5 0.760165 0.725541 0.0329776 0.0504889 0.0104376
2 0.970828 0.919358 0.0541956 0.0806383 0.0103341
2 0.779768 0.807059 0.0280494 0.0371892 0.0102989
4 0.67177 0.919563 0.5525 0.0865713 0.0102831
5 0.793345 0.833674 0.0358792 0.0476893 0.0101713
5 0.549183 0.855911 0.0827504 0.0505916 0.0101153
