2 0.709852 0.592637 0.0752411 0.227991 0.747777
2 0.7093 0.590844 0.0702272 0.218057 0.744147
2 0.651625 0.26705 0.114866 0.154026 0.729746
2 0.710966 0.591344 0.0769067 0.218087 0.726857
2 0.647475 0.265431 0.118522 0.157726 0.713646
2 0.465465 0.640873 0.0553866 0.0956078 0.695303
2 0.710468 0.59171 0.0716955 0.228283 0.678304
2 0.465122 0.639634 0.0567643 0.0960822 0.671699
2 0.649485 0.27419 0.115061 0.13852 0.654889
2 0.653808 0.289559 0.102401 0.0990557 0.652692
2 0.464388 0.640415 0.0559999 0.0933064 0.64802
2 0.649002 0.283975 0.107297 0.112101 0.645997
2 0.65207 0.293619 0.106736 0.0912603 0.63883
2 0.463599 0.639576 0.0554615 0.0913429 0.637193
2 0.46556 0.641803 0.055511 0.0980059 0.625101
2 0.464404 0.639417 0.0562029 0.0906258 0.610429
2 0.463639 0.641265 0.054501 0.095233 0.591572
2 0.710074 0.595793 0.0725029 0.226294 0.507838
2 0.465681 0.640085 0.0567226 0.097098 0.493011
2 0.708827 0.592988 0.0791171 0.224443 0.476398
2 0.651475 0.265686 0.119808 0.162879 0.475999
2 0.463221 0.636934 0.0542428 0.0880369 0.452151
2 0.652825 0.298681 0.088453 0.0783613 0.44273
2 0.839591 0.679839 0.0877222 0.0698521 0.43836
2 0.647562 0.262952 0.129335 0.167622 0.437929
2 0.463838 0.637715 0.0541581 0.089476 0.416984
2 0.840538 0.679818 0.0835221 0.0697699 0.412268
2 0.583991 0.41771 0.0302965 0.0362895 0.398838
2 0.647754 0.264453 0.119131 0.163805 0.395618
2 0.632261 0.546995 0.0580526 0.0553771 0.394669
2 0.5843 0.416747 0.0317841 0.039913 0.38485
2 0.840863 0.678487 0.0823553 0.0650875 0.379567
2 0.465071 0.639385 0.0603402 0.0964661 0.375186
2 0.844116 0.677207 0.071686 0.0622505 0.375065
2 0.654522 0.29785 0.0946142 0.0830616 0.349649
2 0.287638 0.405613 0.126067 0.392305 0.344193
2 0.632512 0.547616 0.0609253 0.0567065 0.343416
2 0.651118 0.298082 0.088198 0.0815648 0.34216
2 0.708171 0.582407 0.0679755 0.201451 0.337957
2 0.632963 0.547823 0.0570713 0.0564812 0.336828
2 0.710722 0.595097 0.0705257 0.22554 0.335184
2 0.632413 0.547288 0.0555631 0.0555765 0.330537
2 0.583668 0.417433 0.0322651 0.0395307 0.329179
2 0.839579 0.687155 0.0888247 0.0861223 0.322334
2 0.844245 0.6783 0.0729717 0.0641545 0.319922
2 0.63344 0.547077 0.0564541 0.0564975 0.31683
2 0.63124 0.546697 0.0613757 0.0570076 0.315293
2 0.583466 0.416396 0.0330286 0.0423013 0.308449
2 0.292215 0.328329 0.123176 0.247034 0.308313
2 0.63176 0.544421 0.0569696 0.0579626 0.305005
2 0.709442 0.589673 0.0792487 0.218192 0.303263
2 0.282957 0.423292 0.126254 0.421261 0.298139
2 0.840117 0.67905 0.0855613 0.0690088 0.297269
2 0.648244 0.267512 0.129501 0.170961 0.292572
2 0.39019 0.648969 0.0332502 0.0362043 0.291194
2 0.71003 0.583709 0.0737875 0.201416 0.281637
2 0.586019 0.418598 0.0340324 0.0408565 0.277912
2 0.702397 0.585323 0.0816934 0.204281 0.269721
2 0.29133 0.325819 0.126765 0.243957 0.269644
2 0.29218 0.361478 0.131018 0.307665 0.269097
2 0.649373 0.266947 0.117416 0.159471 0.265706
2 0.389727 0.649378 0.032023 0.0353258 0.262402
2 0.633993 0.54757 0.0577333 0.0587201 0.260188
2 0.838643 0.686795 0.0900714 0.0846119 0.259829
2 0.632892 0.544655 0.0553966 0.0603574 0.248556
2 0.585863 0.417239 0.035874 0.0442193 0.236528
2 0.839412 0.697904 0.090517 0.108855 0.236162
2 0.648555 0.264915 0.129592 0.167502 0.21971
2 0.850564 0.677184 0.0586212 0.0617788 0.2167
2 0.827296 0.739996 0.0568527 0.049825 0.215325
2 0.28133 0.42281 0.127607 0.455468 0.205033
2 0.39054 0.646762 0.0363587 0.0443841 0.204218
2 0.390074 0.646583 0.0337943 0.0423 0.202536
2 0.82736 0.741858 0.0573307 0.0499819 0.199285
2 0.84089 0.679433 0.0848069 0.0687367 0.196534
2 0.653702 0.291139 0.10717 0.0982817 0.191026
2 0.649551 0.251215 0.112915 0.131354 0.188013
2 0.647454 0.266249 0.131651 0.173322 0.187725
2 0.836131 0.714789 0.0786915 0.10404 0.1808
2 0.630726 0.544311 0.0579834 0.0571658 0.176681
2 0.828542 0.739556 0.0601537 0.0523141 0.175842
2 0.645647 0.263699 0.128045 0.169738 0.173542
2 0.711367 0.590264 0.0756366 0.22212 0.164855
2 0.285101 0.218744 0.0335628 0.0378093 0.163532
2 0.834198 0.718377 0.0763127 0.0973337 0.161877
2 0.651764 0.286574 0.110707 0.11257 0.161669
2 0.388773 0.648476 0.0362726 0.0405134 0.161422
2 0.285026 0.218998 0.0354796 0.0369997 0.158717
2 0.634283 0.542592 0.0559206 0.067162 0.155286
2 0.583895 0.420431 0.0337811 0.0460223 0.154026
2 0.6327 0.548065 0.0668321 0.0617874 0.147939
2 0.825481 0.741575 0.0560106 0.0481302 0.144249
2 0.828162 0.742425 0.0567575 0.0517846 0.142006
2 0.706488 0.597202 0.0780708 0.219065 0.139585
2 0.702027 0.586303 0.0840199 0.214582 0.139322
2 0.847959 0.705779 0.130336 0.143472 0.134961
2 0.462854 0.639335 0.0610556 0.0930912 0.130109
2 0.357533 0.48457 0.0340412 0.0418639 0.127757
2 0.284831 0.22037 0.0325923 0.036199 0.127718
2 0.854382 0.708485 0.137184 0.146399 0.125056
2 0.721484 0.78362 0.0268923 0.0386369 0.12374
2 0.293261 0.415978 0.136188 0.409199 0.123028
2 0.465018 0.638808 0.0558837 0.0926096 0.122367
2 0.357396 0.485811 0.0340713 0.0407373 0.120662
2 0.83146 0.73982 0.063866 0.0600424 0.119945
2 0.82549 0.742085 0.0562897 0.0488609 0.118629
2 0.83925 0.712665 0.0825882 0.120701 0.111376
2 0.704481 0.587189 0.0861454 0.20482 0.110915
2 0.58373 0.420113 0.0345915 0.0474297 0.107029
2 0.649318 0.229519 0.108469 0.0816675 0.106431
2 0.388503 0.645685 0.0373913 0.0462009 0.106322
2 0.710318 0.589481 0.0779295 0.21904 0.10573
2 0.356098 0.483927 0.0319879 0.041198 0.103321
2 0.390061 0.650469 0.0353385 0.0440829 0.102281
2 0.647771 0.258709 0.115578 0.145088 0.0983707
2 0.648882 0.267962 0.131128 0.169749 0.0965557
2 0.648238 0.22575 0.103198 0.0818227 0.0956081
2 0.693878 0.590092 0.101538 0.223239 0.094788
2 0.280207 0.42464 0.132544 0.470526 0.0939801
2 0.551503 0.527584 0.0425152 0.0486674 0.0919804
2 0.277559 0.420586 0.125895 0.448412 0.0915716
2 0.284903 0.219843 0.0349597 0.0377741 0.0907247
2 0.585862 0.421317 0.0358212 0.0488822 0.090487
2 0.389178 0.650459 0.0336468 0.0425685 0.0897471
2 0.698006 0.581113 0.124006 0.205399 0.0887057
2 0.648982 0.264668 0.130386 0.176623 0.087704
2 0.297623 0.323725 0.12743 0.267305 0.0874438
2 0.356826 0.485065 0.0347247 0.0411749 0.0856061
2 0.466148 0.643678 0.0599528 0.103735 0.0820458
2 0.620224 0.762554 0.0217857 0.0334237 0.0813228
2 0.649619 0.268303 0.125976 0.173329 0.0806475
2 0.64873 0.226878 0.0987939 0.0763556 0.0794835
2 0.553939 0.526651 0.0394805 0.0525357 0.0782911
2 0.360657 0.486668 0.041168 0.0494741 0.0765727
2 0.464756 0.639688 0.066535 0.0983199 0.0763577
2 0.722192 0.784687 0.0272852 0.040033 0.0732986
2 0.283364 0.220156 0.0393711 0.0436151 0.0696177
2 0.721368 0.784009 0.0254991 0.0347097 0.0693712
2 0.283322 0.422389 0.130573 0.459536 0.0688336
2 0.631995 0.517661 0.055755 0.06216 0.0688058
2 0.703915 0.588621 0.0844079 0.218688 0.0683313
2 0.673635 0.57478 0.205331 0.19783 0.0658854
2 0.501537 0.777918 0.0256583 0.0380485 0.0657551
2 0.28321 0.218361 0.0380991 0.0402431 0.0656974
2 0.535248 0.65546 0.0257427 0.0439212 0.0650014
2 0.277813 0.426981 0.12727 0.42282 0.0647621
2 0.635419 0.50516 0.0477883 0.0423667 0.0643697
2 0.61954 0.762229 0.0238222 0.0377433 0.0639567
2 0.634315 0.506403 0.0497447 0.0402713 0.0626847
2 0.362023 0.483849 0.0434334 0.0518985 0.0617915
2 0.501216 0.777652 0.0248888 0.0350513 0.0591508
2 0.461253 0.634874 0.057263 0.0854956 0.0574512
2 0.721614 0.784527 0.0269497 0.0369103 0.0573497
2 0.548744 0.529872 0.0493766 0.0549838 0.0573197
2 0.85527 0.710309 0.138096 0.166253 0.0558191
2 0.849435 0.712041 0.141029 0.160326 0.052062
2 0.388499 0.651245 0.037466 0.0465782 0.0488436
2 0.294292 0.335264 0.14447 0.290436 0.0481494
2 0.649139 0.226973 0.100489 0.0851858 0.0476348
2 0.674033 0.546173 0.200979 0.135483 0.0474071
2 0.646609 0.272658 0.11784 0.143104 0.0473914
2 0.648802 0.229189 0.101406 0.0872531 0.0473203
2 0.707996 0.580976 0.0704966 0.196514 0.0470182
2 0.547979 0.527968 0.0493 0.0535033 0.046863
2 0.854722 0.7086 0.138744 0.15091 0.0465058
2 0.831518 0.742975 0.0608088 0.0564735 0.0461546
2 0.320712 0.416099 0.217047 0.479723 0.0460609
2 0.655821 0.252176 0.15216 0.209181 0.0455815
2 0.620542 0.762516 0.0215181 0.0338345 0.0441493
2 0.71222 0.59497 0.0698015 0.217111 0.0422316
2 0.534882 0.65507 0.0264257 0.0443894 0.0420678
2 0.647406 0.279671 0.120173 0.123111 0.0418364
2 0.555312 0.5286 0.044105 0.0540388 0.0415534
2 0.847148 0.711528 0.12799 0.153423 0.0414793
2 0.656376 0.295626 0.102755 0.0912187 0.0408352
2 0.650328 0.24959 0.163664 0.212122 0.0407199
2 0.63439 0.503341 0.0479678 0.0464364 0.0405298
2 0.357349 0.489476 0.0390239 0.0530754 0.0401944
2 0.549536 0.526114 0.04563 0.0559828 0.0393704
2 0.265032 0.614236 0.031902 0.0575215 0.0391239
2 0.638453 0.503118 0.0404281 0.0431473 0.0389704
2 0.501323 0.778021 0.0265212 0.0389428 0.0385631
2 0.652028 0.270315 0.112603 0.140344 0.0366481
2 0.501181 0.777562 0.026621 0.0383807 0.0357932
2 0.536144 0.655109 0.0292836 0.0473767 0.0343312
2 0.838738 0.685392 0.0877864 0.0809952 0.0343001
2 0.556915 0.525719 0.0415448 0.0548683 0.0330444
2 0.369388 0.441019 0.0289932 0.0307586 0.0328729
2 0.859528 0.69803 0.138124 0.182659 0.0321964
2 0.638215 0.503599 0.0431253 0.0440363 0.0317416
2 0.647949 0.227562 0.10883 0.0840187 0.031708
2 0.532471 0.655544 0.0335014 0.0498817 0.0315678
2 0.265335 0.614289 0.0304641 0.0575944 0.0313857
2 0.699329 0.590834 0.100124 0.225532 0.0312232
2 0.656306 0.234118 0.0805296 0.0639515 0.0308305
2 0.297106 0.30199 0.125963 0.201387 0.0306948
2 0.369467 0.444488 0.037858 0.0456605 0.0302564
2 0.364808 0.449497 0.0416562 0.048889 0.0300904
2 0.535728 0.653476 0.0302143 0.0535827 0.0297406
2 0.63447 0.551461 0.0671194 0.0734491 0.029045
2 0.466255 0.644396 0.0583484 0.100162 0.0285229
2 0.356173 0.48866 0.0405077 0.0547144 0.0279507
2 0.266549 0.614189 0.0443648 0.0673868 0.0272384
2 0.630214 0.525817 0.0617433 0.0737357 0.0268739
2 0.619868 0.763053 0.0241926 0.0372416 0.026807
2 0.264442 0.614323 0.0353243 0.0581953 0.0266038
2 0.535653 0.655415 0.0310246 0.0494093 0.0262708
2 0.646769 0.266334 0.117992 0.142503 0.0258671
2 0.533096 0.655889 0.0333296 0.0518577 0.0250335
2 0.704413 0.592237 0.0940403 0.223422 0.0243259
2 0.656363 0.561778 0.225612 0.161444 0.0240318
2 0.547762 0.53025 0.0517298 0.0551963 0.0238323
2 0.268652 0.180211 0.0166553 0.024439 0.0235336
2 0.283819 0.436336 0.139499 0.440901 0.0227552
2 0.826126 0.715816 0.0649442 0.0990212 0.0217775
2 0.370305 0.440977 0.0312415 0.0330391 0.0217142
2 0.546334 0.529082 0.0540061 0.0573551 0.0213977
2 0.297694 0.323632 0.136082 0.248309 0.0204055
2 0.674396 0.541468 0.194374 0.129238 0.0204037
2 0.634368 0.55176 0.0721853 0.0763682 0.0201749
3 0.224605 0.452846 0.25213 0.858946 0.0201686
2 0.634647 0.759088 0.0436255 0.0390422 0.0200289
2 0.285142 0.212155 0.0409732 0.0516194 0.0196958
2 0.264233 0.615206 0.0319868 0.057875 0.0190105
2 0.274869 0.437631 0.0971467 0.447146 0.0189989
2 0.649604 0.269253 0.128021 0.171776 0.0188765
2 0.623267 0.544063 0.163641 0.12073 0.0186008
2 0.36003 0.489707 0.0443409 0.0616104 0.0182013
2 0.652955 0.233722 0.103067 0.0699104 0.0178625
2 0.610554 0.260098 0.0458439 0.0667096 0.0177023
2 0.840893 0.709174 0.142982 0.154205 0.0171972
2 0.718269 0.782308 0.0361625 0.0444556 0.0170962
2 0.858081 0.679626 0.139192 0.224192 0.0160902
2 0.278799 0.43632 0.113592 0.445337 0.0159977
3 0.217326 0.454824 0.236141 0.835579 0.015858
2 0.820952 0.696291 0.0516054 0.052286 0.0154803
2 0.538014 0.65245 0.033883 0.0553263 0.0154038
2 0.307746 0.428467 0.264862 0.487181 0.0152911
2 0.361025 0.471515 0.0510646 0.0702163 0.0152364
2 0.644865 0.265666 0.128559 0.178218 0.0148867
2 0.267142 0.613951 0.0459473 0.0686874 0.0147698
2 0.652245 0.303478 0.0833507 0.0796411 0.014151
2 0.641782 0.264255 0.161355 0.179892 0.0141347
3 0.224214 0.447895 0.251947 0.86031 0.0137411
2 0.264474 0.615402 0.03455 0.0578072 0.0133891
5 0.264083 0.613807 0.0328673 0.0581917 0.0130942
2 0.353835 0.484038 0.0476376 0.05495 0.0130688
2 0.854006 0.678662 0.0573751 0.0635361 0.0128183
2 0.553108 0.529848 0.0500856 0.0599984 0.0128029
2 0.63809 0.759436 0.0426498 0.0398849 0.0127696
2 0.269457 0.18118 0.0194623 0.0308101 0.0126703
2 0.619071 0.258972 0.062733 0.0797095 0.0125462
2 0.503051 0.773455 0.0300576 0.0498802 0.0124766
2 0.354219 0.484449 0.0481649 0.054256 0.0123684
2 0.684012 0.550915 0.221197 0.150105 0.0122783
2 0.719558 0.784605 0.0381491 0.0452993 0.0121901
2 0.501494 0.774884 0.0308452 0.0531753 0.0115358
2 0.266404 0.613253 0.04442 0.0671289 0.0113874
2 0.626661 0.538762 0.192687 0.124308 0.0113094
2 0.635667 0.550006 0.0686232 0.0801825 0.0110339
2 0.719366 0.660975 0.0390177 0.0794259 0.0107912
2 0.303621 0.29798 0.132446 0.218057 0.0105349
2 0.610999 0.257083 0.0449952 0.0625425 0.0105268
2 0.647605 0.221315 0.0951137 0.0710703 0.0104663
2 0.676871 0.246682 0.214957 0.207365 0.0104136
2 0.692463 0.507767 0.0398964 0.0532791 0.0103913
2 0.65344 0.230402 0.0918808 0.0834932 0.01031
