3 0.431307 0.404187 0.544698 0.587511 0.604585
3 0.432528 0.408649 0.540647 0.579025 0.556045
3 0.431866 0.403906 0.543241 0.587806 0.555409
3 0.434846 0.403378 0.536184 0.588339 0.555331
3 0.435468 0.402792 0.536065 0.588137 0.551405
3 0.431905 0.402092 0.526474 0.584348 0.549357
3 0.435288 0.401452 0.535223 0.588184 0.508536
3 0.43419 0.405059 0.529486 0.587685 0.485957
3 0.427696 0.402003 0.515241 0.58947 0.463524
3 0.41924 0.408797 0.495838 0.577088 0.372757
5 0.361699 0.789125 0.0424361 0.0527384 0.354476
5 0.361817 0.788163 0.0424088 0.0511222 0.345113
5 0.36143 0.789328 0.0408273 0.0490634 0.328453
5 0.361792 0.788721 0.043362 0.0496637 0.300908
5 0.361404 0.788498 0.0400121 0.0471717 0.257786
