0 0.398725 0.502361 0.700795 0.986179 0.804168
0 0.412025 0.504211 0.72846 0.985309 0.708687
0 0.397362 0.499045 0.697554 0.992854 0.695796
0 0.421926 0.495484 0.742146 0.965526 0.662047
0 0.410686 0.478416 0.723163 0.950738 0.625048
0 0.414079 0.438162 0.725963 0.867413 0.622046
0 0.407854 0.498726 0.719283 0.981577 0.62023
0 0.394321 0.500267 0.693721 0.992945 0.563898
3 0.496732 0.574102 0.191754 0.227312 0.500503
3 0.495894 0.574625 0.189681 0.230879 0.41497
3 0.499313 0.574195 0.185751 0.227681 0.347335
5 0.4993 0.573466 0.189277 0.22532 0.337019
