3 0.514207 0.588946 0.707498 0.818371 0.747166
3 0.510072 0.589934 0.715579 0.816325 0.714508
3 0.512569 0.585607 0.726211 0.828787 0.712348
3 0.51191 0.587727 0.728016 0.816048 0.708405
3 0.512464 0.586865 0.721918 0.823804 0.64404
3 0.511917 0.587058 0.70589 0.825527 0.636078
3 0.506717 0.5884 0.707912 0.821956 0.608653
3 0.493724 0.576534 0.680226 0.842154 0.607307
3 0.509823 0.568631 0.70085 0.862583 0.60114
5 0.506253 0.504958 0.0453003 0.0641012 0.310518
5 0.506583 0.505928 0.0457105 0.067691 0.306091
5 0.506634 0.50594 0.0460121 0.0661462 0.304741
3 0.459717 0.5965 0.608684 0.806268 0.303846
5 0.505475 0.506664 0.0483702 0.0653886 0.29912
5 0.505992 0.506398 0.051644 0.0700736 0.294347
5 0.505931 0.50584 0.0453104 0.0646154 0.264154
