0 0.442205 0.489151 0.501832 0.659314 0.75199
0 0.439133 0.487972 0.49792 0.655245 0.748441
0 0.449517 0.493163 0.522466 0.66057 0.744518
0 0.441924 0.491504 0.503452 0.661818 0.734458
0 0.436766 0.49122 0.497163 0.646864 0.725608
0 0.446363 0.494592 0.514069 0.670917 0.724429
0 0.434936 0.489655 0.50526 0.659723 0.669348
0 0.437542 0.492142 0.514067 0.663381 0.66784
0 0.441069 0.49049 0.496028 0.646269 0.627169
5 0.345922 0.460339 0.0782585 0.103799 0.591538
5 0.345855 0.459856 0.0774361 0.104828 0.567592
5 0.246559 0.351867 0.0448024 0.0593999 0.560645
5 0.245854 0.35184 0.044416 0.0601605 0.553812
5 0.246627 0.352475 0.0482832 0.061127 0.552253
5 0.246884 0.352156 0.0461902 0.0628955 0.524773
5 0.246345 0.351414 0.0430121 0.0577944 0.483517
5 0.245661 0.351078 0.0428986 0.0582625 0.47663
5 0.246006 0.351597 0.0468793 0.0603892 0.406286
5 0.346032 0.4597 0.0828146 0.105355 0.381937
5 0.246443 0.351706 0.04436 0.0576403 0.368511
5 0.34598 0.460199 0.082463 0.102668 0.36236
0 0.434593 0.490767 0.500666 0.641412 0.35459
5 0.344692 0.45982 0.0825488 0.103915 0.275575
5 0.245926 0.351149 0.0533364 0.062707 0.268714
5 0.245626 0.353001 0.0459392 0.0601785 0.265746
