0 0.504316 0.505437 0.814735 0.989126 0.79044
0 0.507388 0.503331 0.814283 0.993338 0.788243
0 0.513939 0.502047 0.813023 0.995905 0.7714
0 0.512108 0.50408 0.813205 0.99184 0.769751
0 0.434971 0.504974 0.67705 0.982207 0.722536
0 0.50057 0.496054 0.739864 0.967045 0.668051
0 0.520642 0.501457 0.81269 0.997086 0.653573
0 0.5256 0.503526 0.79415 0.992949 0.598534
0 0.486351 0.539031 0.196575 0.277826 0.591153
0 0.486857 0.540069 0.196516 0.280554 0.400083
0 0.486673 0.534753 0.198711 0.296134 0.324986
0 0.522769 0.585788 0.722016 0.822104 0.291823
0 0.517698 0.634901 0.714388 0.697256 0.290929
