3 0.579946 0.430299 0.417514 0.620319 0.903415
3 0.581302 0.434348 0.421917 0.616637 0.890297
3 0.580923 0.4374 0.420638 0.617371 0.890029
3 0.578088 0.428081 0.419214 0.626225 0.887603
3 0.578873 0.435163 0.420302 0.62369 0.865638
3 0.580425 0.432355 0.422019 0.620791 0.851868
3 0.579152 0.443509 0.419717 0.602298 0.791908
3 0.58073 0.430269 0.425284 0.618754 0.484725
3 0.578082 0.437214 0.415559 0.593607 0.484358
3 0.580299 0.432681 0.420661 0.625851 0.3985
3 0.577364 0.433805 0.416704 0.601853 0.369252
