5 0.579012 0.691751 0.0663296 0.0692836 0.823115
5 0.579465 0.691641 0.0664922 0.0700033 0.766299
5 0.581488 0.693331 0.0645107 0.068368 0.737661
5 0.58053 0.69191 0.0641767 0.066853 0.665677
5 0.578959 0.692238 0.070047 0.0717385 0.658975
5 0.58024 0.692263 0.0617626 0.0655889 0.639697
2 0.580214 0.692313 0.062179 0.0666958 0.599756
5 0.580289 0.691529 0.0639284 0.0671567 0.589567
1 0.563427 0.555149 0.557116 0.662353 0.544505
1 0.560627 0.548932 0.554312 0.653339 0.517434
1 0.564496 0.549381 0.562988 0.642762 0.488415
1 0.561197 0.554451 0.553546 0.657366 0.483526
5 0.579706 0.69324 0.0649141 0.0680562 0.481647
1 0.557915 0.550747 0.549207 0.654812 0.44395
1 0.562048 0.547097 0.54847 0.648932 0.429559
1 0.560828 0.554691 0.555461 0.657625 0.421936
1 0.560905 0.547653 0.560453 0.638954 0.397543
5 0.580928 0.69224 0.0653851 0.070938 0.347698
1 0.558221 0.547448 0.544898 0.647762 0.341074
5 0.581138 0.690269 0.070435 0.0790914 0.250747
