2 0.74341 0.611514 0.0767376 0.0857351 0.77052
2 0.285502 0.551975 0.0698667 0.0845347 0.650598
2 0.743476 0.612462 0.0780945 0.0846029 0.622825
2 0.284015 0.552864 0.0736531 0.0851361 0.595982
2 0.743771 0.612769 0.0761042 0.0827805 0.588423
2 0.285023 0.552415 0.0699913 0.0843203 0.577711
2 0.74326 0.61192 0.0791167 0.0867639 0.569226
2 0.742446 0.612058 0.0778672 0.0867896 0.568194
2 0.743486 0.611503 0.0781391 0.0882637 0.547246
2 0.285316 0.553027 0.0732053 0.083944 0.542693
2 0.284974 0.55316 0.0722735 0.0838882 0.468475
2 0.291327 0.553475 0.0629456 0.085092 0.44997
2 0.74209 0.612331 0.0833625 0.0889535 0.4158
2 0.284361 0.552473 0.0726519 0.084978 0.387098
2 0.745697 0.613055 0.0822666 0.0850879 0.348279
2 0.291684 0.551901 0.0657141 0.0884299 0.341322
2 0.577374 0.48871 0.0483781 0.0588908 0.339933
2 0.292698 0.553177 0.0587175 0.0844942 0.339045
2 0.577121 0.489471 0.0483083 0.0609597 0.338939
2 0.57706 0.489118 0.0499982 0.0626798 0.331244
2 0.244721 0.672194 0.0850045 0.0990247 0.328987
2 0.578492 0.489981 0.0526377 0.0656441 0.322697
4 0.247962 0.670746 0.0889643 0.102884 0.316269
2 0.576387 0.487295 0.0537716 0.064658 0.271755
1 0.497935 0.498031 0.890232 0.973881 0.263396
2 0.575361 0.489115 0.0504333 0.0643421 0.26057
1 0.50302 0.517995 0.887321 0.952466 0.255661
2 0.576711 0.489206 0.0468439 0.061813 0.251991
1 0.500788 0.514108 0.883487 0.957674 0.251794
