3 0.55516 0.473495 0.455843 0.569537 0.84742
3 0.557173 0.477168 0.457613 0.573329 0.84402
3 0.557339 0.475384 0.450977 0.56857 0.82905
3 0.556958 0.484593 0.451975 0.563049 0.815141
3 0.558546 0.479473 0.449332 0.576175 0.813413
3 0.557681 0.479706 0.451589 0.574962 0.805887
3 0.557942 0.483128 0.449986 0.560733 0.80399
3 0.552897 0.472301 0.444758 0.565665 0.792723
3 0.551427 0.477911 0.438015 0.573254 0.78158
3 0.54245 0.480887 0.424021 0.554818 0.427431
3 0.556868 0.473511 0.46274 0.571058 0.283475
