2 0.54351 0.353289 0.0571814 0.0717338 0.637021
2 0.327392 0.304017 0.0442799 0.0873397 0.471342
2 0.567899 0.417864 0.0359385 0.066155 0.367858
2 0.384277 0.547362 0.0358507 0.0448683 0.316895
2 0.468854 0.192722 0.033657 0.0507752 0.314837
2 0.249724 0.400914 0.0329584 0.0439885 0.286917
2 0.472084 0.265342 0.0355078 0.0496666 0.250102
2 0.287277 0.544566 0.034112 0.0439768 0.215008
2 0.241816 0.297685 0.0653042 0.116757 0.202565
2 0.501903 0.165383 0.027817 0.0300824 0.188025
2 0.383059 0.59968 0.0823094 0.0538925 0.171587
4 0.446465 0.415757 0.514326 0.62337 0.151674
2 0.519045 0.51343 0.0443613 0.0683333 0.1413
2 0.415074 0.702293 0.0790404 0.0440047 0.133199
2 0.351943 0.237354 0.0360159 0.0304124 0.0997485
2 0.247663 0.279492 0.0520913 0.0723023 0.0865
2 0.352195 0.388257 0.0266027 0.0307185 0.083372
2 0.38024 0.284243 0.0247854 0.0363004 0.073493
2 0.256907 0.319366 0.028689 0.0403128 0.0721428
5 0.633007 0.789096 0.0287678 0.0330574 0.0604649
2 0.342699 0.581196 0.0305709 0.0358919 0.0531084
2 0.555535 0.422626 0.0631877 0.0794166 0.0401981
2 0.250952 0.269363 0.0391074 0.0447213 0.0361963
2 0.369877 0.590459 0.0857092 0.0566501 0.0298728
2 0.520994 0.425982 0.0210694 0.0267748 0.0288247
2 0.533969 0.450493 0.0287793 0.0291593 0.0280998
2 0.517604 0.230815 0.0559816 0.0572545 0.0251186
2 0.24408 0.313906 0.0501822 0.0707968 0.0219058
2 0.567724 0.440703 0.0244121 0.0395738 0.0216392
2 0.420951 0.321999 0.0291788 0.0410669 0.0208965
4 0.440115 0.394479 0.330476 0.437373 0.0200069
2 0.536132 0.435491 0.0394067 0.0609577 0.0192872
2 0.393366 0.195566 0.0919202 0.0805442 0.0188778
2 0.503003 0.467715 0.0209438 0.0234112 0.018243
2 0.630707 0.398777 0.0505875 0.0314464 0.0168416
2 0.414601 0.19165 0.0455087 0.0380255 0.0156633
2 0.356104 0.44891 0.0364166 0.0327584 0.0148515
2 0.405688 0.198707 0.0646511 0.0512641 0.0141228
2 0.375695 0.47634 0.0242133 0.030601 0.0138983
2 0.529289 0.438419 0.0320881 0.0392969 0.013718
2 0.290522 0.545569 0.0522832 0.05336 0.0123121
2 0.665997 0.541949 0.0194542 0.0269145 0.0121637
2 0.40823 0.410052 0.02798 0.0477338 0.0117711
2 0.560907 0.259876 0.0247979 0.0339085 0.0100415
