5 0.660031 0.480813 0.0706705 0.0824848 0.447926
5 0.561402 0.330665 0.0216841 0.0257439 0.279014
0 0.523819 0.504731 0.389261 0.441852 0.263332
5 0.519611 0.311304 0.0243398 0.0293325 0.262586
5 0.411274 0.429641 0.0276423 0.0324921 0.239057
5 0.600721 0.629748 0.0218689 0.0219614 0.151414
5 0.397462 0.526353 0.0231773 0.0292976 0.150018
5 0.610782 0.439669 0.0185467 0.024401 0.109868
5 0.412937 0.429575 0.0405653 0.04367 0.103322
5 0.6323 0.544413 0.020514 0.0245848 0.0951033
5 0.613935 0.576776 0.0205016 0.0238684 0.0844904
5 0.627265 0.600789 0.0183155 0.0204495 0.0777618
5 0.562299 0.374956 0.0212512 0.0235156 0.0703656
5 0.540215 0.680127 0.0321414 0.0285086 0.0613777
5 0.568069 0.597431 0.0373459 0.0367652 0.0605671
3 0.493805 0.512823 0.285877 0.345938 0.0476132
0 0.492108 0.416366 0.103027 0.149931 0.0437457
5 0.564158 0.372575 0.0311982 0.0293065 0.0349471
5 0.490117 0.410589 0.0997939 0.13212 0.0263994
5 0.556864 0.327682 0.0289369 0.0337192 0.0230748
5 0.399706 0.525593 0.0352833 0.0386607 0.0211794
5 0.60858 0.438675 0.0275128 0.0310394 0.0187896
5 0.521571 0.537403 0.142855 0.196773 0.0160201
5 0.538858 0.589225 0.101319 0.0756687 0.0159083
5 0.563968 0.337108 0.0301328 0.0298851 0.0153957
5 0.424117 0.614134 0.0187425 0.02117 0.0130822
5 0.610768 0.576778 0.0297956 0.0304128 0.0126766
0 0.545211 0.574853 0.331456 0.277897 0.0125044
5 0.540455 0.680219 0.0482897 0.0368067 0.0107997
5 0.569691 0.496309 0.0193401 0.0221965 0.0100712
