2 0.513258 0.458548 0.110196 0.0887572 0.891943
2 0.624385 0.565434 0.0880123 0.116209 0.881872
2 0.599357 0.317673 0.0749841 0.0993929 0.868773
2 0.573232 0.172918 0.0868665 0.169697 0.852404
2 0.736438 0.31233 0.0608653 0.0735913 0.823371
2 0.459518 0.0946414 0.0774885 0.088454 0.820969
2 0.544235 0.526657 0.0582725 0.0547271 0.803199
2 0.573442 0.411286 0.0500265 0.0695053 0.756346
2 0.50861 0.0339147 0.0614556 0.0620003 0.554646
2 0.587494 0.0500872 0.0898399 0.0702925 0.547777
2 0.613896 0.0459315 0.045513 0.0616815 0.207047
2 0.544058 0.153046 0.0421572 0.141953 0.0468756
2 0.73019 0.208138 0.135168 0.139727 0.0232171
2 0.704771 0.139351 0.040167 0.0344536 0.0229282
2 0.477626 0.0346691 0.137223 0.0686422 0.0202409
2 0.700699 0.0937542 0.04064 0.0354158 0.0142227
4 0.587838 0.365993 0.388694 0.731985 0.010596
