0 0.511731 0.641802 0.293098 0.597209 0.525846
5 0.522503 0.0326275 0.0413583 0.0427844 0.187547
5 0.666339 0.961783 0.0964001 0.0740276 0.10503
5 0.562184 0.325365 0.0186119 0.0208492 0.0803479
2 0.52081 0.0335199 0.0422672 0.0430446 0.0701592
5 0.583438 0.307125 0.0182834 0.0191672 0.0620627
2 0.459157 0.0490696 0.0416553 0.0348229 0.0417417
1 0.500398 0.382008 0.249418 0.113822 0.0351443
3 0.504403 0.582978 0.272128 0.377135 0.0247549
5 0.458635 0.0492248 0.0413066 0.0346512 0.021182
5 0.669329 0.942181 0.0870991 0.0337595 0.01535
5 0.583728 0.309719 0.0244722 0.029889 0.0127768
5 0.574968 0.302805 0.0212979 0.0246146 0.0109169
5 0.513907 0.520762 0.0420074 0.0418185 0.0102463
