5 0.671219 0.462884 0.0407854 0.0455117 0.373838
0 0.549083 0.485801 0.350135 0.397158 0.299373
5 0.575644 0.62791 0.0255665 0.0301837 0.277122
5 0.434865 0.534964 0.0476807 0.0533736 0.233055
5 0.523081 0.627133 0.0386071 0.043164 0.159013
5 0.935121 0.461098 0.0409827 0.0570333 0.113758
5 0.508842 0.321355 0.0185832 0.0214868 0.0521046
5 0.57344 0.625322 0.0387696 0.0436181 0.0507195
5 0.649339 0.502302 0.0235572 0.0276158 0.0506388
0 0.506123 0.373922 0.321241 0.184326 0.0366352
5 0.542867 0.301847 0.0265697 0.028888 0.0317072
5 0.523111 0.406223 0.0224104 0.0255765 0.0300416
0 0.500612 0.481804 0.211689 0.217516 0.0230445
0 0.947109 0.464206 0.105781 0.913953 0.0212366
5 0.49814 0.403554 0.0257913 0.0277034 0.0186858
0 0.467183 0.436221 0.173371 0.140652 0.0180941
0 0.831478 0.47825 0.335663 0.94898 0.0178291
0 0.457893 0.447845 0.292671 0.327766 0.0149357
5 0.44174 0.552987 0.0510876 0.0310653 0.0125004
5 0.431306 0.44491 0.0261904 0.0331724 0.0112348
3 0.531896 0.480619 0.212583 0.236105 0.0101357
