0 0.520444 0.50934 0.468014 0.605164 0.908219
5 0.527499 0.511936 0.147648 0.205753 0.132872
5 0.529055 0.981243 0.0299086 0.0282731 0.0884869
5 0.507302 0.239036 0.0204389 0.0246204 0.0675252
5 0.611256 0.32561 0.028809 0.0368476 0.0592271
5 0.651287 0.291842 0.0241701 0.0291686 0.0552902
5 0.640924 0.383585 0.0375542 0.0524875 0.0492469
5 0.464221 0.748516 0.0291069 0.0345181 0.0399177
5 0.529183 0.98021 0.0435292 0.0358806 0.035181
5 0.692313 0.511239 0.0304878 0.0355732 0.0309399
5 0.512727 0.347564 0.0310045 0.0384248 0.0280368
5 0.57138 0.241429 0.0230765 0.0351243 0.0274788
5 0.425967 0.538667 0.0353354 0.0480885 0.0271951
5 0.614221 0.254739 0.0242002 0.0260365 0.0219629
0 0.533321 0.309246 0.387334 0.206614 0.0219185
5 0.732611 0.49162 0.0219412 0.0239338 0.0218161
5 0.471774 0.39316 0.040471 0.0484338 0.0150101
5 0.650536 0.325943 0.0198481 0.0228415 0.0140258
0 0.681994 0.515684 0.153008 0.524619 0.0138032
5 0.673267 0.334388 0.0201415 0.0253951 0.0136027
1 0.532177 0.490681 0.142425 0.175107 0.012322
5 0.42857 0.450852 0.0395496 0.0523531 0.0115701
5 0.563999 0.309793 0.0309551 0.0340784 0.0111995
5 0.522082 0.753862 0.0205358 0.0215695 0.0104986
