2 0.622847 0.585124 0.0378824 0.052665 0.332495
0 0.526488 0.54824 0.465028 0.5526 0.315896
2 0.464015 0.551 0.05296 0.0537475 0.206589
2 0.577604 0.690755 0.0530897 0.0708867 0.170249
2 0.591839 0.508631 0.0733014 0.0788388 0.132872
2 0.463501 0.474158 0.0911187 0.0943834 0.129026
2 0.476451 0.490578 0.104047 0.0688531 0.11993
2 0.612405 0.508608 0.0395381 0.0714829 0.118179
2 0.636677 0.586908 0.0466723 0.0514824 0.103666
2 0.549578 0.547764 0.0339129 0.0510764 0.0889256
2 0.45303 0.699341 0.129081 0.119979 0.0775942
2 0.494343 0.588741 0.0277774 0.0444778 0.0722207
2 0.628821 0.587158 0.0608278 0.0706046 0.0458074
0 0.523355 0.591931 0.310121 0.339319 0.0415006
2 0.578103 0.517478 0.0587004 0.0640943 0.0310835
2 0.488404 0.594018 0.0495903 0.0588943 0.0280362
2 0.694901 0.431285 0.0349435 0.0374134 0.024087
2 0.427579 0.67169 0.0530163 0.0448984 0.0239101
2 0.439744 0.677837 0.0810084 0.0642531 0.0232957
2 0.502815 0.500396 0.0509889 0.0558518 0.0188646
2 0.698672 0.438321 0.0476007 0.052935 0.0123902
2 0.478025 0.518277 0.109598 0.113356 0.0116753
2 0.579348 0.567092 0.0382363 0.0402234 0.010973
