4 0.535314 0.515261 0.533875 0.663559 0.926727
2 0.576374 0.22362 0.0290092 0.0274597 0.0586912
2 0.320084 0.441828 0.0276492 0.0333951 0.0306133
2 0.381063 0.377907 0.0202456 0.0224713 0.0301335
2 0.65284 0.263895 0.0301857 0.0322265 0.027422
2 0.713996 0.690225 0.0167523 0.0199447 0.0166056
2 0.471837 0.255113 0.0524649 0.0512127 0.0165944
5 0.217598 0.463409 0.027498 0.0366228 0.0137893
2 0.772308 0.523065 0.0217232 0.0301126 0.0133629
2 0.674482 0.337888 0.0184513 0.0195884 0.0126484
2 0.742934 0.6486 0.0257828 0.0424568 0.0105682
4 0.532885 0.301113 0.469127 0.239334 0.0100138
