2 0.40956 0.554705 0.0281495 0.0427535 0.517684
2 0.581104 0.657914 0.0359509 0.0357359 0.470609
2 0.654446 0.424006 0.0403171 0.0390645 0.427557
2 0.346963 0.565821 0.0285933 0.0392737 0.4005
2 0.398809 0.384664 0.034154 0.0337336 0.395023
2 0.568667 0.580388 0.0231148 0.0359166 0.375289
2 0.701312 0.251184 0.0311337 0.0374793 0.326884
2 0.241482 0.632976 0.0256348 0.0342054 0.301525
2 0.631893 0.526103 0.0243379 0.0304139 0.258656
2 0.429082 0.671417 0.0265843 0.0380491 0.254218
2 0.636836 0.320505 0.0360668 0.0722231 0.242765
2 0.72004 0.419961 0.0214922 0.0271882 0.227116
2 0.662378 0.467456 0.0349217 0.0421435 0.145436
3 0.486819 0.468193 0.820212 0.930545 0.113638
2 0.763523 0.318638 0.0466925 0.0596217 0.0986371
2 0.165398 0.483369 0.0191695 0.0236375 0.0948233
2 0.72622 0.308403 0.0248939 0.0287435 0.0703701
2 0.547256 0.51121 0.0159091 0.0187617 0.0624441
2 0.16136 0.508533 0.0237881 0.0277609 0.0594832
5 0.398828 0.385867 0.0433266 0.0410898 0.0389912
2 0.167692 0.491845 0.0279992 0.0476438 0.0364049
2 0.701885 0.251515 0.0467415 0.0515132 0.0353991
2 0.396911 0.528111 0.0305411 0.0340083 0.03518
2 0.6337 0.308956 0.0574024 0.102584 0.0329156
2 0.633848 0.529857 0.0333511 0.0448501 0.0195424
2 0.411861 0.554423 0.0437087 0.0571944 0.0183469
2 0.241199 0.633127 0.0425156 0.0509636 0.0146809
2 0.314485 0.76231 0.0318685 0.0413957 0.0137305
2 0.622092 0.30115 0.098253 0.12492 0.0123357
0 0.216099 0.471499 0.264775 0.898472 0.0105224
2 0.71746 0.311547 0.0433446 0.041817 0.0101444
