0 0.64493 0.354648 0.537196 0.666125 0.479726
5 0.693795 0.295062 0.284146 0.229056 0.0680316
5 0.64092 0.598924 0.261668 0.180347 0.0555953
0 0.62409 0.28308 0.342937 0.235985 0.0420378
5 0.848978 0.463789 0.0974609 0.090372 0.0350617
5 0.40048 0.40039 0.0200822 0.0247623 0.0349667
3 0.545379 0.490377 0.310427 0.269662 0.0331437
1 0.668233 0.0707946 0.443565 0.141589 0.0307504
0 0.560396 0.50364 0.365874 0.304956 0.0241471
5 0.855985 0.296538 0.050102 0.0769923 0.0209718
3 0.565593 0.228146 0.270768 0.231136 0.0174473
0 0.567267 0.23335 0.258534 0.226963 0.0126792
