0 0.496436 0.58225 0.0993105 0.117379 0.42383
4 0.495967 0.446614 0.482633 0.62803 0.236584
5 0.514552 0.494814 0.0253248 0.0350157 0.203985
0 0.493916 0.446454 0.492091 0.628785 0.178417
5 0.385482 0.542642 0.0338845 0.046307 0.15469
3 0.496298 0.448165 0.491551 0.621731 0.148159
2 0.646258 0.3895 0.0221524 0.0295314 0.116355
5 0.391277 0.532774 0.0275889 0.0284781 0.111356
0 0.567631 0.398684 0.0549011 0.0693027 0.0995588
5 0.362293 0.405348 0.036848 0.058397 0.0959005
0 0.365432 0.434553 0.0579422 0.116689 0.0689881
0 0.476884 0.380296 0.0919557 0.136472 0.0592074
5 0.45794 0.422177 0.0378101 0.0393481 0.0527055
2 0.63727 0.269765 0.017004 0.0214637 0.0512842
2 0.526417 0.72299 0.0374808 0.0359094 0.0456319
5 0.506896 0.361565 0.0150311 0.0195286 0.0434828
5 0.491276 0.359973 0.0188472 0.0203653 0.0434646
0 0.46933 0.177257 0.0458886 0.0632356 0.0429825
5 0.36928 0.397473 0.0275977 0.03742 0.0428328
2 0.490876 0.690127 0.0194952 0.0216862 0.0354352
0 0.392489 0.531148 0.0728351 0.0738186 0.0317301
3 0.49571 0.451656 0.271601 0.389815 0.0308979
5 0.362913 0.421786 0.0485203 0.091548 0.0283115
5 0.480376 0.413618 0.0208345 0.0292413 0.027856
5 0.426453 0.507719 0.0191457 0.0210079 0.0239083
5 0.574432 0.249234 0.026198 0.0387558 0.0235485
5 0.46829 0.178911 0.0510535 0.0637776 0.0231622
5 0.564011 0.399056 0.0458527 0.0604068 0.0213703
5 0.515949 0.490977 0.0411408 0.0499015 0.0194765
3 0.494977 0.580137 0.0956969 0.117288 0.0159104
0 0.358938 0.456032 0.0303288 0.0387495 0.0147745
1 0.297041 0.445528 0.0867218 0.403444 0.0144134
0 0.477927 0.567831 0.149677 0.15981 0.0144041
0 0.451674 0.522275 0.208667 0.247931 0.0140472
5 0.359877 0.442588 0.0352686 0.0728131 0.0132334
5 0.753537 0.463847 0.0187434 0.0222759 0.0120008
0 0.566903 0.385089 0.255821 0.29571 0.0110843
0 0.571328 0.249125 0.0477241 0.0513773 0.0110099
5 0.426161 0.517915 0.0248547 0.0442393 0.0108927
5 0.612196 0.36628 0.0178806 0.0204797 0.0100398
