3 0.615306 0.387874 0.447835 0.59672 0.85563
2 0.560521 0.293998 0.0192864 0.0234357 0.109261
5 0.564479 0.691923 0.0176892 0.0218095 0.0667971
5 0.378944 0.474004 0.0178164 0.0212742 0.0387225
5 0.377088 0.506156 0.016522 0.0198173 0.0356773
5 0.451631 0.676658 0.0306663 0.0332208 0.0255611
0 0.793204 0.20071 0.039709 0.0657807 0.0250339
5 0.45281 0.67751 0.0195923 0.024801 0.0249469
5 0.561668 0.292844 0.0273629 0.030793 0.0238309
2 0.625603 0.493114 0.0178107 0.0209226 0.0159388
5 0.661921 0.67588 0.0253041 0.0294677 0.0154463
2 0.518566 0.266025 0.0165893 0.0193877 0.0148158
2 0.561838 0.294135 0.0316884 0.0367006 0.0134514
