4 0.487234 0.617124 0.659286 0.716545 0.95863
2 0.238848 0.453029 0.0282566 0.0495737 0.309336
2 0.299858 0.378109 0.0364454 0.0317392 0.242585
2 0.284868 0.448221 0.0227929 0.0350801 0.211008
2 0.315012 0.344998 0.0279344 0.0348856 0.204008
2 0.451363 0.317374 0.0232683 0.0336655 0.188824
2 0.550977 0.293324 0.0346209 0.0289532 0.160634
2 0.256268 0.484459 0.024975 0.0302512 0.13708
2 0.26502 0.430008 0.0175115 0.0197607 0.131419
2 0.520562 0.311316 0.0305112 0.0451717 0.109354
2 0.431627 0.358003 0.0270331 0.032175 0.0880498
2 0.306439 0.35994 0.0423216 0.0578893 0.0869545
2 0.191636 0.515274 0.0315023 0.0381562 0.0814737
2 0.411387 0.300871 0.0228011 0.03021 0.0765206
5 0.551316 0.293309 0.0352823 0.0302128 0.072644
2 0.397439 0.363255 0.0255645 0.0255608 0.0664572
2 0.600219 0.391281 0.0294997 0.030877 0.0651964
5 0.704611 0.782807 0.0427429 0.0744774 0.0626531
2 0.48323 0.445572 0.0266278 0.0459613 0.0619043
2 0.485178 0.615746 0.0352238 0.0501167 0.0590569
2 0.41063 0.388485 0.0208754 0.0287738 0.0510437
2 0.272389 0.433072 0.0265085 0.0237168 0.046643
2 0.526138 0.405695 0.0318391 0.0492247 0.0448152
2 0.251467 0.589711 0.0345328 0.046604 0.042638
2 0.745866 0.497688 0.0459939 0.0461 0.0414615
2 0.308706 0.409619 0.0259223 0.0310696 0.0402696
2 0.727783 0.576633 0.0243307 0.0467014 0.0339625
2 0.705047 0.782711 0.042101 0.0758922 0.0334434
2 0.511666 0.407937 0.0369427 0.0376005 0.0314405
2 0.257958 0.44107 0.0282185 0.0391885 0.030718
2 0.231367 0.567172 0.0247501 0.0367229 0.0304429
2 0.59485 0.35213 0.0341263 0.0386173 0.0292659
2 0.274277 0.53145 0.0268769 0.0377571 0.0278784
2 0.371864 0.412974 0.0245295 0.0518569 0.0269246
2 0.512119 0.553036 0.0256229 0.0440727 0.026467
2 0.403393 0.367074 0.0282569 0.0266244 0.0261652
2 0.662119 0.36255 0.0327999 0.0342062 0.0221427
2 0.185082 0.574347 0.0348137 0.0403021 0.0216562
2 0.651227 0.910299 0.0462879 0.0536025 0.0214816
2 0.340728 0.605618 0.0259113 0.0352681 0.0205771
2 0.726595 0.428902 0.0303537 0.0317589 0.0199562
2 0.793215 0.618319 0.0351899 0.0287036 0.0179835
2 0.485069 0.386092 0.0266785 0.0314577 0.0176575
2 0.619172 0.438069 0.0244923 0.0372115 0.0165216
2 0.439526 0.726025 0.0354473 0.0463105 0.0162421
5 0.304823 0.741599 0.0451156 0.0425938 0.0153068
2 0.775347 0.577381 0.0288555 0.0309969 0.0150055
2 0.592567 0.504521 0.0452327 0.045438 0.014786
2 0.364798 0.368393 0.0239068 0.0276134 0.0146178
5 0.549097 0.298304 0.0478704 0.0459388 0.0139932
2 0.777323 0.699689 0.0236266 0.0258163 0.0128648
2 0.553867 0.370156 0.0447232 0.0348046 0.012564
2 0.265354 0.464292 0.0342854 0.0668186 0.0124036
2 0.551012 0.450057 0.0471329 0.0446824 0.0121174
2 0.752898 0.61448 0.0278896 0.0444814 0.0118508
5 0.485035 0.385883 0.0304443 0.0342505 0.0111333
2 0.288517 0.442204 0.0288093 0.0596088 0.0110802
5 0.275833 0.845673 0.0310998 0.0322244 0.0104496
2 0.316164 0.415414 0.0295976 0.0432292 0.0102923
2 0.561625 0.4818 0.0248592 0.0259337 0.010063
