0 0.40513 0.47383 0.287649 0.338485 0.823633
1 0.44223 0.473456 0.0829185 0.0916449 0.0561343
0 0.335805 0.458477 0.147452 0.313332 0.0421702
5 0.699198 0.377057 0.0296609 0.0340267 0.0368116
0 0.472469 0.464171 0.157493 0.310214 0.0336141
0 0.405827 0.380811 0.289463 0.147655 0.0292068
5 0.424695 0.533287 0.0243574 0.0281922 0.025263
5 0.414905 0.531345 0.0473158 0.0354436 0.0240598
5 0.387558 0.532134 0.0168801 0.0195395 0.0131826
5 0.293256 0.467346 0.0182613 0.0241565 0.0117948
5 0.292529 0.477613 0.0174499 0.0258769 0.0105691
