0 0.480376 0.56763 0.48737 0.542155 0.643999
5 0.488676 0.574244 0.0273592 0.0338541 0.235887
5 0.556017 0.561348 0.0238932 0.0314044 0.1693
5 0.545517 0.588005 0.0200528 0.0231576 0.0549794
5 0.556985 0.562952 0.0358952 0.0455081 0.0350183
5 0.252165 0.339384 0.0246974 0.0289357 0.0297314
0 0.483917 0.571902 0.296401 0.307021 0.0286385
5 0.561469 0.587824 0.0300721 0.0269569 0.0275045
3 0.47277 0.586264 0.279796 0.302674 0.0269564
5 0.251367 0.338541 0.0366932 0.0398288 0.022584
5 0.489504 0.575887 0.0405287 0.0533391 0.0209803
0 0.515994 0.564052 0.184007 0.240497 0.0171466
0 0.478041 0.42319 0.484123 0.279106 0.0164679
5 0.503624 0.159117 0.0537555 0.0544975 0.0106453
