4 0.543296 0.453878 0.480637 0.607279 0.611243
3 0.542958 0.452358 0.474329 0.612346 0.555529
2 0.605719 0.708825 0.0203081 0.025807 0.0320359
2 0.752726 0.507005 0.0145804 0.0177155 0.0264336
2 0.532073 0.731631 0.0180728 0.0196148 0.0246616
5 0.250703 0.224771 0.0218704 0.0233166 0.0219019
2 0.740701 0.355064 0.0171722 0.0204239 0.0197194
5 0.472301 0.715054 0.0181183 0.0245652 0.0181142
4 0.617011 0.5929 0.32922 0.314549 0.0165922
2 0.492821 0.705715 0.0201248 0.023005 0.0153137
4 0.386995 0.50047 0.165695 0.420401 0.0146945
2 0.727264 0.376263 0.019871 0.0214441 0.0144987
2 0.401081 0.61809 0.0220294 0.033851 0.0134689
2 0.734368 0.402206 0.016454 0.0184296 0.0129134
2 0.372278 0.338172 0.015045 0.0190928 0.0121301
