0 0.488588 0.493764 0.510107 0.616921 0.66584
2 0.570702 0.59803 0.030776 0.0508723 0.154355
2 0.543054 0.212056 0.0658035 0.0540838 0.049778
2 0.314144 0.578187 0.148274 0.276936 0.0284394
2 0.309443 0.35594 0.144963 0.18659 0.026844
5 0.541485 0.211152 0.0705532 0.0586496 0.0210206
3 0.49633 0.469677 0.296183 0.338435 0.0209176
5 0.323458 0.586289 0.173054 0.290791 0.0208011
2 0.377415 0.57198 0.239452 0.263796 0.0152704
0 0.310884 0.587407 0.158024 0.300826 0.0148891
5 0.445695 0.601906 0.07827 0.0670437 0.0126644
