5 0.45221 0.597911 0.0397195 0.0441847 0.387948
0 0.500926 0.455994 0.345149 0.417593 0.373725
5 0.618404 0.541127 0.0361179 0.0396969 0.282192
5 0.369243 0.427412 0.0350634 0.045232 0.281831
5 0.475303 0.335266 0.0271416 0.03448 0.260657
5 0.590853 0.607078 0.0280194 0.0283348 0.136113
5 0.608999 0.466423 0.0188795 0.0231951 0.0898503
1 0.501167 0.461046 0.238874 0.229938 0.0847605
0 0.503159 0.340196 0.317508 0.193996 0.0692186
5 0.532939 0.540148 0.0215121 0.0265816 0.0657169
5 0.413151 0.32395 0.0250076 0.0247777 0.0442184
5 0.61798 0.543232 0.0529309 0.0592957 0.0439461
5 0.573089 0.312579 0.0177478 0.0215436 0.0403818
5 0.609793 0.467175 0.0306142 0.0327008 0.0221902
5 0.411838 0.331357 0.0408136 0.0403057 0.0158885
5 0.472621 0.335872 0.0453642 0.0430144 0.013472
5 0.463774 0.302296 0.0207918 0.0213163 0.0116843
5 0.467279 0.283606 0.0208288 0.0230251 0.0107397
