4 0.307435 0.553254 0.45551 0.685542 0.394508
4 0.307048 0.553192 0.451999 0.685833 0.363635
4 0.306583 0.552662 0.451244 0.67732 0.338086
4 0.307159 0.553975 0.451247 0.68415 0.335363
4 0.308058 0.554615 0.455967 0.677199 0.333601
4 0.307089 0.555598 0.451665 0.676614 0.306907
0 0.307745 0.555653 0.450295 0.680038 0.277635
0 0.308238 0.556011 0.447324 0.679199 0.274894
4 0.309128 0.554465 0.452353 0.680304 0.272277
4 0.307542 0.554789 0.450601 0.67445 0.270338
0 0.368091 0.368922 0.124951 0.125099 0.101455
0 0.365629 0.370257 0.123666 0.124493 0.0888678
4 0.432755 0.647228 0.0770498 0.192902 0.0751578
2 0.434657 0.492138 0.0458134 0.0538449 0.0708053
0 0.366114 0.369687 0.124506 0.124799 0.0706575
4 0.433095 0.642889 0.0812083 0.195966 0.0679305
4 0.435758 0.646785 0.0699475 0.183089 0.0574264
2 0.43489 0.492582 0.0457323 0.0549475 0.0564637
4 0.434479 0.648402 0.0675822 0.180811 0.0513981
2 0.217056 0.331687 0.0236194 0.0253239 0.045757
2 0.434765 0.493366 0.049581 0.0562086 0.0449994
0 0.367764 0.36966 0.124241 0.122987 0.0436277
0 0.419765 0.554517 0.233829 0.67197 0.0406339
2 0.435108 0.493088 0.0495688 0.056688 0.0381886
2 0.434984 0.491984 0.0510497 0.0591459 0.0334446
0 0.361229 0.369862 0.125808 0.12341 0.03339
0 0.368396 0.36841 0.124534 0.125499 0.0328216
0 0.37507 0.373747 0.152653 0.142771 0.0308444
0 0.420127 0.560843 0.231578 0.677889 0.0304975
2 0.435061 0.492272 0.0473775 0.0555123 0.0292037
2 0.43297 0.441969 0.0239512 0.0277399 0.0283681
2 0.463484 0.571099 0.0224831 0.0293569 0.0282694
2 0.432679 0.442145 0.0274393 0.0298716 0.0280474
0 0.374451 0.374144 0.154359 0.137462 0.0253472
2 0.432775 0.441945 0.0235052 0.0267432 0.0252335
0 0.377146 0.373799 0.155593 0.142238 0.0250022
2 0.435277 0.492569 0.046741 0.0563726 0.0243088
4 0.432588 0.646174 0.0771131 0.19673 0.023872
2 0.463488 0.571049 0.0268031 0.0311548 0.023791
2 0.434606 0.493286 0.05345 0.0604182 0.0237757
2 0.443542 0.395038 0.0260363 0.031585 0.0237078
2 0.217235 0.331259 0.0235582 0.0262875 0.0232159
2 0.432938 0.442179 0.0264305 0.0295242 0.0230681
0 0.364337 0.369887 0.118216 0.124269 0.0226097
2 0.443665 0.395817 0.0255942 0.0310056 0.0220187
4 0.438458 0.638705 0.0658561 0.168315 0.0217526
2 0.463752 0.570692 0.0263178 0.033195 0.0213813
2 0.16266 0.373431 0.0178653 0.0203814 0.0202411
0 0.381573 0.408298 0.171992 0.227319 0.0193689
2 0.283556 0.286339 0.0260035 0.0314319 0.0193486
0 0.376579 0.375622 0.156052 0.14277 0.0191439
2 0.435716 0.49367 0.0557774 0.0621008 0.0189952
2 0.283811 0.28729 0.0277089 0.0332168 0.0186238
4 0.282997 0.793887 0.341041 0.202164 0.0182041
2 0.435663 0.494306 0.0583352 0.062287 0.0169537
0 0.36871 0.367915 0.121598 0.12071 0.0166718
0 0.416906 0.551536 0.244074 0.675157 0.0166298
4 0.291817 0.792707 0.335894 0.198836 0.0157039
4 0.433071 0.645489 0.0832839 0.18704 0.0156876
4 0.282281 0.790303 0.352239 0.201459 0.0156611
0 0.4008 0.421238 0.206709 0.260452 0.015176
2 0.158184 0.561822 0.0266289 0.0336559 0.01454
2 0.211506 0.689539 0.0192811 0.0222144 0.0143996
2 0.463571 0.570698 0.0289871 0.0342493 0.0142567
4 0.293142 0.792531 0.334428 0.204614 0.0134453
2 0.443913 0.394962 0.0275453 0.0330169 0.0133017
0 0.376128 0.398225 0.164112 0.206643 0.0124521
2 0.433944 0.490629 0.0524698 0.0604557 0.012391
0 0.391889 0.392355 0.191192 0.188826 0.011882
4 0.368438 0.369105 0.121249 0.119302 0.0118337
2 0.157401 0.562305 0.0296794 0.0355163 0.0113231
4 0.299515 0.794493 0.33265 0.196266 0.0102257
2 0.158563 0.561995 0.029397 0.0352056 0.0101202
