4 0.623513 0.472789 0.512336 0.582186 0.834628
4 0.621867 0.473933 0.511576 0.582885 0.821008
4 0.623728 0.474544 0.512054 0.583863 0.820533
4 0.624811 0.474959 0.512684 0.585039 0.812509
4 0.623577 0.475322 0.511264 0.585121 0.809102
4 0.624678 0.475176 0.511935 0.584031 0.801048
4 0.623089 0.476624 0.508909 0.586462 0.792546
4 0.622986 0.472853 0.512573 0.585865 0.791606
4 0.622912 0.475192 0.511371 0.584224 0.787689
4 0.621589 0.473431 0.512899 0.583599 0.783474
2 0.428164 0.497382 0.0233277 0.0339483 0.176741
2 0.428409 0.497587 0.0242782 0.0341199 0.129003
2 0.643139 0.715513 0.0240179 0.0298617 0.110724
2 0.643874 0.716168 0.0244061 0.0300292 0.102393
2 0.428088 0.496811 0.0261806 0.0397249 0.0783322
2 0.573591 0.684354 0.0223677 0.0315393 0.0680166
2 0.4454 0.640025 0.02103 0.0238002 0.0606502
2 0.558403 0.722075 0.022014 0.0261658 0.0594146
2 0.642667 0.714893 0.0256088 0.0323175 0.0592374
2 0.666692 0.697517 0.0219427 0.0287077 0.0576669
2 0.665889 0.695802 0.0230726 0.0319183 0.0575473
2 0.433435 0.591731 0.022805 0.0306041 0.0563392
2 0.432317 0.589185 0.021815 0.0324536 0.055665
2 0.644156 0.716844 0.0266296 0.0333142 0.0545607
2 0.426626 0.497525 0.030291 0.0391305 0.0541812
2 0.773427 0.723491 0.0222627 0.0251451 0.0531542
2 0.426592 0.497518 0.0304018 0.0392133 0.0509342
2 0.751415 0.702764 0.0202255 0.0256462 0.050409
2 0.532062 0.382578 0.017333 0.0224199 0.0501567
2 0.783273 0.667715 0.0225104 0.0298022 0.0490378
2 0.643688 0.716089 0.0278302 0.0347672 0.0465988
2 0.558189 0.723684 0.0212063 0.0259889 0.0464897
2 0.573566 0.68212 0.0233891 0.0300222 0.0448935
2 0.775571 0.751477 0.0197099 0.0234226 0.0442081
2 0.772944 0.722708 0.0218268 0.027909 0.0439998
2 0.551024 0.693899 0.0203566 0.0268292 0.0433765
2 0.445924 0.567794 0.0188498 0.0209881 0.0428636
2 0.802818 0.712247 0.0235481 0.0294857 0.0424657
2 0.783676 0.667791 0.0227649 0.0297819 0.0423515
2 0.429664 0.496756 0.0269667 0.0363155 0.038691
2 0.753425 0.651888 0.0213458 0.0273893 0.037041
2 0.80176 0.633138 0.0205257 0.0249515 0.0364843
2 0.531545 0.382784 0.0187157 0.0243198 0.0355439
2 0.803707 0.711776 0.0217677 0.0291541 0.033884
2 0.433888 0.591712 0.0199691 0.0255789 0.0326378
2 0.771971 0.582046 0.0185728 0.0252714 0.031009
2 0.552312 0.693553 0.0215306 0.0277507 0.0300923
2 0.7016 0.210663 0.0186715 0.0213003 0.0289604
2 0.456561 0.524975 0.0228054 0.0357117 0.0280494
2 0.803124 0.711701 0.0248798 0.0297801 0.0277218
5 0.701498 0.210037 0.019342 0.0239176 0.027706
2 0.750933 0.702863 0.0213301 0.025972 0.0270899
2 0.64348 0.715153 0.0265503 0.0332686 0.0270084
2 0.77666 0.751312 0.0194725 0.0236859 0.026769
2 0.44568 0.641274 0.0240453 0.0260087 0.0248386
2 0.803336 0.711578 0.0237792 0.0293549 0.0242406
2 0.801825 0.632398 0.0191977 0.0256404 0.0238569
2 0.554452 0.351264 0.0190214 0.0238769 0.0238251
2 0.849522 0.513965 0.0245516 0.0435962 0.0236958
2 0.629246 0.248318 0.0233749 0.0289211 0.0232742
2 0.551799 0.695831 0.0216277 0.0279721 0.0229977
2 0.456342 0.520472 0.02426 0.0411584 0.0228913
2 0.628368 0.247237 0.0249467 0.0321518 0.0221794
2 0.727069 0.747173 0.0199475 0.0244265 0.0220039
2 0.73295 0.721678 0.0210947 0.025666 0.0218491
2 0.461048 0.658688 0.0208082 0.0231799 0.021147
2 0.434428 0.591646 0.0201637 0.0275249 0.0209922
2 0.429642 0.586704 0.0218504 0.0390831 0.0204656
2 0.732578 0.722762 0.021533 0.0239248 0.0197779
2 0.774003 0.722896 0.0229446 0.028646 0.0195864
2 0.629184 0.247803 0.0261833 0.0326067 0.0189336
2 0.427021 0.497665 0.0342239 0.0448231 0.0188407
2 0.806934 0.659959 0.0203556 0.026106 0.0188307
2 0.446093 0.638893 0.020218 0.0244127 0.0187486
2 0.776212 0.750806 0.0206052 0.0249869 0.0187324
2 0.430043 0.497251 0.0282826 0.0348685 0.0186742
2 0.629956 0.247738 0.0243066 0.0310991 0.0185626
2 0.651819 0.665453 0.0216115 0.0268563 0.0184051
2 0.446063 0.567383 0.0209385 0.0243494 0.0182844
2 0.775417 0.751051 0.0207696 0.025172 0.0179726
2 0.75086 0.701229 0.0215463 0.028921 0.0176627
2 0.62567 0.63403 0.0166918 0.0207201 0.0176245
2 0.79337 0.515216 0.0190382 0.0232057 0.017142
2 0.728171 0.748316 0.0220681 0.0247302 0.0169976
2 0.437099 0.620086 0.0177343 0.0190976 0.0167961
2 0.795758 0.480536 0.0200924 0.0274803 0.0167084
2 0.773641 0.723285 0.0232624 0.0267848 0.0167078
2 0.771894 0.581465 0.0205243 0.0273686 0.0160887
2 0.803 0.632696 0.0196986 0.0246692 0.0160403
2 0.806548 0.65906 0.0201306 0.0274849 0.0160084
2 0.840862 0.563426 0.0217837 0.0291903 0.0159843
2 0.753434 0.650935 0.0249319 0.0339647 0.0159397
2 0.553218 0.695518 0.0195895 0.024558 0.0154969
2 0.456817 0.518529 0.0243568 0.0406342 0.015355
2 0.812156 0.502045 0.0189301 0.0229069 0.0151581
2 0.753166 0.6517 0.0260576 0.032587 0.0151561
2 0.840824 0.560616 0.0218698 0.0317624 0.0151017
2 0.850101 0.517208 0.0238441 0.0383411 0.0148467
2 0.754174 0.652302 0.0240957 0.0304953 0.0143046
2 0.447899 0.569423 0.0192102 0.0239786 0.0131512
2 0.75229 0.239742 0.0202584 0.0275766 0.0131075
2 0.702405 0.724475 0.0239552 0.0284165 0.012919
2 0.435362 0.619109 0.0193949 0.022541 0.012887
2 0.554255 0.350736 0.0215325 0.0262539 0.0123446
2 0.793525 0.514024 0.0182324 0.0244839 0.0122111
2 0.430059 0.498416 0.0296408 0.0436423 0.0121538
2 0.752813 0.240776 0.0184059 0.0243882 0.0114009
2 0.65568 0.672471 0.0256334 0.028754 0.0112765
2 0.435247 0.620427 0.0226106 0.0232709 0.0111216
2 0.84063 0.558954 0.0226428 0.0358466 0.0109402
2 0.782074 0.598768 0.0189658 0.0218096 0.010831
2 0.464501 0.586589 0.0186262 0.0263544 0.0105696
2 0.66714 0.696802 0.0257124 0.0319553 0.010549
