3 0.520782 0.491627 0.792169 0.925017 0.73063
3 0.52436 0.498304 0.781255 0.953411 0.717328
3 0.50965 0.49326 0.795077 0.925584 0.713974
3 0.520584 0.498504 0.76124 0.94688 0.702454
3 0.507103 0.49547 0.751796 0.940723 0.685454
3 0.489214 0.493379 0.800541 0.927108 0.654071
3 0.539489 0.498118 0.759371 0.952611 0.45251
3 0.523972 0.539853 0.73664 0.846011 0.425781
3 0.532399 0.539025 0.753297 0.853224 0.237633
3 0.538461 0.490777 0.75923 0.924099 0.192298
5 0.874769 0.465754 0.0278625 0.0389079 0.165299
5 0.87427 0.465726 0.0245791 0.0356529 0.155977
5 0.874426 0.465058 0.0293202 0.0387162 0.144768
5 0.875448 0.465447 0.0336918 0.0427151 0.0999536
5 0.875636 0.465002 0.0329626 0.04097 0.0984175
3 0.500008 0.495585 0.819605 0.93866 0.0821546
5 0.876757 0.465367 0.0346234 0.0428676 0.0662798
5 0.874384 0.465869 0.0323663 0.0418543 0.0652101
5 0.874351 0.464961 0.0342048 0.0428589 0.0579065
1 0.0828862 0.582884 0.163997 0.435471 0.0541942
3 0.529535 0.273652 0.621527 0.491535 0.0519214
5 0.874383 0.465193 0.0332447 0.0448024 0.0505725
3 0.451163 0.271316 0.534223 0.484821 0.0499287
3 0.548085 0.541307 0.734312 0.851025 0.0379833
1 0.0811962 0.602886 0.161155 0.468595 0.0366731
1 0.0898905 0.574396 0.179781 0.415633 0.0255245
1 0.0870069 0.592122 0.174014 0.441426 0.0231722
1 0.153093 0.543169 0.143621 0.384885 0.019649
1 0.122353 0.554578 0.190442 0.386737 0.0191084
0 0.411212 0.247724 0.426979 0.38052 0.0186381
1 0.0832217 0.567911 0.164998 0.411182 0.0182152
1 0.164381 0.526788 0.128511 0.406234 0.0180861
5 0.147292 0.240964 0.0357412 0.0399681 0.0159087
5 0.146975 0.240447 0.0371313 0.0428301 0.014687
3 0.510182 0.543495 0.712254 0.831808 0.013741
1 0.0742408 0.591404 0.147862 0.467898 0.0130684
3 0.443235 0.713407 0.617373 0.494419 0.0117169
1 0.177847 0.530413 0.1137 0.367817 0.0116338
1 0.134033 0.529113 0.172964 0.431037 0.0112445
3 0.487089 0.49484 0.804961 0.933355 0.0108358
3 0.567236 0.269064 0.571537 0.482134 0.0107709
3 0.405134 0.262906 0.458194 0.422692 0.0107295
3 0.653856 0.267432 0.518581 0.479501 0.0106971
1 0.0990869 0.572509 0.198174 0.411213 0.0105936
