4 0.630851 0.52719 0.420784 0.565702 0.773656
4 0.632352 0.527187 0.417709 0.564134 0.763617
4 0.63019 0.523929 0.415112 0.563333 0.678213
4 0.631212 0.523186 0.420402 0.561958 0.66155
4 0.632345 0.523522 0.419243 0.558702 0.652706
4 0.631862 0.523552 0.41663 0.563734 0.644082
4 0.630791 0.525466 0.414878 0.563878 0.64167
4 0.630926 0.525223 0.417869 0.563801 0.631376
4 0.631316 0.524601 0.417731 0.560106 0.496963
4 0.632557 0.526836 0.419765 0.564027 0.406145
4 0.629571 0.525096 0.41325 0.562279 0.0789442
2 0.0595296 0.109638 0.118814 0.216651 0.057948
2 0.0605493 0.106719 0.119144 0.207348 0.050027
2 0.0569052 0.112245 0.11381 0.22449 0.0291684
2 0.0601234 0.110179 0.120247 0.220357 0.0197585
0 0.0612467 0.109098 0.121042 0.218195 0.0123747
0 0.0548828 0.0885247 0.109745 0.177049 0.0122964
