2 0.332018 0.600531 0.100097 0.111787 0.758888
2 0.331252 0.599684 0.100615 0.110462 0.642521
2 0.331634 0.600944 0.0965816 0.112437 0.614722
2 0.575267 0.560018 0.046728 0.0496288 0.613132
2 0.328624 0.5994 0.093122 0.110054 0.608808
2 0.575543 0.560733 0.0461532 0.0473641 0.607124
2 0.573951 0.561254 0.0438094 0.04535 0.603969
2 0.573556 0.56074 0.0488739 0.0474507 0.590505
2 0.573873 0.560001 0.044537 0.0479004 0.580532
2 0.574043 0.561063 0.0439074 0.0456806 0.579449
2 0.575181 0.56093 0.0452618 0.0465331 0.568899
2 0.574038 0.56079 0.0472089 0.0482399 0.565863
2 0.512283 0.688882 0.0358367 0.0439244 0.547066
2 0.57363 0.560427 0.0477157 0.049936 0.540298
2 0.511745 0.689137 0.0332158 0.0421225 0.524308
2 0.512036 0.688378 0.0366008 0.0443581 0.519074
2 0.332394 0.599364 0.103708 0.10738 0.517031
2 0.511568 0.688479 0.0338824 0.0436329 0.510739
2 0.619421 0.396464 0.0359693 0.0715805 0.507885
2 0.619509 0.397226 0.0361985 0.071037 0.497013
2 0.331776 0.598408 0.105589 0.107877 0.475847
2 0.327088 0.599983 0.0841596 0.108844 0.468137
2 0.383536 0.477838 0.028609 0.0397042 0.464907
2 0.330381 0.600529 0.0928404 0.109772 0.46234
2 0.617752 0.396727 0.0387189 0.071675 0.433753
2 0.383145 0.477554 0.0288683 0.0405274 0.418478
2 0.512204 0.689498 0.037269 0.0441664 0.412574
2 0.382959 0.478068 0.0278164 0.0382791 0.401684
2 0.619627 0.398424 0.0382789 0.0690802 0.398303
2 0.61805 0.397018 0.0394552 0.0710775 0.395781
2 0.511732 0.689332 0.0356843 0.0432454 0.39096
2 0.759549 0.348533 0.0629564 0.100729 0.372926
2 0.760712 0.349388 0.062453 0.0996307 0.367165
2 0.618178 0.398299 0.0395903 0.0695638 0.365448
2 0.760532 0.349191 0.0578043 0.0999676 0.361271
2 0.38225 0.478237 0.0268658 0.0380112 0.359189
2 0.381899 0.478732 0.0303186 0.0412216 0.345851
2 0.333258 0.599939 0.0976165 0.111181 0.337942
2 0.383318 0.478012 0.0313407 0.0413907 0.327155
2 0.322165 0.601941 0.0788918 0.107876 0.322084
2 0.76144 0.347879 0.0613347 0.0987666 0.319195
2 0.759993 0.349472 0.059183 0.0989615 0.318939
2 0.325902 0.601839 0.0893552 0.110137 0.313101
2 0.758045 0.348744 0.0534903 0.0983136 0.301362
2 0.619393 0.396013 0.0371621 0.0742346 0.29079
2 0.758089 0.348804 0.0564748 0.0982945 0.290669
2 0.759474 0.349819 0.0835251 0.105448 0.285417
2 0.757673 0.348367 0.072277 0.106165 0.279767
2 0.617776 0.396206 0.0385228 0.0740578 0.278185
2 0.667411 0.677466 0.0587789 0.0439449 0.262635
2 0.667187 0.677457 0.0582275 0.0431615 0.249262
2 0.755364 0.351617 0.0483261 0.091355 0.240654
2 0.259449 0.641323 0.13023 0.1216 0.237299
2 0.666912 0.67753 0.0585438 0.0439767 0.231652
2 0.510184 0.688747 0.0427589 0.0471723 0.230679
2 0.426647 0.475862 0.0625542 0.0652518 0.217284
2 0.75915 0.35081 0.0541296 0.0960216 0.213703
2 0.423927 0.477418 0.0671395 0.0640373 0.201207
2 0.51029 0.688729 0.0426758 0.0468436 0.199742
2 0.756855 0.35703 0.0493558 0.0811481 0.195628
2 0.760276 0.348634 0.0843604 0.106414 0.194678
2 0.665954 0.678592 0.0596884 0.0436607 0.193922
2 0.667386 0.675923 0.0622751 0.0484571 0.190509
2 0.667668 0.676392 0.061557 0.046868 0.186912
2 0.667065 0.678558 0.0574803 0.0421756 0.184295
2 0.330784 0.599138 0.102648 0.108261 0.179803
2 0.574905 0.562389 0.0511794 0.0564487 0.173785
2 0.762029 0.34672 0.0569844 0.0988166 0.173751
2 0.24667 0.643034 0.0979287 0.123777 0.172757
2 0.613062 0.397027 0.0536505 0.0765697 0.167684
2 0.614035 0.398206 0.0514304 0.0760221 0.164167
2 0.509616 0.688921 0.0439751 0.0465399 0.162225
2 0.412759 0.480783 0.0905655 0.06988 0.15798
2 0.665939 0.678826 0.0540974 0.0405191 0.15502
2 0.666556 0.676057 0.0651008 0.0466633 0.148377
2 0.245 0.640041 0.0908913 0.11826 0.148249
2 0.527671 0.393994 0.0795323 0.209196 0.144335
2 0.527659 0.396236 0.0781999 0.190981 0.141148
2 0.758599 0.350883 0.0791309 0.107808 0.140654
2 0.527029 0.397409 0.0825746 0.187779 0.137275
2 0.526492 0.395192 0.0811761 0.193749 0.132556
2 0.62002 0.397995 0.054876 0.0751563 0.131123
2 0.246544 0.63617 0.0838414 0.111751 0.129612
2 0.526745 0.397199 0.079404 0.188579 0.12876
2 0.666348 0.678388 0.0657349 0.0458021 0.118837
2 0.408926 0.556144 0.0358178 0.0307563 0.110383
2 0.621896 0.400818 0.0437582 0.0701957 0.108343
2 0.575891 0.562575 0.0524501 0.0569875 0.105312
2 0.572229 0.561997 0.0628582 0.0624713 0.104372
2 0.396442 0.478966 0.0674782 0.0535463 0.103748
2 0.574937 0.562849 0.0632491 0.0579155 0.102269
2 0.528065 0.331523 0.0624894 0.0429031 0.0999637
2 0.240311 0.639511 0.0915523 0.124824 0.0992407
2 0.621922 0.400004 0.0516287 0.0723129 0.0991052
2 0.428097 0.47588 0.0605722 0.0658784 0.096686
2 0.527687 0.336707 0.0705976 0.055997 0.0960782
2 0.388667 0.478411 0.047271 0.0491243 0.0956055
2 0.752104 0.3642 0.040786 0.0660013 0.0951853
2 0.5275 0.397023 0.082581 0.193374 0.0947205
2 0.764474 0.345833 0.047167 0.0947427 0.0933649
3 0.460117 0.445467 0.801836 0.878352 0.091304
2 0.246532 0.639622 0.0870346 0.117086 0.0906382
2 0.610313 0.400488 0.0603461 0.0819584 0.0885661
2 0.243492 0.639036 0.0855258 0.118623 0.0860854
2 0.664056 0.675554 0.0787761 0.0549423 0.0846472
3 0.444878 0.702963 0.356243 0.246404 0.0831515
2 0.428474 0.477375 0.0586176 0.0632063 0.0830271
2 0.576016 0.562151 0.05847 0.0584452 0.0825723
2 0.407463 0.553958 0.0369816 0.0355154 0.0819066
2 0.394434 0.476426 0.0590849 0.0524024 0.0799373
2 0.617075 0.400173 0.0480605 0.0731887 0.0795921
2 0.526761 0.331695 0.0637321 0.0418255 0.0781881
2 0.757498 0.346107 0.078698 0.107189 0.0777999
2 0.514512 0.688871 0.0452028 0.0498133 0.077728
2 0.244243 0.64016 0.069464 0.118234 0.0775361
2 0.527146 0.331018 0.0597761 0.0408744 0.07597
2 0.248666 0.632671 0.0595415 0.100573 0.0753768
2 0.524471 0.337951 0.0684525 0.0536925 0.0748021
3 0.448399 0.720038 0.356375 0.211646 0.0740232
2 0.527493 0.33054 0.0651022 0.0426773 0.0736206
2 0.245608 0.643477 0.0840391 0.121719 0.0718039
2 0.554073 0.251855 0.0338721 0.0428391 0.0687286
3 0.415445 0.710611 0.290562 0.218964 0.0687265
2 0.237557 0.638658 0.0926089 0.121214 0.0674432
2 0.524627 0.332622 0.0616574 0.0394956 0.0650591
2 0.52665 0.332009 0.0594682 0.0399862 0.0649982
2 0.428122 0.476498 0.059452 0.0647936 0.0630453
2 0.555284 0.251011 0.0331167 0.0413786 0.0627352
2 0.52669 0.335671 0.0656026 0.0465127 0.0625851
2 0.4891 0.36761 0.18022 0.24343 0.0617316
2 0.526709 0.33219 0.0629736 0.0403082 0.0612476
2 0.555391 0.250944 0.0324489 0.0395781 0.0597901
2 0.486685 0.437781 0.190411 0.341462 0.0596609
2 0.427098 0.47539 0.0665391 0.0675108 0.0590188
2 0.526433 0.334042 0.0649822 0.0444502 0.0586528
2 0.552609 0.252097 0.0372124 0.04273 0.0582961
2 0.524598 0.332007 0.0655718 0.0433606 0.0570973
3 0.458555 0.4585 0.799188 0.902018 0.0560139
2 0.528938 0.406041 0.0739892 0.170825 0.0557977
2 0.513188 0.68605 0.0400013 0.0504648 0.0557254
2 0.513839 0.687259 0.0462685 0.0479594 0.0545384
2 0.407593 0.554628 0.0339336 0.0311953 0.0543598
2 0.239143 0.638401 0.081886 0.11637 0.0531031
2 0.245849 0.63822 0.0770862 0.115719 0.0530034
2 0.52601 0.376353 0.0740569 0.136698 0.0528457
2 0.526601 0.393544 0.0728878 0.171892 0.0508226
3 0.424919 0.718978 0.304364 0.200834 0.0505741
3 0.477289 0.442024 0.836707 0.869245 0.0499893
2 0.660652 0.676595 0.081456 0.0546782 0.0488824
2 0.17948 0.613124 0.0385219 0.0569928 0.0483433
2 0.538252 0.377405 0.114371 0.214636 0.0481578
2 0.211936 0.637577 0.143518 0.1301 0.0476048
2 0.619875 0.396692 0.0559933 0.0783453 0.0471485
2 0.5276 0.4007 0.07693 0.186309 0.0466414
2 0.550752 0.254408 0.046677 0.0508217 0.0466362
2 0.524255 0.373879 0.0855456 0.13942 0.0463153
2 0.62283 0.401927 0.0543078 0.0713944 0.045958
2 0.328191 0.602144 0.0940709 0.113343 0.0457921
2 0.540951 0.442265 0.113559 0.311027 0.0451917
2 0.527276 0.396287 0.0787155 0.180752 0.0450642
2 0.569917 0.563052 0.0625472 0.0624362 0.0447387
2 0.755348 0.361932 0.0481339 0.0732534 0.0437707
2 0.540851 0.251418 0.0679793 0.0518681 0.0433905
2 0.547054 0.254629 0.0526598 0.0494172 0.0429326
2 0.213366 0.638669 0.132777 0.123558 0.0428043
2 0.545823 0.249927 0.0621179 0.0537626 0.0419183
2 0.214275 0.636306 0.146092 0.135354 0.0413589
2 0.542049 0.253445 0.0611523 0.048533 0.0411856
2 0.410793 0.558737 0.042705 0.038893 0.0411141
2 0.427358 0.475307 0.0654782 0.0687189 0.040717
2 0.526619 0.382 0.0756107 0.15328 0.0392848
2 0.529002 0.39914 0.0777155 0.208185 0.0392115
2 0.320206 0.60091 0.0643707 0.103712 0.0390711
2 0.410369 0.558666 0.038793 0.0369296 0.0390179
2 0.556525 0.252729 0.0421692 0.0510213 0.0381255
2 0.661797 0.678058 0.0713768 0.0481445 0.037718
2 0.244242 0.647313 0.0747285 0.11161 0.0377066
2 0.527795 0.39613 0.0825157 0.187372 0.0374135
2 0.511097 0.686422 0.0409913 0.050259 0.0368966
2 0.406646 0.551924 0.0309789 0.0332423 0.036512
2 0.569452 0.564696 0.0666608 0.0658738 0.0364983
2 0.551941 0.254884 0.053744 0.0558657 0.0364946
3 0.470034 0.690633 0.40866 0.29072 0.0363129
2 0.488403 0.447103 0.226246 0.360995 0.0362146
2 0.572717 0.563702 0.073251 0.0639114 0.0360717
2 0.513812 0.691122 0.0482329 0.0529049 0.0356028
2 0.553382 0.249845 0.0447215 0.0504055 0.0355068
2 0.552122 0.456432 0.153532 0.353778 0.0351724
2 0.664123 0.678806 0.0719712 0.0478603 0.035053
3 0.441303 0.646284 0.363267 0.354693 0.0349204
2 0.527638 0.383234 0.0787476 0.165115 0.0345455
2 0.181135 0.611156 0.043483 0.0602121 0.0342744
2 0.525126 0.247246 0.102554 0.0734528 0.0334212
2 0.180272 0.612 0.038626 0.0578541 0.0333393
3 0.463885 0.722289 0.394752 0.236883 0.0331779
2 0.428187 0.476627 0.0602465 0.066503 0.0329229
4 0.748078 0.50827 0.164537 0.333922 0.0319518
2 0.333041 0.600608 0.0944177 0.11233 0.0317638
3 0.477637 0.36997 0.836954 0.730101 0.0314023
2 0.524885 0.242615 0.105787 0.0822321 0.0299806
2 0.244717 0.64123 0.0618133 0.103881 0.0290517
2 0.244943 0.640106 0.0758089 0.126597 0.0289186
2 0.332566 0.596122 0.107173 0.0989048 0.0287641
2 0.180619 0.61226 0.0352451 0.0552784 0.0285709
2 0.754489 0.351163 0.0624938 0.0967241 0.0284827
4 0.722052 0.498857 0.214029 0.381742 0.0281331
3 0.444951 0.432124 0.887071 0.845609 0.0279779
4 0.738723 0.486992 0.171301 0.37865 0.0276583
2 0.424016 0.474976 0.0728452 0.0679111 0.0271484
2 0.180019 0.613499 0.0309782 0.0513091 0.026857
2 0.524362 0.389877 0.0883762 0.180303 0.0267888
3 0.417944 0.674727 0.31624 0.289622 0.0267122
2 0.412628 0.560781 0.0420166 0.0382143 0.0260708
3 0.604914 0.277744 0.334366 0.308998 0.0260135
2 0.23029 0.00947489 0.061502 0.0189498 0.0259489
2 0.180461 0.614173 0.0288435 0.0505564 0.0258879
2 0.5728 0.556857 0.0564617 0.0609036 0.0257699
3 0.368327 0.302271 0.592307 0.595065 0.0254631
2 0.378777 0.47386 0.0421668 0.0498559 0.0254007
3 0.595296 0.561011 0.357273 0.380817 0.0252997
3 0.473966 0.458521 0.831473 0.900255 0.0252241
2 0.555274 0.25093 0.0450654 0.0510492 0.0250888
2 0.40945 0.557218 0.0386389 0.0385109 0.0248814
2 0.749355 0.366774 0.0350601 0.0607182 0.0246849
3 0.382785 0.711985 0.231812 0.210276 0.0244473
3 0.45166 0.736576 0.359079 0.230294 0.0242656
2 0.612306 0.397919 0.0625836 0.0843129 0.0241351
2 0.75273 0.34761 0.0750711 0.104768 0.0234352
2 0.494155 0.361464 0.169199 0.263073 0.023214
2 0.528528 0.336601 0.0794009 0.0634052 0.02276
2 0.409068 0.556288 0.0478561 0.04142 0.0222937
2 0.230635 0.00984931 0.0590384 0.0196986 0.0222877
3 0.342044 0.308661 0.54559 0.609958 0.0219732
2 0.540484 0.255193 0.0649195 0.0521828 0.0219331
2 0.20715 0.632496 0.153666 0.146587 0.0218108
2 0.569085 0.562605 0.0632119 0.0667008 0.0217285
4 0.747366 0.514186 0.175113 0.345738 0.0215284
3 0.388979 0.718089 0.241338 0.197895 0.0214786
2 0.51258 0.252623 0.139282 0.129036 0.0212579
2 0.320555 0.602853 0.0699823 0.104207 0.0211702
2 0.537761 0.371056 0.129056 0.251227 0.0210621
3 0.596112 0.274918 0.327459 0.34372 0.0208631
2 0.229932 0.0124806 0.0674189 0.0247557 0.0202912
3 0.506757 0.190077 0.425703 0.228224 0.0200554
3 0.74582 0.484161 0.167713 0.392204 0.0198926
2 0.336236 0.596797 0.098051 0.0974424 0.0197327
3 0.603361 0.313214 0.345175 0.306999 0.0196111
3 0.599277 0.248867 0.322949 0.352686 0.0194459
3 0.745007 0.455833 0.177702 0.441763 0.0193325
2 0.569378 0.557056 0.067996 0.0742639 0.0191426
4 0.369976 0.427978 0.104422 0.198206 0.0188167
2 0.378455 0.477804 0.0432699 0.0460771 0.0187688
2 0.529722 0.403933 0.0751851 0.186371 0.0187088
3 0.604487 0.250691 0.331715 0.332781 0.0184537
2 0.336694 0.598381 0.0915496 0.103428 0.0181238
2 0.231503 0.0108982 0.0613598 0.0217963 0.0178408
2 0.242675 0.665803 0.0508989 0.0543524 0.0178057
2 0.243699 0.643393 0.0576018 0.0998848 0.0174255
2 0.351751 0.595239 0.0812917 0.0932196 0.0174169
2 0.539249 0.248572 0.0780905 0.0671665 0.0173709
2 0.231292 0.0127716 0.0607249 0.0247201 0.0173635
2 0.592345 0.450195 0.130789 0.252821 0.0164782
2 0.511753 0.693648 0.0448381 0.0601029 0.0164253
3 0.472793 0.644108 0.416024 0.365505 0.0162447
2 0.231005 0.0134715 0.0629865 0.0265038 0.0160693
3 0.514402 0.192195 0.359512 0.221039 0.0159378
3 0.475672 0.20027 0.370496 0.24822 0.0159069
2 0.524248 0.392976 0.091608 0.2074 0.0158635
3 0.442803 0.729114 0.347475 0.216866 0.0158592
2 0.658259 0.672802 0.106849 0.0685806 0.0158462
2 0.408361 0.550371 0.0616349 0.0480029 0.0156425
2 0.598956 0.407488 0.102186 0.11109 0.0155529
2 0.242005 0.665641 0.075259 0.0810112 0.0154969
3 0.451812 0.362586 0.877681 0.715131 0.0154865
2 0.286003 0.637475 0.199171 0.127113 0.0153916
3 0.651979 0.283289 0.215628 0.239978 0.0153648
2 0.513538 0.252288 0.132179 0.100244 0.0153585
2 0.575762 0.554028 0.0560971 0.0688414 0.0151507
3 0.477265 0.1928 0.42132 0.238041 0.0151407
4 0.512604 0.274921 0.148047 0.203763 0.0151238
2 0.60722 0.452147 0.124087 0.229409 0.0151073
2 0.223029 0.640345 0.107451 0.11777 0.0149891
2 0.764795 0.344657 0.0715285 0.102568 0.0149807
2 0.317998 0.604233 0.103021 0.110335 0.014964
3 0.590935 0.574981 0.347538 0.350053 0.0149637
2 0.405084 0.548014 0.0366055 0.0388351 0.0148926
2 0.176745 0.614832 0.0614845 0.0743922 0.0148571
2 0.177985 0.612791 0.0412439 0.0597817 0.0147192
3 0.46816 0.468871 0.814688 0.906182 0.0146753
3 0.647806 0.307902 0.238889 0.272329 0.0145982
2 0.574079 0.561023 0.0670957 0.0645735 0.0144799
3 0.444336 0.399749 0.123105 0.102513 0.0144746
2 0.378608 0.475961 0.0459595 0.0473257 0.0142256
2 0.757286 0.350912 0.0595237 0.101969 0.0141979
3 0.738403 0.454258 0.179196 0.468494 0.0141954
2 0.548309 0.25752 0.0597525 0.0632377 0.0140872
2 0.753128 0.360868 0.0595247 0.0766472 0.0139696
2 0.303419 0.611463 0.172267 0.137493 0.0139665
3 0.596146 0.531293 0.346919 0.433353 0.0139085
3 0.605551 0.335092 0.351854 0.337541 0.0138806
