4 0.501508 0.374894 0.578168 0.727888 0.916393
4 0.498477 0.37616 0.578485 0.726261 0.910653
4 0.498858 0.37612 0.592325 0.725654 0.90898
4 0.503326 0.371395 0.577401 0.722625 0.904131
4 0.49763 0.372166 0.591538 0.719372 0.902826
4 0.497653 0.371164 0.576627 0.72153 0.887179
4 0.499665 0.370001 0.58133 0.730893 0.881823
4 0.499366 0.370711 0.593108 0.730041 0.642328
4 0.496854 0.372196 0.587665 0.715393 0.589492
4 0.498426 0.375836 0.587066 0.721623 0.209209
2 0.615385 0.254485 0.029265 0.0442509 0.133168
2 0.615399 0.255359 0.0270245 0.041877 0.123937
2 0.61517 0.255676 0.027346 0.0416967 0.0945863
4 0.499204 0.360776 0.578131 0.696538 0.084562
2 0.615565 0.25408 0.03143 0.0446062 0.0715526
2 0.61531 0.254627 0.0289652 0.0441263 0.0652497
2 0.615233 0.255978 0.0285247 0.0417666 0.0572267
2 0.402326 0.415194 0.0293894 0.0442177 0.0445996
2 0.401374 0.414828 0.0290793 0.0430744 0.0433981
2 0.401395 0.414641 0.0313429 0.0456637 0.0277489
2 0.60066 0.0982715 0.0213759 0.0231289 0.0254765
2 0.402078 0.416079 0.034895 0.0468617 0.0253056
2 0.402016 0.414938 0.0335932 0.0461171 0.0241794
2 0.660261 0.494847 0.0345031 0.0525828 0.0220613
2 0.577336 0.0984346 0.0309892 0.0231892 0.0216701
4 0.502046 0.371542 0.580882 0.727041 0.0207894
2 0.660768 0.494972 0.0352761 0.053682 0.0205209
2 0.401325 0.415715 0.033379 0.0464296 0.02045
2 0.379405 0.428764 0.0310759 0.0357771 0.0200324
2 0.37697 0.433244 0.0327833 0.0297205 0.019974
2 0.559035 0.587823 0.0416027 0.0614427 0.0193292
2 0.659848 0.496753 0.0352674 0.0514452 0.0192949
2 0.576579 0.0988258 0.0300476 0.0225011 0.0182482
2 0.638428 0.507434 0.0199921 0.0329989 0.0180194
2 0.401738 0.414119 0.0341575 0.0469155 0.0174122
2 0.613831 0.255533 0.0359196 0.0440098 0.0164649
2 0.660931 0.495356 0.0345443 0.0534135 0.0161905
2 0.376489 0.432273 0.0319301 0.0314558 0.0160987
2 0.631427 0.163023 0.0326335 0.0310229 0.0158397
2 0.657102 0.133412 0.0350537 0.0334513 0.0156878
2 0.660972 0.49307 0.0358839 0.053315 0.0146904
2 0.613957 0.254829 0.0358827 0.0454228 0.0144496
2 0.614354 0.254028 0.0372921 0.0462631 0.014109
2 0.657816 0.132465 0.037075 0.0346013 0.0138463
2 0.376581 0.433498 0.0313291 0.0290982 0.0135181
2 0.392229 0.420258 0.0581073 0.0572522 0.0129111
2 0.660738 0.492555 0.0352918 0.0504471 0.0126456
2 0.559011 0.587079 0.0422247 0.0629224 0.0124429
2 0.401079 0.414181 0.0349849 0.0486936 0.0120939
2 0.63158 0.162943 0.032041 0.0339803 0.0115409
2 0.769878 0.400974 0.0208743 0.0273787 0.0107598
2 0.660273 0.132075 0.0423132 0.0350037 0.010557
2 0.559082 0.586973 0.0420756 0.0634918 0.0105305
2 0.49046 0.291203 0.0561373 0.0367163 0.0103871
