0 0.482202 0.295031 0.404445 0.590063 0.834879
0 0.483002 0.294712 0.402739 0.589425 0.808313
0 0.477544 0.296269 0.413828 0.590186 0.805021
0 0.473872 0.29723 0.416164 0.589862 0.800706
0 0.47596 0.296694 0.413788 0.592656 0.788385
0 0.478057 0.295201 0.411871 0.589598 0.777338
0 0.474117 0.297262 0.41742 0.591338 0.772275
0 0.475499 0.296696 0.417201 0.588661 0.755378
0 0.480246 0.29455 0.40442 0.5891 0.753886
0 0.474755 0.296225 0.411577 0.587132 0.711121
5 0.88183 0.587818 0.0441682 0.0530263 0.0238701
5 0.879573 0.588181 0.0507517 0.0570325 0.0233978
5 0.881409 0.587454 0.045466 0.0537451 0.0226642
5 0.882197 0.588786 0.0498942 0.0596121 0.020428
5 0.878999 0.589182 0.0502034 0.0561925 0.0197861
5 0.87978 0.588417 0.0550168 0.0597036 0.0186827
5 0.882365 0.587702 0.0496911 0.0591997 0.0174345
5 0.880545 0.588877 0.0409735 0.0492596 0.0153862
5 0.880351 0.589722 0.0453616 0.0566065 0.0150438
5 0.880797 0.588768 0.0377747 0.0478301 0.0137615
5 0.881083 0.589542 0.0370513 0.0478901 0.0135414
5 0.880663 0.587081 0.0568631 0.0603822 0.0133974
5 0.881195 0.588926 0.0405691 0.0494608 0.0128364
2 0.372571 0.15634 0.0240434 0.0438669 0.0105695
