0 0.49512 0.537357 0.563283 0.748581 0.847041
0 0.497229 0.537255 0.566909 0.747357 0.841577
0 0.493698 0.537342 0.560125 0.751645 0.832922
0 0.495063 0.535918 0.560614 0.748656 0.828729
0 0.497168 0.537543 0.5656 0.747954 0.82223
0 0.495545 0.537441 0.565399 0.748395 0.819861
0 0.496656 0.538515 0.566428 0.748057 0.814203
0 0.494554 0.537717 0.562464 0.751224 0.797625
0 0.493611 0.535867 0.559018 0.749624 0.785109
0 0.49738 0.533816 0.564131 0.745832 0.719659
1 0.429561 0.498225 0.17017 0.38392 0.219212
1 0.541585 0.619261 0.292035 0.423806 0.146773
1 0.426264 0.520566 0.17553 0.43705 0.1345
5 0.543486 0.420647 0.0348459 0.0429627 0.129677
5 0.543396 0.420185 0.0344154 0.0428072 0.118323
5 0.52213 0.489908 0.0415284 0.0502562 0.117633
1 0.432767 0.457072 0.174505 0.303405 0.117539
5 0.544387 0.42083 0.0315096 0.0388562 0.113048
5 0.522214 0.489588 0.0428913 0.0498999 0.112049
5 0.544013 0.420613 0.0327819 0.0399787 0.111103
1 0.54478 0.634048 0.288071 0.373564 0.10954
5 0.522441 0.488988 0.0434058 0.0507957 0.106817
5 0.522884 0.489697 0.0422177 0.0512715 0.100941
1 0.425024 0.500295 0.181524 0.392472 0.100078
5 0.522507 0.489263 0.0493466 0.0572196 0.0974152
5 0.522635 0.488822 0.0425343 0.0500169 0.0937522
1 0.534019 0.622169 0.308985 0.340075 0.0926676
5 0.522356 0.489134 0.0400674 0.0476861 0.0919702
5 0.521389 0.48952 0.0438951 0.0530707 0.0873795
5 0.543785 0.420029 0.0375495 0.0454725 0.0843256
1 0.536356 0.644301 0.308962 0.291689 0.0838296
1 0.417203 0.525408 0.193139 0.450354 0.0837416
1 0.563233 0.623748 0.248168 0.44921 0.079588
5 0.520989 0.490225 0.0439558 0.0542586 0.0783492
5 0.521063 0.489739 0.0419176 0.0521599 0.074627
5 0.523141 0.489812 0.0489895 0.0584023 0.0727467
1 0.431928 0.453587 0.178193 0.292968 0.0708124
0 0.498958 0.537348 0.560164 0.747226 0.0695476
5 0.54396 0.420425 0.0387429 0.0468821 0.0694629
1 0.540933 0.609368 0.291249 0.408182 0.0691108
5 0.543506 0.418794 0.0376252 0.044772 0.0669018
5 0.544234 0.419773 0.0364852 0.0432372 0.0658478
1 0.428927 0.500299 0.169492 0.384292 0.0620579
1 0.565747 0.625927 0.246 0.427061 0.0573634
1 0.424822 0.524709 0.188206 0.447638 0.0569486
1 0.56747 0.618072 0.237711 0.423166 0.0556329
5 0.54384 0.421105 0.0398236 0.0464987 0.0548727
5 0.558094 0.35782 0.0266365 0.0330744 0.0546456
1 0.411658 0.535741 0.206131 0.470965 0.053328
5 0.542695 0.42028 0.0402471 0.0496697 0.0520611
5 0.557645 0.357733 0.0312299 0.0367769 0.0477824
5 0.558225 0.357371 0.0284387 0.035803 0.0475612
1 0.532151 0.624376 0.322647 0.221225 0.0440292
1 0.608019 0.593048 0.156059 0.356725 0.0414517
1 0.531703 0.597706 0.308697 0.370669 0.0413701
1 0.596855 0.607997 0.181552 0.39926 0.0401595
1 0.429354 0.464415 0.186883 0.320902 0.0393834
1 0.528052 0.609173 0.32219 0.241319 0.0368617
1 0.536971 0.67075 0.314617 0.345823 0.0351405
5 0.557951 0.357518 0.0321786 0.0389639 0.0342621
1 0.547759 0.639667 0.284092 0.346763 0.0313132
5 0.557478 0.357356 0.0335279 0.0424182 0.0291706
5 0.524444 0.489494 0.05134 0.0592784 0.0284268
1 0.592589 0.615086 0.194198 0.424139 0.0282664
5 0.558294 0.357877 0.032438 0.0398296 0.0267801
1 0.533043 0.680299 0.333804 0.345742 0.0261452
1 0.432398 0.432844 0.182441 0.263943 0.0225994
1 0.408658 0.53369 0.200018 0.436705 0.0215842
1 0.436306 0.518705 0.190878 0.43408 0.0200077
0 0.708269 0.541803 0.146731 0.752682 0.0199848
0 0.702996 0.543636 0.158869 0.76037 0.0198705
1 0.619996 0.605163 0.147155 0.392995 0.0191331
1 0.595361 0.62203 0.191053 0.423201 0.0184589
0 0.642306 0.542085 0.272899 0.749183 0.0183793
5 0.544591 0.420361 0.044777 0.0514581 0.0183361
5 0.544171 0.418617 0.0421663 0.048848 0.0182063
1 0.433211 0.428689 0.182903 0.250786 0.0177637
1 0.569449 0.605995 0.240274 0.409931 0.0172746
1 0.618235 0.595878 0.145055 0.36165 0.0172605
1 0.426774 0.52213 0.182069 0.416548 0.0169099
0 0.713176 0.539408 0.139933 0.748431 0.0168636
1 0.584244 0.598891 0.203168 0.369449 0.0163761
1 0.623051 0.608141 0.146791 0.408106 0.0157499
5 0.525288 0.489471 0.0504849 0.0600954 0.0151465
0 0.621567 0.539015 0.310248 0.747045 0.0145158
1 0.524222 0.578846 0.319683 0.337246 0.0141049
1 0.281365 0.570298 0.127161 0.538942 0.0137643
1 0.282038 0.562466 0.125201 0.557704 0.0128054
0 0.637867 0.540185 0.279987 0.753215 0.0116916
1 0.53909 0.69179 0.315114 0.411692 0.0116356
0 0.331503 0.527836 0.228334 0.731434 0.0114057
0 0.645313 0.540289 0.270884 0.748038 0.0111883
5 0.558496 0.35692 0.0337561 0.0400178 0.0110281
1 0.614591 0.575556 0.140546 0.31468 0.0108637
0 0.497178 0.247051 0.489054 0.16877 0.0108307
1 0.268218 0.567037 0.0975797 0.50013 0.0108281
1 0.626212 0.610491 0.144896 0.430105 0.0104013
1 0.552633 0.678405 0.265798 0.40275 0.0103738
5 0.558375 0.357008 0.0329307 0.0389292 0.0103281
0 0.643571 0.543196 0.275818 0.7536 0.0103106
