3 0.551823 0.580037 0.5749 0.762518 0.751895
3 0.546497 0.57078 0.576247 0.759799 0.738244
3 0.549172 0.576846 0.570878 0.756941 0.7317
3 0.552597 0.577786 0.570337 0.762499 0.683325
3 0.551386 0.570989 0.576932 0.759965 0.669727
3 0.542567 0.576835 0.588319 0.755524 0.66553
3 0.54192 0.570807 0.589381 0.759872 0.665305
3 0.550771 0.577629 0.56772 0.760605 0.652102
3 0.542739 0.575863 0.587003 0.761181 0.544463
5 0.638554 0.583651 0.0197562 0.0257008 0.103687
5 0.639117 0.583478 0.0244008 0.0328233 0.0700645
3 0.552972 0.580234 0.57867 0.760513 0.0407548
5 0.639387 0.582338 0.0294236 0.0360031 0.027679
5 0.637619 0.584844 0.0254551 0.033574 0.026448
5 0.637548 0.583085 0.0326174 0.038263 0.0219597
5 0.637095 0.58372 0.0284098 0.0345973 0.0207569
5 0.639454 0.583318 0.0281814 0.0357596 0.0192269
3 0.540909 0.574859 0.592278 0.750857 0.0142809
5 0.637194 0.584711 0.0298667 0.0367562 0.0130141
