0 0.430863 0.429941 0.400779 0.525962 0.752023
0 0.431634 0.4298 0.401318 0.529328 0.642735
0 0.428476 0.430226 0.40567 0.527016 0.574485
0 0.431285 0.428168 0.402794 0.531034 0.533405
3 0.429432 0.42935 0.405865 0.526303 0.448451
0 0.42925 0.42887 0.406065 0.530671 0.413673
0 0.430929 0.430614 0.399299 0.526146 0.37177
3 0.43065 0.427751 0.405333 0.529027 0.367949
0 0.429919 0.427868 0.405915 0.529978 0.343639
3 0.430943 0.428956 0.402016 0.527777 0.292808
3 0.482758 0.409754 0.101763 0.095204 0.230988
3 0.501969 0.40979 0.0648649 0.0942681 0.111661
3 0.483537 0.407709 0.0997514 0.0892477 0.0970084
3 0.340233 0.359433 0.105392 0.18058 0.0558213
1 0.253066 0.416155 0.0665275 0.460941 0.0518171
3 0.48586 0.413166 0.0993789 0.100709 0.0504693
1 0.252882 0.431851 0.0666144 0.486477 0.0453327
3 0.337018 0.362407 0.106237 0.19111 0.0412914
3 0.482536 0.404147 0.10974 0.0833983 0.0399968
3 0.446312 0.477067 0.173604 0.229164 0.0367945
1 0.25375 0.390452 0.0684801 0.38819 0.0320655
3 0.505991 0.411455 0.0572869 0.097587 0.0316506
3 0.441052 0.479765 0.197957 0.235478 0.0303347
3 0.42316 0.505108 0.210029 0.298424 0.0289617
5 0.465046 0.457249 0.0135973 0.0190679 0.0281505
3 0.341337 0.352713 0.10529 0.17821 0.0280199
3 0.335405 0.370971 0.102856 0.200257 0.0277595
3 0.349674 0.413201 0.142463 0.398472 0.0255585
3 0.442292 0.496233 0.17032 0.282066 0.0251477
1 0.255057 0.406467 0.0726035 0.463257 0.0245138
3 0.3564 0.423429 0.157718 0.439843 0.0227521
3 0.482786 0.400471 0.100445 0.0727896 0.0213404
3 0.495219 0.409814 0.0778465 0.0942351 0.0208942
3 0.451462 0.470103 0.1786 0.222745 0.0200034
3 0.410715 0.505387 0.217004 0.316218 0.0188058
3 0.452721 0.463235 0.159322 0.197017 0.0186437
3 0.436605 0.468594 0.125229 0.166066 0.0170515
3 0.351403 0.332934 0.0579613 0.108154 0.0170198
3 0.336934 0.350301 0.105513 0.182466 0.0161681
0 0.595867 0.480976 0.0665077 0.268828 0.0149913
3 0.331232 0.375377 0.0940169 0.195688 0.0131849
3 0.366781 0.391659 0.175504 0.315801 0.0130686
3 0.444837 0.459723 0.179404 0.195014 0.0122481
0 0.595277 0.467388 0.0688417 0.281452 0.0119916
3 0.377507 0.408475 0.196599 0.371218 0.0114205
3 0.342926 0.359081 0.105825 0.175473 0.0113562
3 0.396777 0.508884 0.233069 0.312664 0.0113348
0 0.585689 0.420291 0.0648525 0.236465 0.0113208
3 0.40495 0.504423 0.243198 0.302353 0.0111225
3 0.344457 0.402101 0.130013 0.331746 0.010268
3 0.413893 0.480083 0.259406 0.249359 0.0101482
0 0.580619 0.451777 0.10106 0.533349 0.0100677
0 0.580793 0.454793 0.0999606 0.486608 0.0100045
