4 0.543646 0.456622 0.464257 0.600684 0.861403
4 0.54344 0.453019 0.463405 0.607629 0.834178
4 0.544888 0.455231 0.468421 0.603739 0.827664
4 0.544234 0.456145 0.468203 0.602318 0.800626
4 0.544013 0.45452 0.461198 0.608631 0.794827
4 0.547532 0.453099 0.471231 0.608028 0.753817
4 0.544944 0.453318 0.464949 0.609834 0.743458
4 0.543408 0.452621 0.466113 0.609798 0.708836
4 0.544555 0.454637 0.463496 0.609344 0.700817
4 0.542377 0.454758 0.464203 0.60987 0.639105
2 0.607138 0.709925 0.0185174 0.0228037 0.0412435
5 0.606194 0.710372 0.0215038 0.0241904 0.0276767
4 0.710966 0.45902 0.139714 0.392425 0.0271954
2 0.606714 0.709869 0.0182053 0.0240661 0.0229305
4 0.709403 0.470141 0.142444 0.377414 0.021677
4 0.715295 0.457111 0.131337 0.376762 0.0175061
5 0.606209 0.710005 0.020206 0.024674 0.0145894
4 0.720301 0.442551 0.125821 0.440656 0.0137635
4 0.370523 0.481049 0.112784 0.349945 0.013302
4 0.367714 0.475063 0.106994 0.363882 0.0131669
4 0.718479 0.45495 0.126037 0.424015 0.0126765
3 0.575055 0.41604 0.245403 0.224162 0.0112541
3 0.571079 0.427054 0.27225 0.222845 0.011203
4 0.719566 0.446755 0.126849 0.422509 0.0111735
4 0.373491 0.479274 0.121001 0.361143 0.0109617
4 0.367264 0.453079 0.107214 0.398019 0.0106083
4 0.537647 0.696225 0.26822 0.12575 0.0104996
