3 0.50418 0.595958 0.474484 0.569121 0.741857
3 0.500997 0.592571 0.467904 0.56689 0.739794
3 0.504434 0.593799 0.473321 0.567275 0.734956
3 0.503186 0.596199 0.474675 0.569605 0.730337
3 0.501622 0.595219 0.470097 0.568782 0.730118
3 0.502744 0.594159 0.473996 0.570487 0.728209
3 0.499761 0.594367 0.46484 0.568247 0.71936
3 0.503725 0.595458 0.475189 0.565804 0.716972
3 0.502184 0.595658 0.472123 0.56698 0.708331
3 0.503332 0.596312 0.474754 0.567886 0.704468
3 0.484553 0.577301 0.36302 0.413096 0.185092
3 0.485608 0.577156 0.366316 0.424008 0.122503
3 0.492542 0.568071 0.33668 0.392696 0.0715165
3 0.493809 0.570275 0.34098 0.408583 0.0601562
3 0.480947 0.586695 0.377907 0.430698 0.03617
3 0.597239 0.595021 0.28898 0.559404 0.0297657
3 0.597388 0.596792 0.287774 0.566979 0.0295746
3 0.624658 0.598273 0.23558 0.569366 0.0245366
3 0.626102 0.598794 0.234587 0.565687 0.0229565
3 0.599478 0.591559 0.283599 0.558 0.0219155
3 0.485523 0.570438 0.343351 0.388677 0.0168141
3 0.480692 0.582963 0.371226 0.423689 0.0100103
