1 0.559262 0.637356 0.539439 0.603954 0.34487
0 0.562496 0.633282 0.540035 0.613311 0.338434
1 0.559972 0.635112 0.529872 0.611379 0.292951
1 0.56048 0.635352 0.535612 0.613339 0.256867
0 0.560357 0.636854 0.535625 0.615337 0.247792
0 0.560504 0.634438 0.537409 0.609073 0.195759
1 0.559323 0.637764 0.529481 0.612111 0.175272
0 0.557682 0.63888 0.530348 0.614589 0.164182
1 0.561502 0.636614 0.540393 0.603498 0.143007
1 0.559466 0.635942 0.534236 0.613016 0.0928302
1 0.482068 0.568614 0.277465 0.29219 0.0699823
5 0.780345 0.511687 0.0334609 0.037904 0.0675372
5 0.780769 0.511006 0.0380312 0.0412276 0.0543261
1 0.47737 0.585525 0.269939 0.266021 0.0522662
5 0.780702 0.510227 0.0413151 0.0443513 0.0520121
5 0.780246 0.512174 0.032879 0.0365024 0.0492538
1 0.389212 0.616152 0.19583 0.403584 0.0484724
5 0.78024 0.511641 0.0359108 0.0393282 0.0484155
5 0.780435 0.509535 0.0428528 0.045172 0.0421574
1 0.385971 0.629188 0.188942 0.369702 0.0404069
1 0.455562 0.648451 0.238873 0.223517 0.0399136
1 0.428443 0.648771 0.254061 0.243006 0.0398757
1 0.459584 0.673958 0.237914 0.24811 0.0389962
1 0.405376 0.641648 0.230088 0.312986 0.0389332
1 0.427962 0.669156 0.254692 0.245952 0.0382765
5 0.781267 0.512144 0.0376212 0.0402932 0.0369585
5 0.780061 0.511754 0.0363203 0.0393858 0.0358022
1 0.458596 0.569975 0.278487 0.296899 0.0328941
1 0.403227 0.65799 0.22584 0.277643 0.0311852
0 0.056072 0.928464 0.111794 0.142762 0.0295765
5 0.350286 0.836224 0.0421823 0.0452997 0.0295155
1 0.404079 0.617797 0.227243 0.333864 0.0290686
1 0.485268 0.542052 0.267649 0.322281 0.0289887
5 0.349709 0.83643 0.0389064 0.0430033 0.0271062
1 0.455247 0.589361 0.263815 0.269881 0.0258797
1 0.515915 0.567555 0.264457 0.26979 0.0256578
1 0.454323 0.613861 0.243797 0.240033 0.0245869
1 0.428617 0.62026 0.255908 0.264451 0.0245427
1 0.428591 0.695496 0.258634 0.27029 0.0242532
5 0.349439 0.836679 0.0409484 0.0455294 0.0241514
1 0.387774 0.60428 0.19212 0.413845 0.0240781
0 0.0627369 0.932862 0.123866 0.134021 0.0230739
1 0.383344 0.670972 0.183206 0.412116 0.0225428
0 0.0591768 0.945521 0.115862 0.108958 0.0206074
1 0.466008 0.700127 0.232722 0.279706 0.0205533
1 0.367049 0.635718 0.157526 0.405703 0.0205044
1 0.401072 0.685675 0.222592 0.288658 0.0204749
1 0.477751 0.606419 0.243755 0.244722 0.0202984
1 0.515781 0.543264 0.274961 0.312342 0.020118
1 0.515099 0.581398 0.25355 0.251889 0.0200433
1 0.482895 0.6485 0.226563 0.227638 0.019937
0 0.0546992 0.944971 0.10929 0.110058 0.019666
1 0.399675 0.727729 0.221598 0.365492 0.0193156
1 0.629359 0.518212 0.296274 0.28713 0.0191252
1 0.380647 0.700056 0.181136 0.427168 0.0181614
0 0.59246 0.482694 0.460043 0.306773 0.0177443
1 0.367269 0.616759 0.157497 0.429731 0.0171753
1 0.430827 0.731674 0.258383 0.33511 0.0166638
1 0.5143 0.514974 0.288474 0.321743 0.0166267
1 0.490925 0.67981 0.220188 0.266029 0.0158215
1 0.543412 0.517145 0.279722 0.314725 0.0155754
1 0.457227 0.542823 0.27335 0.313657 0.0152641
1 0.428988 0.590675 0.261564 0.290529 0.0150448
5 0.781924 0.509537 0.044911 0.0465121 0.0148019
5 0.3501 0.837187 0.0387304 0.0427368 0.0146359
0 0.579886 0.482366 0.486809 0.306058 0.0141509
1 0.546638 0.545599 0.251382 0.297175 0.013063
1 0.400596 0.585994 0.220882 0.328918 0.0130028
5 0.348946 0.837855 0.031935 0.0378093 0.012953
5 0.780056 0.514459 0.0408199 0.0464572 0.0129158
1 0.365796 0.675123 0.156083 0.458913 0.0128149
1 0.607388 0.51878 0.284615 0.271643 0.0124968
1 0.626185 0.492091 0.324016 0.294581 0.0118476
1 0.572887 0.542756 0.236007 0.282837 0.0112951
1 0.427638 0.566017 0.261216 0.307996 0.0106976
1 0.602148 0.539108 0.242407 0.274903 0.0102457
