0 0.571565 0.48006 0.695935 0.947447 0.821707
0 0.57007 0.476554 0.714869 0.944733 0.816016
0 0.574033 0.457471 0.70165 0.902149 0.801868
0 0.575683 0.453934 0.724289 0.896248 0.793666
0 0.568712 0.468177 0.676854 0.921108 0.758822
0 0.576553 0.45356 0.72173 0.895115 0.72191
0 0.574093 0.457732 0.708747 0.915374 0.703205
0 0.581294 0.453905 0.733885 0.907583 0.692395
0 0.566335 0.482506 0.673051 0.950235 0.617934
0 0.574912 0.473138 0.700755 0.940772 0.269241
0 0.568246 0.469463 0.678349 0.938423 0.254668
