3 0.302536 0.394068 0.428269 0.629768 0.721297
3 0.318128 0.395465 0.393682 0.633234 0.716451
3 0.295263 0.39386 0.441085 0.631025 0.67834
3 0.30549 0.395423 0.41472 0.633104 0.650965
3 0.296966 0.394831 0.432811 0.630822 0.636797
3 0.292753 0.39596 0.444416 0.631464 0.570108
3 0.297514 0.396219 0.430048 0.634901 0.541172
3 0.291097 0.395707 0.442018 0.630645 0.519676
3 0.290478 0.396372 0.443343 0.630629 0.454435
3 0.289813 0.395398 0.448729 0.630623 0.342567
5 0.291893 0.338886 0.0188393 0.0234723 0.165986
5 0.292053 0.34002 0.0224526 0.0252653 0.130407
5 0.291183 0.338917 0.0224199 0.0254825 0.126047
3 0.378392 0.391405 0.272633 0.622925 0.0996862
3 0.3859 0.389948 0.259443 0.620574 0.0817806
5 0.291547 0.339377 0.0251329 0.0275434 0.0807568
3 0.37652 0.390082 0.276481 0.624979 0.0673558
3 0.449716 0.388509 0.142788 0.468672 0.0186669
3 0.454697 0.388852 0.132878 0.473018 0.0185476
5 0.292036 0.338395 0.0290186 0.0353948 0.0134742
3 0.131157 0.459328 0.153293 0.644127 0.0134029
5 0.0995735 0.508779 0.0325875 0.034688 0.012758
5 0.0976742 0.506428 0.0395836 0.0377988 0.0119357
3 0.129457 0.437717 0.150425 0.651002 0.0117289
3 0.149033 0.451756 0.167339 0.551973 0.0106157
5 0.10031 0.508901 0.0280257 0.032139 0.0103642
