1 0.457547 0.632715 0.619841 0.73457 0.904033
1 0.456168 0.632655 0.618958 0.734172 0.900713
1 0.461183 0.632584 0.621457 0.734832 0.891315
1 0.459079 0.632636 0.620426 0.734727 0.889772
1 0.455736 0.632594 0.630722 0.734812 0.889449
1 0.45598 0.632589 0.631722 0.734822 0.883907
1 0.459578 0.632262 0.624583 0.735476 0.871931
1 0.456291 0.632813 0.631564 0.734374 0.847775
1 0.45682 0.622233 0.620324 0.712168 0.310023
1 0.455741 0.632634 0.627614 0.734733 0.229348
5 0.689254 0.798869 0.0610715 0.0683298 0.167226
5 0.270505 0.50662 0.0432448 0.0490996 0.152335
5 0.689652 0.797831 0.0620939 0.0681104 0.150364
5 0.689757 0.797039 0.0649711 0.0693568 0.140325
5 0.271621 0.508051 0.0410106 0.0476197 0.138151
5 0.689477 0.797344 0.0595197 0.0666601 0.133978
5 0.27084 0.506892 0.0393736 0.0464947 0.124107
5 0.271571 0.506883 0.0423541 0.0486926 0.122463
5 0.270486 0.507124 0.0395479 0.046318 0.121252
5 0.270262 0.507483 0.0408393 0.0458167 0.118341
5 0.689231 0.798036 0.0708684 0.0751409 0.115028
5 0.690059 0.797782 0.059506 0.0669046 0.110637
5 0.271349 0.507434 0.039869 0.0470252 0.109218
5 0.689679 0.798076 0.0599347 0.0664844 0.100267
5 0.270293 0.507853 0.0363281 0.0435041 0.0972347
1 0.455655 0.633291 0.627457 0.733418 0.0948746
5 0.270591 0.508302 0.0328186 0.0411236 0.0879113
5 0.689137 0.797476 0.055409 0.0617481 0.0817134
5 0.68879 0.798029 0.0559247 0.0652273 0.0756152
5 0.689299 0.799344 0.0602772 0.0679735 0.0643567
5 0.69034 0.800937 0.0661089 0.0727475 0.0509846
5 0.271197 0.510802 0.0455461 0.0555966 0.0456641
5 0.272106 0.511088 0.0480117 0.0563401 0.045634
5 0.690243 0.797508 0.0742521 0.0741235 0.0420621
5 0.688339 0.799456 0.0634653 0.0708687 0.0355697
5 0.688437 0.797832 0.0800858 0.0788729 0.0320772
5 0.68728 0.797444 0.0844976 0.0820938 0.0320598
5 0.26939 0.510598 0.0487494 0.0563921 0.0306713
5 0.688783 0.797308 0.087175 0.083717 0.0158152
5 0.271214 0.510389 0.0629837 0.0586795 0.0149368
5 0.40125 0.110984 0.474467 0.192966 0.0146437
5 0.273579 0.508594 0.0568272 0.057455 0.0146084
5 0.267089 0.507081 0.0590929 0.05757 0.012807
5 0.689493 0.798923 0.0798704 0.0766222 0.0126607
