0 0.405276 0.472863 0.281869 0.331305 0.357182
0 0.404918 0.472681 0.283282 0.330594 0.349812
0 0.402876 0.472793 0.281767 0.331393 0.325422
0 0.404875 0.472492 0.28447 0.331045 0.311334
0 0.40366 0.472763 0.281498 0.330899 0.310965
0 0.404865 0.472238 0.283611 0.330246 0.295548
1 0.439185 0.472986 0.0852352 0.104483 0.281203
0 0.405657 0.472283 0.28207 0.333305 0.280401
1 0.441057 0.474191 0.0841131 0.0950489 0.268567
0 0.405002 0.472284 0.283537 0.333105 0.255
0 0.40124 0.472244 0.277299 0.334659 0.239676
0 0.40421 0.471516 0.282042 0.333629 0.237343
1 0.439017 0.471191 0.0913527 0.105868 0.17694
1 0.441025 0.476517 0.0826962 0.0952273 0.175053
1 0.440255 0.472233 0.0895402 0.0965576 0.165033
1 0.440035 0.475087 0.0842719 0.104119 0.151293
1 0.442829 0.476756 0.0826117 0.086537 0.0981383
0 0.447289 0.350434 0.152989 0.0893929 0.0951534
1 0.437365 0.469334 0.0874704 0.110509 0.0916687
1 0.418812 0.466883 0.141683 0.117207 0.0889248
1 0.437385 0.467738 0.0937865 0.109527 0.0682053
1 0.400453 0.468564 0.174307 0.123771 0.0648622
1 0.442863 0.478247 0.0824557 0.0871585 0.0557582
0 0.339095 0.480116 0.141146 0.288615 0.054078
0 0.331502 0.47492 0.135632 0.295364 0.0537934
0 0.329451 0.468469 0.126607 0.302763 0.0515072
0 0.425738 0.355923 0.177861 0.0923969 0.0513177
1 0.419955 0.476056 0.136527 0.116312 0.047537
0 0.340183 0.497199 0.145101 0.252321 0.041346
5 0.425357 0.390433 0.0219943 0.027617 0.0390107
1 0.391901 0.480332 0.187363 0.127921 0.0385409
0 0.40804 0.361192 0.256051 0.114315 0.0354935
0 0.510446 0.453613 0.0764736 0.273268 0.0347036
0 0.511278 0.469314 0.0739324 0.314416 0.0325093
0 0.457942 0.347937 0.138522 0.0879502 0.0321949
0 0.442857 0.34398 0.164113 0.0672889 0.0321657
0 0.438438 0.362904 0.217002 0.11722 0.031356
0 0.441036 0.365754 0.132189 0.108067 0.0313191
0 0.51224 0.466919 0.0735319 0.305697 0.0300698
5 0.456769 0.384382 0.0201853 0.0209363 0.0254529
0 0.439757 0.362269 0.21486 0.115812 0.0244857
5 0.42542 0.390316 0.0239726 0.0287479 0.0226635
0 0.470844 0.376288 0.155268 0.145512 0.022594
1 0.700656 0.378241 0.027211 0.0292514 0.0220876
0 0.32685 0.46902 0.12352 0.314909 0.0213759
1 0.447866 0.493795 0.130368 0.145923 0.0208845
0 0.408668 0.362674 0.250389 0.109195 0.0205669
0 0.42049 0.344722 0.197527 0.0649408 0.0205083
0 0.401496 0.360037 0.26378 0.11014 0.0197863
0 0.407836 0.358381 0.207171 0.0898107 0.0193765
0 0.467999 0.364914 0.161267 0.121884 0.019049
1 0.444172 0.474038 0.125231 0.128325 0.0189043
0 0.335323 0.468576 0.134819 0.315189 0.0180377
0 0.504828 0.439491 0.0853384 0.263675 0.0172721
5 0.388011 0.531808 0.0166417 0.0163954 0.0169225
0 0.512347 0.472058 0.0755485 0.283057 0.0157397
5 0.424581 0.535708 0.0174454 0.0222226 0.0155645
0 0.428501 0.370888 0.141363 0.0984013 0.0152885
0 0.326604 0.486748 0.131568 0.285941 0.0150213
0 0.397785 0.358376 0.214758 0.0969275 0.0145182
1 0.700061 0.378219 0.0255888 0.0280554 0.0143646
3 0.399711 0.356732 0.256089 0.10332 0.0139832
1 0.441035 0.476396 0.0893654 0.0893059 0.0139186
1 0.431018 0.470152 0.0895874 0.105275 0.0132195
0 0.496422 0.400436 0.106922 0.177257 0.013143
3 0.425082 0.573626 0.106122 0.080524 0.0129719
3 0.406987 0.359007 0.247176 0.109477 0.0127507
0 0.337048 0.507083 0.142422 0.242599 0.0126803
0 0.353983 0.509461 0.17215 0.2058 0.012463
5 0.508514 0.474284 0.0239166 0.0235983 0.0120216
0 0.397669 0.363599 0.259289 0.110915 0.0114864
5 0.407415 0.38907 0.0260334 0.0237827 0.0112344
0 0.350928 0.500548 0.165159 0.207332 0.0112065
5 0.503234 0.410487 0.0378918 0.0647589 0.0107899
0 0.41728 0.568148 0.0932658 0.0804911 0.0107554
1 0.408229 0.497776 0.175203 0.158928 0.0104665
1 0.3884 0.481015 0.193695 0.156846 0.0100354
