1 0.585257 0.424411 0.40238 0.452234 0.564775
1 0.585189 0.423202 0.406556 0.450804 0.509585
1 0.586416 0.423058 0.403073 0.451105 0.43709
1 0.58565 0.425803 0.405158 0.452633 0.429657
1 0.587733 0.42552 0.402799 0.451283 0.31295
1 0.585423 0.426155 0.406019 0.448949 0.251783
1 0.587165 0.423897 0.404863 0.44875 0.247274
1 0.588141 0.424422 0.407174 0.451118 0.166795
1 0.586843 0.426423 0.405046 0.447269 0.132774
5 0.56389 0.526315 0.0205811 0.0230316 0.0817095
5 0.563999 0.525496 0.0203028 0.0238312 0.0813858
5 0.539887 0.334614 0.02134 0.0247582 0.0694188
0 0.587697 0.424553 0.405975 0.451681 0.0693773
5 0.539327 0.334691 0.0218334 0.0247372 0.0622874
5 0.534418 0.52448 0.0180467 0.0208571 0.0484972
5 0.564415 0.525793 0.0225491 0.024499 0.046495
5 0.564818 0.526075 0.0227193 0.0242811 0.0373955
5 0.611204 0.518583 0.0184099 0.0210124 0.0355593
1 0.466694 0.413405 0.177731 0.424725 0.0352633
1 0.461764 0.425292 0.163093 0.442227 0.0348408
5 0.533708 0.525505 0.0203157 0.0217923 0.0297594
1 0.463904 0.424609 0.168202 0.445138 0.0286589
5 0.540318 0.335408 0.0301743 0.0339271 0.0269194
5 0.540104 0.335361 0.0269002 0.0321733 0.0258887
5 0.5399 0.334993 0.0266833 0.031575 0.0258854
5 0.603942 0.414139 0.0187073 0.0216875 0.0243634
1 0.470157 0.412256 0.171141 0.422182 0.020346
1 0.447854 0.43188 0.143118 0.460682 0.0201468
1 0.463909 0.407595 0.176768 0.427283 0.020028
1 0.471169 0.433743 0.165484 0.391163 0.0199864
5 0.539704 0.335731 0.0292937 0.0336209 0.0197149
5 0.449236 0.427727 0.13801 0.41349 0.0155565
1 0.502665 0.472653 0.177002 0.271429 0.0152394
5 0.604977 0.41399 0.0196311 0.0227232 0.0146257
1 0.532155 0.463235 0.167259 0.223686 0.0134975
1 0.444301 0.433588 0.139529 0.483668 0.0128309
1 0.494076 0.391163 0.186267 0.292853 0.0126248
1 0.449253 0.413957 0.140631 0.433059 0.0114735
1 0.499923 0.432479 0.172632 0.250416 0.0110649
1 0.536091 0.48297 0.182748 0.235092 0.0101477
