3 0.415386 0.569177 0.560663 0.667459 0.778314
3 0.423756 0.567747 0.578791 0.670608 0.729759
3 0.413346 0.569726 0.550344 0.668022 0.679726
3 0.427675 0.568918 0.588854 0.674061 0.675956
3 0.42741 0.56795 0.587579 0.675766 0.6711
3 0.421484 0.56747 0.566826 0.669948 0.647834
3 0.424869 0.568081 0.576725 0.67708 0.611512
3 0.418739 0.568117 0.576202 0.670322 0.558456
3 0.407729 0.569699 0.547611 0.666887 0.549574
3 0.424348 0.568302 0.58235 0.674892 0.492271
1 0.694709 0.50539 0.0801195 0.385784 0.265237
1 0.694803 0.501437 0.080824 0.400784 0.238098
1 0.694587 0.505161 0.0801286 0.390038 0.192264
1 0.693822 0.513948 0.0822477 0.422667 0.173353
1 0.699712 0.511227 0.0819728 0.372473 0.0901797
1 0.70033 0.507503 0.0823457 0.391917 0.0656381
1 0.69947 0.511618 0.083358 0.363569 0.0635764
1 0.690014 0.507742 0.0894816 0.418473 0.061645
1 0.694802 0.507446 0.0808334 0.404878 0.0395716
1 0.699776 0.517133 0.0850393 0.415486 0.0297146
1 0.709646 0.528432 0.0337066 0.310142 0.0279406
1 0.71049 0.538821 0.0324032 0.313962 0.0165053
1 0.709062 0.519444 0.0353916 0.306396 0.0157649
1 0.701663 0.509532 0.0906652 0.369646 0.0155908
1 0.686148 0.486059 0.0989761 0.372881 0.0137674
