3 0.417894 0.374124 0.505542 0.560511 0.884662
3 0.417469 0.373114 0.505084 0.561132 0.884298
3 0.417949 0.374643 0.505954 0.557735 0.880993
3 0.418646 0.376054 0.506265 0.560627 0.877575
3 0.416852 0.37585 0.503171 0.563098 0.874948
3 0.420679 0.375392 0.505141 0.561711 0.87211
3 0.421822 0.377937 0.506173 0.560812 0.868889
3 0.416287 0.373416 0.503293 0.559299 0.858181
3 0.420058 0.377245 0.508317 0.559986 0.856071
3 0.419726 0.377037 0.505543 0.564467 0.852494
1 0.489558 0.584706 0.218203 0.142178 0.0110075
