3 0.497787 0.577612 0.0770869 0.108987 0.463978
3 0.498355 0.578712 0.0755174 0.108563 0.459307
0 0.498018 0.577803 0.0741838 0.110588 0.447829
3 0.497808 0.577896 0.0793826 0.108758 0.412641
3 0.498096 0.578786 0.0759349 0.106877 0.378591
0 0.497329 0.576719 0.0742688 0.11245 0.321856
5 0.514157 0.496172 0.0252926 0.0275424 0.280605
5 0.514226 0.496161 0.0275656 0.030736 0.242619
5 0.51411 0.496073 0.0272096 0.0282708 0.22849
5 0.514183 0.495874 0.029026 0.0315914 0.210434
0 0.497562 0.578294 0.0702436 0.111264 0.204936
0 0.497095 0.575617 0.082423 0.114767 0.14944
5 0.516446 0.491182 0.0245817 0.0380169 0.149045
0 0.498331 0.578686 0.074646 0.111931 0.148902
5 0.388425 0.541645 0.033086 0.0425458 0.147143
0 0.499351 0.579332 0.0774767 0.10904 0.143084
5 0.383285 0.548217 0.0256987 0.0366447 0.140331
2 0.647248 0.388538 0.0235857 0.029547 0.137663
0 0.498009 0.575737 0.0852173 0.114641 0.13335
5 0.383172 0.547339 0.0264122 0.0382598 0.130857
5 0.382644 0.547805 0.024789 0.0353394 0.129795
5 0.382915 0.548357 0.0261906 0.0363229 0.122716
5 0.490923 0.688312 0.0177323 0.0211754 0.121964
5 0.647434 0.389186 0.0265287 0.032131 0.117329
5 0.394594 0.529719 0.0228592 0.0193062 0.11536
0 0.497178 0.578338 0.0710884 0.110146 0.109524
1 0.30064 0.4687 0.0840708 0.474261 0.104583
5 0.426589 0.507948 0.0173457 0.0211018 0.0988806
2 0.63743 0.347268 0.024056 0.0301184 0.0974957
5 0.557984 0.403086 0.0262357 0.0307568 0.0969719
5 0.646992 0.38828 0.026394 0.0321091 0.0952496
3 0.491922 0.446904 0.477855 0.611456 0.0950182
0 0.369899 0.433826 0.0525199 0.121161 0.0897417
5 0.456996 0.42736 0.0261452 0.0254212 0.0897323
3 0.493454 0.445556 0.477896 0.6121 0.0894037
5 0.386639 0.543933 0.0334585 0.0453812 0.0889275
3 0.49555 0.446426 0.479252 0.619905 0.0879139
3 0.491151 0.447343 0.483918 0.6107 0.0863029
1 0.299971 0.475073 0.0847945 0.45733 0.0852786
2 0.646627 0.388118 0.0253734 0.0328536 0.0799012
3 0.49155 0.44451 0.480859 0.606814 0.0785372
5 0.515074 0.49239 0.0295075 0.0372911 0.0767741
2 0.637709 0.346945 0.0242175 0.0326589 0.0763633
0 0.497569 0.576261 0.075789 0.115647 0.0763191
3 0.52397 0.466519 0.240849 0.349816 0.0761848
3 0.490913 0.447328 0.483883 0.612151 0.0752472
1 0.299436 0.456196 0.0875213 0.446487 0.0700795
3 0.482612 0.479954 0.284538 0.323608 0.0682709
5 0.646599 0.389183 0.027471 0.0345994 0.0668113
3 0.49235 0.445894 0.482095 0.61379 0.0664171
3 0.492276 0.446925 0.48134 0.617841 0.0651296
3 0.492442 0.445212 0.482023 0.614691 0.0646753
5 0.559801 0.402507 0.0334852 0.0346529 0.0638898
3 0.492139 0.447656 0.481264 0.615623 0.0638315
1 0.301074 0.448298 0.0868268 0.503615 0.0608625
2 0.637713 0.268366 0.0183626 0.0232616 0.0595136
5 0.495187 0.358608 0.026785 0.0253774 0.0580857
5 0.366142 0.427252 0.0421476 0.106876 0.0559601
3 0.525874 0.472743 0.181654 0.324036 0.0553728
5 0.367171 0.426856 0.043111 0.105651 0.0540059
1 0.300197 0.442451 0.0930299 0.438752 0.0531625
1 0.297634 0.474585 0.0792896 0.458687 0.0527343
0 0.3701 0.435622 0.053416 0.123681 0.0513218
1 0.296853 0.467457 0.0762362 0.468721 0.048247
5 0.457864 0.42765 0.0274874 0.026773 0.0469699
5 0.457123 0.425415 0.0284984 0.0308372 0.0463939
5 0.390215 0.533265 0.0340568 0.0334 0.0446346
3 0.486628 0.475585 0.283882 0.34307 0.0443243
5 0.561081 0.404275 0.0343158 0.0403369 0.0429298
3 0.560503 0.459068 0.243159 0.363913 0.0419865
5 0.427461 0.509686 0.0217106 0.0247345 0.0418566
5 0.494499 0.358521 0.0267726 0.0267293 0.0414998
5 0.562107 0.402432 0.0369945 0.0343239 0.0403272
1 0.297276 0.46344 0.0828718 0.43951 0.0396635
3 0.497366 0.578384 0.0763102 0.100277 0.0395307
3 0.551055 0.462124 0.219212 0.354616 0.0389738
0 0.366679 0.430369 0.0456922 0.114365 0.0379388
5 0.489604 0.688307 0.0239673 0.0251802 0.0371416
5 0.491315 0.687244 0.0197993 0.0248401 0.0368858
5 0.753809 0.463795 0.0173292 0.0221369 0.0366597
0 0.496907 0.577471 0.0794509 0.10206 0.0364213
5 0.501877 0.359297 0.0227747 0.0235971 0.0362226
0 0.499866 0.579573 0.0800375 0.108177 0.0318493
0 0.566289 0.400139 0.0590676 0.0624204 0.03163
3 0.564373 0.369971 0.222365 0.156951 0.031495
5 0.387611 0.542606 0.0378697 0.0487748 0.0306081
3 0.567232 0.36818 0.238816 0.158704 0.0302843
5 0.613348 0.369092 0.02224 0.0257196 0.0288857
0 0.373087 0.435657 0.0594276 0.124639 0.0282915
5 0.614442 0.367687 0.0216137 0.0239784 0.0276637
5 0.701532 0.624525 0.0198801 0.0232921 0.0274596
5 0.752779 0.463137 0.0238649 0.0265919 0.0274509
0 0.366297 0.429853 0.0467104 0.112323 0.0271583
5 0.752421 0.462942 0.0248335 0.0280451 0.0270802
2 0.646666 0.388408 0.0280847 0.0347399 0.0254645
0 0.563351 0.398219 0.0590228 0.0621273 0.0250692
3 0.528892 0.460524 0.307449 0.362788 0.0250065
0 0.563097 0.404314 0.0408754 0.0458374 0.0244393
2 0.642501 0.348557 0.0344925 0.0346922 0.0242352
3 0.564561 0.384306 0.246838 0.197 0.0240807
5 0.561785 0.402037 0.039448 0.0375598 0.0239786
5 0.469929 0.189337 0.0411833 0.0410243 0.0239479
0 0.559775 0.253881 0.0570946 0.0456332 0.0232707
3 0.497401 0.493761 0.214536 0.294448 0.0231359
2 0.642268 0.347332 0.0372437 0.0348686 0.0229062
0 0.499512 0.580644 0.0693528 0.107898 0.0224133
2 0.650638 0.244883 0.019528 0.0205854 0.0222995
5 0.469933 0.189701 0.0397657 0.0382818 0.0217588
5 0.478731 0.71501 0.0220341 0.0192439 0.0216981
5 0.48232 0.409665 0.0200356 0.0205958 0.0215235
0 0.559498 0.254644 0.0583603 0.0452075 0.0214868
5 0.753497 0.462714 0.0190036 0.0250153 0.0210293
5 0.56289 0.404137 0.0366222 0.0379367 0.0207432
5 0.45788 0.425148 0.0299727 0.0324151 0.0207365
5 0.469961 0.19027 0.0411608 0.0390475 0.0206431
5 0.560295 0.404298 0.0350306 0.042371 0.0202224
2 0.644109 0.349154 0.0392727 0.0363451 0.020179
5 0.457167 0.427462 0.0306531 0.0318125 0.0200807
5 0.390229 0.5404 0.0350699 0.0476906 0.0198878
5 0.411731 0.659684 0.0187614 0.021795 0.0198097
0 0.565299 0.404128 0.0510172 0.0545151 0.0197207
2 0.638473 0.348105 0.0321886 0.0308147 0.0194569
5 0.573506 0.250755 0.0272532 0.0393712 0.0194093
5 0.499339 0.358942 0.028858 0.0272932 0.019392
2 0.638523 0.267123 0.0208568 0.0280303 0.0190082
2 0.63863 0.348042 0.0328454 0.0351357 0.0184051
5 0.493371 0.358562 0.0319423 0.0273611 0.0182091
0 0.367366 0.428099 0.0472867 0.101521 0.0182078
5 0.561182 0.393482 0.0338982 0.0495607 0.0181758
1 0.640719 0.622266 0.182753 0.229517 0.0181479
0 0.583513 0.392209 0.11492 0.0873063 0.0179968
1 0.296323 0.451809 0.0873564 0.425319 0.0179023
1 0.295903 0.450413 0.0750208 0.481155 0.017791
0 0.497763 0.580228 0.0725208 0.111477 0.0175388
1 0.302802 0.459966 0.0954238 0.475623 0.0173308
2 0.641985 0.347451 0.0353484 0.0369491 0.0172143
5 0.411876 0.65885 0.0193722 0.0236787 0.0171171
3 0.517211 0.486028 0.140805 0.302191 0.0170021
5 0.367849 0.397876 0.0325485 0.0432278 0.0162954
3 0.563938 0.449541 0.240945 0.340911 0.0160424
5 0.517366 0.485012 0.0249551 0.0394022 0.0160412
5 0.470109 0.18723 0.046783 0.0512774 0.0158452
5 0.457486 0.427842 0.029433 0.0311318 0.0153455
0 0.56954 0.369493 0.230219 0.156031 0.015118
5 0.470299 0.189792 0.0393271 0.0385495 0.0149318
5 0.572912 0.252172 0.0289738 0.0395547 0.0146175
3 0.479164 0.501491 0.286472 0.304251 0.0145046
0 0.56346 0.374444 0.220696 0.145461 0.0139829
3 0.561724 0.36789 0.264796 0.163337 0.0139811
0 0.496926 0.589444 0.0629264 0.0837089 0.0138216
0 0.496236 0.174364 0.170547 0.0903573 0.0136256
5 0.425747 0.508722 0.0268636 0.0254171 0.0134956
5 0.573671 0.251406 0.0314992 0.0421927 0.0133913
0 0.361258 0.430245 0.0342702 0.0901889 0.0132643
2 0.470524 0.187199 0.0453671 0.0504001 0.0125621
0 0.497134 0.599662 0.0567634 0.0562008 0.0124951
2 0.362899 0.432041 0.0365917 0.0903993 0.0123096
2 0.471082 0.186582 0.0497449 0.0536012 0.0122014
3 0.560747 0.400174 0.21849 0.234321 0.0121071
1 0.643308 0.619902 0.184772 0.223992 0.0115741
3 0.540925 0.47007 0.197434 0.327291 0.0114909
1 0.640958 0.626605 0.19306 0.246789 0.01126
0 0.559322 0.252134 0.0588849 0.0481321 0.011094
5 0.495429 0.332008 0.0258102 0.0186348 0.0110898
5 0.528239 0.718444 0.0290533 0.0267188 0.0108736
1 0.303118 0.424781 0.102132 0.445184 0.0107386
5 0.482709 0.40933 0.0202954 0.0239272 0.0107331
5 0.574014 0.251418 0.0311275 0.0409876 0.010713
0 0.595384 0.435614 0.272943 0.579424 0.010508
0 0.371876 0.432764 0.0567722 0.11638 0.0101834
