1 0.544559 0.398522 0.444546 0.68339 0.924822
1 0.545262 0.397802 0.445429 0.682704 0.912862
1 0.545401 0.399265 0.445666 0.68067 0.911477
1 0.545308 0.398409 0.442462 0.683765 0.910957
1 0.545663 0.39984 0.441779 0.680646 0.902255
1 0.545994 0.397057 0.440537 0.68451 0.897311
1 0.546672 0.397126 0.442889 0.679985 0.878838
1 0.54631 0.400146 0.444546 0.678899 0.829502
1 0.545186 0.401602 0.444859 0.683768 0.582376
1 0.544163 0.400703 0.445377 0.6841 0.381515
1 0.545331 0.401192 0.443257 0.683969 0.322267
