3 0.554027 0.506693 0.470046 0.792892 0.588285
3 0.548547 0.504768 0.460673 0.795512 0.583922
3 0.556248 0.497722 0.478456 0.771619 0.581124
3 0.552761 0.503045 0.471036 0.782757 0.564245
3 0.554296 0.504877 0.471986 0.800227 0.563649
3 0.55664 0.504081 0.474516 0.80639 0.528767
3 0.557208 0.502367 0.47942 0.784293 0.513861
3 0.558642 0.498208 0.481475 0.777602 0.49807
3 0.561177 0.50237 0.48731 0.793923 0.442365
3 0.561132 0.497921 0.489796 0.784843 0.342329
3 0.520226 0.511086 0.369569 0.452879 0.0195222
1 0.276476 0.488651 0.130467 0.660378 0.0187618
1 0.274366 0.462941 0.133926 0.663036 0.0179247
1 0.534437 0.100279 0.413508 0.0514569 0.0171631
3 0.521068 0.476805 0.373041 0.44468 0.0170958
3 0.519066 0.541319 0.364403 0.463012 0.0160301
3 0.525305 0.614993 0.369995 0.492259 0.0138143
3 0.518573 0.436363 0.369951 0.453359 0.0124814
3 0.49586 0.414963 0.325564 0.430886 0.0123114
3 0.487623 0.387645 0.31218 0.475028 0.0116618
1 0.5225 0.101519 0.428578 0.057343 0.0115095
1 0.278225 0.510964 0.128654 0.638996 0.011374
3 0.524139 0.621835 0.363847 0.452781 0.011096
3 0.519419 0.574242 0.361642 0.488666 0.0109579
3 0.522604 0.597756 0.365592 0.502002 0.0105602
3 0.503792 0.464028 0.334385 0.352702 0.0103689
3 0.480817 0.378109 0.297416 0.489991 0.010087
