3 0.529954 0.549111 0.427434 0.619793 0.509695
3 0.529945 0.545962 0.427139 0.626867 0.499245
1 0.285071 0.527991 0.0680369 0.428667 0.475035
1 0.285249 0.520945 0.0674214 0.431746 0.447672
1 0.284806 0.520727 0.0694687 0.417832 0.434683
3 0.528176 0.549697 0.433494 0.621851 0.408261
1 0.284985 0.526978 0.0683582 0.43608 0.332354
4 0.526354 0.550408 0.434582 0.620219 0.31952
0 0.528548 0.539714 0.424381 0.642945 0.317511
4 0.528566 0.544127 0.427349 0.63362 0.314021
1 0.284555 0.510297 0.0716997 0.426872 0.306611
3 0.513041 0.550205 0.465173 0.62104 0.299893
3 0.528482 0.541786 0.428467 0.637815 0.290771
0 0.529065 0.547118 0.429857 0.626933 0.244916
4 0.524592 0.547975 0.441411 0.625373 0.228899
1 0.286226 0.496287 0.0781759 0.443554 0.141491
1 0.284548 0.542674 0.0703776 0.430281 0.124733
1 0.284575 0.514808 0.073295 0.424445 0.0803854
1 0.28373 0.533266 0.0712589 0.412552 0.0796248
1 0.277021 0.528225 0.0747576 0.440053 0.0667825
1 0.283973 0.547491 0.0710528 0.42128 0.0655635
1 0.284631 0.53733 0.0724905 0.420534 0.0621319
1 0.285627 0.533618 0.075936 0.423107 0.0612354
1 0.276258 0.530448 0.0792336 0.430575 0.0607545
1 0.287021 0.492971 0.0792953 0.450298 0.0601311
1 0.276978 0.51426 0.0733825 0.436781 0.0459102
1 0.286534 0.540981 0.0803505 0.426955 0.039403
1 0.289185 0.475265 0.0880237 0.446133 0.0343124
1 0.274559 0.525786 0.0869612 0.435016 0.0284342
1 0.292302 0.463833 0.0923885 0.463703 0.0275805
1 0.284229 0.560562 0.0733456 0.40978 0.0234924
1 0.27631 0.519537 0.0735641 0.440466 0.0203547
1 0.499749 0.259792 0.360383 0.109189 0.0182272
3 0.529361 0.51866 0.373455 0.45586 0.0177784
2 0.669413 0.46715 0.0220392 0.0271929 0.0173007
1 0.28757 0.556336 0.0848152 0.41334 0.0158772
3 0.511987 0.51208 0.359911 0.428061 0.0151254
3 0.513895 0.47971 0.311289 0.372692 0.0150367
1 0.513327 0.122084 0.423038 0.173831 0.0143327
1 0.503092 0.261699 0.370638 0.112703 0.0135154
2 0.669061 0.466803 0.0217347 0.027054 0.0124133
1 0.498434 0.129301 0.400734 0.159655 0.0116672
1 0.279879 0.528384 0.0406722 0.344432 0.0109415
3 0.50118 0.534887 0.329495 0.469123 0.0103832
1 0.279311 0.51651 0.0390817 0.346497 0.0102158
