0 0.518285 0.542399 0.53007 0.696168 0.7737
0 0.51946 0.544271 0.53299 0.695107 0.760192
0 0.517214 0.543935 0.528688 0.688879 0.752128
0 0.519439 0.545141 0.530077 0.688677 0.738347
0 0.521256 0.540619 0.528418 0.691619 0.736513
0 0.515242 0.536362 0.530932 0.674149 0.717153
0 0.517873 0.539899 0.530407 0.67839 0.714787
0 0.522998 0.5378 0.529759 0.702759 0.700161
0 0.511563 0.545746 0.546803 0.690291 0.589514
0 0.512772 0.544551 0.549358 0.694874 0.220728
5 0.622939 0.466078 0.123384 0.164692 0.0799115
0 0.516895 0.533464 0.534782 0.676791 0.0686999
5 0.623418 0.461121 0.12102 0.170165 0.0538534
5 0.621981 0.46271 0.125715 0.162524 0.0476917
5 0.622817 0.463782 0.127129 0.161098 0.0423524
5 0.58806 0.494834 0.0683376 0.0815643 0.0354216
5 0.618723 0.467811 0.123836 0.16282 0.0256021
5 0.588737 0.495159 0.068524 0.0751869 0.0181421
1 0.454364 0.181478 0.366767 0.0793524 0.0179281
5 0.618396 0.465669 0.127934 0.157573 0.0173178
2 0.546378 0.592276 0.0344019 0.0392498 0.0147784
5 0.632454 0.410881 0.119492 0.257498 0.0139783
5 0.588483 0.495335 0.0681684 0.0775902 0.0133884
2 0.545707 0.592642 0.0290609 0.0349739 0.0131692
5 0.631478 0.425305 0.118286 0.224167 0.0124473
5 0.626894 0.461266 0.113464 0.150801 0.0119039
1 0.444149 0.189505 0.34952 0.0932865 0.0117097
0 0.484334 0.39492 0.419208 0.33623 0.01125
2 0.546393 0.59229 0.0348436 0.040238 0.0105996
2 0.545406 0.592388 0.0300149 0.0372437 0.0104822
2 0.338907 0.23467 0.0651788 0.055474 0.0101069
