0 0.476404 0.5187 0.356317 0.486229 0.674633
0 0.482858 0.517682 0.345202 0.482396 0.67024
0 0.491379 0.52055 0.328734 0.483213 0.64252
0 0.47758 0.519863 0.354747 0.48619 0.612987
0 0.493118 0.520975 0.324451 0.486652 0.602272
0 0.474153 0.51877 0.359205 0.487857 0.580918
0 0.477171 0.519505 0.355569 0.487401 0.537168
0 0.475274 0.519256 0.360411 0.48756 0.514244
5 0.523587 0.335392 0.0352729 0.0420405 0.446506
0 0.477155 0.519572 0.362708 0.490303 0.431986
5 0.523829 0.334946 0.0363001 0.0454585 0.431459
5 0.52329 0.334872 0.0378699 0.0447404 0.419927
5 0.522841 0.335323 0.0379404 0.0433167 0.412834
5 0.52444 0.334824 0.0348448 0.0453674 0.398402
0 0.473968 0.517976 0.362167 0.487008 0.323866
5 0.523967 0.334235 0.0362623 0.046698 0.311552
5 0.583795 0.368867 0.0327692 0.0408188 0.299562
5 0.362173 0.362257 0.0537963 0.0551318 0.294628
5 0.523107 0.335987 0.0413806 0.0439709 0.292065
5 0.582766 0.368996 0.0316152 0.0377067 0.282041
5 0.361087 0.364411 0.0546823 0.0514487 0.274103
5 0.36294 0.364244 0.0512329 0.0499977 0.272957
5 0.361189 0.363263 0.0531211 0.052142 0.262663
