3 0.536666 0.403368 0.450294 0.596014 0.836458
3 0.535475 0.406283 0.454989 0.600811 0.821769
3 0.536621 0.406134 0.451936 0.600255 0.768262
3 0.535215 0.404083 0.453417 0.597798 0.742118
3 0.535984 0.405335 0.451432 0.59678 0.728253
3 0.537209 0.40473 0.451227 0.59888 0.655484
3 0.536608 0.405968 0.451392 0.599641 0.634618
3 0.535356 0.406556 0.451227 0.599178 0.60513
3 0.53733 0.406598 0.449951 0.599915 0.5099
3 0.53777 0.405271 0.450673 0.601289 0.471421
3 0.391008 0.523444 0.0543459 0.0742726 0.266584
3 0.390556 0.522819 0.0544708 0.0755432 0.195253
3 0.38947 0.521299 0.0541774 0.0750165 0.162439
3 0.390075 0.522401 0.0551291 0.0757207 0.130751
5 0.389844 0.522592 0.0549885 0.0790564 0.124593
5 0.390373 0.522711 0.0549405 0.0772809 0.0888579
5 0.390619 0.522541 0.0598131 0.0830166 0.0855688
3 0.391242 0.524098 0.0543544 0.0756924 0.0717965
3 0.548649 0.573485 0.083352 0.146578 0.0583762
5 0.39168 0.523549 0.0532918 0.0777391 0.0559659
3 0.551061 0.567211 0.09004 0.150712 0.0378578
3 0.537507 0.402844 0.3886 0.333983 0.0378397
3 0.555268 0.574146 0.0947556 0.153848 0.0371572
3 0.564403 0.568633 0.113393 0.153917 0.0339757
3 0.536349 0.420415 0.372152 0.337369 0.0290699
3 0.392439 0.52358 0.0521008 0.0769128 0.0285625
3 0.549748 0.409913 0.358721 0.35797 0.0278364
3 0.548302 0.591792 0.072389 0.100908 0.0267582
3 0.563236 0.56449 0.109131 0.142998 0.0235284
3 0.54671 0.384244 0.37637 0.297369 0.0209395
3 0.550875 0.391339 0.360689 0.314427 0.0202869
3 0.555491 0.564732 0.0914336 0.144283 0.0202301
3 0.535985 0.573399 0.110702 0.151107 0.02006
3 0.38815 0.520023 0.0547119 0.0730938 0.0192324
3 0.541919 0.588204 0.092468 0.123625 0.0181608
0 0.537552 0.405383 0.44821 0.600386 0.016377
3 0.520342 0.421451 0.36791 0.328031 0.0162286
3 0.549053 0.594657 0.0693668 0.0951586 0.0156149
3 0.55225 0.367077 0.360616 0.261283 0.0149119
3 0.553501 0.370449 0.35749 0.269031 0.0145306
5 0.497838 0.578739 0.042278 0.0272581 0.0138085
5 0.498121 0.578847 0.0402129 0.02554 0.0137188
3 0.55185 0.424706 0.339757 0.360887 0.0120751
3 0.484707 0.50299 0.132407 0.174556 0.011975
3 0.570237 0.563592 0.119628 0.142774 0.011666
3 0.494869 0.428191 0.327225 0.322973 0.0115416
3 0.570587 0.568768 0.124812 0.156645 0.0110704
3 0.473677 0.453418 0.285901 0.281043 0.0105039
3 0.497213 0.501179 0.137865 0.181339 0.0104335
