1 0.575862 0.376033 0.423068 0.640937 0.925766
1 0.575006 0.373848 0.421473 0.642523 0.921402
1 0.575558 0.375011 0.422162 0.640349 0.915334
1 0.57449 0.376275 0.424058 0.638355 0.909071
1 0.573854 0.377573 0.419505 0.640696 0.895667
1 0.574783 0.374534 0.425097 0.638882 0.894633
1 0.574177 0.377599 0.424494 0.638163 0.871835
1 0.573713 0.373496 0.420134 0.636101 0.850326
1 0.572187 0.376735 0.421808 0.634314 0.804916
1 0.574502 0.375997 0.420393 0.641428 0.745595
1 0.574228 0.375681 0.420074 0.637584 0.411003
