2 0.319953 0.510048 0.107092 0.122923 0.857649
2 0.320119 0.50914 0.107596 0.124056 0.852464
2 0.285661 0.273769 0.104524 0.0777938 0.85115
2 0.319792 0.51007 0.108043 0.122821 0.847604
2 0.320026 0.509588 0.106758 0.126654 0.842976
2 0.284764 0.274484 0.10516 0.080566 0.840035
2 0.319674 0.508175 0.109366 0.128533 0.836185
2 0.284713 0.27514 0.105484 0.0797444 0.836025
2 0.286578 0.273322 0.10494 0.0816892 0.830895
2 0.319938 0.509029 0.108825 0.123929 0.828223
2 0.286073 0.273264 0.105394 0.0805884 0.821201
2 0.217339 0.550099 0.0995506 0.161706 0.814683
2 0.389421 0.939728 0.0541618 0.0971467 0.809715
2 0.550345 0.565946 0.104045 0.156554 0.809488
2 0.217878 0.549106 0.096397 0.160018 0.801774
2 0.285521 0.274106 0.105935 0.0817226 0.799359
2 0.551309 0.566141 0.107847 0.157307 0.789937
2 0.551275 0.56795 0.107146 0.157843 0.788563
2 0.388453 0.940677 0.0525004 0.0976061 0.779104
2 0.550321 0.567138 0.103985 0.156296 0.776996
2 0.389743 0.939904 0.0528394 0.0975113 0.776868
2 0.388155 0.941025 0.0511517 0.0966921 0.776082
2 0.458079 0.391828 0.0974146 0.16116 0.774653
2 0.216087 0.553109 0.0966422 0.164384 0.773087
2 0.388924 0.217141 0.0609534 0.135123 0.771511
2 0.389135 0.214596 0.0604108 0.140489 0.764687
2 0.579734 0.666508 0.0909301 0.0584956 0.75717
2 0.320677 0.509459 0.106238 0.123381 0.752516
2 0.388719 0.942747 0.0510626 0.0943114 0.75208
2 0.388744 0.941094 0.0532466 0.0987292 0.75119
2 0.388604 0.941291 0.0518399 0.0965426 0.750876
2 0.597709 0.911632 0.117834 0.0988127 0.75083
2 0.388525 0.941257 0.0514 0.0972218 0.749995
2 0.388836 0.215769 0.0617432 0.139256 0.749926
2 0.217335 0.550885 0.0954783 0.161063 0.749626
2 0.511079 0.210942 0.125505 0.0993763 0.744909
2 0.388842 0.215793 0.0597576 0.137355 0.742529
2 0.388604 0.21659 0.0603357 0.135319 0.739957
2 0.285975 0.271893 0.104951 0.0798313 0.73873
2 0.387834 0.216038 0.05903 0.141577 0.725949
2 0.319924 0.507563 0.107428 0.128711 0.719862
2 0.511476 0.209266 0.125513 0.0968757 0.716563
2 0.261173 0.173991 0.0698371 0.0862953 0.715128
2 0.455713 0.625808 0.115526 0.066217 0.71373
2 0.457397 0.395338 0.0924503 0.160697 0.712987
2 0.327235 0.18596 0.0956674 0.104621 0.710274
2 0.286277 0.274356 0.104985 0.077512 0.705866
2 0.579494 0.666251 0.0896277 0.0583644 0.705026
2 0.506997 0.209842 0.12976 0.0956436 0.701723
2 0.38871 0.941005 0.0517311 0.0981088 0.70137
2 0.457765 0.390873 0.0954122 0.159822 0.701153
2 0.598905 0.910463 0.115277 0.09879 0.700567
2 0.455387 0.62446 0.116391 0.0681 0.69841
2 0.597816 0.911048 0.115655 0.0991673 0.695789
2 0.598672 0.911919 0.116628 0.099447 0.694634
2 0.579874 0.666256 0.0914226 0.0590288 0.691876
2 0.455775 0.624592 0.117784 0.0718647 0.681523
2 0.578821 0.666768 0.0904815 0.0577682 0.678235
2 0.55212 0.567223 0.106145 0.15834 0.675306
2 0.455637 0.625251 0.116577 0.0704972 0.674954
2 0.361127 0.693511 0.10163 0.103954 0.673908
2 0.259594 0.174338 0.0727866 0.0901648 0.669951
2 0.284795 0.274926 0.107281 0.0787553 0.666364
2 0.285781 0.272304 0.104731 0.0770669 0.665897
2 0.372874 0.693764 0.124417 0.104186 0.662762
2 0.388047 0.213394 0.0594093 0.14502 0.662208
2 0.259563 0.173989 0.0717441 0.0896958 0.66071
2 0.329617 0.186765 0.0905984 0.103317 0.659382
2 0.458354 0.393713 0.0930772 0.159228 0.658726
2 0.509965 0.20732 0.125887 0.091731 0.65582
2 0.512922 0.20543 0.123692 0.0908115 0.655569
2 0.512676 0.203883 0.122345 0.0880175 0.642102
2 0.579868 0.66648 0.0920291 0.05774 0.64074
2 0.328398 0.186756 0.096305 0.104467 0.639814
2 0.388644 0.216182 0.0576431 0.136345 0.637987
2 0.260199 0.173877 0.0707624 0.0884511 0.636528
2 0.597673 0.910768 0.113157 0.0995291 0.633649
2 0.259747 0.173819 0.0718157 0.0880063 0.631164
2 0.597592 0.910642 0.111123 0.098475 0.626225
2 0.686762 0.926879 0.0482507 0.0498412 0.624115
2 0.330044 0.187151 0.0931962 0.103495 0.621957
2 0.256679 0.173318 0.0764283 0.0896281 0.621747
2 0.578634 0.666894 0.0909131 0.0576114 0.616656
2 0.70352 0.330932 0.0597546 0.0658441 0.605241
2 0.457036 0.625163 0.119751 0.0741408 0.604234
2 0.686565 0.926659 0.0477282 0.0494714 0.60394
2 0.686906 0.92623 0.0484711 0.0506455 0.598808
2 0.703154 0.332427 0.059498 0.0658297 0.596039
2 0.256702 0.173009 0.0764463 0.0880542 0.594874
2 0.687742 0.926071 0.049841 0.0520305 0.582506
2 0.329336 0.18721 0.0981973 0.105014 0.577403
2 0.374683 0.694527 0.127915 0.103392 0.573967
2 0.256477 0.173497 0.0757254 0.0922695 0.57307
2 0.552075 0.567765 0.104558 0.155281 0.567945
2 0.59652 0.908733 0.111561 0.091986 0.561155
2 0.740489 0.657093 0.10752 0.11068 0.560925
2 0.597707 0.909285 0.109769 0.0907529 0.55417
2 0.703155 0.330088 0.0581645 0.0669841 0.552961
2 0.703455 0.330129 0.0611412 0.0680382 0.549951
2 0.702872 0.330458 0.0585987 0.0641081 0.538804
2 0.330352 0.188495 0.0966649 0.10373 0.532809
2 0.261048 0.174541 0.0691874 0.0846057 0.519367
2 0.687007 0.926717 0.0475492 0.0508172 0.516408
2 0.455205 0.626201 0.116127 0.0686486 0.512578
2 0.284048 0.275128 0.108606 0.0794087 0.512187
2 0.550885 0.569082 0.104995 0.153347 0.509241
2 0.5098 0.213889 0.128061 0.104322 0.509158
2 0.45584 0.623121 0.117413 0.0700184 0.505433
2 0.142083 0.731074 0.0606884 0.0545855 0.503817
2 0.743825 0.658094 0.111611 0.111087 0.501585
2 0.687363 0.926935 0.0480172 0.0506925 0.500783
2 0.366994 0.693917 0.111152 0.102897 0.500571
2 0.459122 0.392351 0.0991351 0.158425 0.492789
2 0.751723 0.657953 0.130882 0.113057 0.491691
2 0.353916 0.693396 0.0837034 0.103315 0.489969
2 0.68817 0.926606 0.0513654 0.0542117 0.489284
2 0.580352 0.664991 0.0906167 0.0605152 0.476094
2 0.738986 0.657871 0.105445 0.110004 0.475387
2 0.747638 0.6569 0.123413 0.111057 0.472487
2 0.70329 0.331353 0.0561544 0.0652509 0.472135
2 0.142527 0.731243 0.0586267 0.0535238 0.471679
2 0.328993 0.187077 0.100218 0.106587 0.470298
2 0.807671 0.712217 0.0529689 0.088758 0.45852
2 0.702811 0.331053 0.0573701 0.0631256 0.45813
2 0.141675 0.731959 0.059394 0.0541759 0.455635
2 0.702238 0.332973 0.0643176 0.0708605 0.449652
2 0.388148 0.215996 0.0568796 0.139807 0.449385
2 0.141804 0.731702 0.0606557 0.0556844 0.44808
2 0.456113 0.623716 0.116847 0.0722706 0.447857
2 0.580114 0.664832 0.0900446 0.0603138 0.4476
2 0.142205 0.730345 0.0637924 0.0557903 0.446396
2 0.457317 0.625877 0.117825 0.0731661 0.445111
2 0.688937 0.92665 0.0543799 0.0564495 0.443868
2 0.67682 0.5483 0.205039 0.216069 0.439738
2 0.687999 0.92698 0.0522403 0.0544249 0.439322
2 0.65505 0.546501 0.258702 0.215702 0.438626
2 0.702991 0.330603 0.0575539 0.062854 0.438421
2 0.356775 0.693849 0.0926376 0.100559 0.437456
2 0.863992 0.318805 0.0432023 0.070389 0.433531
2 0.220162 0.549649 0.0944503 0.156062 0.428976
2 0.353736 0.693895 0.0814221 0.102687 0.426377
2 0.510701 0.206167 0.125542 0.0914251 0.417673
2 0.142105 0.730614 0.0619914 0.0562819 0.416142
2 0.388876 0.942716 0.0516657 0.0951731 0.411453
2 0.551172 0.564552 0.100612 0.15234 0.406851
2 0.504302 0.212859 0.137992 0.10405 0.403948
2 0.864177 0.317654 0.0426734 0.072088 0.402668
2 0.318696 0.508213 0.108529 0.127734 0.399943
2 0.457309 0.393266 0.0873649 0.157692 0.398809
2 0.456769 0.627364 0.116837 0.0637663 0.39796
2 0.459694 0.391666 0.0913438 0.15566 0.38563
2 0.216129 0.54974 0.0946525 0.160718 0.38144
2 0.707266 0.580965 0.152795 0.149078 0.377535
2 0.28436 0.27572 0.109314 0.0783958 0.376266
2 0.806404 0.71243 0.056594 0.0917338 0.375494
2 0.375584 0.694794 0.12972 0.106559 0.374759
2 0.508876 0.212381 0.12402 0.103395 0.369368
2 0.458489 0.393185 0.0889166 0.159262 0.368814
2 0.455463 0.624292 0.115195 0.0645135 0.368499
2 0.577544 0.667113 0.0893012 0.0566719 0.367286
2 0.864399 0.316986 0.0451763 0.0736122 0.362411
2 0.806984 0.713039 0.052639 0.0878149 0.360601
2 0.388663 0.940923 0.0567059 0.10089 0.35598
2 0.866219 0.317579 0.0497569 0.0735059 0.353605
2 0.576864 0.667973 0.088791 0.0568508 0.348447
2 0.64819 0.503439 0.101256 0.104141 0.345795
2 0.753798 0.658177 0.140936 0.112944 0.342669
2 0.806865 0.713197 0.055502 0.0899698 0.341196
2 0.369137 0.69478 0.111888 0.104288 0.339576
2 0.50881 0.209312 0.131113 0.0977673 0.339196
2 0.740294 0.65826 0.102678 0.109088 0.335455
2 0.508866 0.212773 0.122527 0.102593 0.332492
2 0.807558 0.713574 0.0543353 0.0865007 0.329244
2 0.751319 0.657009 0.123948 0.112192 0.328463
2 0.58087 0.666182 0.0904394 0.0586202 0.322429
2 0.461552 0.393108 0.0928746 0.159298 0.319201
2 0.703019 0.330317 0.0545559 0.0632353 0.318285
2 0.807197 0.713201 0.0530341 0.0875841 0.31584
2 0.686058 0.54715 0.199458 0.213802 0.314548
2 0.863125 0.317736 0.0451216 0.0724894 0.309613
2 0.685879 0.926245 0.0528727 0.0527107 0.306489
2 0.217751 0.549269 0.0947749 0.161237 0.302585
2 0.702259 0.330949 0.0652988 0.0730522 0.302369
2 0.552341 0.363372 0.083891 0.112777 0.300559
2 0.388911 0.216075 0.0540169 0.130598 0.29666
2 0.140884 0.731774 0.0625796 0.0571718 0.295393
2 0.218765 0.550322 0.101202 0.157415 0.289738
2 0.755248 0.657698 0.132896 0.113331 0.288804
2 0.866695 0.317348 0.0528135 0.0760296 0.2883
2 0.456123 0.625406 0.115901 0.0634818 0.284391
2 0.70969 0.583784 0.144898 0.126013 0.282529
2 0.139799 0.732967 0.0630839 0.0583776 0.275178
2 0.511776 0.215665 0.132126 0.118056 0.275047
2 0.669317 0.547351 0.244025 0.208234 0.273063
2 0.329264 0.186963 0.105538 0.105832 0.272897
2 0.649302 0.504869 0.103837 0.112602 0.272556
2 0.739029 0.657256 0.107023 0.110179 0.272494
2 0.862455 0.318054 0.0459009 0.0712381 0.272087
2 0.745535 0.657473 0.11096 0.109352 0.271817
2 0.863569 0.316736 0.0501051 0.0742396 0.2708
2 0.706574 0.579827 0.151419 0.147092 0.267729
2 0.64892 0.503632 0.100247 0.10512 0.267189
2 0.807293 0.713527 0.0588252 0.0909161 0.265236
2 0.55189 0.364127 0.078801 0.106544 0.264038
2 0.703382 0.331086 0.0668503 0.0750405 0.253053
2 0.319826 0.509207 0.105562 0.123276 0.250498
2 0.457909 0.396609 0.0945013 0.163133 0.249482
2 0.458003 0.394698 0.100501 0.163403 0.248097
2 0.865919 0.318862 0.0506301 0.0729602 0.244284
2 0.218298 0.54779 0.0969188 0.162815 0.241459
2 0.14094 0.731117 0.0637895 0.0586349 0.237162
2 0.258917 0.1743 0.069756 0.0945117 0.236953
2 0.807533 0.71343 0.0584054 0.0905342 0.236752
2 0.597294 0.909925 0.112202 0.0959386 0.236586
2 0.703485 0.547966 0.163876 0.21046 0.236529
2 0.217154 0.554523 0.0962235 0.165935 0.234601
2 0.549861 0.363302 0.0865232 0.114386 0.233712
2 0.649143 0.509848 0.106189 0.124176 0.233468
2 0.462546 0.391103 0.087914 0.160168 0.232523
2 0.328918 0.188175 0.100624 0.108266 0.22829
2 0.754976 0.657616 0.142747 0.111351 0.228111
2 0.286202 0.271903 0.104504 0.0804427 0.21784
2 0.649794 0.548093 0.270053 0.208537 0.216652
2 0.617098 0.90525 0.0716552 0.0793644 0.207541
2 0.652343 0.548239 0.195817 0.210087 0.205033
2 0.704602 0.58415 0.134256 0.118715 0.199822
2 0.708141 0.582828 0.151002 0.145927 0.198535
2 0.388703 0.214553 0.0538288 0.131554 0.195877
2 0.710057 0.573195 0.155291 0.263512 0.189345
2 0.612206 0.90513 0.0805118 0.0803711 0.188374
2 0.143782 0.730932 0.0634016 0.056886 0.187434
2 0.635071 0.504586 0.0772877 0.0997457 0.187024
2 0.679968 0.58659 0.0817289 0.106569 0.18538
2 0.550618 0.364277 0.0824906 0.109751 0.183316
2 0.846484 0.38077 0.0497716 0.0554462 0.181729
2 0.865501 0.316395 0.0502446 0.0762656 0.180964
2 0.650283 0.50399 0.105143 0.112506 0.179164
2 0.387971 0.942528 0.052457 0.0960978 0.178602
2 0.710389 0.582876 0.145301 0.132067 0.177383
2 0.554642 0.365496 0.0797992 0.105918 0.175565
2 0.458085 0.626948 0.121272 0.0757795 0.175248
2 0.551766 0.365177 0.0745329 0.102328 0.174558
2 0.552463 0.57014 0.105914 0.155087 0.173924
2 0.714153 0.576247 0.15678 0.278012 0.169813
2 0.372434 0.694294 0.129539 0.0988996 0.169214
2 0.633234 0.548667 0.250706 0.206005 0.167816
2 0.743663 0.611302 0.153048 0.220635 0.1674
2 0.636074 0.505642 0.0775726 0.0994337 0.16411
2 0.808431 0.713722 0.0567681 0.0914803 0.163551
2 0.681799 0.586879 0.0835642 0.11003 0.163385
2 0.742343 0.657516 0.113419 0.109502 0.162617
2 0.721778 0.597004 0.15813 0.248794 0.16061
2 0.847058 0.380767 0.0537214 0.0572707 0.158488
2 0.574633 0.911387 0.0663918 0.0956792 0.154702
2 0.847349 0.381308 0.0510999 0.0569559 0.153735
2 0.676973 0.589433 0.0789927 0.0996299 0.151062
2 0.362889 0.694537 0.102095 0.100574 0.14765
2 0.846754 0.380449 0.0475082 0.0546953 0.144655
2 0.330214 0.185966 0.10017 0.105835 0.143172
2 0.711435 0.583647 0.144173 0.169884 0.142503
2 0.846886 0.381257 0.0487528 0.056093 0.140485
2 0.220384 0.546794 0.101228 0.165486 0.140369
2 0.847892 0.381817 0.0518138 0.056017 0.139309
2 0.649156 0.509594 0.104934 0.121916 0.13427
2 0.847043 0.381286 0.0482507 0.0546462 0.131724
2 0.221024 0.548428 0.0878603 0.159084 0.130578
2 0.21758 0.552656 0.10028 0.163331 0.127504
2 0.372625 0.694282 0.132246 0.102268 0.126791
2 0.685791 0.926794 0.0528433 0.0524406 0.126471
2 0.550891 0.565615 0.104625 0.152877 0.124247
2 0.513101 0.203476 0.12225 0.0881538 0.124067
2 0.21817 0.549415 0.0929449 0.158227 0.124037
2 0.51119 0.213725 0.134062 0.118649 0.12301
2 0.141659 0.732418 0.0613612 0.0654152 0.118777
2 0.57799 0.665343 0.0884664 0.0572604 0.118567
2 0.685773 0.926826 0.0562167 0.0546261 0.115015
2 0.702245 0.549271 0.166633 0.216551 0.113644
2 0.597916 0.911432 0.116433 0.0969523 0.113465
2 0.848182 0.381208 0.0491277 0.0558664 0.111958
2 0.650307 0.502432 0.104965 0.112516 0.111869
2 0.649638 0.519967 0.110186 0.14476 0.111038
2 0.55442 0.36603 0.0747519 0.0998917 0.110721
2 0.678156 0.588636 0.0785956 0.103921 0.110571
2 0.648133 0.50505 0.0972016 0.102161 0.110126
2 0.612168 0.595777 0.103772 0.110325 0.109915
2 0.846429 0.380806 0.0477769 0.055591 0.108378
2 0.552493 0.366763 0.0699481 0.0934478 0.107709
2 0.696208 0.331429 0.0865894 0.0796665 0.107381
2 0.648011 0.504646 0.10186 0.103144 0.106948
2 0.551264 0.366119 0.0792089 0.106925 0.102281
2 0.617795 0.595235 0.110833 0.106763 0.101768
2 0.373214 0.693402 0.124664 0.0945786 0.101684
2 0.38856 0.218263 0.0586229 0.130217 0.101051
2 0.754931 0.616489 0.141912 0.214535 0.0995468
2 0.685548 0.584534 0.0884577 0.118756 0.0983879
2 0.627953 0.505835 0.0651364 0.0983194 0.0983287
2 0.214224 0.546153 0.106239 0.166821 0.0982004
2 0.542269 0.365852 0.108366 0.119791 0.0950072
2 0.79788 0.712187 0.0874678 0.0975091 0.0900525
2 0.323238 0.1888 0.11786 0.108239 0.088998
