3 0.492564 0.514351 0.485407 0.602954 0.551953
3 0.491669 0.514713 0.48673 0.595466 0.546606
3 0.493631 0.513361 0.48471 0.606717 0.546089
3 0.493067 0.514086 0.487704 0.604809 0.505185
3 0.493209 0.51781 0.485709 0.598222 0.49832
3 0.492184 0.51405 0.485552 0.59558 0.472922
3 0.493181 0.512812 0.488536 0.603824 0.469502
3 0.492674 0.513677 0.487065 0.601852 0.461482
3 0.494347 0.513602 0.48816 0.603169 0.457662
5 0.394114 0.350855 0.0333849 0.0379622 0.422925
3 0.492508 0.513014 0.489065 0.595006 0.415525
5 0.394429 0.351172 0.0343386 0.0380229 0.405093
5 0.394329 0.351104 0.0347623 0.0388258 0.391433
5 0.394313 0.351184 0.0340682 0.0396457 0.387769
5 0.394033 0.351047 0.0361418 0.0404483 0.375572
5 0.394027 0.350961 0.0360846 0.0405337 0.369022
5 0.426319 0.328463 0.0220826 0.0265707 0.32141
5 0.426701 0.328872 0.0230669 0.0263322 0.296188
5 0.506779 0.350662 0.0259484 0.0286898 0.276646
5 0.506852 0.351514 0.0289968 0.0316026 0.226499
3 0.489322 0.52706 0.324188 0.316223 0.211821
3 0.490688 0.527696 0.329303 0.319785 0.185685
5 0.505561 0.351074 0.0313367 0.033968 0.130178
5 0.349694 0.375112 0.0253917 0.027422 0.128792
5 0.507859 0.350273 0.030928 0.0317357 0.121436
5 0.505673 0.351561 0.0326763 0.0358714 0.114697
5 0.392301 0.350776 0.0408083 0.0428606 0.110506
5 0.395639 0.351932 0.0438464 0.0452987 0.11034
3 0.49983 0.523621 0.315587 0.318056 0.107167
5 0.506851 0.350074 0.0302546 0.0351917 0.105158
3 0.499765 0.523444 0.318258 0.318045 0.101482
5 0.507342 0.3513 0.0322863 0.0342569 0.101114
5 0.425856 0.330516 0.0287375 0.030507 0.100944
5 0.3954 0.351254 0.0438874 0.0459144 0.098353
5 0.392416 0.35112 0.0416369 0.0423163 0.0886273
5 0.420709 0.337982 0.0317882 0.0384698 0.0774352
3 0.480675 0.531089 0.344023 0.315887 0.0745467
5 0.350836 0.277839 0.0452098 0.0457179 0.0743909
5 0.35031 0.373656 0.0294987 0.0327194 0.0712505
5 0.349692 0.375232 0.0293128 0.0319863 0.0706468
3 0.478009 0.529269 0.335492 0.302342 0.0681227
5 0.428452 0.329332 0.0295544 0.0313632 0.0641765
5 0.350813 0.27768 0.0478284 0.0471239 0.0606142
5 0.349864 0.375014 0.0301215 0.0344159 0.053892
5 0.428461 0.328536 0.0290522 0.031982 0.049985
5 0.392091 0.350576 0.0417216 0.0441875 0.0448105
3 0.486319 0.525708 0.322367 0.297021 0.0441352
5 0.351003 0.277745 0.0441219 0.0459965 0.0438949
5 0.505664 0.350574 0.0337775 0.0377704 0.0428145
5 0.349518 0.374857 0.0323153 0.0360419 0.0413054
5 0.5154 0.699728 0.0380259 0.0478522 0.0406357
5 0.507609 0.350456 0.0314656 0.0369166 0.0398261
5 0.393683 0.351796 0.0424862 0.0527111 0.0397729
5 0.0187367 0.0644742 0.037034 0.0718842 0.0379454
5 0.514724 0.699072 0.039826 0.049888 0.0379251
5 0.348033 0.375707 0.0325502 0.032098 0.0375651
5 0.515507 0.699374 0.0367464 0.0470693 0.0362843
5 0.350343 0.278416 0.0468699 0.0463374 0.0340787
5 0.514879 0.699487 0.0395707 0.049357 0.0311243
5 0.515321 0.698543 0.0448414 0.0557774 0.0302866
5 0.393835 0.351505 0.046204 0.0540293 0.0291519
5 0.942693 0.458348 0.0400764 0.0576153 0.0284487
5 0.348381 0.375504 0.0340998 0.0375587 0.0280554
3 0.49718 0.522871 0.31293 0.300193 0.0260559
5 0.514799 0.699113 0.0391523 0.0508037 0.023285
5 0.51413 0.698514 0.0412723 0.052861 0.0229101
5 0.515864 0.699364 0.0421563 0.0519281 0.0225667
5 0.515544 0.699049 0.0438991 0.0535016 0.0220262
5 0.940845 0.45735 0.037992 0.0587454 0.0209551
3 0.492265 0.527856 0.326182 0.311798 0.0208049
5 0.349628 0.27796 0.0445098 0.0474688 0.018245
5 0.942682 0.457686 0.0360421 0.0562897 0.0175697
5 0.942833 0.457861 0.035557 0.0540586 0.0175616
5 0.940764 0.457493 0.038737 0.05893 0.0174703
5 0.351107 0.2781 0.0434729 0.0453873 0.0171547
5 0.0186511 0.0634152 0.0367353 0.0721803 0.0170198
3 0.512629 0.519365 0.296944 0.316635 0.0164432
5 0.350197 0.278329 0.0463524 0.0481163 0.0158959
5 0.0185536 0.0645777 0.0370151 0.070634 0.0158038
5 0.514875 0.698285 0.0468272 0.0569247 0.014375
3 0.513756 0.519785 0.287177 0.316844 0.0142581
5 0.356371 0.276554 0.0696231 0.0588192 0.0132163
5 0.354064 0.276532 0.0591176 0.0513054 0.0126613
5 0.516012 0.69773 0.0456635 0.0584854 0.0119681
5 0.350663 0.278357 0.0437152 0.0450085 0.0113613
3 0.501589 0.524323 0.309153 0.307491 0.010078
