5 0.672963 0.462941 0.0376041 0.0420031 0.471357
5 0.672606 0.462971 0.0386013 0.0424315 0.45759
5 0.672661 0.463177 0.0368937 0.0422891 0.416234
5 0.672675 0.462831 0.0388842 0.043766 0.410223
5 0.67263 0.463108 0.0386377 0.0430055 0.394693
5 0.672602 0.462865 0.0372674 0.0437076 0.356994
3 0.544597 0.489089 0.340918 0.391727 0.337254
5 0.576258 0.628703 0.0242149 0.0283478 0.333729
3 0.545123 0.48724 0.345832 0.391348 0.328197
3 0.520966 0.490151 0.292386 0.395234 0.284531
3 0.525666 0.490508 0.302843 0.389848 0.282279
3 0.543534 0.48825 0.342288 0.39472 0.276286
3 0.54142 0.489262 0.335101 0.397126 0.271972
5 0.673231 0.462621 0.0424929 0.0464503 0.26163
5 0.576505 0.629144 0.02553 0.0290754 0.256478
5 0.576771 0.628683 0.0258824 0.0303365 0.249105
5 0.576838 0.62909 0.0268418 0.0303717 0.229296
3 0.517774 0.488171 0.28682 0.395899 0.227605
5 0.673551 0.462239 0.0426867 0.0469656 0.222814
3 0.535209 0.488471 0.322877 0.398223 0.180693
3 0.473555 0.491085 0.199734 0.393145 0.177473
3 0.542565 0.487945 0.33206 0.396754 0.136278
5 0.672945 0.462311 0.0434807 0.0500463 0.124398
5 0.673242 0.462433 0.0427176 0.0486989 0.11194
5 0.67268 0.46197 0.0444642 0.0489339 0.111705
5 0.433225 0.536467 0.0393958 0.0479599 0.104295
5 0.432578 0.537271 0.0382658 0.0458391 0.0875571
5 0.433548 0.53645 0.0401609 0.0477927 0.0858647
4 0.453049 0.48562 0.154462 0.357114 0.0848791
3 0.459679 0.490874 0.172604 0.39498 0.0843315
5 0.434164 0.534967 0.0404979 0.0511379 0.0802604
5 0.649225 0.504447 0.0202673 0.0228609 0.0708407
3 0.459789 0.494005 0.174546 0.395045 0.0698522
5 0.43279 0.537174 0.0395008 0.0454504 0.0679803
4 0.458135 0.480542 0.168871 0.345292 0.064194
5 0.649554 0.503118 0.0231398 0.026412 0.0607731
3 0.471623 0.494276 0.201256 0.387647 0.0600889
5 0.434354 0.534487 0.0413946 0.0514065 0.0588799
5 0.52524 0.627109 0.0297258 0.0348138 0.0549579
5 0.525137 0.627434 0.0292412 0.0332825 0.0502232
4 0.453521 0.488036 0.156493 0.366482 0.0497774
5 0.52522 0.627769 0.0312073 0.0338446 0.0477743
5 0.670887 0.46273 0.0453706 0.0462347 0.0477599
3 0.466224 0.487614 0.186969 0.366112 0.0405711
5 0.431526 0.536978 0.0435423 0.0487726 0.0403864
3 0.55028 0.486094 0.34077 0.395175 0.0393015
3 0.471502 0.491908 0.197368 0.38937 0.0392917
5 0.670315 0.462925 0.0447862 0.0463114 0.0375495
4 0.455825 0.468681 0.161073 0.319576 0.037494
2 0.430994 0.44292 0.0247265 0.0317887 0.0372718
5 0.430817 0.53763 0.0413326 0.0470627 0.0321532
2 0.431373 0.443419 0.0265106 0.0316227 0.0308403
5 0.524606 0.627279 0.0300138 0.0373429 0.0305529
5 0.664265 0.398979 0.0257191 0.0296765 0.0296549
5 0.576141 0.627557 0.0286837 0.0353906 0.0293157
4 0.452533 0.484249 0.151919 0.354744 0.0285136
5 0.543152 0.30106 0.0317594 0.0324162 0.0282078
5 0.543472 0.301469 0.0315942 0.0318335 0.0279551
5 0.648929 0.504341 0.0273784 0.0275951 0.0278933
3 0.500909 0.469995 0.241894 0.334806 0.0277133
5 0.576153 0.627341 0.0288746 0.0346154 0.0269706
5 0.510891 0.321934 0.0208306 0.0264876 0.026645
5 0.52529 0.626689 0.0308258 0.0379736 0.026603
5 0.935861 0.459723 0.0412036 0.0639907 0.0264723
2 0.43149 0.445271 0.0272273 0.0348572 0.026163
2 0.431966 0.539121 0.0405883 0.0469519 0.0254827
5 0.524976 0.627103 0.0301967 0.0359516 0.0250176
3 0.478026 0.487463 0.207928 0.393446 0.0244375
3 0.474685 0.466656 0.185471 0.317926 0.0244084
2 0.43135 0.44461 0.0269958 0.0352187 0.0219991
3 0.455659 0.495665 0.180931 0.396395 0.02017
3 0.457647 0.481918 0.180833 0.390143 0.0200507
5 0.543321 0.304324 0.0262971 0.0269386 0.0193004
5 0.66338 0.399386 0.032092 0.0342175 0.0184093
2 0.458058 0.571708 0.0373883 0.0308675 0.0183428
2 0.458552 0.569295 0.0401312 0.0374356 0.0176801
5 0.542355 0.300368 0.0278338 0.0297996 0.0171744
5 0.663887 0.399348 0.0321148 0.0359093 0.0167916
0 0.498858 0.629581 0.0853661 0.0691263 0.0165421
5 0.57377 0.627868 0.0342419 0.0321871 0.0153128
5 0.664236 0.398494 0.027993 0.0323905 0.0148257
5 0.574518 0.629026 0.0362995 0.0346828 0.0141477
5 0.648544 0.503904 0.0276045 0.0300349 0.0137482
2 0.456668 0.570516 0.0402228 0.0392217 0.0131663
5 0.581116 0.63032 0.0412284 0.0343309 0.0128334
5 0.934664 0.459595 0.0376254 0.0613802 0.012262
5 0.510218 0.322165 0.0229392 0.0305029 0.0118202
2 0.43556 0.540175 0.0493656 0.0512265 0.0117272
2 0.431242 0.434788 0.0277325 0.0461429 0.0115177
2 0.457884 0.570495 0.041643 0.0375368 0.0111867
5 0.672042 0.463944 0.0496945 0.0483725 0.0110045
4 0.456427 0.42159 0.162979 0.234312 0.0103947
5 0.663346 0.398564 0.0322107 0.037253 0.0103298
5 0.500341 0.630302 0.0835836 0.0620029 0.0102309
5 0.935735 0.459501 0.0399473 0.0614699 0.0101115
2 0.434899 0.537808 0.0480903 0.0488776 0.0100986
5 0.65016 0.506029 0.0272922 0.0325849 0.0100663
