3 0.508228 0.486691 0.472031 0.502508 0.831508
3 0.508958 0.487935 0.472264 0.500656 0.830182
3 0.508835 0.487105 0.472408 0.501259 0.824481
3 0.507068 0.487204 0.470637 0.502813 0.813993
3 0.507534 0.487645 0.471216 0.501629 0.80192
3 0.50621 0.488116 0.470094 0.500197 0.788181
3 0.507771 0.487368 0.471833 0.496037 0.776249
3 0.505899 0.487396 0.473602 0.494835 0.763064
3 0.508036 0.488254 0.476961 0.500344 0.742914
3 0.50459 0.486343 0.471833 0.494465 0.742466
5 0.991702 0.37655 0.016596 0.0543052 0.0286418
5 0.992437 0.377191 0.0151267 0.0507332 0.0251206
5 0.991929 0.375872 0.0161428 0.0496186 0.0237256
5 0.988287 0.375294 0.0233883 0.0562936 0.0189736
5 0.988431 0.375886 0.0228087 0.0579178 0.0168262
5 0.650935 0.0244514 0.0744906 0.0484673 0.0158222
5 0.988084 0.374195 0.0236074 0.0618531 0.0150019
5 0.990748 0.377417 0.0185041 0.0622499 0.0109768
5 0.728649 0.654157 0.0211798 0.0285671 0.0107698
