3 0.494386 0.482864 0.521847 0.620993 0.571237
3 0.492713 0.483515 0.519852 0.619925 0.558759
3 0.492984 0.483102 0.520685 0.622311 0.549865
3 0.494363 0.485456 0.52055 0.620489 0.548091
3 0.492851 0.485628 0.519443 0.61979 0.541638
3 0.4935 0.48355 0.523747 0.623742 0.527053
3 0.493433 0.483584 0.518368 0.62061 0.50811
3 0.492088 0.48262 0.522189 0.625091 0.495202
3 0.493633 0.484504 0.522304 0.623517 0.453306
2 0.398607 0.662259 0.0654701 0.0974585 0.36742
3 0.494589 0.484738 0.518549 0.62677 0.321432
2 0.399017 0.662171 0.063474 0.096506 0.313717
2 0.39917 0.663912 0.0632539 0.0970084 0.304281
2 0.398849 0.663821 0.059223 0.0983142 0.298056
2 0.398729 0.663176 0.0625624 0.0995323 0.273446
2 0.39858 0.663727 0.0612969 0.0982882 0.268484
2 0.398738 0.662835 0.0571434 0.0996339 0.23316
2 0.399249 0.662265 0.0678827 0.0993931 0.1983
2 0.398488 0.664014 0.063594 0.0989901 0.192208
2 0.459571 0.286484 0.0467078 0.0411912 0.151285
2 0.459822 0.28674 0.047086 0.0404789 0.149773
2 0.459769 0.286428 0.0465545 0.0392897 0.140702
2 0.459801 0.286395 0.0459121 0.0390953 0.139803
2 0.398976 0.662692 0.0654525 0.0966425 0.137458
2 0.45989 0.2864 0.0499348 0.043754 0.111549
5 0.59771 0.676961 0.0225475 0.0233211 0.108671
2 0.460325 0.286503 0.0510306 0.0449633 0.080577
4 0.331513 0.499742 0.0594187 0.07314 0.0776615
2 0.3316 0.500776 0.0611298 0.076563 0.0649503
5 0.585128 0.661617 0.0279501 0.0235766 0.0640954
2 0.459773 0.285544 0.0490109 0.0437973 0.0625154
5 0.34838 0.669271 0.0541454 0.10042 0.0602124
2 0.280966 0.49566 0.0288421 0.05745 0.0538151
2 0.459985 0.285998 0.0476629 0.0426225 0.0528758
2 0.279692 0.495377 0.0329104 0.0619852 0.0519001
4 0.331688 0.500983 0.0608167 0.0752456 0.0493663
5 0.59371 0.672366 0.0343797 0.0361471 0.042836
4 0.331406 0.500209 0.0603378 0.0754431 0.0406637
4 0.331294 0.500877 0.0599468 0.0752266 0.0403343
4 0.330782 0.499943 0.0593759 0.0755161 0.0392939
2 0.279494 0.49242 0.0352945 0.0709536 0.0378003
2 0.331952 0.500245 0.0601142 0.0743069 0.0377631
2 0.639625 0.593769 0.0645774 0.0891615 0.0342037
5 0.639141 0.593633 0.0614335 0.0856759 0.033583
5 0.351188 0.673207 0.0543559 0.105368 0.0323586
2 0.332524 0.499929 0.0635346 0.0803419 0.0321648
5 0.591189 0.672133 0.0356031 0.0332189 0.0320129
5 0.349186 0.671246 0.0551742 0.104947 0.0317325
2 0.280489 0.496314 0.0299508 0.056175 0.0315984
5 0.639 0.594168 0.0627675 0.085392 0.0297384
5 0.350606 0.671145 0.0533069 0.10186 0.0296735
2 0.435037 0.228125 0.0636635 0.0438224 0.0295049
4 0.331442 0.50048 0.0595318 0.0746325 0.0286451
2 0.459978 0.286762 0.0514265 0.0407695 0.0283124
2 0.46089 0.287137 0.0489578 0.0408973 0.028033
2 0.459722 0.28362 0.0522236 0.0498141 0.0273907
5 0.596232 0.673391 0.0362505 0.0436348 0.0267697
2 0.457083 0.288824 0.0525039 0.0486906 0.0263213
2 0.331207 0.499237 0.0606261 0.0756404 0.0259633
5 0.58434 0.661798 0.033888 0.0292563 0.0252717
2 0.40046 0.665235 0.050728 0.0926611 0.0251434
2 0.457118 0.288772 0.0494192 0.0481368 0.0244003
4 0.332521 0.501549 0.063294 0.077803 0.0243768
2 0.279669 0.496036 0.0321733 0.058788 0.0239116
5 0.597393 0.677458 0.0296303 0.0317084 0.0234796
5 0.58304 0.661579 0.0295627 0.02886 0.0219681
2 0.280747 0.496406 0.0277561 0.0558818 0.0219035
2 0.640914 0.594235 0.0673248 0.0902054 0.0201982
2 0.28077 0.49638 0.0380542 0.062906 0.0196579
5 0.639773 0.593959 0.0644326 0.0870432 0.019622
2 0.27923 0.496672 0.0341073 0.059845 0.018436
5 0.639353 0.593785 0.0635242 0.0883691 0.0171304
2 0.642684 0.595278 0.068374 0.0898662 0.0169405
2 0.400969 0.658393 0.0810447 0.119904 0.0167172
2 0.274738 0.514278 0.0442022 0.137955 0.0151801
5 0.458994 0.288829 0.0597006 0.0537167 0.0145329
3 0.626704 0.483408 0.261972 0.625688 0.0134192
5 0.399023 0.665511 0.0647875 0.0972732 0.0131754
2 0.641767 0.594284 0.0642465 0.0883447 0.0131458
2 0.434215 0.226333 0.0774968 0.0502476 0.0129745
5 0.587922 0.665854 0.0430671 0.0416669 0.0123963
4 0.331139 0.499845 0.0614635 0.0746127 0.0122563
2 0.644096 0.594314 0.0745493 0.0939612 0.0121507
2 0.399374 0.66188 0.0719806 0.100201 0.0119272
2 0.641609 0.59366 0.069861 0.0920555 0.0112618
3 0.611524 0.482271 0.287017 0.615937 0.0112325
2 0.479778 0.501425 0.0577409 0.0493495 0.0111945
2 0.435652 0.22777 0.0690269 0.0440721 0.01108
2 0.402886 0.654976 0.0890379 0.123213 0.0103769
5 0.585109 0.66817 0.037726 0.0434234 0.0103592
5 0.351967 0.676658 0.0579098 0.108412 0.0103314
2 0.435956 0.22879 0.0650069 0.0401723 0.010225
