2 0.526144 0.67565 0.0698515 0.0656701 0.723329
2 0.446138 0.749496 0.0855446 0.0763751 0.649677
2 0.545341 0.2504 0.0788823 0.158428 0.631595
2 0.460286 0.27461 0.0673368 0.0890929 0.631208
2 0.35706 0.679647 0.08283 0.0702978 0.619386
2 0.39964 0.564255 0.0349143 0.0589966 0.589226
2 0.765109 0.472813 0.0671498 0.109206 0.580939
2 0.674897 0.526234 0.0302734 0.0466101 0.569952
2 0.252121 0.72747 0.0330335 0.054048 0.566156
2 0.61544 0.165475 0.0496168 0.127361 0.538554
2 0.58531 0.571146 0.11006 0.0872588 0.465355
2 0.658118 0.625655 0.0912303 0.167373 0.456299
2 0.705105 0.221619 0.046262 0.0531531 0.434904
2 0.725985 0.601675 0.0470416 0.105983 0.432149
2 0.302455 0.771546 0.0553644 0.0943586 0.418879
2 0.341758 0.874512 0.127617 0.0846973 0.393831
2 0.588337 0.4201 0.048964 0.100585 0.379976
2 0.771992 0.570085 0.0445205 0.0816514 0.357756
2 0.442795 0.100854 0.12627 0.0677634 0.324089
2 0.573389 0.851357 0.0770089 0.0476509 0.318293
2 0.267291 0.65591 0.0297013 0.0783669 0.308051
2 0.354597 0.201051 0.0556356 0.0519877 0.306955
2 0.636837 0.850053 0.044791 0.0604446 0.272867
2 0.831608 0.624864 0.0933505 0.174067 0.259779
2 0.633222 0.286375 0.0404189 0.0603986 0.255547
2 0.237837 0.813975 0.0323837 0.103827 0.227348
2 0.550249 0.466082 0.0512755 0.155209 0.198821
2 0.827186 0.25546 0.0582092 0.118824 0.191795
2 0.228183 0.830309 0.056487 0.137054 0.187226
2 0.792528 0.640429 0.0215096 0.0371894 0.176486
2 0.573493 0.429246 0.0852131 0.116194 0.175139
2 0.644262 0.278875 0.0511652 0.0613929 0.158698
2 0.681225 0.440118 0.0339639 0.0455024 0.15758
2 0.461436 0.825355 0.104351 0.107897 0.157011
2 0.542318 0.341496 0.101246 0.0684533 0.156127
2 0.234359 0.606175 0.0525102 0.0589005 0.150331
