3 0.47517 0.498967 0.845625 0.987693 0.703029
5 0.41111 0.559969 0.0209361 0.0328784 0.260619
5 0.722714 0.573696 0.0235624 0.0385259 0.257625
5 0.629791 0.535697 0.0203692 0.0318851 0.103497
5 0.410925 0.56064 0.0325825 0.0448694 0.0830548
5 0.408108 0.529097 0.0226795 0.0275225 0.0785273
3 0.245572 0.597301 0.341617 0.782546 0.0730671
2 0.595797 0.795109 0.0192647 0.0278416 0.0516291
5 0.649333 0.520747 0.0153042 0.0251556 0.0488265
5 0.943849 0.403648 0.0172682 0.0259135 0.029295
5 0.634073 0.605528 0.020933 0.0319043 0.0289829
3 0.628237 0.593846 0.378103 0.427448 0.025321
5 0.665604 0.505191 0.013662 0.0242853 0.0240301
5 0.897746 0.39843 0.0181407 0.0334594 0.0224341
2 0.579913 0.894178 0.0175384 0.027055 0.0215274
2 0.514505 0.715397 0.0164495 0.0245171 0.0203414
5 0.720383 0.573636 0.0406177 0.05418 0.020239
2 0.633677 0.606869 0.0186394 0.0306081 0.0198241
2 0.534067 0.678631 0.0173848 0.0263622 0.013124
5 0.612239 0.362234 0.0171463 0.0272802 0.0115587
5 0.746428 0.242215 0.014997 0.0234372 0.0111424
2 0.758788 0.661865 0.0138297 0.0219023 0.0103097
