5 0.573893 0.686161 0.0795537 0.120838 0.623108
3 0.466947 0.518399 0.933337 0.959953 0.318405
5 0.523929 0.255437 0.0415431 0.0580516 0.253081
5 0.226417 0.632296 0.0322895 0.0464853 0.227997
5 0.423314 0.672724 0.0276903 0.0476444 0.202617
5 0.0903967 0.496622 0.0270701 0.0388694 0.198069
5 0.519756 0.519818 0.0460765 0.0480637 0.164645
5 0.452732 0.690439 0.0343783 0.0419079 0.143174
5 0.409872 0.403557 0.0226883 0.0345607 0.0775357
5 0.199467 0.306704 0.032781 0.0575667 0.0535057
5 0.485625 0.22331 0.0246513 0.0376486 0.0489777
5 0.430826 0.675513 0.0518158 0.0661544 0.0472814
5 0.0877101 0.493651 0.0393834 0.0541301 0.0445914
3 0.238244 0.515583 0.473951 0.941293 0.0427826
0 0.910809 0.520292 0.174374 0.910567 0.0272752
0 0.828118 0.515586 0.338226 0.935742 0.0264147
2 0.457679 0.274753 0.0198811 0.0284884 0.0259135
3 0.717645 0.517708 0.560363 0.943096 0.0190121
5 0.411834 0.401688 0.0379337 0.0504248 0.0176524
3 0.260937 0.555941 0.316893 0.339092 0.0169849
5 0.523301 0.516598 0.0672567 0.082438 0.0151705
5 0.453615 0.690549 0.0479284 0.0760273 0.0151422
5 0.534117 0.246619 0.0660599 0.0870744 0.0140648
5 0.225519 0.636477 0.0496502 0.0715274 0.0129252
3 0.390933 0.613732 0.383806 0.45192 0.0123313
0 0.485438 0.542932 0.91757 0.90209 0.0111659
3 0.484053 0.228009 0.954171 0.37366 0.0104292
