2 0.674059 0.712156 0.0634458 0.0751379 0.739655
2 0.159708 0.2673 0.05551 0.0517876 0.710056
2 0.274433 0.224063 0.0386868 0.0424967 0.682817
2 0.144568 0.48286 0.0512227 0.0804435 0.672155
2 0.614842 0.728239 0.0261847 0.0576155 0.656926
2 0.22964 0.232102 0.0336844 0.0447976 0.652592
2 0.102821 0.648863 0.0253994 0.0520595 0.62721
2 0.0959124 0.585061 0.0317242 0.0540972 0.617902
2 0.265672 0.550134 0.0936521 0.105192 0.599093
2 0.469475 0.75863 0.0247342 0.045105 0.597133
2 0.0694121 0.336613 0.032769 0.0561489 0.590016
2 0.102501 0.392924 0.0303954 0.0623695 0.581242
2 0.106455 0.286008 0.0319642 0.0305637 0.568085
2 0.353411 0.159947 0.0350546 0.0447749 0.547
2 0.133794 0.353975 0.0313869 0.0390262 0.532823
2 0.705983 0.494042 0.0251405 0.0365201 0.508812
2 0.702645 0.594989 0.0262359 0.0638861 0.465926
2 0.64929 0.666018 0.0312503 0.0455172 0.465128
2 0.699614 0.623675 0.0299761 0.116183 0.457421
2 0.804807 0.490466 0.0344491 0.0489589 0.444437
2 0.75794 0.57999 0.0547123 0.0965472 0.438513
2 0.0974717 0.522057 0.0536619 0.0475626 0.435617
2 0.169256 0.374562 0.0458777 0.0552169 0.433228
2 0.0453041 0.37811 0.0258243 0.0498834 0.428959
2 0.22038 0.48714 0.0187153 0.0390347 0.415223
2 0.730774 0.444416 0.0308902 0.0462252 0.414256
2 0.770387 0.489582 0.0289338 0.0427555 0.392406
2 0.531405 0.752348 0.0314002 0.0402935 0.390131
2 0.199336 0.333772 0.103129 0.150436 0.382703
2 0.673558 0.62338 0.0265011 0.0367196 0.374101
4 0.45535 0.48062 0.908679 0.914091 0.373586
2 0.698642 0.6518 0.0252746 0.0583863 0.359991
2 0.617132 0.448441 0.0367956 0.0615068 0.356718
2 0.395797 0.762705 0.0230769 0.0303439 0.336754
2 0.641062 0.529416 0.0231561 0.0761842 0.330336
2 0.726801 0.773516 0.0552225 0.0414337 0.329585
2 0.384398 0.789116 0.0487771 0.0339187 0.312083
2 0.431928 0.746073 0.0201772 0.0283044 0.309795
4 0.614581 0.878955 0.303023 0.147436 0.29324
2 0.63203 0.539517 0.0414808 0.11049 0.288691
2 0.682458 0.554737 0.0338701 0.0419463 0.286858
2 0.729548 0.399635 0.025699 0.0429337 0.282657
2 0.331025 0.733627 0.0590053 0.0950091 0.280817
2 0.74107 0.780596 0.0352335 0.0590986 0.263965
2 0.433362 0.777034 0.0388262 0.037756 0.262177
2 0.703713 0.452348 0.0206632 0.0411297 0.258633
2 0.806109 0.580811 0.037766 0.0805334 0.254996
2 0.64717 0.750064 0.0312855 0.034775 0.24753
4 0.398222 0.293073 0.283036 0.238498 0.234016
2 0.617894 0.541705 0.0366044 0.115415 0.222646
2 0.257956 0.732125 0.0328722 0.0786425 0.210455
2 0.561294 0.647103 0.0298072 0.0352328 0.201068
2 0.798559 0.646978 0.0361774 0.0480616 0.200654
2 0.292504 0.476881 0.0373945 0.036456 0.193929
2 0.333782 0.642402 0.0205427 0.0454166 0.181793
2 0.80063 0.565733 0.0361296 0.0578133 0.177081
4 0.27302 0.34791 0.237874 0.261453 0.17032
2 0.570517 0.727855 0.0393733 0.0530994 0.168381
2 0.656584 0.454221 0.0303359 0.0395549 0.165157
2 0.490774 0.827797 0.0184536 0.0268656 0.162837
2 0.587401 0.704875 0.0199731 0.0311692 0.160767
2 0.07569 0.390597 0.0204646 0.0518895 0.158356
2 0.76072 0.607746 0.0519957 0.043298 0.154768
2 0.239902 0.444332 0.0250365 0.0632532 0.148353
2 0.304131 0.434594 0.0332495 0.044855 0.147663
2 0.612429 0.543414 0.0766443 0.122728 0.147474
2 0.799248 0.553723 0.0299461 0.0344938 0.146636
4 0.516757 0.884683 0.327263 0.145272 0.144719
2 0.223938 0.729997 0.0381993 0.0952428 0.143767
2 0.24385 0.723153 0.0668155 0.102593 0.142275
4 0.491699 0.566611 0.347123 0.427538 0.141149
2 0.709948 0.577224 0.0298058 0.0543747 0.137765
2 0.176235 0.653589 0.026921 0.0427912 0.137533
2 0.168665 0.333994 0.0414936 0.0409524 0.132889
2 0.770915 0.429085 0.0256022 0.0610283 0.131327
2 0.838197 0.597388 0.0489161 0.0895723 0.125311
2 0.234077 0.82752 0.0464248 0.0525173 0.124434
2 0.204778 0.704183 0.0386324 0.0458746 0.124072
4 0.327224 0.856452 0.244856 0.121686 0.120421
2 0.824723 0.589313 0.0823378 0.107833 0.117047
2 0.23002 0.275909 0.0212968 0.0350644 0.116876
2 0.534394 0.710357 0.0321896 0.0420355 0.112374
2 0.207906 0.309812 0.0395557 0.0868553 0.108769
2 0.201749 0.467062 0.0137098 0.0237234 0.107786
2 0.0672006 0.591277 0.0182127 0.0320276 0.107389
4 0.354788 0.430073 0.334894 0.3733 0.105918
4 0.236335 0.637059 0.231142 0.280811 0.105916
2 0.509863 0.723258 0.0636152 0.086808 0.100924
2 0.580376 0.715052 0.0356385 0.0492761 0.100823
4 0.899551 0.510335 0.195883 0.402333 0.100276
2 0.0572784 0.44017 0.0450601 0.0643016 0.0993055
2 0.610106 0.568284 0.0170255 0.0617242 0.0981879
2 0.413661 0.781159 0.0771141 0.0488308 0.0977096
2 0.22481 0.756222 0.0241708 0.0423493 0.0965264
2 0.179008 0.556482 0.0956812 0.0855476 0.0964639
2 0.340812 0.743187 0.0364872 0.0767749 0.0956939
4 0.370805 0.541362 0.34003 0.349896 0.0931535
2 0.364849 0.644828 0.0465223 0.0481276 0.0923332
2 0.837 0.561619 0.0463983 0.0599843 0.0920114
2 0.231316 0.440718 0.051883 0.0718165 0.0901023
2 0.305221 0.654343 0.0467064 0.0472808 0.0883979
2 0.227122 0.70171 0.0583912 0.0713182 0.0866841
2 0.454037 0.693444 0.0213735 0.0490474 0.0840596
2 0.519064 0.428631 0.0615449 0.0997188 0.0835341
2 0.194959 0.539011 0.0290708 0.0522641 0.082682
2 0.526733 0.658402 0.0306973 0.0586647 0.0805302
2 0.07244 0.487713 0.0990077 0.178198 0.0788351
2 0.196869 0.661872 0.0217219 0.0377237 0.0765833
2 0.808037 0.428682 0.0245653 0.0548167 0.0765424
2 0.3384 0.722444 0.0471602 0.060322 0.0763446
2 0.201782 0.551268 0.0413317 0.0724435 0.0745834
2 0.290377 0.54726 0.0532818 0.0704282 0.0722141
2 0.225793 0.418261 0.0679333 0.119977 0.0721445
2 0.77992 0.698111 0.035849 0.0430922 0.0698317
2 0.39574 0.143536 0.025225 0.0329147 0.0693588
4 0.0634403 0.473831 0.0981428 0.25377 0.0683054
2 0.0521251 0.521757 0.0538494 0.0967723 0.0670282
2 0.0618307 0.545475 0.0255688 0.0467875 0.066808
2 0.0840355 0.510675 0.0745376 0.068495 0.0661671
2 0.695663 0.445077 0.0245952 0.041702 0.0640194
2 0.69626 0.577891 0.0461058 0.083306 0.0630632
2 0.272426 0.340656 0.0209855 0.0254306 0.062078
2 0.321749 0.542326 0.0177082 0.0356099 0.0619576
2 0.30987 0.721924 0.0635638 0.0848516 0.0599752
2 0.521437 0.699684 0.0556364 0.0574209 0.0582106
4 0.445266 0.363653 0.345031 0.318165 0.0579134
4 0.791077 0.803048 0.310544 0.200392 0.0578548
4 0.325085 0.297373 0.128178 0.219476 0.0570999
2 0.519561 0.665737 0.0252059 0.0562674 0.056832
2 0.833157 0.540429 0.0369719 0.0615045 0.05647
2 0.432671 0.594571 0.0205208 0.0355867 0.056324
4 0.698533 0.845525 0.369611 0.202677 0.0548652
2 0.781287 0.739845 0.0417035 0.0389669 0.0546485
2 0.35102 0.549202 0.0214449 0.0348983 0.0540348
2 0.251755 0.301312 0.0266675 0.0324795 0.0528983
4 0.64568 0.322036 0.317387 0.356674 0.0524734
4 0.830529 0.724289 0.19316 0.214317 0.0513579
2 0.734467 0.8298 0.0184657 0.0252378 0.0511352
2 0.33344 0.464157 0.0454668 0.105886 0.0508825
2 0.3202 0.488281 0.0566857 0.0694377 0.0504986
2 0.0377685 0.485543 0.0235314 0.0425257 0.0500552
2 0.176954 0.598437 0.112251 0.179424 0.049262
2 0.615723 0.615493 0.0162896 0.0244711 0.0490511
2 0.314662 0.464582 0.0777417 0.115483 0.0479118
2 0.847397 0.334121 0.0204024 0.0338846 0.046525
2 0.583113 0.563158 0.030034 0.075817 0.0461621
2 0.56269 0.715249 0.0257935 0.0452602 0.0456621
4 0.840584 0.416719 0.292432 0.386083 0.0452641
2 0.303101 0.532898 0.0234463 0.0326459 0.0451155
2 0.555242 0.503474 0.0180672 0.0398174 0.0451116
2 0.410789 0.609479 0.0215952 0.0383842 0.0448706
2 0.348221 0.34417 0.0190151 0.0360069 0.0444718
2 0.169548 0.353265 0.0456504 0.0688721 0.0438359
2 0.278513 0.121244 0.0174415 0.0268672 0.0435846
2 0.631254 0.879805 0.160539 0.140133 0.0432686
2 0.367828 0.369366 0.0210553 0.0346678 0.042742
2 0.763366 0.408443 0.0311178 0.0591933 0.0424779
2 0.275293 0.396398 0.0337929 0.073698 0.0415247
2 0.417988 0.700687 0.0226331 0.0264432 0.0410318
2 0.638158 0.447388 0.0609275 0.059314 0.04095
2 0.305181 0.551666 0.0252317 0.0739498 0.0408792
2 0.39077 0.58059 0.057902 0.0514354 0.0406489
2 0.554397 0.548656 0.0236436 0.0495411 0.0403173
2 0.318245 0.646732 0.0461822 0.0515759 0.0398715
2 0.544188 0.540695 0.0220666 0.0399693 0.0396159
2 0.693484 0.558182 0.04325 0.0465209 0.038416
2 0.586417 0.540293 0.0341842 0.0672458 0.0381578
2 0.809386 0.444174 0.0286698 0.0434174 0.0379405
2 0.321967 0.237725 0.0204529 0.0302457 0.0379246
2 0.310774 0.634651 0.0333364 0.031348 0.0376045
2 0.323624 0.586891 0.0208217 0.04748 0.0368801
2 0.362097 0.197187 0.0426615 0.0427503 0.0359896
2 0.383252 0.558388 0.0779103 0.0891374 0.0359524
2 0.371469 0.730174 0.019756 0.0252345 0.0354116
2 0.234809 0.374113 0.0608696 0.0738394 0.0353159
2 0.271835 0.451328 0.0265868 0.0461218 0.0351734
2 0.306128 0.316397 0.0815784 0.134925 0.034541
2 0.760805 0.44396 0.0226327 0.0456661 0.0338724
4 0.0677372 0.577979 0.111672 0.393996 0.0337412
2 0.0481893 0.485948 0.045126 0.0498316 0.0330422
2 0.483957 0.660766 0.0291791 0.0569391 0.0327863
2 0.261245 0.630344 0.0384628 0.0450779 0.0319643
2 0.229138 0.283235 0.0294708 0.0535108 0.0318489
2 0.808414 0.665689 0.0325966 0.0834155 0.0313722
4 0.341068 0.595605 0.272272 0.196549 0.0308329
2 0.405436 0.588815 0.0334665 0.0549009 0.0306611
2 0.367788 0.105231 0.0274314 0.0380157 0.0302447
2 0.0564834 0.389167 0.0290148 0.0554963 0.0301194
2 0.342343 0.445213 0.0361224 0.0626219 0.0294358
2 0.186864 0.656638 0.0461671 0.048171 0.0286386
2 0.373252 0.334029 0.0207228 0.0320129 0.0285391
4 0.43058 0.867278 0.237187 0.127197 0.0283714
2 0.647885 0.393198 0.017496 0.0387111 0.0280929
2 0.57983 0.518393 0.0248222 0.0430184 0.0280555
2 0.376295 0.541996 0.0545084 0.0820126 0.0277507
2 0.496466 0.731379 0.0349995 0.0620816 0.0276503
2 0.494193 0.67623 0.025591 0.0401989 0.0270913
2 0.680039 0.408591 0.0258233 0.0417064 0.0270709
2 0.689833 0.41063 0.0225533 0.0379417 0.0270252
4 0.434433 0.594023 0.291637 0.235461 0.0269986
2 0.355592 0.106641 0.0402651 0.0390373 0.0269389
2 0.682654 0.443868 0.0270014 0.0392072 0.0269323
2 0.503885 0.614131 0.0290193 0.0420943 0.0269056
2 0.800928 0.445273 0.0461628 0.1021 0.0263137
2 0.32584 0.564677 0.0262688 0.0870212 0.0260026
2 0.0610774 0.533837 0.0355042 0.0664556 0.0256884
2 0.303707 0.682129 0.0567984 0.0870759 0.0256035
2 0.340362 0.558047 0.025443 0.0664857 0.0255666
4 0.285577 0.0949094 0.221599 0.10396 0.0254926
2 0.32707 0.498155 0.0254164 0.0487611 0.0254796
2 0.254603 0.310322 0.0337084 0.051895 0.0254522
4 0.873677 0.601061 0.246105 0.28964 0.025396
2 0.43661 0.49931 0.129563 0.176991 0.0250606
2 0.151391 0.544405 0.0378935 0.0863247 0.0248883
4 0.196242 0.605261 0.148795 0.196048 0.024617
2 0.400127 0.627839 0.0364002 0.0535642 0.024284
2 0.494658 0.74547 0.0277288 0.036716 0.0241863
2 0.675492 0.384427 0.0484294 0.0797442 0.0240367
2 0.432013 0.630768 0.0223794 0.0297165 0.02389
4 0.486471 0.515134 0.296911 0.243563 0.0234621
2 0.582412 0.587692 0.0274463 0.051787 0.0233782
2 0.254467 0.392637 0.0855746 0.12845 0.0232699
2 0.493403 0.605459 0.052876 0.0618404 0.0230215
2 0.293883 0.427504 0.046557 0.0544042 0.0228837
4 0.229065 0.566975 0.201597 0.143554 0.0225999
2 0.791085 0.692331 0.0495971 0.0616449 0.0224532
2 0.678487 0.610995 0.0384244 0.0639228 0.0216967
2 0.324152 0.405126 0.0204849 0.0283442 0.021462
2 0.457489 0.439672 0.0318423 0.0363568 0.0214517
2 0.45998 0.634637 0.0290897 0.0535265 0.0213645
2 0.294585 0.344439 0.017973 0.0295972 0.0213573
2 0.233159 0.316052 0.069918 0.10093 0.0206642
2 0.52445 0.300504 0.0205945 0.0317257 0.020621
2 0.387788 0.634082 0.0178406 0.0463692 0.0205474
2 0.360928 0.314512 0.0174479 0.0458182 0.0202357
2 0.400031 0.153431 0.0272069 0.045089 0.0191456
2 0.82269 0.663166 0.0327979 0.0761438 0.0190583
2 0.35659 0.542986 0.0289472 0.0558934 0.0189768
2 0.372514 0.531631 0.0213216 0.0622336 0.0188983
2 0.351983 0.639817 0.0505629 0.0593883 0.0187871
2 0.804114 0.417952 0.0238246 0.0446354 0.0187329
2 0.796293 0.672274 0.0662734 0.0965186 0.0186927
2 0.335726 0.498334 0.0267256 0.0597337 0.0186155
2 0.403932 0.195181 0.02118 0.0400215 0.0182579
2 0.842466 0.620782 0.0294478 0.0477405 0.0180158
2 0.776102 0.414578 0.0243617 0.045602 0.0179414
2 0.521818 0.646292 0.0247164 0.0383616 0.0178092
2 0.342123 0.483785 0.0386934 0.0843802 0.0176897
2 0.574555 0.605217 0.0202138 0.0426577 0.0176675
2 0.107941 0.517924 0.0764363 0.0749611 0.0176289
2 0.296935 0.396661 0.0199174 0.0280309 0.0174163
2 0.290222 0.284379 0.0465973 0.0663314 0.0173751
2 0.337936 0.515811 0.0239104 0.0355234 0.0172207
2 0.48834 0.866597 0.0340875 0.0443458 0.0170648
2 0.332577 0.844058 0.0304204 0.0502496 0.017015
2 0.366184 0.322026 0.0214056 0.0529816 0.0168701
2 0.314998 0.296046 0.10677 0.223575 0.0168082
2 0.301704 0.861952 0.0233639 0.0327866 0.0167686
2 0.576748 0.558453 0.0246508 0.0547586 0.0165119
2 0.37065 0.354963 0.0237842 0.0527034 0.0163756
2 0.232308 0.69004 0.103191 0.189015 0.0163093
2 0.0720513 0.362068 0.0317693 0.105193 0.0162003
2 0.849896 0.602143 0.0326787 0.0610497 0.0161561
2 0.437899 0.664541 0.0400999 0.0715353 0.0161442
2 0.220202 0.288709 0.0387612 0.0579841 0.0161186
2 0.387814 0.528159 0.0229792 0.0513632 0.0161168
2 0.643405 0.414245 0.0246646 0.0351615 0.0160206
2 0.371328 0.606983 0.0285619 0.0388928 0.0159838
2 0.509397 0.551308 0.0317899 0.0532441 0.0159282
2 0.846427 0.44523 0.0417374 0.0633119 0.0156834
2 0.250659 0.631269 0.058663 0.0702972 0.0151292
2 0.211772 0.618638 0.150341 0.151691 0.0151175
2 0.404448 0.608602 0.0318739 0.0562237 0.0149052
2 0.276689 0.320915 0.0309264 0.0578095 0.0148198
2 0.630357 0.514671 0.0301861 0.0592475 0.0146907
2 0.313484 0.426609 0.0309994 0.0619283 0.014515
2 0.593395 0.583619 0.0273662 0.0542117 0.0142967
2 0.814829 0.631519 0.025102 0.0437761 0.0141425
2 0.295961 0.37306 0.0237884 0.0730203 0.0134844
2 0.598598 0.573739 0.0264063 0.0565009 0.0134379
4 0.294306 0.561155 0.167919 0.131577 0.013346
4 0.306976 0.407714 0.249675 0.1795 0.0133422
2 0.377467 0.639087 0.0310961 0.0563157 0.013119
2 0.273963 0.37025 0.0370273 0.0563562 0.0130879
2 0.487608 0.505439 0.0198155 0.0326204 0.0129103
2 0.359946 0.171326 0.0480121 0.0645517 0.0126103
2 0.541921 0.497405 0.035715 0.0391024 0.0123935
2 0.537656 0.583085 0.0344919 0.0517388 0.0123133
4 0.845955 0.578438 0.180312 0.164117 0.0122644
4 0.815552 0.246456 0.319027 0.387303 0.012057
2 0.671592 0.536568 0.042682 0.0823381 0.011999
2 0.899893 0.523941 0.0198528 0.0520443 0.0119754
2 0.783866 0.77265 0.0418795 0.0457298 0.0118782
2 0.396654 0.131286 0.0285571 0.0498749 0.0116202
2 0.994326 0.736209 0.0112481 0.0231094 0.0113368
2 0.433971 0.609625 0.0264419 0.0637122 0.0112616
2 0.45087 0.679015 0.0282315 0.0739147 0.0112591
2 0.316482 0.358894 0.0596581 0.0896699 0.0112539
2 0.618152 0.574235 0.0270143 0.0687709 0.0111304
2 0.378516 0.865859 0.112574 0.0564458 0.0110727
