2 0.384408 0.941185 0.0505129 0.0982582 0.970042
2 0.214427 0.551934 0.100266 0.169635 0.876022
2 0.452026 0.393198 0.10299 0.165451 0.858061
2 0.384607 0.218512 0.0580864 0.133912 0.84208
2 0.355501 0.693767 0.0846832 0.0917261 0.772294
2 0.685705 0.923966 0.0381859 0.0432121 0.765018
2 0.319498 0.509802 0.105361 0.131677 0.728828
2 0.285898 0.269499 0.110795 0.0768815 0.685379
2 0.807299 0.713834 0.0595522 0.0980769 0.669644
2 0.445238 0.623004 0.0926297 0.0647326 0.624525
2 0.222489 0.546132 0.0770803 0.135533 0.597376
2 0.701718 0.331901 0.0568053 0.061685 0.584408
2 0.263371 0.177316 0.0692517 0.0814656 0.565778
2 0.597959 0.915254 0.122875 0.106299 0.55729
2 0.507759 0.215792 0.136298 0.117043 0.540593
2 0.734655 0.659005 0.106014 0.107797 0.507614
2 0.371655 0.702503 0.128157 0.102177 0.477763
2 0.686354 0.923811 0.0443985 0.0541338 0.46143
2 0.861555 0.31725 0.0331481 0.0762975 0.447131
2 0.142452 0.730886 0.0549496 0.0477156 0.442564
2 0.263059 0.268787 0.0611685 0.0765547 0.440086
2 0.739233 0.669734 0.0927463 0.0828337 0.427204
2 0.247261 0.177142 0.040571 0.0803782 0.409958
2 0.553469 0.194669 0.0322242 0.0453454 0.392841
2 0.554978 0.570755 0.119919 0.16666 0.377386
2 0.613011 0.905264 0.0870416 0.079896 0.371048
2 0.812345 0.720657 0.0471934 0.0784559 0.345337
2 0.683779 0.487845 0.0436387 0.0897042 0.309352
2 0.494145 0.217074 0.103702 0.102362 0.307759
2 0.844787 0.378838 0.0448032 0.0567843 0.304879
2 0.308835 0.516235 0.0815011 0.102783 0.304808
2 0.679834 0.591807 0.0860237 0.0994047 0.304662
2 0.575719 0.663806 0.0880037 0.0582976 0.288643
2 0.38059 0.226977 0.0693344 0.179225 0.280993
2 0.401676 0.693365 0.0685418 0.0786472 0.277111
2 0.3837 0.945278 0.0646762 0.109444 0.273118
2 0.62618 0.509915 0.0586857 0.102161 0.264226
