2 0.630812 0.398101 0.0484215 0.107396 0.784408
2 0.479294 0.610656 0.0332493 0.0710415 0.617613
2 0.827433 0.147562 0.0464347 0.0757857 0.571301
2 0.530643 0.475759 0.0627335 0.0954807 0.538116
2 0.601847 0.5876 0.0399983 0.0983756 0.519805
2 0.718243 0.635345 0.0616548 0.0568278 0.50469
2 0.47364 0.555928 0.0747612 0.0574335 0.483766
2 0.613712 0.500141 0.0510752 0.0611139 0.443215
2 0.472548 0.590977 0.0765386 0.133113 0.314599
2 0.682721 0.317016 0.226549 0.245273 0.282096
2 0.332438 0.571193 0.0497409 0.0419652 0.264248
2 0.288575 0.647622 0.035828 0.0748054 0.261003
2 0.615073 0.70033 0.0368231 0.0530642 0.241393
2 0.755708 0.476587 0.1074 0.173318 0.153677
2 0.597547 0.701503 0.0718844 0.0623 0.142086
2 0.578343 0.703386 0.038244 0.0593669 0.10415
2 0.544023 0.119614 0.0433896 0.0826242 0.0971424
2 0.253196 0.392903 0.242285 0.215179 0.0954295
2 0.358417 0.384982 0.301005 0.196379 0.0927381
2 0.501319 0.508663 0.135295 0.198683 0.0897636
2 0.72549 0.349312 0.148912 0.202975 0.0869426
2 0.61005 0.458332 0.0418169 0.0447728 0.0813604
2 0.523985 0.582135 0.054345 0.048577 0.0730223
2 0.436853 0.14372 0.0474635 0.0565721 0.0723554
2 0.336148 0.566143 0.061141 0.068987 0.0695567
2 0.494544 0.555622 0.121875 0.070639 0.0649209
2 0.541404 0.642947 0.189494 0.218384 0.0619034
2 0.658922 0.27597 0.201439 0.130342 0.0618994
2 0.774927 0.140649 0.120171 0.128492 0.0608994
2 0.668959 0.156624 0.0359879 0.0796887 0.0572399
2 0.742614 0.146999 0.222788 0.169583 0.0553549
2 0.737703 0.419888 0.199659 0.307351 0.0507641
2 0.7534 0.142875 0.0678442 0.102586 0.0459465
2 0.452797 0.559034 0.0406343 0.0648403 0.0435109
2 0.721036 0.390952 0.139385 0.107631 0.0430943
2 0.724696 0.145114 0.123088 0.145304 0.0400667
2 0.514427 0.51119 0.0365045 0.0467361 0.0393171
2 0.485206 0.466718 0.0241962 0.0318571 0.0389495
2 0.316834 0.55965 0.0587137 0.0651796 0.0379322
2 0.569254 0.687562 0.133866 0.13425 0.0340463
2 0.507657 0.565922 0.154432 0.184988 0.0336888
2 0.425198 0.182548 0.259196 0.205469 0.0327959
2 0.751231 0.505059 0.0531195 0.0843678 0.0324268
2 0.259576 0.350047 0.386543 0.279438 0.0319186
2 0.53089 0.569398 0.0686634 0.0800771 0.0306719
2 0.583126 0.644274 0.050438 0.0455753 0.0300003
2 0.97415 0.200862 0.0504568 0.101443 0.0298248
2 0.783108 0.597008 0.036135 0.0446398 0.0284639
2 0.299513 0.553402 0.0294129 0.0584947 0.0277856
2 0.366821 0.137558 0.0271828 0.0297397 0.0261812
2 0.380479 0.131765 0.0579312 0.0525693 0.0255118
2 0.518999 0.135453 0.088387 0.12575 0.023379
2 0.308827 0.413898 0.143081 0.151846 0.0231184
2 0.616974 0.495521 0.0667484 0.0939593 0.0229983
2 0.70407 0.195841 0.283557 0.297969 0.0219482
2 0.324875 0.519649 0.253669 0.16543 0.0217473
2 0.488162 0.454276 0.0297 0.056105 0.0210149
2 0.361944 0.509103 0.134661 0.135597 0.0206443
2 0.588884 0.677126 0.0757537 0.115234 0.0202662
2 0.416792 0.136774 0.0645405 0.0687114 0.0202508
2 0.614551 0.453127 0.0870651 0.226027 0.0195927
2 0.686458 0.397604 0.0610076 0.0790003 0.0191165
2 0.493363 0.442199 0.0262658 0.0341268 0.0182408
2 0.398539 0.135598 0.0345036 0.0624639 0.0168081
2 0.333778 0.601135 0.201414 0.233373 0.0167172
2 0.34292 0.218989 0.428633 0.191842 0.0153885
2 0.529319 0.684051 0.0719135 0.0651598 0.0152548
2 0.553845 0.564727 0.0360975 0.0767258 0.0149537
2 0.315266 0.48703 0.371342 0.187414 0.0147291
2 0.467019 0.462441 0.21963 0.176219 0.0145401
2 0.543127 0.558637 0.245563 0.366346 0.0134306
3 0.965847 0.450298 0.0682206 0.900595 0.0132791
2 0.321324 0.578831 0.0898862 0.0691121 0.013264
2 0.711164 0.322651 0.146894 0.109783 0.0125775
2 0.762984 0.244226 0.2034 0.254018 0.0122868
2 0.431591 0.507338 0.291359 0.273288 0.0122838
4 0.459821 0.451163 0.876776 0.802723 0.0117107
2 0.525073 0.52046 0.0489715 0.0376836 0.0116505
2 0.566832 0.643489 0.0460567 0.0458264 0.0115464
2 0.665761 0.15132 0.0550962 0.106396 0.0112091
2 0.786129 0.660914 0.0498512 0.0478162 0.0111053
2 0.656724 0.333276 0.1746 0.116718 0.0109936
2 0.355168 0.309855 0.472694 0.197852 0.0109838
