5 0.283792 0.867048 0.0464437 0.047269 0.412869
5 0.525302 0.554104 0.0453307 0.0904156 0.375215
0 0.422056 0.474502 0.68825 0.949005 0.303212
5 0.544183 0.438477 0.0186616 0.0265358 0.0756724
5 0.515542 0.428633 0.0253647 0.040445 0.0710632
5 0.570947 0.429715 0.0268362 0.0421286 0.0481648
5 0.289105 0.866739 0.0626708 0.0711734 0.0407851
5 0.964912 0.192775 0.0205372 0.0293825 0.0269233
5 0.563206 0.435783 0.0434452 0.0619544 0.0261983
5 0.544825 0.439898 0.0242411 0.0420637 0.0259577
0 0.813703 0.496311 0.37076 0.992621 0.0225943
5 0.786792 0.892122 0.0246644 0.0327105 0.0178263
5 0.154787 0.867931 0.0343652 0.0491676 0.0136306
5 0.790248 0.891675 0.0371712 0.0443811 0.0107756
5 0.523969 0.579035 0.0661392 0.0885906 0.0103749
0 0.907851 0.493306 0.184298 0.986611 0.0100456
