2 0.229718 0.60309 0.0729046 0.0905457 0.499797
3 0.571566 0.474073 0.571 0.919804 0.410186
2 0.230216 0.937698 0.0465843 0.0546479 0.310298
2 0.156202 0.712418 0.0521137 0.0608826 0.304271
2 0.129551 0.895258 0.0326154 0.0464544 0.297634
2 0.382993 0.959022 0.0645818 0.0686308 0.24634
2 0.869507 0.904249 0.0319023 0.0460655 0.236456
2 0.863441 0.752637 0.060583 0.0614652 0.235901
2 0.238486 0.252565 0.0434498 0.0619277 0.232238
2 0.122236 0.529515 0.0301019 0.0457778 0.214967
2 0.56685 0.835602 0.138897 0.110258 0.207545
2 0.664564 0.971602 0.0469232 0.0541015 0.196971
2 0.828943 0.87592 0.0326494 0.0427244 0.184295
2 0.173612 0.898951 0.0506069 0.0559673 0.171337
2 0.129966 0.599378 0.0476517 0.0590016 0.166937
2 0.318643 0.94737 0.066839 0.0543994 0.163917
2 0.839906 0.960891 0.0511142 0.0617947 0.161096
2 0.244655 0.963339 0.0280206 0.0281059 0.156324
2 0.595924 0.970689 0.0325003 0.0449842 0.15606
2 0.269389 0.941384 0.0296176 0.0400824 0.150174
2 0.250689 0.60264 0.117947 0.11777 0.146862
2 0.186545 0.641115 0.0446226 0.0494288 0.136329
2 0.840211 0.867586 0.0294996 0.0484365 0.104462
2 0.61035 0.968725 0.0602249 0.0513255 0.1003
2 0.567599 0.854188 0.251285 0.136851 0.100159
2 0.532785 0.920112 0.0322483 0.0396881 0.0858104
2 0.446593 0.892411 0.0425895 0.0557659 0.0847772
2 0.874837 0.278675 0.034919 0.066357 0.071738
2 0.279474 0.600751 0.0556091 0.114233 0.0651928
2 0.309066 0.24102 0.0417852 0.0684506 0.0646918
2 0.251702 0.961061 0.0183515 0.0288193 0.0605663
0 0.183231 0.722487 0.366463 0.552098 0.059662
2 0.817837 0.759929 0.023288 0.0358643 0.0578778
2 0.27287 0.930991 0.0451839 0.0678824 0.0575592
2 0.919099 0.682149 0.0421606 0.0429431 0.0559648
2 0.457697 0.894042 0.0730487 0.0660588 0.0496559
2 0.148797 0.943382 0.0200327 0.0257284 0.0456308
2 0.738093 0.871298 0.136066 0.113543 0.0423208
2 0.231335 0.532054 0.0187751 0.0306327 0.0413086
2 0.845306 0.94152 0.0718631 0.106652 0.0401308
2 0.727008 0.63645 0.182645 0.18796 0.0370567
2 0.329349 0.93377 0.0980971 0.089536 0.0366749
2 0.513917 0.951746 0.186154 0.0873475 0.0364294
2 0.32468 0.872728 0.11853 0.105948 0.0354311
2 0.527004 0.84221 0.0782645 0.0934516 0.0313433
2 0.00775434 0.519942 0.0155087 0.0845459 0.0301932
2 0.196524 0.9253 0.0782983 0.0649967 0.0301216
2 0.0156041 0.278874 0.0312083 0.0950521 0.0287628
2 0.434216 0.926145 0.21165 0.146214 0.0285964
2 0.331687 0.86 0.0965812 0.057601 0.0275303
2 0.00741505 0.86055 0.0148301 0.0822698 0.0272571
2 0.319099 0.979558 0.0703228 0.0350104 0.0270271
2 0.829755 0.720692 0.0215994 0.0317673 0.0270186
2 0.844761 0.884583 0.0446131 0.0571281 0.026612
2 0.321348 0.816663 0.0197213 0.0322164 0.0263424
2 0.00734374 0.830588 0.0146875 0.0910404 0.0259709
2 0.00810719 0.666032 0.0162144 0.0731361 0.0239963
2 0.199895 0.484326 0.0371337 0.0412511 0.0235666
2 0.153839 0.728034 0.0672769 0.11718 0.0233315
2 0.117099 0.530028 0.0505296 0.0570957 0.0226391
2 0.00730075 0.753432 0.0146015 0.0774951 0.0225546
2 0.221825 0.936303 0.0783439 0.0782501 0.0216181
2 0.175321 0.907142 0.0691482 0.0825583 0.020733
2 0.705061 0.951478 0.14782 0.0970444 0.0197043
2 0.809086 0.817435 0.0294149 0.0366143 0.0192812
2 0.310443 0.878095 0.161087 0.169127 0.0179794
3 0.522252 0.34625 0.344162 0.567071 0.0178149
2 0.489721 0.908961 0.0435771 0.0489138 0.0174521
2 0.177605 0.933727 0.0678157 0.0782795 0.0166756
2 0.672958 0.478791 0.0293015 0.0513541 0.0146298
2 0.531165 0.772746 0.0242774 0.0339313 0.0140473
2 0.727998 0.667804 0.154778 0.109439 0.013805
2 0.295934 0.821889 0.0288854 0.0383265 0.0136708
2 0.273527 0.240566 0.027831 0.0413016 0.013299
2 0.130506 0.903023 0.0438253 0.0754442 0.0130313
2 0.675796 0.965888 0.0790642 0.0658818 0.0128939
2 0.197261 0.956625 0.0529513 0.0506811 0.01281
2 0.641254 0.962017 0.0902593 0.0708703 0.0121912
0 0.182175 0.523156 0.36435 0.532791 0.0121629
2 0.208309 0.566586 0.192833 0.218125 0.0120451
2 0.26739 0.865199 0.0252866 0.0339059 0.0118049
2 0.200849 0.348929 0.0164196 0.0213066 0.0116415
2 0.248978 0.505286 0.0298885 0.0472497 0.0115712
2 0.25201 0.512208 0.057057 0.0612204 0.0114351
2 0.408513 0.956019 0.110372 0.0797663 0.0113867
2 0.0086298 0.72887 0.0172596 0.141612 0.0107556
2 0.151791 0.787018 0.0249113 0.0292383 0.0107516
2 0.849212 0.758109 0.0429794 0.0511524 0.0105971
2 0.0357083 0.674364 0.0369163 0.0532819 0.0105029
2 0.0213718 0.663795 0.0423715 0.154555 0.0103062
2 0.193748 0.519244 0.0509392 0.0506944 0.0100924
