0 0.52856 0.459836 0.942879 0.919671 0.776106
5 0.963335 0.9672 0.0725947 0.0655993 0.278293
5 0.241568 0.405834 0.0224624 0.0329736 0.100238
5 0.0762336 0.158554 0.0712924 0.317108 0.066022
5 0.244216 0.405578 0.0371536 0.0534805 0.0604623
5 0.90147 0.885803 0.192709 0.228394 0.0241668
5 0.471695 0.0730862 0.0287215 0.0488653 0.0183339
5 0.459943 0.0804145 0.0682214 0.0795555 0.0160177
0 0.201227 0.491164 0.294055 0.982329 0.0146614
5 0.506654 0.877556 0.0201262 0.0290771 0.014412
0 0.799904 0.888568 0.400192 0.222864 0.0143483
2 0.0659114 0.166377 0.0590827 0.332754 0.0103342
