0 0.365437 0.453254 0.721864 0.88933 0.39627
5 0.450042 0.596727 0.0437013 0.0653565 0.390704
5 0.488019 0.183562 0.027494 0.0435407 0.282467
5 0.369665 0.728723 0.0292345 0.0439252 0.262226
5 0.663156 0.587541 0.0270406 0.0358244 0.208213
1 0.364715 0.448001 0.723988 0.896003 0.194473
5 0.410836 0.880074 0.0213737 0.0311501 0.146503
5 0.372205 0.887947 0.0340016 0.0382894 0.103197
5 0.370035 0.726042 0.0427417 0.0637079 0.096844
5 0.51153 0.743558 0.0315835 0.0434139 0.064291
5 0.485289 0.183507 0.0459758 0.0546086 0.0612964
5 0.454455 0.597648 0.0700891 0.0858203 0.0460801
5 0.410042 0.877657 0.0318239 0.0504199 0.0432218
5 0.662109 0.583967 0.0444434 0.0592557 0.0304302
3 0.782501 0.5 0.433781 1 0.0298484
5 0.278272 0.154174 0.0261305 0.0406163 0.0276375
5 0.396341 0.875493 0.0527146 0.0528848 0.021871
0 0.1187 0.226643 0.2374 0.281973 0.0189988
5 0.374691 0.879544 0.0475933 0.0584711 0.0174337
3 0.49144 0.339037 0.376509 0.562722 0.0141048
0 0.123522 0.511716 0.24584 0.672061 0.0137889
