3 0.487332 0.505609 0.967507 0.927523 0.792954
2 0.163953 0.553587 0.0623302 0.0694496 0.0473222
3 0.232591 0.472469 0.326084 0.508179 0.0319307
5 0.0990207 0.298873 0.0161312 0.0223781 0.0256518
5 0.0383166 0.382939 0.0166189 0.0242796 0.0203423
5 0.0409821 0.389748 0.0164061 0.0241312 0.0187696
2 0.0946148 0.556255 0.0205573 0.0343519 0.0182869
2 0.0801472 0.444795 0.016275 0.023518 0.0180693
2 0.156283 0.654704 0.0160663 0.0239063 0.0177681
2 0.058575 0.578936 0.0197017 0.0289341 0.0151165
2 0.860781 0.513237 0.0159375 0.024295 0.0139613
3 0.492246 0.707227 0.282084 0.341431 0.0127927
2 0.633627 0.31299 0.0178284 0.0267015 0.01277
0 0.163903 0.551273 0.0587771 0.0683692 0.0127451
5 0.0325531 0.37374 0.013626 0.0219372 0.0119431
2 0.0880103 0.502689 0.0163653 0.0239202 0.0105347
