3 0.461523 0.455248 0.696773 0.828105 0.422737
5 0.326168 0.375581 0.0592077 0.053914 0.34138
5 0.640857 0.504895 0.0561059 0.0615873 0.335419
5 0.38696 0.130822 0.0606323 0.0705908 0.281849
5 0.481335 0.668931 0.0541354 0.0512383 0.205174
5 0.439889 0.546529 0.0373848 0.0448934 0.17945
5 0.521823 0.287771 0.0344148 0.0412225 0.175116
5 0.707783 0.55568 0.0577254 0.0523124 0.141917
5 0.385655 0.249879 0.0437284 0.0511599 0.122157
5 0.322293 0.3788 0.0361455 0.0357187 0.107309
5 0.436235 0.281067 0.0302465 0.0342353 0.105439
5 0.516276 0.754957 0.0913541 0.0654451 0.103372
2 0.512998 0.755823 0.0962911 0.0657706 0.0959657
5 0.581655 0.817514 0.030842 0.0443947 0.0772743
5 0.524216 0.289114 0.0542377 0.055128 0.0692163
5 0.570298 0.544371 0.0562971 0.0527566 0.0647002
5 0.506952 0.545999 0.0398479 0.0443629 0.060312
0 0.512832 0.76475 0.105693 0.0955128 0.0523484
5 0.482982 0.7787 0.0398676 0.037629 0.0490099
3 0.483523 0.233125 0.451715 0.364209 0.0409605
2 0.510612 0.830077 0.0524788 0.0430505 0.0408191
5 0.51105 0.831182 0.0523911 0.0415629 0.0391132
3 0.492501 0.350532 0.396082 0.314843 0.0381954
5 0.440396 0.548711 0.0555701 0.0605682 0.0378862
5 0.705637 0.558574 0.0393072 0.0372503 0.0377928
5 0.635846 0.505673 0.0329279 0.0482339 0.0369934
3 0.779082 0.12846 0.320673 0.253632 0.034435
2 0.582309 0.817052 0.0271468 0.0423151 0.0341869
2 0.803431 0.546492 0.0425601 0.0486003 0.0327394
5 0.50555 0.548005 0.0256736 0.0308205 0.0318935
2 0.482348 0.778229 0.0348711 0.0340849 0.0297684
2 0.56905 0.544263 0.0479927 0.048932 0.0279928
2 0.38587 0.131572 0.0477428 0.0670716 0.0275919
0 0.562116 0.78956 0.282429 0.194997 0.0182264
5 0.483702 0.665435 0.0774844 0.0749914 0.017777
5 0.437196 0.280869 0.0476837 0.0506383 0.0176029
5 0.377548 0.257348 0.0691276 0.0718699 0.0175845
3 0.618557 0.320079 0.232986 0.279097 0.0142991
5 0.202225 0.636273 0.0277348 0.0328381 0.0133184
5 0.710699 0.558401 0.0805817 0.0751807 0.0132238
4 0.516414 0.753233 0.0806953 0.0640333 0.0123591
5 0.505765 0.833198 0.0337479 0.0261981 0.0114757
5 0.380141 0.247274 0.0293083 0.0372934 0.0102319
2 0.641111 0.789745 0.0593191 0.0448496 0.0100914
