3 0.379521 0.628258 0.544137 0.550974 0.535701
3 0.340932 0.6206 0.398946 0.2713 0.281568
5 0.491413 0.65344 0.0793033 0.0675601 0.249662
2 0.49022 0.655393 0.0722339 0.0644439 0.0478819
3 0.388097 0.428816 0.513773 0.142549 0.046448
2 0.552382 0.557956 0.0260048 0.0330097 0.0389259
2 0.257407 0.689467 0.0972853 0.103856 0.0314145
5 0.55113 0.557634 0.0245658 0.0297486 0.0265685
3 0.585421 0.628363 0.130621 0.38729 0.0208477
2 0.376825 0.694512 0.0323619 0.0409375 0.0158451
4 0.262358 0.679846 0.0836431 0.075926 0.013642
2 0.555458 0.558787 0.0408851 0.0432115 0.011765
3 0.372439 0.624679 0.215558 0.246735 0.0104059
