3 0.502315 0.337804 0.634755 0.669313 0.496665
5 0.533885 0.248942 0.0389244 0.0384741 0.172683
3 0.535596 0.194797 0.475461 0.369387 0.0910744
3 0.522823 0.322849 0.376716 0.343738 0.089787
2 0.0769662 0.95917 0.0962802 0.0752341 0.0604753
5 0.557232 0.0439444 0.0432015 0.0476528 0.033432
5 0.0806846 0.960232 0.0887306 0.0719821 0.0288936
2 0.677666 0.943342 0.030179 0.0316499 0.0268012
3 0.35515 0.344981 0.290874 0.55716 0.0177806
5 0.532582 0.25228 0.0596468 0.0593876 0.0153271
3 0.691891 0.348056 0.235484 0.464574 0.0133231
3 0.167869 0.133073 0.335738 0.263866 0.011666
2 0.67824 0.941917 0.0441488 0.0438465 0.0104742
5 0.573844 0.298067 0.017078 0.0192022 0.010226
