0 0.442771 0.456259 0.62561 0.842702 0.684866
3 0.504218 0.578752 0.216472 0.29173 0.339109
5 0.673688 0.306735 0.0443199 0.0544408 0.232196
2 0.43102 0.0890909 0.027919 0.0338153 0.196182
5 0.0353479 0.56332 0.0616138 0.181612 0.175604
2 0.189749 0.442244 0.0389695 0.0501663 0.159056
5 0.468367 0.0973436 0.0381677 0.0482758 0.149609
2 0.188232 0.377802 0.0352776 0.0469865 0.131269
2 0.51168 0.077695 0.0298604 0.0361022 0.129657
2 0.220683 0.594805 0.0285804 0.040397 0.115918
2 0.202306 0.525852 0.0337805 0.0462864 0.115275
5 0.676084 0.464799 0.0246845 0.0315732 0.108427
5 0.298759 0.696016 0.0294784 0.0376659 0.0990339
5 0.689311 0.382684 0.0247999 0.0307999 0.0970228
5 0.201862 0.525471 0.0315369 0.0419326 0.0928462
5 0.369362 0.124481 0.034105 0.0394736 0.086655
5 0.862976 0.60112 0.0274865 0.0318432 0.0838147
5 0.600676 0.138086 0.0213538 0.0280761 0.0763877
5 0.272026 0.234997 0.0412564 0.0515734 0.0754138
2 0.21065 0.305828 0.0302341 0.038526 0.0725106
5 0.272384 0.576597 0.0328459 0.0433544 0.0721658
5 0.634676 0.795375 0.0539523 0.0559986 0.061847
2 0.243306 0.640999 0.0224336 0.0272143 0.0588057
5 0.19009 0.44152 0.0347201 0.0449647 0.0587641
2 0.272536 0.576506 0.0364613 0.0490242 0.0582218
5 0.648799 0.182278 0.0206883 0.026477 0.0543902
5 0.572581 0.109143 0.0208341 0.0256819 0.0534607
5 0.299729 0.696004 0.0451525 0.0519632 0.0534413
5 0.6767 0.464222 0.0376774 0.0431039 0.0509953
2 0.0351237 0.562468 0.0603497 0.176775 0.0496586
5 0.240733 0.411842 0.0268854 0.0382241 0.0473051
2 0.203913 0.56166 0.0210163 0.024578 0.0454653
5 0.3142 0.175683 0.0317696 0.0396192 0.0418807
2 0.335599 0.134468 0.0249601 0.026843 0.0395391
0 0.443805 0.515968 0.320232 0.41812 0.0392629
5 0.345704 0.169226 0.0250004 0.0323225 0.0341935
5 0.719786 0.926556 0.0660739 0.0616373 0.0333347
2 0.863406 0.601308 0.026265 0.033949 0.032887
5 0.829849 0.426207 0.0197097 0.0241242 0.0307522
5 0.862442 0.602456 0.0407931 0.0458777 0.0305549
5 0.861006 0.520208 0.024492 0.0297959 0.0300679
5 0.188223 0.376928 0.0301346 0.0407881 0.0288176
5 0.454955 0.399648 0.0210035 0.0288849 0.0271669
0 0.0853774 0.139275 0.167626 0.278551 0.0265459
0 0.784376 0.496258 0.322722 0.95553 0.0260308
2 0.34506 0.16943 0.0233259 0.0305832 0.0242659
5 0.601325 0.136996 0.0359118 0.0398205 0.0238518
0 0.856319 0.533773 0.116989 0.703332 0.0238211
5 0.529749 0.607092 0.0375899 0.0439216 0.0237399
5 0.649414 0.181649 0.0344307 0.039763 0.0220043
5 0.691513 0.382854 0.0432349 0.0487469 0.0205351
5 0.571894 0.990994 0.0401788 0.0180118 0.0182854
5 0.57264 0.108917 0.0306333 0.034924 0.0160559
5 0.563341 0.3641 0.0245006 0.032133 0.015952
0 0.0347037 0.499153 0.0694075 0.431195 0.0156582
3 0.480199 0.271302 0.424316 0.359023 0.0155973
2 0.208452 0.812126 0.0191147 0.0247769 0.0148393
2 0.54702 0.0841523 0.0162374 0.0195075 0.0148382
5 0.526545 0.607112 0.0242705 0.0312595 0.0126672
2 0.363 0.573189 0.0212722 0.0273939 0.0119808
0 0.210289 0.472996 0.420579 0.945991 0.0119305
2 0.469441 0.0983536 0.0549355 0.0603696 0.011881
2 0.563536 0.363421 0.0246753 0.031918 0.0117296
0 0.52781 0.591963 0.187651 0.260824 0.0108344
5 0.528405 0.386008 0.0219813 0.0288098 0.0108093
3 0.474171 0.538414 0.145445 0.199141 0.0107273
5 0.633628 0.796225 0.0338098 0.041937 0.0105222
5 0.228425 0.833409 0.0198509 0.0236114 0.0104488
3 0.463101 0.236747 0.249479 0.218864 0.010442
2 0.192058 0.444558 0.0612355 0.0671546 0.0101785
