0 0.414946 0.479197 0.405788 0.330845 0.847207
2 0.0418639 0.956206 0.0797056 0.0875876 0.255808
5 0.405469 0.470064 0.0423714 0.0952948 0.219256
5 0.459894 0.462644 0.0636703 0.192678 0.176973
1 0.381659 0.759284 0.0797907 0.0903284 0.154759
2 0.549754 0.0948169 0.048957 0.0473387 0.110254
5 0.38695 0.760038 0.0874948 0.10303 0.106422
5 0.688672 0.260926 0.0332407 0.0378706 0.073879
2 0.485289 0.105968 0.0379798 0.0385682 0.0607194
5 0.735713 0.30265 0.0422434 0.0461027 0.0534987
5 0.575988 0.642911 0.0484618 0.0486161 0.0509418
0 0.296103 0.475878 0.18338 0.314375 0.0315946
0 0.269899 0.470322 0.0958522 0.236493 0.0279689
5 0.273392 0.508431 0.0203197 0.0247544 0.0262739
5 0.548718 0.093696 0.0598859 0.0554563 0.0245046
1 0.377452 0.738471 0.0623971 0.049308 0.0230069
5 0.410183 0.485509 0.0496566 0.159393 0.0224435
1 0.378594 0.760197 0.134075 0.112258 0.0212619
0 0.551181 0.46551 0.104549 0.167913 0.019176
5 0.270467 0.507939 0.0331438 0.0311741 0.0190444
5 0.687653 0.258873 0.051973 0.0529789 0.018176
3 0.549615 0.500019 0.0957955 0.0802078 0.0178677
2 0.271936 0.509614 0.0254549 0.0252003 0.0173623
5 0.0441981 0.955126 0.083993 0.0889383 0.0171338
5 0.682234 0.223407 0.0365456 0.0342273 0.0153883
5 0.484814 0.106263 0.0447936 0.0426756 0.0133737
0 0.556681 0.501553 0.0964924 0.088371 0.0129658
5 0.679117 0.934154 0.0342508 0.0362537 0.0121787
5 0.320962 0.571322 0.013216 0.0151349 0.0108347
0 0.529012 0.460511 0.228269 0.30254 0.0103549
