1 0.461169 0.496785 0.904748 0.890825 0.733762
5 0.456394 0.368949 0.0480011 0.0540032 0.40814
5 0.659047 0.347475 0.0459309 0.0538872 0.367817
5 0.419873 0.73771 0.0355533 0.0434382 0.302145
5 0.45542 0.368217 0.0323029 0.03783 0.18787
5 0.635569 0.73916 0.0351725 0.039038 0.175328
5 0.591012 0.301589 0.0363779 0.0437659 0.139989
5 0.208283 0.491424 0.0403435 0.0469479 0.139443
5 0.778124 0.797623 0.0350633 0.0398293 0.134567
5 0.71714 0.546162 0.0405339 0.0465603 0.121878
5 0.618373 0.765875 0.035489 0.0372343 0.118655
5 0.21416 0.188107 0.0387685 0.0461271 0.113988
5 0.375455 0.391537 0.0424233 0.0451806 0.097167
5 0.457028 0.732731 0.0279007 0.0313664 0.0879581
5 0.534484 0.411513 0.0335121 0.037299 0.0865061
5 0.628921 0.743881 0.0596773 0.056265 0.0754627
5 0.659916 0.348035 0.0715053 0.072333 0.0750041
2 0.518631 0.983563 0.0540846 0.0328733 0.0702056
5 0.420658 0.739077 0.052969 0.0591023 0.069245
5 0.20667 0.491643 0.0284137 0.0327583 0.0677626
5 0.242862 0.856214 0.037056 0.040229 0.0619302
5 0.519214 0.582606 0.0321837 0.0348802 0.057101
5 0.534964 0.412742 0.0506224 0.0536441 0.0541678
5 0.402345 0.316294 0.0399513 0.042935 0.0537071
5 0.123663 0.47922 0.0384004 0.0417677 0.0526565
5 0.588763 0.828165 0.0301539 0.033009 0.0520909
5 0.480342 0.652326 0.0324231 0.0362189 0.0502369
5 0.547908 0.190958 0.0414354 0.0481522 0.0426871
5 0.753655 0.878664 0.0259315 0.028181 0.0376174
5 0.0804156 0.651149 0.0325733 0.0359975 0.03752
5 0.519747 0.58399 0.0492698 0.0509246 0.035789
5 0.211414 0.493137 0.0681518 0.0666791 0.0333412
5 0.377538 0.393472 0.0661973 0.0624099 0.0316664
5 0.479246 0.796278 0.0292464 0.0308674 0.0276238
5 0.456901 0.735907 0.0419433 0.048736 0.0276154
5 0.0567193 0.399989 0.0852318 0.0615678 0.0260451
2 0.557105 0.985078 0.0681363 0.0290013 0.0256681
5 0.781078 0.797842 0.0555213 0.0568667 0.0254737
5 0.723981 0.543593 0.0723787 0.0699868 0.0250167
5 0.480593 0.649971 0.0486702 0.0499803 0.0239718
5 0.213914 0.187656 0.0597478 0.0635364 0.0221478
5 0.589901 0.305996 0.0548557 0.0641475 0.020855
5 0.604033 0.188951 0.0346546 0.036206 0.0205392
5 0.620333 0.766811 0.059909 0.0557785 0.0197354
5 0.58862 0.829606 0.0452742 0.0469774 0.0184212
5 0.54598 0.193537 0.0258735 0.0324651 0.0171777
5 0.125062 0.479267 0.0612514 0.0615312 0.0167512
5 0.61264 0.573367 0.0347768 0.0365936 0.0158655
5 0.636835 0.530513 0.0354873 0.0370631 0.0155526
5 0.460334 0.37421 0.0784101 0.082313 0.0147996
2 0.540207 0.981202 0.125361 0.0375965 0.0135263
2 0.0541971 0.399082 0.0782024 0.061959 0.0133763
5 0.754714 0.879973 0.0384184 0.0420665 0.0119085
5 0.553811 0.191767 0.0691599 0.066328 0.0117775
5 0.782861 0.322686 0.0333561 0.0364891 0.0110612
1 0.831443 0.50776 0.321345 0.867854 0.0108481
