2 0.373112 0.398756 0.0504057 0.063079 0.893657
2 0.477319 0.604762 0.044082 0.0618464 0.827557
2 0.600234 0.44277 0.0528662 0.0554414 0.827384
2 0.536214 0.640426 0.0598646 0.05493 0.771759
2 0.600679 0.549662 0.0587913 0.0572931 0.770338
2 0.459819 0.542297 0.0491273 0.0557897 0.751343
2 0.512388 0.230558 0.0607221 0.0617975 0.750411
2 0.549008 0.523592 0.0568742 0.0525107 0.737438
2 0.373584 0.511987 0.0572285 0.051668 0.735799
2 0.520031 0.295922 0.0392187 0.0413116 0.725598
2 0.494523 0.461211 0.032335 0.0479398 0.713086
2 0.619323 0.272535 0.0552567 0.0609028 0.71031
2 0.460421 0.447046 0.0402529 0.0556481 0.695628
2 0.368102 0.6089 0.0422869 0.0495868 0.648826
2 0.546598 0.480152 0.0409562 0.0475249 0.64637
2 0.505582 0.501821 0.0386051 0.0413031 0.599358
2 0.65008 0.442465 0.0382329 0.0572821 0.59177
2 0.447743 0.296094 0.0491092 0.0574263 0.584479
2 0.524738 0.430221 0.0324386 0.0383199 0.560343
2 0.623381 0.338321 0.0326193 0.0388447 0.510426
2 0.421025 0.441756 0.0476096 0.0445024 0.505564
2 0.542215 0.350249 0.0441247 0.0439606 0.495706
2 0.370597 0.557782 0.0361587 0.0430379 0.47879
2 0.40456 0.362785 0.044975 0.0508251 0.472028
2 0.378222 0.681765 0.0546634 0.0568151 0.432069
2 0.356277 0.449594 0.0350477 0.0400144 0.427864
2 0.570275 0.704661 0.0382715 0.0492806 0.417557
2 0.489708 0.377591 0.0364348 0.0401189 0.411424
2 0.408478 0.715021 0.0408865 0.0469792 0.409592
2 0.309002 0.476606 0.0523603 0.071012 0.406132
2 0.657299 0.64703 0.042088 0.051127 0.368319
2 0.724476 0.519432 0.035771 0.0399289 0.325844
2 0.472428 0.73593 0.0749394 0.0628528 0.318768
2 0.698333 0.436151 0.0517032 0.0489849 0.308175
2 0.503751 0.341047 0.0417875 0.0507421 0.274244
2 0.539292 0.385312 0.0416659 0.0397139 0.264113
2 0.670764 0.404357 0.0393593 0.0419429 0.221824
2 0.533037 0.72519 0.036244 0.0433481 0.206072
2 0.430061 0.341912 0.0351072 0.038992 0.160726
2 0.691516 0.593908 0.0782557 0.0720932 0.154417
4 0.508235 0.482564 0.49055 0.583667 0.129136
2 0.556418 0.749806 0.0444434 0.0396478 0.125442
2 0.35976 0.645885 0.0280917 0.0339102 0.110124
2 0.690535 0.419133 0.0669989 0.0812724 0.0922082
2 0.669604 0.590127 0.0253487 0.0332605 0.0866024
2 0.539226 0.362101 0.0579788 0.0689165 0.0548834
2 0.615861 0.718003 0.0478365 0.0560303 0.0527636
2 0.548075 0.752188 0.0234311 0.0265748 0.051902
2 0.675509 0.592692 0.0449683 0.0501099 0.0437482
2 0.578859 0.72559 0.128499 0.108075 0.0423404
2 0.45214 0.328049 0.0402493 0.0402348 0.039325
2 0.4232 0.347655 0.0563248 0.0533374 0.0371544
2 0.512652 0.331377 0.0279884 0.0313877 0.0321792
2 0.524825 0.359519 0.0236138 0.0274794 0.0313973
2 0.621532 0.341001 0.0494564 0.0539501 0.0287437
2 0.41816 0.359105 0.0853663 0.0719055 0.0269159
2 0.450009 0.3039 0.0672291 0.0888492 0.0251416
2 0.562232 0.714349 0.065083 0.0700027 0.0236807
2 0.439919 0.336608 0.0589161 0.0461924 0.0234386
2 0.359506 0.644322 0.0442107 0.0433462 0.0231189
2 0.52789 0.351986 0.0370861 0.0432088 0.0230729
2 0.483738 0.748067 0.115856 0.0952526 0.0227241
3 0.921138 0.181585 0.157725 0.359222 0.0198072
2 0.522291 0.299144 0.0585588 0.0567405 0.0181212
2 0.663739 0.651153 0.0715941 0.066865 0.0174186
2 0.513404 0.750948 0.221875 0.110942 0.0158087
2 0.692102 0.606362 0.0567085 0.0573344 0.0142284
2 0.370684 0.610587 0.0656315 0.0674417 0.0141582
2 0.503966 0.230786 0.0363812 0.0481858 0.0135826
2 0.979141 0.419949 0.041516 0.267284 0.0131162
2 0.550884 0.48234 0.0628301 0.0631696 0.0123367
2 0.542152 0.735573 0.0531044 0.062923 0.012114
2 0.452266 0.451884 0.0665918 0.068716 0.0119687
2 0.359405 0.451783 0.0565186 0.057462 0.011761
2 0.604502 0.447037 0.0754176 0.0780856 0.0114807
2 0.70527 0.587274 0.0456298 0.0596729 0.0111707
2 0.414683 0.446989 0.0699718 0.0612432 0.0110577
