5 0.671964 0.462469 0.0393356 0.046985 0.440408
5 0.575522 0.629106 0.0275949 0.0325337 0.285428
3 0.543732 0.470561 0.331722 0.380946 0.260043
5 0.934803 0.460968 0.0534214 0.0646019 0.229173
5 0.525048 0.627947 0.0389926 0.041051 0.149515
5 0.576581 0.630051 0.0410273 0.0449924 0.110627
0 0.54349 0.479344 0.345815 0.412118 0.098762
4 0.479823 0.464784 0.204501 0.35211 0.0739582
5 0.435518 0.535692 0.0449586 0.0493272 0.0652882
5 0.674204 0.461991 0.0607448 0.0628018 0.0487788
5 0.491373 0.459417 0.0220398 0.0230372 0.0345123
5 0.498812 0.402664 0.0223031 0.0252312 0.0298818
5 0.522438 0.405622 0.018867 0.0253232 0.0263978
5 0.545496 0.517019 0.0174331 0.0177062 0.0248995
3 0.41128 0.130474 0.555402 0.260947 0.0242386
2 0.43563 0.534933 0.0372237 0.0444595 0.0221304
5 0.648242 0.502217 0.0222039 0.0276798 0.0214221
0 0.486107 0.440347 0.13271 0.126094 0.0212633
0 0.473258 0.434155 0.18662 0.304598 0.0202212
5 0.932912 0.459982 0.034824 0.0483539 0.0193101
5 0.663127 0.399357 0.0308137 0.0340036 0.0192749
5 0.527053 0.630702 0.0624115 0.0632808 0.0185683
3 0.544992 0.33504 0.338994 0.114565 0.0169734
5 0.500697 0.658882 0.0205894 0.0225902 0.0163643
5 0.516529 0.533483 0.0221188 0.0263208 0.015902
3 0.655928 0.477763 0.130861 0.380001 0.0158877
5 0.50657 0.40384 0.0452933 0.0330524 0.0151148
5 0.541931 0.302325 0.0269982 0.0347939 0.0146633
2 0.432726 0.44102 0.0177086 0.0213064 0.0117712
5 0.491324 0.455374 0.0422016 0.0415812 0.0113999
0 0.530428 0.329492 0.276642 0.102426 0.0108109
3 0.918341 0.314656 0.163318 0.465932 0.0101644
