3 0.510382 0.531682 0.335582 0.434746 0.588601
5 0.940804 0.460832 0.0519321 0.059054 0.28706
5 0.537516 0.410178 0.0554398 0.0533496 0.0821616
3 0.850581 0.406355 0.297077 0.81271 0.0725237
2 0.321975 0.560398 0.0303129 0.0311391 0.0297522
5 0.938465 0.460764 0.0329758 0.0441956 0.0289397
3 0.8641 0.454304 0.271799 0.444038 0.0264414
3 0.383996 0.152505 0.566053 0.30501 0.0216038
5 0.945383 0.465928 0.0806258 0.0844447 0.0159962
3 0.927525 0.551481 0.144951 0.346529 0.0136217
3 0.501646 0.501768 0.284417 0.169758 0.0128454
0 0.93234 0.520054 0.115172 0.235985 0.0109602
3 0.238004 0.407634 0.463366 0.815268 0.0105372
