5 0.397305 0.457441 0.0493547 0.056174 0.507977
3 0.543407 0.489302 0.35755 0.425966 0.287394
5 0.628326 0.386596 0.0287727 0.0338489 0.215226
5 0.52466 0.573337 0.0312336 0.0347314 0.179282
5 0.696582 0.526459 0.0383778 0.0449085 0.161121
5 0.573147 0.335849 0.0685673 0.0551877 0.121296
5 0.457549 0.354733 0.0337718 0.0352054 0.11148
5 0.462836 0.350957 0.0569474 0.0513182 0.109464
5 0.681874 0.465118 0.0309872 0.0323122 0.103214
5 0.936971 0.461308 0.0456744 0.057357 0.0834287
3 0.546359 0.343007 0.369132 0.119532 0.0673134
5 0.394942 0.531328 0.0237221 0.0259847 0.0468431
5 0.681527 0.465718 0.0448942 0.048317 0.0314013
5 0.525068 0.576731 0.0469685 0.0476895 0.0313966
3 0.54337 0.480584 0.213864 0.238833 0.0291074
3 0.137113 0.838852 0.274226 0.321658 0.0260076
5 0.419508 0.628535 0.0395183 0.0502628 0.0249364
5 0.485415 0.332372 0.0269241 0.0305541 0.0226481
5 0.402643 0.458208 0.0758953 0.0785944 0.0195652
3 0.50124 0.0488278 0.567452 0.0976555 0.0189474
5 0.626602 0.385008 0.0431645 0.046726 0.018807
3 0.417018 0.12489 0.571522 0.249226 0.0187997
5 0.466971 0.347057 0.0773898 0.0779632 0.0164777
0 0.402008 0.506517 0.0795438 0.230882 0.0160638
0 0.524836 0.348151 0.281649 0.138399 0.0153859
0 0.667452 0.500202 0.103725 0.267706 0.0153554
3 0.825114 0.144001 0.34613 0.288003 0.0153207
5 0.699478 0.527316 0.0654014 0.0586829 0.0140072
5 0.939913 0.463084 0.0691564 0.0759054 0.0132495
2 0.52854 0.247902 0.109852 0.063283 0.0129652
5 0.566873 0.334842 0.0408794 0.0389879 0.0119634
3 0.812228 0.816419 0.375544 0.354652 0.0115706
