1 0.598365 0.493026 0.716427 0.50388 0.330616
1 0.35485 0.496807 0.21621 0.48437 0.170523
0 0.387725 0.6466 0.253907 0.174722 0.0739335
5 0.765418 0.478235 0.0298765 0.0363241 0.071354
0 0.365854 0.308424 0.16901 0.112797 0.0578691
0 0.367982 0.660972 0.17613 0.124732 0.0359588
5 0.506427 0.430349 0.029186 0.0318525 0.0327556
5 0.727041 0.204339 0.0394482 0.0359777 0.0272821
0 0.33261 0.340052 0.136539 0.142651 0.0203267
5 0.459763 0.250945 0.0434392 0.0404048 0.0181976
5 0.320682 0.62783 0.0274902 0.0252023 0.017845
0 0.759957 0.527091 0.156346 0.171317 0.0168116
0 0.376308 0.333075 0.23246 0.169806 0.0147053
0 0.416535 0.683369 0.236047 0.110572 0.0128975
2 0.680244 0.695888 0.15714 0.0923114 0.0109089
5 0.632155 0.754524 0.0388736 0.0471577 0.0105254
3 0.56367 0.512921 0.344863 0.451051 0.0103814
5 0.752911 0.539673 0.031561 0.0323002 0.0103427
