0 0.507886 0.450745 0.679938 0.662552 0.429302
3 0.488152 0.448246 0.684494 0.663421 0.352441
2 0.286989 0.580924 0.0507243 0.0659645 0.31766
2 0.750706 0.343118 0.0238047 0.0306001 0.184309
2 0.270129 0.417774 0.0364679 0.0391562 0.170932
2 0.284526 0.339139 0.0341573 0.0419994 0.140391
4 0.42987 0.17993 0.295135 0.13496 0.121047
2 0.819221 0.538179 0.0381397 0.0487592 0.113168
2 0.273172 0.378251 0.0346844 0.0340025 0.0954848
4 0.658184 0.734143 0.211313 0.0848021 0.0889573
4 0.714494 0.270804 0.246018 0.166493 0.0491872
2 0.346423 0.672639 0.0614541 0.0764871 0.0455413
2 0.380158 0.704428 0.0349653 0.034603 0.0270779
2 0.470618 0.16354 0.0382728 0.0499957 0.0245459
2 0.461743 0.630457 0.0183991 0.0256912 0.0227812
2 0.355434 0.255589 0.152225 0.218972 0.0192551
5 0.461654 0.630405 0.0220763 0.0296041 0.0190891
3 0.478282 0.507231 0.323155 0.414415 0.01866
2 0.745091 0.629443 0.0210997 0.0286729 0.0185834
2 0.73783 0.574849 0.0380094 0.0350276 0.0168591
2 0.625262 0.745369 0.13677 0.0544883 0.0162972
4 0.633795 0.716328 0.321685 0.128728 0.0154861
2 0.334185 0.654417 0.026054 0.036689 0.0148324
4 0.678238 0.244818 0.175919 0.119659 0.0141626
4 0.388673 0.228887 0.23842 0.240381 0.0139393
2 0.348181 0.682817 0.0444829 0.0487176 0.0126347
0 0.250909 0.474329 0.158031 0.572167 0.012199
2 0.301938 0.110411 0.0265502 0.0635114 0.0121607
2 0.224388 0.689724 0.0788217 0.0658834 0.0111685
2 0.516027 0.169194 0.0348929 0.0279975 0.0108478
