3 0.605902 0.387352 0.456292 0.596737 0.886141
2 0.561302 0.292489 0.0214858 0.0278091 0.106198
5 0.561986 0.293091 0.0174061 0.0242194 0.100161
2 0.560139 0.468733 0.0153176 0.0248152 0.0730474
5 0.564277 0.691428 0.0215982 0.0257699 0.0581263
2 0.661873 0.676102 0.0242384 0.0281441 0.0485186
3 0.504979 0.415066 0.229384 0.531025 0.0369762
3 0.708781 0.405722 0.23593 0.517921 0.0292415
2 0.49045 0.496166 0.0265075 0.0312836 0.0267837
2 0.590234 0.318728 0.0185788 0.0240359 0.0252486
5 0.559732 0.29079 0.0294113 0.033823 0.013385
5 0.4527 0.676552 0.0214631 0.027363 0.0116957
