3 0.459897 0.508136 0.432167 0.477042 0.208154
1 0.469568 0.510344 0.417341 0.471737 0.1728
5 0.48974 0.166261 0.0884753 0.0805722 0.143338
5 0.260077 0.707866 0.0286718 0.0311324 0.126057
3 0.354894 0.512582 0.216992 0.43522 0.10661
0 0.348315 0.489783 0.0880457 0.170453 0.0608103
1 0.490353 0.165113 0.087186 0.0798663 0.0440702
1 0.574529 0.511441 0.209933 0.473374 0.0278242
0 0.397565 0.34354 0.155625 0.128751 0.0238459
5 0.259466 0.707004 0.0435438 0.045391 0.017098
5 0.4776 0.293927 0.0434954 0.033718 0.0169047
0 0.370359 0.438733 0.0399873 0.0578858 0.0127576
5 0.37057 0.438517 0.0378242 0.0565758 0.0121485
0 0.370707 0.385307 0.185933 0.173036 0.0120535
0 0.443228 0.37586 0.307728 0.204467 0.010628
