0 0.462729 0.46088 0.496287 0.53486 0.395804
5 0.453324 0.265618 0.0476074 0.0524197 0.328788
5 0.549843 0.316522 0.0318945 0.0395145 0.273806
5 0.409622 0.348199 0.0228146 0.0295314 0.231839
5 0.347545 0.509589 0.0222582 0.0252051 0.218717
5 0.554087 0.277582 0.0257821 0.0295201 0.195195
5 0.591578 0.454357 0.0314926 0.0395339 0.176783
5 0.416021 0.550118 0.0210504 0.0284043 0.0952235
5 0.341205 0.473718 0.0250356 0.0297766 0.0878891
5 0.647171 0.439888 0.0433281 0.0264708 0.0779231
5 0.398728 0.4971 0.0230087 0.0287433 0.071576
2 0.452706 0.264769 0.047083 0.0511613 0.0567658
5 0.280087 0.518022 0.0202133 0.0228667 0.0542728
5 0.373759 0.412071 0.0162262 0.0211152 0.0539012
1 0.277023 0.500884 0.14247 0.433769 0.0531564
0 0.490423 0.515578 0.344114 0.3789 0.0473438
0 0.638435 0.338451 0.0882874 0.137126 0.0473198
5 0.549142 0.305426 0.0445617 0.0727075 0.0375787
5 0.644407 0.516577 0.0481333 0.0472452 0.0369334
5 0.381903 0.341705 0.0174991 0.0208425 0.023429
5 0.555054 0.275972 0.0410588 0.046725 0.0194638
2 0.597989 0.600754 0.0167166 0.0254572 0.0191279
5 0.667077 0.330685 0.0170193 0.0236954 0.0162133
2 0.625622 0.515226 0.103153 0.114849 0.0159753
5 0.343417 0.471683 0.0388156 0.0437028 0.0155379
5 0.508765 0.293503 0.0156577 0.0183249 0.0154779
0 0.609471 0.449767 0.199021 0.443881 0.0152925
5 0.461128 0.704964 0.0217629 0.0256511 0.0152838
5 0.404324 0.347313 0.037364 0.0378391 0.014714
0 0.621307 0.540493 0.101077 0.162551 0.0124543
5 0.373716 0.411907 0.0253934 0.0286704 0.0122197
5 0.414687 0.548653 0.0348897 0.036846 0.0120931
5 0.456708 0.532022 0.0170433 0.0188649 0.011336
5 0.649033 0.423043 0.0196918 0.020299 0.0101466
