5 0.398706 0.459092 0.0376699 0.0539394 0.42038
5 0.524713 0.574291 0.0279007 0.0306208 0.255286
3 0.542024 0.49294 0.346027 0.425229 0.248009
5 0.696934 0.525671 0.0328164 0.0387633 0.217387
2 0.458618 0.356605 0.0387784 0.038125 0.214672
2 0.695432 0.526294 0.0258919 0.0328267 0.12478
5 0.630099 0.387702 0.0269577 0.0367254 0.115712
5 0.41938 0.629459 0.0417112 0.0562381 0.107781
5 0.459427 0.355784 0.043563 0.0427884 0.107396
2 0.630206 0.387437 0.0264537 0.0338502 0.105589
5 0.564928 0.337083 0.0402198 0.0407431 0.0925623
5 0.484277 0.334096 0.0224318 0.0241715 0.0711646
5 0.683082 0.46694 0.0280384 0.0302301 0.0443908
5 0.395707 0.532898 0.0188907 0.0225758 0.0243961
5 0.467459 0.346761 0.0631428 0.0576525 0.0201148
5 0.526796 0.572626 0.0432364 0.0422817 0.0194803
0 0.532034 0.33447 0.219865 0.111196 0.0179082
5 0.632111 0.387518 0.0431442 0.0491939 0.0136892
3 0.538702 0.504404 0.19631 0.279578 0.0131202
5 0.403039 0.457689 0.064912 0.0745817 0.0128155
3 0.0695034 0.72628 0.139007 0.547439 0.0128025
2 0.397435 0.462093 0.0288732 0.0442089 0.0101196
