3 0.514685 0.493905 0.795624 0.987809 0.606582
5 0.646611 0.344413 0.0381505 0.0346161 0.177523
5 0.623712 0.480816 0.0197975 0.0269693 0.0912867
5 0.0258996 0.948206 0.0498551 0.096392 0.0618817
5 0.686388 0.793739 0.0443127 0.0615486 0.0315317
5 0.624403 0.478974 0.0355699 0.0419548 0.0254742
2 0.721609 0.376874 0.0279918 0.0314735 0.0252858
0 0.0386441 0.270797 0.0764874 0.10754 0.0192392
2 0.562382 0.838127 0.0218656 0.0297536 0.0183833
0 0.0268281 0.951032 0.0487678 0.0942923 0.0171831
5 0.647399 0.337347 0.0530387 0.0600525 0.0147195
0 0.0410245 0.220338 0.0813173 0.266526 0.0140083
0 0.282715 0.509623 0.395091 0.965648 0.0130224
0 0.0733197 0.316118 0.146514 0.632236 0.0104914
