4 0.494084 0.621807 0.665999 0.733889 0.893684
2 0.315683 0.345963 0.0265652 0.0339926 0.356085
2 0.70735 0.782841 0.0423961 0.0759237 0.347291
2 0.520745 0.311885 0.0316995 0.0447203 0.311816
2 0.239825 0.452531 0.0260629 0.0473349 0.283713
2 0.452216 0.318235 0.023057 0.0366661 0.217685
2 0.431301 0.358234 0.0272295 0.033493 0.212784
2 0.299714 0.377456 0.0366052 0.0290897 0.20299
2 0.550596 0.293743 0.0342184 0.0309673 0.180112
2 0.483342 0.445037 0.0272098 0.0466627 0.16241
2 0.286027 0.44866 0.0243112 0.0368737 0.156783
2 0.257231 0.483996 0.0252786 0.0313285 0.149246
2 0.409785 0.386674 0.0223213 0.0313869 0.12919
2 0.411203 0.301011 0.024696 0.0331631 0.126847
2 0.594138 0.350242 0.0320268 0.0378226 0.119461
2 0.65254 0.911099 0.0457917 0.054196 0.117449
2 0.264394 0.428828 0.0210054 0.0235897 0.109401
2 0.397658 0.362875 0.0268164 0.029285 0.0920765
2 0.744607 0.494574 0.0444491 0.0458611 0.0797192
2 0.55413 0.369838 0.0426104 0.0353588 0.0678994
2 0.583725 0.903564 0.0300234 0.0411393 0.0659184
2 0.726648 0.429449 0.0281259 0.0330681 0.0625942
2 0.191417 0.514732 0.0343185 0.0417733 0.0596334
2 0.405317 0.37304 0.0303048 0.0444861 0.0594675
2 0.484835 0.61803 0.0351067 0.0515267 0.0576116
2 0.522814 0.404022 0.033587 0.04886 0.0568646
2 0.51108 0.405444 0.0361489 0.0358431 0.0525284
2 0.663867 0.359744 0.0395315 0.0398056 0.0514945
2 0.600592 0.391525 0.0287028 0.0297543 0.0514906
5 0.410516 0.299495 0.0308531 0.0424917 0.0499202
2 0.727168 0.574139 0.0272253 0.042409 0.049635
2 0.363525 0.39663 0.0467751 0.0847857 0.0410168
2 0.55904 0.450718 0.0252457 0.0339735 0.0389904
2 0.287621 0.818776 0.0264892 0.0325418 0.0360961
2 0.485221 0.386214 0.0266765 0.0328121 0.0359122
2 0.30566 0.7832 0.0296749 0.0435898 0.0354297
2 0.513881 0.552011 0.0276961 0.0478532 0.0348875
2 0.251435 0.585169 0.0350723 0.0555757 0.0348763
2 0.274328 0.433322 0.0338815 0.0322591 0.0345014
2 0.311718 0.409225 0.0298078 0.0317468 0.034347
2 0.313241 0.554511 0.0270264 0.0465507 0.0330018
2 0.255483 0.471108 0.0321518 0.0615485 0.0327697
2 0.275836 0.533703 0.0302103 0.0435646 0.0317932
2 0.184963 0.572703 0.0324831 0.0382595 0.0310307
2 0.576146 0.436173 0.0172689 0.0244303 0.0306182
2 0.203855 0.71208 0.0312467 0.0359287 0.0305997
2 0.192836 0.741687 0.0236719 0.0250797 0.03006
2 0.618113 0.435405 0.0262872 0.0387683 0.029856
2 0.233961 0.569162 0.0249564 0.0385243 0.0276599
2 0.44054 0.726 0.0352086 0.0481923 0.0274766
2 0.661423 0.534707 0.0388432 0.0266687 0.0274295
2 0.788756 0.662746 0.0275439 0.0330724 0.0272937
2 0.518951 0.467925 0.0367163 0.0333308 0.0268522
2 0.576019 0.699759 0.0262668 0.0375182 0.0264596
2 0.753288 0.752264 0.0238938 0.0356285 0.0258228
2 0.752603 0.615173 0.0278457 0.0421713 0.0250712
2 0.631093 0.867397 0.0325442 0.0368697 0.0245279
2 0.734428 0.850682 0.0278226 0.0323183 0.0237314
2 0.611466 0.433542 0.0316365 0.0498484 0.0225813
2 0.698113 0.866191 0.0267051 0.0311002 0.0209644
2 0.457044 0.446159 0.02031 0.0373771 0.0204608
2 0.562296 0.481132 0.0232805 0.028193 0.0202168
2 0.535796 0.885298 0.0440871 0.0457153 0.019721
2 0.411412 0.512176 0.0236417 0.0289026 0.019247
2 0.753586 0.70432 0.0178232 0.0253133 0.0191899
2 0.352989 0.574336 0.0367796 0.0432819 0.0190788
2 0.547228 0.400001 0.0182557 0.0246036 0.0187786
2 0.175606 0.691998 0.0232021 0.0318178 0.0186483
2 0.776679 0.697329 0.0241587 0.0272456 0.0185316
2 0.394289 0.453805 0.0210922 0.0242525 0.0180793
2 0.242122 0.457083 0.0409627 0.0642696 0.0179586
2 0.550282 0.703762 0.0305192 0.0372883 0.0179506
2 0.593794 0.505891 0.0410417 0.0423895 0.0170046
5 0.274778 0.845396 0.0281173 0.0323089 0.0163006
2 0.622936 0.845336 0.0521911 0.0814849 0.0157711
2 0.276382 0.843557 0.0322294 0.0379058 0.0157456
2 0.249079 0.538555 0.0264841 0.0307475 0.0156492
2 0.296963 0.55225 0.0540792 0.0776943 0.0155544
2 0.595365 0.851995 0.0279639 0.0291647 0.0154024
2 0.413133 0.414204 0.0161531 0.0186498 0.0151612
2 0.732196 0.690703 0.0279987 0.0369419 0.0148234
4 0.707895 0.591799 0.246376 0.637222 0.0144456
2 0.275535 0.785443 0.0295358 0.0393267 0.0138578
2 0.234156 0.768126 0.0214129 0.0232062 0.0134092
2 0.412693 0.359253 0.0246138 0.0389701 0.0132927
2 0.652687 0.470146 0.024342 0.0329335 0.0132376
2 0.302369 0.365967 0.0505101 0.0537202 0.0131003
2 0.316891 0.513448 0.0254353 0.0364815 0.0129792
2 0.582569 0.778963 0.0305951 0.0328452 0.01295
5 0.303936 0.740855 0.0456604 0.0447854 0.012768
2 0.471177 0.446904 0.0331995 0.0524873 0.0126498
2 0.281265 0.550222 0.0399408 0.0785935 0.011964
2 0.216812 0.647425 0.0255226 0.0320112 0.0118899
2 0.495877 0.39146 0.0292459 0.0402785 0.0118516
2 0.793434 0.62097 0.0388606 0.0387346 0.0116762
2 0.570388 0.607394 0.0313102 0.0333232 0.0113974
2 0.311476 0.875631 0.021401 0.0289134 0.011345
2 0.542762 0.950473 0.0364273 0.0531536 0.0113173
2 0.245386 0.570859 0.0390465 0.0541402 0.0109087
2 0.551249 0.44804 0.0411411 0.0422374 0.0108041
2 0.775144 0.751895 0.0202374 0.0354261 0.0107295
2 0.693657 0.682445 0.0393412 0.0489066 0.0106345
2 0.340104 0.60634 0.0280576 0.0343415 0.0106298
2 0.55019 0.397414 0.0316902 0.0424837 0.0105979
2 0.654082 0.606316 0.0214416 0.0275991 0.0103712
2 0.26757 0.460518 0.0336174 0.0525062 0.0102471
2 0.561712 0.46926 0.0265971 0.0516303 0.0100787
