2 0.364353 0.491517 0.0761852 0.0984686 0.738797
2 0.548124 0.527947 0.0831275 0.111345 0.694464
5 0.397754 0.190175 0.0781478 0.110901 0.486407
5 0.319025 0.851353 0.0930859 0.0930208 0.368481
2 0.613622 0.374481 0.0689868 0.116927 0.333143
2 0.192963 0.700453 0.0365794 0.0620726 0.300856
2 0.318046 0.85129 0.0948781 0.0972857 0.202802
5 0.617417 0.37968 0.0655808 0.10428 0.177212
1 0.435447 0.50986 0.609952 0.868006 0.0505859
0 0.435995 0.497918 0.608715 0.84768 0.0385007
4 0.437938 0.517489 0.610025 0.866793 0.0291194
5 0.194042 0.699999 0.0545688 0.0701756 0.0122398
5 0.401044 0.165186 0.0674385 0.0571707 0.0107721
