0 0.568235 0.527882 0.540445 0.691074 0.594795
5 0.693858 0.445584 0.0969989 0.110238 0.283459
1 0.459021 0.524563 0.246745 0.261567 0.264041
5 0.593631 0.368688 0.0934585 0.102059 0.0794634
5 0.472288 0.522712 0.247366 0.267447 0.0452288
0 0.562752 0.324134 0.541815 0.285776 0.043262
5 0.669751 0.607037 0.139914 0.167564 0.0395306
5 0.514801 0.788667 0.0897204 0.0985531 0.0387952
5 0.506303 0.347219 0.0486804 0.0648021 0.0382735
1 0.771287 0.531648 0.127727 0.451871 0.0199759
0 0.425682 0.483568 0.18686 0.339099 0.0147208
5 0.69013 0.334637 0.0509631 0.0585522 0.0113651
