0 0.488134 0.489856 0.514895 0.625285 0.591527
4 0.491424 0.485573 0.509611 0.621065 0.271117
2 0.677134 0.604102 0.139664 0.253758 0.132945
2 0.403986 0.66464 0.0585552 0.0925191 0.0883739
2 0.33052 0.503483 0.0611305 0.0693454 0.0878651
5 0.638705 0.391072 0.0511722 0.0737244 0.0598829
5 0.382805 0.691012 0.122839 0.15106 0.0542141
2 0.457815 0.286695 0.0450675 0.0408758 0.046512
2 0.273524 0.494954 0.0440842 0.0650152 0.0407309
2 0.380846 0.670239 0.118447 0.109696 0.029238
2 0.381363 0.452868 0.175757 0.17419 0.0274858
2 0.580953 0.26916 0.0570149 0.0717446 0.021201
2 0.480777 0.49923 0.0600554 0.0532638 0.0197444
5 0.337493 0.311762 0.0782539 0.091303 0.013181
2 0.458826 0.302848 0.0479902 0.0772207 0.0119953
