2 0.272653 0.214069 0.0804983 0.090062 0.598599
2 0.605093 0.234155 0.0699251 0.0800196 0.578419
2 0.686421 0.251845 0.0737439 0.0864191 0.573689
2 0.318888 0.292999 0.058937 0.0738118 0.549875
2 0.711458 0.690461 0.0978735 0.127547 0.546813
2 0.281301 0.576889 0.0841591 0.146238 0.535479
2 0.372806 0.391484 0.0749007 0.118648 0.483145
2 0.648067 0.826124 0.062088 0.0725486 0.409066
2 0.241528 0.53639 0.141736 0.159226 0.33228
2 0.278027 0.381223 0.0906988 0.104176 0.321088
5 0.609929 0.625262 0.0792232 0.118269 0.309782
2 0.21476 0.533202 0.0781406 0.119891 0.254364
2 0.629781 0.894971 0.0636241 0.062965 0.194758
2 0.644607 0.833252 0.0865304 0.101938 0.140546
2 0.404704 0.126705 0.120172 0.128332 0.128707
2 0.261638 0.56833 0.117284 0.18217 0.116705
1 0.506024 0.439384 0.778123 0.829198 0.108868
5 0.872148 0.434793 0.0587174 0.0817179 0.0686317
3 0.501817 0.426333 0.769545 0.828718 0.0652052
2 0.72693 0.206544 0.140711 0.162891 0.0645707
5 0.275806 0.381711 0.089804 0.108154 0.061144
5 0.209921 0.537085 0.0776523 0.113218 0.0536524
5 0.603145 0.233485 0.0712552 0.0827183 0.0504144
2 0.423741 0.228291 0.188565 0.164119 0.0492636
0 0.252673 0.544938 0.195007 0.248871 0.042615
2 0.872809 0.436586 0.0478082 0.0651691 0.0418867
2 0.636711 0.877847 0.0697046 0.0945307 0.0374097
2 0.367602 0.850793 0.100467 0.135949 0.0293588
5 0.926785 0.638374 0.0462516 0.0655095 0.0271892
5 0.639255 0.828362 0.0983154 0.122627 0.0253067
2 0.491327 0.23629 0.178554 0.15283 0.0243804
2 0.619502 0.855586 0.141848 0.170463 0.0216924
5 0.865916 0.431912 0.0849306 0.117644 0.0206511
0 0.612219 0.655966 0.319732 0.265155 0.0180214
0 0.254943 0.469921 0.212982 0.432617 0.0148058
3 0.266189 0.477999 0.225555 0.400968 0.0134669
2 0.265477 0.201767 0.102571 0.128993 0.0125213
2 0.688235 0.258993 0.104723 0.11576 0.0120838
3 0.639288 0.580715 0.29839 0.390355 0.0111383
5 0.359723 0.809738 0.151946 0.191827 0.0111325
2 0.59898 0.24348 0.0937268 0.123477 0.0108446
