0 0.428699 0.495348 0.848139 0.990695 0.368184
2 0.302407 0.360728 0.048503 0.0834349 0.194397
2 0.173996 0.27605 0.0592539 0.0820923 0.190885
2 0.326594 0.0481248 0.155717 0.0962497 0.122215
2 0.295841 0.567859 0.0649225 0.117692 0.0900983
2 0.0759583 0.872457 0.0574489 0.0792805 0.0869676
5 0.302363 0.359103 0.0538648 0.0934858 0.0574495
2 0.185342 0.261897 0.103336 0.143501 0.0450461
2 0.700303 0.343258 0.0498591 0.0748923 0.0352035
5 0.700159 0.342433 0.0520062 0.0858769 0.029775
2 0.261757 0.85951 0.0375005 0.0566493 0.0269122
2 0.28682 0.622722 0.0585429 0.0787671 0.0256309
2 0.0687749 0.858297 0.0915846 0.139028 0.0238538
2 0.293613 0.58863 0.0867765 0.177419 0.0221034
2 0.222556 0.501907 0.186646 0.205647 0.0165084
0 0.121872 0.247433 0.243744 0.494866 0.0118438
2 0.704717 0.343404 0.0754712 0.0961798 0.0112076
2 0.351498 0.0509113 0.23967 0.101823 0.0110469
2 0.30203 0.363762 0.0706604 0.119404 0.0103546
