1 0.505531 0.502477 0.531235 0.580274 0.664647
1 0.509102 0.499434 0.533224 0.57471 0.641171
1 0.505658 0.502219 0.528646 0.580717 0.629599
1 0.50588 0.501817 0.528707 0.580556 0.588063
1 0.505483 0.501819 0.527182 0.582196 0.582321
1 0.506024 0.502521 0.528149 0.583652 0.577411
1 0.505173 0.504251 0.527469 0.579905 0.470015
1 0.505732 0.502347 0.529778 0.579896 0.464182
5 0.513744 0.575349 0.0349876 0.0409662 0.223639
5 0.513322 0.574986 0.0354319 0.041937 0.217848
5 0.51291 0.574683 0.0383044 0.0435171 0.214028
5 0.513058 0.575295 0.0347364 0.0405428 0.207473
5 0.513754 0.575383 0.0350428 0.0420637 0.206703
5 0.512886 0.574725 0.0388665 0.0441136 0.187972
1 0.508414 0.501764 0.533739 0.576323 0.137758
5 0.58383 0.542177 0.0211324 0.0237383 0.137477
5 0.583652 0.542195 0.024031 0.0266529 0.106666
5 0.511768 0.573889 0.0443152 0.0470509 0.0994885
5 0.514662 0.575693 0.044365 0.0477169 0.0980476
5 0.515399 0.576187 0.0442062 0.0472458 0.090568
5 0.5116 0.574486 0.0443267 0.0476805 0.0871379
5 0.515025 0.574747 0.0454463 0.0470587 0.0848699
5 0.514428 0.576332 0.0442254 0.0511711 0.0814646
5 0.51176 0.574757 0.0468948 0.0489221 0.0755757
1 0.509169 0.500841 0.533738 0.572408 0.0644305
5 0.58328 0.542313 0.0268381 0.0290913 0.0611608
5 0.513696 0.576105 0.0446353 0.0512346 0.0567269
1 0.50652 0.502646 0.526948 0.584125 0.0534924
5 0.620774 0.538068 0.0281557 0.0380088 0.0480876
5 0.583197 0.542292 0.0277541 0.0298903 0.0464104
5 0.621053 0.538267 0.0308955 0.040706 0.0377473
0 0.55675 0.540679 0.334757 0.284965 0.0342351
0 0.565938 0.576343 0.297057 0.204499 0.0314585
5 0.586123 0.542971 0.0305369 0.034634 0.0302923
0 0.565567 0.56178 0.36066 0.231771 0.0297193
5 0.620417 0.537806 0.0282201 0.0377356 0.0292708
5 0.619974 0.537963 0.0277622 0.0376802 0.0289093
0 0.56076 0.52991 0.349003 0.294091 0.0282552
1 0.506269 0.505716 0.528185 0.580428 0.0276414
5 0.621137 0.537064 0.0321472 0.0417468 0.0249803
5 0.58591 0.54252 0.0293459 0.0322593 0.0228389
5 0.58369 0.544114 0.0304134 0.0350689 0.0214494
0 0.552926 0.526655 0.355862 0.289623 0.0209347
5 0.583373 0.544032 0.0320031 0.0366332 0.0208501
0 0.534295 0.547492 0.339184 0.275982 0.0197973
0 0.528424 0.532001 0.39959 0.290663 0.0192282
0 0.561092 0.579009 0.326621 0.213731 0.0182762
0 0.551855 0.58239 0.254091 0.194672 0.0180078
5 0.620246 0.53737 0.0316405 0.0428368 0.0158504
4 0.0709572 0.136913 0.141094 0.272861 0.0157136
0 0.540691 0.589097 0.231947 0.189075 0.0134467
4 0.0782812 0.129141 0.156351 0.257665 0.011915
5 0.491 0.628084 0.0252493 0.0264664 0.0110033
5 0.492621 0.624827 0.0381036 0.0401892 0.010345
5 0.514881 0.57554 0.0532614 0.0588792 0.0101365
