3 0.51562 0.489629 0.767529 0.9704 0.626948
5 0.646795 0.341999 0.0406065 0.0334155 0.594961
5 0.646756 0.34199 0.0402252 0.0307819 0.583865
3 0.5119 0.49436 0.774434 0.970551 0.564629
3 0.516701 0.476008 0.768434 0.945453 0.559808
3 0.512388 0.479914 0.772215 0.947357 0.547477
3 0.522815 0.483993 0.745712 0.953247 0.544456
5 0.646295 0.341791 0.0403717 0.0329613 0.536868
5 0.646088 0.341755 0.0401069 0.0310114 0.528543
3 0.512886 0.485884 0.769801 0.957224 0.484616
3 0.512242 0.455715 0.769159 0.909265 0.4776
3 0.52392 0.473466 0.747426 0.935575 0.447291
5 0.648577 0.341773 0.0413676 0.0355268 0.442496
5 0.648046 0.341744 0.0421645 0.0345883 0.437517
3 0.517654 0.452404 0.769406 0.904807 0.403454
5 0.623638 0.481157 0.0211461 0.0256938 0.37362
5 0.644062 0.341663 0.0448839 0.0358263 0.229325
5 0.644185 0.342205 0.0459027 0.0352021 0.229146
5 0.624157 0.480801 0.0241406 0.0297822 0.186629
5 0.646982 0.339979 0.0436112 0.0407141 0.185723
3 0.527476 0.454519 0.740444 0.908186 0.184527
5 0.646334 0.339843 0.0427716 0.0408121 0.183899
5 0.624179 0.479643 0.0254721 0.0319605 0.1746
5 0.0278667 0.951972 0.0545477 0.0911919 0.163127
5 0.0263571 0.949995 0.0508955 0.0941266 0.151346
5 0.688606 0.793022 0.0354644 0.0553219 0.149404
5 0.0261564 0.951938 0.0499824 0.0892703 0.147452
5 0.581485 0.660069 0.0246609 0.0367315 0.13676
5 0.688963 0.793398 0.0367807 0.0573365 0.135407
5 0.646907 0.343447 0.0465839 0.0410026 0.126832
5 0.580777 0.659447 0.0283386 0.0392948 0.124597
5 0.689652 0.793482 0.0327719 0.0508011 0.120752
5 0.689505 0.79355 0.0321897 0.0529558 0.120488
5 0.623612 0.480881 0.0286141 0.0305241 0.119377
5 0.689481 0.793536 0.0333037 0.0521992 0.115751
5 0.688688 0.793323 0.0352845 0.052501 0.113773
5 0.581405 0.659872 0.0259448 0.0386431 0.113212
0 0.0654257 0.227198 0.130851 0.447456 0.111575
5 0.645548 0.343603 0.0439688 0.0405763 0.108487
5 0.595141 0.559696 0.0216117 0.0278077 0.106808
5 0.62558 0.480398 0.0303351 0.0306939 0.104984
5 0.581168 0.660006 0.0282685 0.0399164 0.100006
5 0.0274476 0.954856 0.0531531 0.0874156 0.0965507
5 0.0261781 0.954984 0.0493757 0.0868663 0.095988
0 0.0735922 0.20065 0.147184 0.398614 0.0922063
5 0.0295283 0.948969 0.0585118 0.0977068 0.0889632
5 0.648757 0.343803 0.0498296 0.0427152 0.0878929
5 0.623649 0.479346 0.0301462 0.0342226 0.0858609
5 0.690046 0.794001 0.0367187 0.0531803 0.0836274
5 0.594333 0.558942 0.0244259 0.03022 0.0803204
5 0.65036 0.339688 0.0421594 0.0422691 0.0795011
0 0.0586286 0.265874 0.117257 0.530687 0.0786245
5 0.623734 0.480327 0.0304977 0.0330161 0.0712478
5 0.562834 0.837033 0.0240067 0.0311687 0.0692234
5 0.0267418 0.944477 0.0521101 0.107937 0.0691933
5 0.625365 0.479846 0.0325865 0.0361125 0.0684921
5 0.625843 0.480523 0.0311374 0.0332393 0.0665574
5 0.58186 0.660318 0.0305036 0.0424945 0.066043
5 0.0272986 0.951057 0.0545927 0.0931435 0.0657573
5 0.689807 0.793826 0.0371035 0.0518034 0.0638098
0 0.0839903 0.246689 0.166816 0.4861 0.0613417
5 0.594781 0.557991 0.0256342 0.0338245 0.0587592
5 0.580431 0.660097 0.0330702 0.0443117 0.057891
5 0.562389 0.835294 0.025391 0.0341189 0.0552128
5 0.549015 0.377794 0.0218801 0.0265802 0.0534815
5 0.595142 0.559943 0.0247036 0.0322117 0.052485
5 0.689879 0.792057 0.0348907 0.0558636 0.051508
5 0.689928 0.794041 0.037975 0.0534959 0.0508565
5 0.0270427 0.953562 0.0536544 0.0890041 0.0491746
5 0.548392 0.377269 0.0259407 0.0282644 0.0487555
5 0.725005 0.376509 0.0305968 0.0344132 0.0473269
5 0.594611 0.557837 0.0270062 0.0347033 0.0457924
5 0.643789 0.34398 0.0526778 0.0443642 0.0455432
5 0.725058 0.377617 0.0294655 0.0334268 0.0445815
5 0.56332 0.834525 0.027117 0.0378045 0.0439895
5 0.027133 0.944802 0.0542659 0.110396 0.0437424
0 0.0795539 0.184593 0.159108 0.369187 0.0434089
5 0.726043 0.376763 0.0290804 0.0347194 0.0419821
0 0.0311308 0.943815 0.0622616 0.111624 0.0408323
5 0.726083 0.37741 0.0300749 0.0349184 0.0396858
5 0.59437 0.559384 0.0275162 0.035079 0.0383592
0 0.089704 0.212725 0.178844 0.423985 0.0376693
5 0.688882 0.791859 0.0394404 0.0592068 0.0375586
0 0.0818557 0.293425 0.162724 0.584201 0.0361311
5 0.562822 0.833958 0.0285444 0.0383387 0.0360048
5 0.0390136 0.28282 0.0646771 0.0775496 0.033751
5 0.643268 0.339344 0.050611 0.0443871 0.032236
0 0.05842 0.167855 0.11684 0.33571 0.0316025
0 0.0539154 0.790675 0.107559 0.41568 0.0315744
5 0.0397744 0.281911 0.0617436 0.0791995 0.0291137
5 0.563342 0.834161 0.0277102 0.0409958 0.029
5 0.563935 0.833302 0.0276534 0.0418118 0.0286058
5 0.549028 0.376958 0.0291156 0.031243 0.0283767
5 0.550053 0.377708 0.0263986 0.0303934 0.0272927
5 0.0387297 0.280932 0.0644331 0.0821652 0.0267316
3 0.704945 0.566735 0.335027 0.395837 0.0252773
0 0.0556758 0.164837 0.111298 0.329673 0.0244093
3 0.361353 0.714992 0.299896 0.339259 0.0244067
0 0.0546476 0.800156 0.108674 0.399688 0.023302
5 0.0133291 0.405542 0.0265961 0.0717094 0.0231887
5 0.583659 0.659762 0.0370152 0.0447111 0.0228634
3 0.355124 0.700573 0.302771 0.364328 0.0227865
5 0.0263548 0.955897 0.0521938 0.0882067 0.0216178
0 0.0260661 0.941327 0.0510392 0.117318 0.0215561
5 0.041116 0.282646 0.0633148 0.0821209 0.0212265
5 0.0121483 0.404143 0.0242966 0.067674 0.0210113
0 0.0724573 0.16297 0.144915 0.325939 0.0207265
5 0.581383 0.657192 0.0332537 0.045262 0.0201492
3 0.0558985 0.156032 0.11136 0.312064 0.0196374
0 0.0785483 0.168845 0.157097 0.33769 0.019458
5 0.672609 0.588189 0.0264855 0.0331374 0.0184044
5 0.725943 0.376596 0.0337755 0.0392003 0.018282
0 0.0525299 0.769909 0.104662 0.460182 0.0181391
3 0.703599 0.59063 0.326793 0.422651 0.0179192
5 0.583498 0.659783 0.0369234 0.0428305 0.0177134
5 0.0304716 0.952297 0.0609433 0.0945306 0.0176497
3 0.338544 0.70118 0.294942 0.367975 0.0176446
0 0.0962034 0.187819 0.192407 0.375638 0.0173469
5 0.580565 0.657447 0.0357248 0.0466576 0.0173339
0 0.0743451 0.769726 0.14869 0.460548 0.0171488
3 0.378984 0.711634 0.30694 0.331067 0.0168646
0 0.0599076 0.303639 0.119815 0.600836 0.0167741
5 0.6737 0.587472 0.0260749 0.0345132 0.0166838
3 0.335567 0.685277 0.297656 0.388293 0.0166417
0 0.03661 0.280163 0.0637672 0.0807599 0.0164995
0 0.0715169 0.151563 0.143034 0.303126 0.0164219
0 0.0675447 0.787472 0.135089 0.411768 0.0160517
0 0.0363044 0.269575 0.0692128 0.101669 0.0158947
3 0.384072 0.729058 0.310061 0.324221 0.0157106
0 0.032948 0.937253 0.065896 0.125494 0.0155127
0 0.084341 0.778941 0.168682 0.442118 0.0154893
5 0.726127 0.376453 0.032466 0.0390923 0.0152489
5 0.596969 0.559003 0.0351727 0.037263 0.0147088
3 0.708737 0.471858 0.334429 0.426815 0.0146254
3 0.723011 0.552104 0.267479 0.345854 0.0142729
5 0.0403711 0.282371 0.0674447 0.082081 0.0141704
0 0.0554744 0.173427 0.110753 0.346854 0.0138792
3 0.704575 0.533399 0.325636 0.363186 0.0138276
5 0.0258081 0.958203 0.0485177 0.0814888 0.0137124
3 0.730092 0.465179 0.267456 0.403479 0.0133335
3 0.706976 0.439129 0.3426 0.383614 0.013322
0 0.0813393 0.16974 0.162679 0.339479 0.013201
3 0.708374 0.654485 0.29294 0.30975 0.0131102
0 0.802283 0.464608 0.200981 0.844392 0.0130807
0 0.0408602 0.78678 0.0807924 0.42644 0.0129176
3 0.681475 0.56881 0.357588 0.413777 0.0124214
3 0.315083 0.668958 0.269864 0.417641 0.0123626
3 0.681068 0.585841 0.345506 0.426692 0.0121713
5 0.0357598 0.283491 0.0620948 0.0732101 0.0120956
0 0.0376153 0.275592 0.0701406 0.0882316 0.0120719
0 0.0695164 0.806831 0.139033 0.383878 0.0120505
5 0.0143754 0.405631 0.0282665 0.0713925 0.0120472
3 0.366524 0.728245 0.288673 0.31431 0.011872
3 0.350398 0.681394 0.306885 0.396096 0.0117344
3 0.332871 0.670499 0.305911 0.422785 0.0117237
0 0.0369999 0.282026 0.0614404 0.0779283 0.0116883
0 0.0990668 0.675918 0.196938 0.648164 0.0116337
5 0.0127127 0.403898 0.0254253 0.0675053 0.0114715
5 0.549162 0.376842 0.0294577 0.0359666 0.0113781
0 0.107256 0.756853 0.213918 0.486294 0.0112771
5 0.727862 0.376615 0.0377778 0.0373737 0.0112328
0 0.112053 0.77016 0.223327 0.45913 0.011072
0 0.0506456 0.741623 0.101291 0.516754 0.0110655
5 0.690373 0.791799 0.0399419 0.056709 0.0109987
3 0.721425 0.586582 0.270378 0.393684 0.0108829
5 0.0409899 0.281547 0.0676426 0.0829917 0.0108366
5 0.0294768 0.955276 0.0589537 0.0880298 0.0105682
3 0.312757 0.650092 0.271792 0.421798 0.0104342
3 0.314745 0.680349 0.262279 0.392789 0.0104006
3 0.363456 0.306783 0.334425 0.428438 0.0103159
0 0.056959 0.811489 0.11364 0.377023 0.0101848
