3 0.455525 0.585794 0.45425 0.606862 0.522904
3 0.454277 0.587046 0.459667 0.609404 0.443588
1 0.456671 0.589958 0.453426 0.597899 0.422903
3 0.45551 0.585812 0.455055 0.608073 0.40692
3 0.45618 0.586914 0.453503 0.606153 0.335259
1 0.456449 0.586313 0.453565 0.602757 0.333587
1 0.456967 0.589951 0.45324 0.604109 0.292986
3 0.456554 0.586235 0.453638 0.604551 0.224059
1 0.456621 0.58514 0.453522 0.606639 0.217855
3 0.456005 0.589879 0.455642 0.606548 0.166484
1 0.466173 0.754441 0.44173 0.275313 0.0339805
1 0.464069 0.748352 0.448746 0.282352 0.0322959
1 0.327636 0.609396 0.17448 0.417842 0.029984
1 0.45223 0.753892 0.460253 0.2711 0.0266733
1 0.453616 0.745515 0.47976 0.279875 0.0237813
3 0.547235 0.465638 0.252218 0.319604 0.0221423
1 0.307998 0.590579 0.147934 0.522641 0.0213911
3 0.557574 0.457831 0.245246 0.329945 0.0199419
1 0.332341 0.589959 0.175324 0.367567 0.0190336
1 0.477791 0.751582 0.407962 0.283446 0.0174691
3 0.563897 0.478883 0.248315 0.365103 0.0174142
1 0.479707 0.756037 0.410544 0.278582 0.0171585
1 0.445942 0.741746 0.484025 0.280679 0.0163758
1 0.310981 0.579948 0.157782 0.495034 0.0158741
1 0.461684 0.744684 0.440541 0.271421 0.0153228
1 0.441891 0.753497 0.462998 0.267447 0.0149114
1 0.453279 0.757658 0.45958 0.268447 0.014862
1 0.454446 0.736144 0.455477 0.311343 0.0147338
1 0.449623 0.736298 0.417937 0.284673 0.0146603
1 0.453695 0.739944 0.470149 0.27006 0.0146517
1 0.325911 0.621306 0.176139 0.4539 0.0137502
1 0.45393 0.733076 0.466083 0.269544 0.0129403
1 0.449942 0.711289 0.409398 0.250776 0.0126677
1 0.45144 0.724388 0.414451 0.270715 0.0124657
1 0.457745 0.719813 0.445146 0.250189 0.0121298
1 0.454006 0.75553 0.46094 0.273505 0.0111166
1 0.473814 0.759468 0.415889 0.261084 0.010794
1 0.459262 0.7612 0.420745 0.256316 0.0101851
1 0.475899 0.749495 0.3975 0.269914 0.0101635
3 0.540078 0.478981 0.256506 0.291764 0.0101608
1 0.348591 0.61871 0.17192 0.333959 0.0100096
