3 0.537682 0.355531 0.486601 0.596856 0.84142
3 0.538234 0.358434 0.485119 0.599874 0.839293
3 0.537031 0.356114 0.486283 0.598566 0.838071
3 0.537025 0.358791 0.485733 0.600306 0.829922
3 0.537839 0.36057 0.48322 0.599357 0.81832
3 0.536602 0.356972 0.482365 0.598046 0.817553
3 0.537806 0.35436 0.483938 0.595292 0.815146
3 0.536771 0.359059 0.488934 0.599712 0.808921
3 0.536166 0.359593 0.48796 0.600759 0.803819
3 0.534823 0.359227 0.485114 0.599459 0.79474
1 0.341112 0.377943 0.101086 0.470479 0.0575858
1 0.499105 0.577726 0.358693 0.16624 0.051656
1 0.338665 0.388104 0.0968335 0.487759 0.0491545
5 0.400646 0.0288519 0.0315006 0.0386322 0.0383985
1 0.34697 0.371912 0.107377 0.473852 0.0321239
5 0.400796 0.0293887 0.0296395 0.0359278 0.0315092
1 0.516924 0.585667 0.365618 0.147709 0.0312215
1 0.339322 0.362464 0.0974285 0.43321 0.0310956
1 0.497297 0.583831 0.352789 0.157545 0.0303943
1 0.346939 0.381429 0.104647 0.492669 0.0267863
1 0.480391 0.569816 0.349976 0.183455 0.0263047
1 0.499439 0.567397 0.348343 0.182842 0.0220514
1 0.480566 0.582224 0.330813 0.162822 0.0200464
1 0.325226 0.382331 0.0846794 0.455793 0.0190304
1 0.322608 0.392556 0.08183 0.479637 0.0188034
1 0.47829 0.560234 0.348707 0.197259 0.0180248
1 0.511498 0.587939 0.372777 0.151211 0.0166873
3 0.703752 0.317539 0.156831 0.489091 0.0144769
3 0.711191 0.317975 0.134622 0.501437 0.0144555
1 0.346665 0.357437 0.108923 0.444374 0.0133707
1 0.524881 0.579202 0.338861 0.159096 0.0128919
5 0.400523 0.0283893 0.0326033 0.0406699 0.0124104
1 0.538253 0.59029 0.380476 0.14538 0.0106197
5 0.400758 0.0285472 0.0322947 0.0400137 0.0103062
