1 0.45336 0.370399 0.420896 0.618679 0.904017
1 0.452948 0.373341 0.418469 0.619382 0.899291
1 0.451754 0.368484 0.419872 0.615715 0.897604
1 0.451162 0.373195 0.418798 0.616723 0.885664
1 0.453702 0.369921 0.419351 0.619933 0.882201
1 0.453305 0.373796 0.41685 0.617786 0.875767
1 0.452212 0.373441 0.421195 0.613877 0.849408
1 0.450756 0.37363 0.420338 0.613525 0.84331
1 0.453409 0.374538 0.415372 0.614692 0.826676
1 0.449879 0.37373 0.415998 0.618482 0.804109
5 0.270297 0.525699 0.0250966 0.0311088 0.0448818
5 0.270142 0.525438 0.0250077 0.0289902 0.0431394
5 0.270974 0.52563 0.0326346 0.0360125 0.0368211
5 0.270767 0.52558 0.03277 0.0380856 0.0341504
0 0.305465 0.187466 0.0838739 0.112163 0.0174507
5 0.271618 0.524393 0.0338491 0.0426665 0.013908
5 0.270121 0.526521 0.0324451 0.0355347 0.0133656
5 0.270118 0.52556 0.0329832 0.0353554 0.0122407
0 0.297243 0.183798 0.0979827 0.122236 0.0100219
