2 0.443719 0.332858 0.0540482 0.0697428 0.698507
2 0.525647 0.465583 0.0611161 0.0641477 0.662781
2 0.526346 0.465838 0.0621328 0.0632392 0.662202
2 0.443623 0.332077 0.053906 0.0705662 0.661875
2 0.443846 0.332668 0.0528743 0.0697768 0.655969
2 0.525535 0.465918 0.0615359 0.0642756 0.655125
2 0.444223 0.332013 0.0543673 0.0719083 0.651318
2 0.525539 0.465664 0.0601909 0.0635806 0.649946
2 0.525275 0.46563 0.0597791 0.0641334 0.64857
2 0.525789 0.465552 0.0616355 0.064781 0.642093
2 0.444449 0.332013 0.0525568 0.0697577 0.636625
2 0.378054 0.48253 0.0717541 0.0742412 0.633229
2 0.444324 0.332169 0.053567 0.0714256 0.618608
2 0.378625 0.482031 0.0698639 0.071171 0.616583
2 0.378634 0.482069 0.0691768 0.0729772 0.615999
2 0.37828 0.482875 0.0707615 0.0757749 0.611628
2 0.444278 0.332288 0.0529867 0.07028 0.60977
2 0.378746 0.482195 0.0690802 0.0713011 0.603684
2 0.443941 0.331629 0.0552033 0.0726888 0.596762
2 0.379109 0.483261 0.0684146 0.0687061 0.586911
2 0.537402 0.373018 0.0655407 0.118443 0.57737
2 0.443629 0.331699 0.0549353 0.075045 0.574412
2 0.485362 0.407537 0.0515101 0.0872505 0.574361
2 0.377595 0.483862 0.0674573 0.0758879 0.569266
2 0.363488 0.30932 0.0885714 0.0720716 0.561442
2 0.378686 0.483336 0.0691806 0.0715285 0.560805
2 0.364273 0.309272 0.0887078 0.0707227 0.554753
2 0.542363 0.374072 0.0666285 0.116674 0.540022
2 0.362614 0.309503 0.0887513 0.0698037 0.539814
2 0.525655 0.466678 0.0660445 0.0663278 0.534715
2 0.485361 0.407032 0.0523477 0.0852936 0.524924
2 0.543069 0.373499 0.067937 0.117274 0.519786
2 0.485559 0.40666 0.053792 0.0848484 0.515418
2 0.485142 0.406987 0.0528444 0.0869171 0.508645
2 0.363483 0.309378 0.0856142 0.070146 0.507874
2 0.540315 0.37269 0.0669182 0.118208 0.504433
2 0.525134 0.465768 0.062339 0.0661973 0.482371
2 0.363529 0.309167 0.0868331 0.0717973 0.473534
2 0.363673 0.309529 0.0868859 0.0688141 0.436142
2 0.485123 0.408004 0.0536575 0.0876503 0.426288
2 0.540106 0.372744 0.0693544 0.118914 0.412168
2 0.485194 0.407898 0.0531456 0.0880599 0.403423
2 0.376989 0.483935 0.069556 0.0775803 0.398587
2 0.36425 0.309479 0.0880114 0.0696108 0.386206
2 0.377306 0.624445 0.0383641 0.0479701 0.381801
2 0.525447 0.465083 0.0575458 0.0638173 0.380847
2 0.377507 0.62483 0.0378437 0.048433 0.379743
2 0.53757 0.372275 0.0637103 0.115857 0.371288
2 0.377799 0.624343 0.0384585 0.0477321 0.367316
2 0.377797 0.625708 0.0396461 0.0472151 0.366877
2 0.377809 0.624538 0.0388001 0.0482401 0.361017
2 0.52492 0.466029 0.0573199 0.0647463 0.359766
2 0.377782 0.625525 0.0400948 0.0474817 0.357519
2 0.536171 0.374737 0.0590996 0.122148 0.350341
2 0.485158 0.407328 0.0567037 0.0883089 0.349939
2 0.364486 0.309817 0.0841665 0.0678007 0.343373
2 0.525679 0.466668 0.0621751 0.0662691 0.332847
2 0.538386 0.374005 0.074106 0.122814 0.331275
2 0.35927 0.553822 0.151698 0.22621 0.31073
2 0.540788 0.373425 0.072464 0.12063 0.30697
2 0.484938 0.408233 0.0588042 0.0879089 0.277323
2 0.401435 0.577978 0.0466516 0.0400375 0.275085
2 0.485292 0.411512 0.0496875 0.0817691 0.255939
