3 0.495082 0.537387 0.451298 0.58262 0.588899
3 0.49424 0.537547 0.456465 0.586051 0.5816
3 0.49504 0.53898 0.452344 0.588472 0.566533
3 0.493426 0.530354 0.453035 0.567099 0.540404
3 0.494716 0.537543 0.454435 0.584617 0.512491
3 0.493714 0.537511 0.454012 0.584566 0.510746
3 0.4944 0.520262 0.441628 0.545712 0.486995
3 0.494443 0.537612 0.455762 0.580157 0.431678
3 0.497626 0.532194 0.435982 0.567487 0.420411
3 0.498719 0.537403 0.432471 0.57148 0.378378
1 0.306049 0.556231 0.0699159 0.403255 0.291616
1 0.306172 0.56219 0.0707033 0.406085 0.219168
1 0.306772 0.54835 0.0717508 0.39734 0.172483
3 0.469875 0.572447 0.225203 0.24736 0.161461
3 0.469218 0.554162 0.233723 0.285831 0.131318
1 0.314518 0.55323 0.0772023 0.392819 0.115619
1 0.317433 0.555597 0.0778014 0.387501 0.110623
3 0.462748 0.572872 0.205093 0.237978 0.09195
3 0.467369 0.57419 0.217939 0.24367 0.0709301
3 0.477171 0.5054 0.265027 0.383002 0.0708818
1 0.471012 0.769319 0.298719 0.122812 0.0630067
3 0.4843 0.488753 0.294241 0.41624 0.0607654
1 0.666575 0.531693 0.105638 0.478966 0.0510364
1 0.669133 0.51122 0.102083 0.454384 0.0506711
1 0.460014 0.76535 0.305706 0.124417 0.0505016
3 0.463104 0.574221 0.207528 0.240732 0.0496839
3 0.471718 0.559595 0.246889 0.282312 0.0492901
1 0.474099 0.770969 0.274512 0.125486 0.0480869
1 0.312705 0.54835 0.0786027 0.408717 0.0473568
1 0.308127 0.553547 0.0758841 0.427623 0.0472289
1 0.482182 0.773895 0.261598 0.123341 0.0460684
1 0.477891 0.773732 0.270409 0.12066 0.0444922
1 0.297274 0.558546 0.0739452 0.386893 0.0362927
1 0.453911 0.761336 0.314846 0.12599 0.0358302
1 0.664944 0.531202 0.107209 0.523157 0.0330464
1 0.467829 0.765393 0.309748 0.121737 0.0297424
1 0.681817 0.537359 0.0876043 0.517523 0.0289078
3 0.465467 0.492284 0.235753 0.406347 0.0273827
1 0.663732 0.514149 0.108772 0.537642 0.0271169
1 0.319218 0.54996 0.0809795 0.400524 0.0265984
1 0.682961 0.509385 0.0870989 0.54364 0.0263749
1 0.46374 0.771833 0.279531 0.119599 0.0239317
1 0.679938 0.538314 0.0877872 0.477672 0.023199
1 0.309991 0.545596 0.0792503 0.398304 0.0211764
1 0.295529 0.56451 0.0719006 0.40436 0.020588
1 0.497941 0.773034 0.27929 0.12495 0.0204838
1 0.671903 0.486129 0.0991317 0.431487 0.0201535
3 0.455548 0.57426 0.188829 0.239244 0.0193478
3 0.466633 0.573217 0.235514 0.253151 0.0189012
1 0.495612 0.770448 0.296482 0.128138 0.0188318
1 0.662713 0.52581 0.110581 0.514287 0.0183634
1 0.68289 0.518665 0.0849487 0.516333 0.0179533
1 0.436696 0.757749 0.275987 0.135786 0.0172327
1 0.476019 0.765797 0.285176 0.125086 0.0154594
1 0.296811 0.548912 0.0748784 0.377357 0.0144647
1 0.431062 0.753737 0.272486 0.136135 0.0142884
1 0.661196 0.544511 0.113581 0.467347 0.0124384
1 0.678898 0.520826 0.08741 0.44474 0.0121866
1 0.680904 0.536532 0.0853352 0.479124 0.0107246
