3 0.292218 0.392054 0.444355 0.628656 0.735457
3 0.290628 0.391713 0.446176 0.626791 0.722533
3 0.29483 0.391372 0.439234 0.628831 0.717109
3 0.29037 0.390822 0.447293 0.631437 0.709846
3 0.289044 0.392531 0.448374 0.626503 0.696064
3 0.291099 0.391431 0.445948 0.627794 0.695747
3 0.290529 0.393318 0.449807 0.627707 0.687607
3 0.288875 0.394953 0.448166 0.619615 0.687587
3 0.290346 0.394369 0.448657 0.623594 0.673682
3 0.290538 0.39376 0.448923 0.621933 0.657376
5 0.291877 0.339226 0.0191881 0.0228089 0.337773
5 0.291207 0.339419 0.0213498 0.0244673 0.27939
5 0.291466 0.339048 0.0221423 0.0251369 0.240867
5 0.291548 0.338708 0.0235299 0.0268113 0.208362
3 0.462837 0.396571 0.109466 0.433754 0.203642
3 0.463569 0.378717 0.109596 0.45784 0.168075
3 0.451754 0.398279 0.124118 0.433381 0.135609
3 0.453616 0.382149 0.125005 0.453686 0.119087
3 0.462526 0.41223 0.108347 0.461191 0.0559506
3 0.463459 0.379589 0.111493 0.467507 0.052587
3 0.452634 0.411364 0.1223 0.459535 0.0382488
3 0.456459 0.383296 0.124496 0.440809 0.0378514
3 0.298038 0.256208 0.426128 0.356448 0.0291534
3 0.296105 0.246588 0.418283 0.33968 0.0277353
5 0.291473 0.338101 0.0261441 0.0346375 0.0267468
5 0.291505 0.3381 0.027213 0.035133 0.0266839
3 0.181732 0.412626 0.235747 0.581086 0.0259996
3 0.161248 0.421601 0.205032 0.626018 0.0207396
3 0.129863 0.43788 0.130016 0.51947 0.0147171
3 0.179279 0.429946 0.230819 0.548535 0.0139271
3 0.463233 0.387785 0.113853 0.434743 0.0134904
3 0.13697 0.458598 0.140967 0.48996 0.01283
3 0.249499 0.605262 0.34601 0.198119 0.0111302
3 0.301916 0.265403 0.423997 0.374779 0.0109737
3 0.122119 0.435815 0.13147 0.524509 0.0109716
3 0.457725 0.3967 0.125659 0.415527 0.0109668
