3 0.410876 0.647273 0.349432 0.448773 0.860523
3 0.410375 0.646264 0.349532 0.454035 0.859588
3 0.410311 0.646859 0.350854 0.453792 0.855077
3 0.410379 0.647717 0.350063 0.44839 0.85507
3 0.411039 0.646693 0.350358 0.45343 0.853062
3 0.410526 0.647402 0.351537 0.448493 0.85247
3 0.41015 0.649996 0.349726 0.453862 0.823331
3 0.410698 0.647682 0.351251 0.449319 0.821681
3 0.410045 0.649087 0.350786 0.453554 0.81266
3 0.409949 0.649254 0.350623 0.453994 0.811432
5 0.722151 0.611589 0.0339434 0.0487653 0.0757746
5 0.721807 0.61156 0.0353935 0.0494007 0.0744236
5 0.631358 0.970906 0.0286305 0.0334876 0.0487873
5 0.721663 0.611438 0.0353078 0.0501265 0.0416265
5 0.722283 0.611451 0.0335499 0.0494088 0.0403494
5 0.722414 0.611605 0.0326142 0.0483171 0.0369095
5 0.6315 0.970663 0.0290428 0.0350615 0.0347217
5 0.72236 0.611242 0.0355899 0.0505506 0.0301794
5 0.631334 0.971394 0.0286215 0.0343255 0.0276785
1 0.262432 0.629423 0.0526125 0.310521 0.0158105
5 0.631606 0.971062 0.0283613 0.0334184 0.0149308
1 0.406793 0.489957 0.318905 0.13077 0.0129276
1 0.264688 0.62301 0.0585329 0.314797 0.0109037
