0 0.554365 0.629524 0.548259 0.616058 0.285
1 0.557388 0.630015 0.550169 0.618371 0.260265
1 0.551988 0.629055 0.54593 0.61471 0.25544
0 0.552758 0.622643 0.542361 0.606317 0.255083
0 0.553048 0.625361 0.543511 0.61124 0.241585
1 0.554691 0.629082 0.550584 0.615141 0.22244
1 0.557526 0.630774 0.547982 0.612629 0.190934
1 0.551692 0.628106 0.542198 0.612625 0.187731
0 0.553959 0.630097 0.545798 0.614246 0.184613
1 0.552976 0.628889 0.544742 0.616351 0.182664
5 0.78098 0.511445 0.0316713 0.0345483 0.125355
5 0.781011 0.511781 0.030569 0.0331102 0.12269
5 0.348803 0.839502 0.0352574 0.0432438 0.0983601
5 0.347857 0.837769 0.0344316 0.0426218 0.0967823
5 0.348256 0.838054 0.0316372 0.0390251 0.0938415
5 0.348321 0.838602 0.0316826 0.0400861 0.0895919
5 0.348617 0.839063 0.0356527 0.0443374 0.0825822
5 0.781479 0.511689 0.0352933 0.0378514 0.0773202
5 0.348807 0.83744 0.0383817 0.0457765 0.0712322
5 0.781323 0.510628 0.0329847 0.0345921 0.0667559
5 0.781052 0.510677 0.0329945 0.0351765 0.0633156
5 0.78204 0.512193 0.033395 0.0357574 0.05521
5 0.348204 0.837932 0.034877 0.0432932 0.0517703
5 0.348356 0.838308 0.0334013 0.0426992 0.0450794
5 0.348409 0.838179 0.0331639 0.042046 0.0419095
5 0.78071 0.510416 0.0360569 0.0405185 0.0361103
5 0.780586 0.509879 0.0389828 0.040505 0.025148
1 0.44613 0.688045 0.289717 0.217021 0.0218552
1 0.444509 0.670672 0.277666 0.226763 0.0212727
5 0.350232 0.839258 0.0427842 0.0547239 0.0208282
1 0.434213 0.675088 0.272908 0.22712 0.0195908
1 0.430029 0.648812 0.269195 0.274495 0.0191097
5 0.780856 0.514226 0.0369481 0.0432345 0.0170867
5 0.348844 0.840622 0.0371658 0.0487533 0.0164995
1 0.441056 0.626657 0.289104 0.286328 0.0128554
5 0.782125 0.509572 0.0395773 0.0436259 0.0121566
1 0.454733 0.694511 0.301835 0.228839 0.0115072
1 0.402107 0.317238 0.0973678 0.0870502 0.0114152
1 0.403015 0.651113 0.23079 0.27804 0.0110016
1 0.421502 0.617643 0.273842 0.322511 0.0109818
1 0.448845 0.703444 0.310362 0.250213 0.0106506
1 0.402204 0.322316 0.0970054 0.0994236 0.0100584
1 0.573742 0.49399 0.493828 0.335365 0.0100363
