3 0.510097 0.450086 0.368973 0.475127 0.61938
3 0.51116 0.450745 0.370426 0.476228 0.609903
3 0.511389 0.452336 0.372353 0.477745 0.601298
3 0.509436 0.448319 0.371462 0.475649 0.595925
3 0.509275 0.452129 0.369638 0.476626 0.582475
3 0.509907 0.451355 0.365705 0.478244 0.57881
3 0.512359 0.448589 0.376675 0.476498 0.552009
3 0.512145 0.452534 0.379676 0.478597 0.547063
3 0.50967 0.448234 0.370812 0.475237 0.53974
3 0.509616 0.452302 0.368004 0.478461 0.52941
3 0.491965 0.466855 0.299768 0.346049 0.504445
3 0.48938 0.467606 0.29767 0.367948 0.43455
3 0.501455 0.466914 0.309685 0.347935 0.356835
3 0.499883 0.46349 0.299211 0.362824 0.32109
3 0.479879 0.466302 0.284937 0.346289 0.261021
3 0.4917 0.480876 0.281652 0.330261 0.184725
3 0.481481 0.470168 0.2838 0.375909 0.162406
3 0.484791 0.458685 0.274618 0.365771 0.104133
3 0.496046 0.480634 0.293118 0.332234 0.104103
3 0.485887 0.447825 0.261912 0.346217 0.100311
3 0.508765 0.445506 0.262284 0.327297 0.087742
3 0.480441 0.479049 0.265566 0.328502 0.07819
3 0.503975 0.462698 0.272347 0.335485 0.0720191
3 0.499527 0.432156 0.227973 0.314205 0.0421029
1 0.635915 0.463317 0.142697 0.472245 0.0338565
3 0.485125 0.462613 0.273653 0.376704 0.0327049
1 0.640644 0.448185 0.137456 0.446764 0.0304513
1 0.640721 0.449946 0.1227 0.431998 0.0252745
3 0.497983 0.478415 0.274993 0.318151 0.0235697
5 0.70017 0.0134135 0.0450423 0.0265619 0.0233465
3 0.576553 0.448977 0.107809 0.22184 0.0229285
3 0.454884 0.468416 0.256733 0.362041 0.0220978
3 0.529705 0.428572 0.230506 0.296817 0.0219232
1 0.639069 0.475869 0.128216 0.468525 0.0193457
1 0.628655 0.438735 0.14901 0.434453 0.017814
3 0.526525 0.423947 0.225869 0.32269 0.016283
3 0.478086 0.427627 0.240445 0.294819 0.0156404
3 0.573248 0.451527 0.0953735 0.215789 0.0151362
1 0.644234 0.450524 0.113152 0.4127 0.0143208
1 0.613665 0.620159 0.163588 0.143921 0.0142493
5 0.534995 0.124736 0.0391581 0.0383999 0.0140351
3 0.538187 0.442247 0.206681 0.277274 0.0138037
3 0.477817 0.447586 0.251532 0.338075 0.0134635
5 0.70133 0.0128057 0.0406498 0.0248274 0.0115643
1 0.640008 0.460457 0.125209 0.448999 0.0111991
5 0.534479 0.12418 0.0409223 0.0394664 0.0111557
1 0.590679 0.62236 0.214973 0.147078 0.0104878
3 0.45738 0.471588 0.257381 0.402166 0.0104848
3 0.565049 0.446575 0.0940247 0.230011 0.0104244
