1 0.565262 0.290699 0.401562 0.580311 0.834718
1 0.56661 0.291144 0.399218 0.580418 0.823349
1 0.566412 0.291066 0.401387 0.582133 0.819328
1 0.566773 0.291613 0.400848 0.583226 0.818952
1 0.567369 0.290937 0.398416 0.581873 0.817415
1 0.567022 0.291165 0.400848 0.57922 0.807277
1 0.567064 0.292187 0.399464 0.578319 0.796468
1 0.567615 0.291127 0.40298 0.581485 0.787963
1 0.56737 0.292222 0.403106 0.581839 0.787888
1 0.568665 0.292195 0.401772 0.580099 0.765617
5 0.507579 0.257701 0.0283421 0.0314866 0.0442723
5 0.508041 0.257875 0.024505 0.0269409 0.0432752
1 0.550009 0.141943 0.349137 0.229326 0.0364393
5 0.507979 0.258179 0.0307257 0.0338058 0.030698
5 0.509621 0.376885 0.0268901 0.027822 0.0284816
5 0.510794 0.376899 0.0280379 0.0302655 0.026327
5 0.508212 0.257692 0.029014 0.0309814 0.0257364
5 0.506549 0.257898 0.0328875 0.0358379 0.0200689
5 0.507367 0.256408 0.0296508 0.0335933 0.0194085
5 0.510119 0.377627 0.0227672 0.0228786 0.0189983
5 0.510674 0.376769 0.0260642 0.0266075 0.0186826
5 0.506411 0.257656 0.0315811 0.0331339 0.0170485
1 0.553484 0.14943 0.359316 0.274663 0.015139
1 0.562267 0.127539 0.39912 0.254861 0.0148982
1 0.551698 0.156174 0.373445 0.240638 0.0148144
1 0.564525 0.132594 0.405649 0.264978 0.0141555
5 0.508488 0.256573 0.0316323 0.0355315 0.0112801
1 0.56548 0.140301 0.407007 0.27983 0.0109089
