0 0.503344 0.500351 0.83108 0.989366 0.918141
0 0.509468 0.49814 0.815199 0.992432 0.914244
0 0.507677 0.484306 0.817518 0.960413 0.888204
0 0.502872 0.485147 0.829692 0.96412 0.887389
0 0.522551 0.503202 0.866686 0.993596 0.853699
0 0.51932 0.493741 0.863635 0.984291 0.820072
0 0.508246 0.456965 0.816112 0.91393 0.786638
0 0.50092 0.462071 0.828145 0.924141 0.777185
0 0.515025 0.477969 0.859777 0.955937 0.624231
0 0.520625 0.495728 0.875346 0.991211 0.106385
5 0.4716 0.508259 0.0454209 0.061896 0.0623669
5 0.471275 0.507564 0.0410208 0.0612056 0.0587068
5 0.470971 0.509104 0.0453558 0.0619596 0.0583134
5 0.471397 0.50875 0.0423056 0.0599917 0.0521481
5 0.470573 0.50878 0.0494602 0.0673324 0.0413862
5 0.824886 0.667965 0.042097 0.0634658 0.0411259
5 0.471953 0.509692 0.0486208 0.0633165 0.0348993
5 0.469675 0.506422 0.0495674 0.0686262 0.0347629
5 0.475103 0.508604 0.0543767 0.0725053 0.032562
5 0.471348 0.508657 0.0462632 0.0615096 0.0321371
5 0.8246 0.668162 0.0425497 0.0651223 0.0318046
5 0.826243 0.669956 0.0461703 0.0696409 0.0313956
5 0.825353 0.666248 0.0479646 0.0669326 0.0277171
5 0.825351 0.669258 0.0435663 0.0678916 0.0249037
5 0.746018 0.577654 0.0465196 0.0667544 0.0217597
5 0.474165 0.506545 0.0542508 0.0717509 0.0214466
5 0.745295 0.576396 0.0448526 0.0630266 0.0210753
5 0.823609 0.667566 0.0461195 0.0689617 0.0209517
5 0.823304 0.666852 0.0427001 0.0659103 0.0209094
5 0.475749 0.509142 0.0580769 0.0777775 0.0205609
5 0.472393 0.508484 0.0577053 0.0699196 0.0203816
5 0.824974 0.667287 0.0379926 0.0613546 0.0199221
5 0.471902 0.507908 0.0471521 0.0652419 0.0180208
5 0.747491 0.575432 0.0511238 0.0698648 0.0172846
5 0.825056 0.668399 0.040248 0.0632421 0.0169755
5 0.745572 0.577344 0.0487904 0.0615212 0.016183
5 0.743081 0.575727 0.0475319 0.0640576 0.0148848
5 0.826141 0.669066 0.0392509 0.0580305 0.014462
5 0.824668 0.668501 0.0525415 0.0726104 0.0134833
5 0.831831 0.610715 0.037849 0.0503604 0.012519
5 0.831819 0.610177 0.0383271 0.0497263 0.0124342
5 0.832059 0.610714 0.0401679 0.0532324 0.0112683
