0 0.382118 0.416523 0.325742 0.374831 0.554533
0 0.382674 0.415532 0.324626 0.377713 0.546939
0 0.380734 0.416593 0.325166 0.377162 0.517506
0 0.381974 0.418794 0.324856 0.376642 0.482328
0 0.382341 0.419047 0.324446 0.376902 0.47257
0 0.381165 0.416477 0.32323 0.380106 0.471806
0 0.383171 0.41597 0.328467 0.379554 0.387324
0 0.382579 0.41927 0.326936 0.37783 0.382399
0 0.382593 0.416566 0.326624 0.37955 0.379408
0 0.382497 0.416366 0.331954 0.376825 0.240941
0 0.365167 0.461984 0.263979 0.257133 0.121527
0 0.487933 0.417923 0.117138 0.362012 0.109245
0 0.35383 0.465643 0.213413 0.254959 0.102185
0 0.344065 0.452946 0.2051 0.28694 0.0963956
0 0.352472 0.463381 0.233204 0.259434 0.0880448
0 0.368946 0.462481 0.288974 0.262132 0.0838464
0 0.348241 0.466246 0.21014 0.257166 0.0837565
0 0.489421 0.425578 0.113322 0.351067 0.0770548
0 0.497261 0.422677 0.101141 0.372725 0.0733117
0 0.351173 0.462459 0.192014 0.264701 0.0649578
0 0.340144 0.41795 0.199482 0.317358 0.0642243
0 0.377228 0.416863 0.317407 0.373269 0.063072
0 0.349642 0.466184 0.239898 0.254973 0.0567204
2 0.430558 0.987832 0.0384235 0.022104 0.0549048
0 0.496154 0.422808 0.103661 0.363789 0.0524105
0 0.350247 0.456318 0.211766 0.280393 0.0493431
0 0.338297 0.412632 0.223562 0.361354 0.0492791
2 0.430766 0.987024 0.0386625 0.0245369 0.0484351
0 0.338123 0.425112 0.226105 0.350698 0.0482544
2 0.430748 0.986835 0.038889 0.0251031 0.0471193
2 0.430766 0.987519 0.0373529 0.0233731 0.0401569
0 0.318477 0.418001 0.198658 0.373408 0.0399778
0 0.372221 0.480846 0.284108 0.247994 0.0361311
0 0.49661 0.456669 0.0907345 0.268028 0.0342453
0 0.335672 0.39469 0.191275 0.239023 0.0338601
0 0.492223 0.421018 0.107508 0.354214 0.0322109
0 0.50286 0.427106 0.0903371 0.370446 0.0320101
0 0.332145 0.364253 0.200839 0.228218 0.0314031
0 0.349191 0.439959 0.184992 0.262071 0.0310042
0 0.353305 0.281178 0.198971 0.115073 0.0300388
0 0.352482 0.279344 0.213482 0.112006 0.0286266
0 0.370985 0.4805 0.29869 0.251124 0.0258755
0 0.338222 0.280906 0.215826 0.115067 0.0255765
0 0.336879 0.337559 0.234079 0.21691 0.0252945
0 0.495778 0.454517 0.0910423 0.274928 0.0252033
0 0.479277 0.414556 0.135348 0.33962 0.0246172
0 0.349888 0.282022 0.198668 0.116967 0.024268
0 0.349445 0.306119 0.239575 0.152657 0.024034
0 0.334579 0.338415 0.227218 0.215589 0.0233088
0 0.491134 0.464676 0.106626 0.265986 0.0232303
0 0.358272 0.279588 0.193006 0.111379 0.0231676
0 0.35569 0.278811 0.19002 0.110423 0.0226173
0 0.331021 0.362786 0.20948 0.230683 0.0217183
0 0.34618 0.310035 0.224354 0.160559 0.0209827
0 0.498737 0.44982 0.0872113 0.238092 0.0206204
0 0.33333 0.397626 0.209757 0.318994 0.0206015
0 0.342394 0.404198 0.190212 0.218244 0.0190921
2 0.430291 0.98858 0.0424815 0.0215619 0.0190008
0 0.342321 0.284021 0.191179 0.119825 0.0189559
0 0.347565 0.279254 0.21759 0.113159 0.018087
0 0.50636 0.452172 0.077021 0.285281 0.0177231
0 0.358434 0.280337 0.186563 0.112706 0.0174388
0 0.378172 0.340977 0.324631 0.22563 0.0173837
0 0.481059 0.43029 0.128529 0.323931 0.0168442
2 0.431643 0.986297 0.0493252 0.0261222 0.0165581
0 0.498917 0.42416 0.0984457 0.342122 0.016354
0 0.378051 0.278704 0.167185 0.108969 0.0158873
0 0.496161 0.437057 0.0950703 0.258983 0.0157364
0 0.366032 0.463541 0.264445 0.269954 0.0156884
0 0.346534 0.335516 0.245281 0.215695 0.015493
0 0.362337 0.278235 0.17975 0.108909 0.0153985
0 0.368142 0.279252 0.177872 0.110056 0.0148693
0 0.36567 0.300706 0.227423 0.142753 0.0147533
0 0.399238 0.278159 0.185392 0.109084 0.0146568
0 0.370975 0.470616 0.292347 0.257474 0.0143059
0 0.508711 0.42702 0.0754118 0.30216 0.0139771
0 0.50669 0.447972 0.0743641 0.297753 0.0139761
0 0.380806 0.278827 0.173566 0.111951 0.013684
0 0.33344 0.362738 0.209844 0.244435 0.0135984
0 0.367711 0.292557 0.289044 0.129694 0.0134174
0 0.341195 0.45958 0.226679 0.269235 0.0133143
0 0.49576 0.449256 0.0912158 0.270596 0.013174
0 0.509295 0.412187 0.0787759 0.30417 0.0129295
0 0.352081 0.503147 0.25977 0.202091 0.0121972
0 0.353217 0.430094 0.201223 0.281496 0.011484
0 0.485537 0.457444 0.0976103 0.245807 0.0114007
0 0.365917 0.292153 0.263762 0.129916 0.0112388
0 0.33707 0.414317 0.240347 0.373758 0.0112208
0 0.366929 0.442841 0.262677 0.309502 0.0110319
0 0.487435 0.46071 0.0946329 0.243385 0.0107129
0 0.398659 0.278619 0.18661 0.11124 0.0102464
0 0.376086 0.348748 0.328052 0.239772 0.0102384
