0 0.519713 0.500181 0.857163 0.998971 0.876735
0 0.520996 0.491852 0.860926 0.983703 0.866439
0 0.530249 0.5 0.85343 1 0.861461
0 0.537225 0.494377 0.865964 0.988753 0.847073
0 0.539121 0.49149 0.873936 0.982366 0.844155
0 0.521481 0.487921 0.863788 0.973665 0.843522
0 0.486781 0.494506 0.904607 0.989012 0.762486
0 0.48132 0.5 0.883688 1 0.68754
0 0.500195 0.496053 0.934152 0.992105 0.636038
0 0.503664 0.492938 0.83169 0.985876 0.517337
0 0.510962 0.663651 0.880916 0.672698 0.111849
0 0.435493 0.52315 0.345226 0.267839 0.0404389
0 0.446775 0.523644 0.318844 0.274296 0.0368223
5 0.398719 0.102285 0.045914 0.0533372 0.0366659
0 0.508747 0.664126 0.894518 0.671543 0.0314427
0 0.45493 0.521166 0.320149 0.271802 0.0310593
5 0.398938 0.102914 0.0429428 0.0505313 0.0283285
0 0.411115 0.525731 0.384204 0.274672 0.0269606
5 0.550378 0.360318 0.0727308 0.0889773 0.0243564
5 0.498312 0.112081 0.0437033 0.0484525 0.0240021
0 0.410271 0.524919 0.388399 0.265907 0.0238664
5 0.467669 0.764475 0.0714244 0.0835079 0.0234689
5 0.336849 0.809807 0.0431965 0.0536253 0.023448
5 0.337256 0.809418 0.0436835 0.0538384 0.0216579
5 0.498099 0.111712 0.0466762 0.0501852 0.021439
5 0.397843 0.102786 0.0459895 0.0524895 0.0210529
5 0.497931 0.112019 0.0450223 0.0492648 0.0210271
5 0.173091 0.354854 0.0357376 0.0511838 0.020455
5 0.498392 0.111652 0.0474526 0.0510303 0.02043
5 0.399083 0.102865 0.0421152 0.0506237 0.0203149
5 0.498143 0.112377 0.044218 0.0484135 0.0201463
5 0.498507 0.111984 0.0444545 0.0485234 0.0200203
5 0.46745 0.764919 0.0708283 0.0820641 0.0196213
5 0.55068 0.360103 0.0725537 0.0889438 0.0190319
0 0.518257 0.206209 0.89445 0.407097 0.0186612
5 0.660592 0.32174 0.0933129 0.11153 0.0186274
5 0.337337 0.809737 0.0422108 0.0521624 0.0180772
5 0.337475 0.809189 0.0442276 0.0538709 0.0180001
5 0.301033 0.210174 0.0433872 0.0551417 0.0179019
0 0.511532 0.21163 0.916467 0.417193 0.0177527
5 0.301044 0.210139 0.0434634 0.0549749 0.0173716
5 0.467569 0.763709 0.0736184 0.085063 0.0171915
5 0.287601 0.706118 0.0699324 0.0826946 0.0166862
5 0.172702 0.355051 0.0368115 0.051499 0.0164357
5 0.550691 0.360338 0.0753331 0.0923635 0.016007
5 0.2875 0.705667 0.0709194 0.0832936 0.0156363
5 0.173053 0.354565 0.0365577 0.0524367 0.0154882
5 0.364259 0.878841 0.0629375 0.0735907 0.0154238
5 0.468268 0.764282 0.0720393 0.0841844 0.0154138
5 0.566396 0.801015 0.0775804 0.0875483 0.0151762
5 0.550527 0.360512 0.0731494 0.0874965 0.0149466
5 0.580655 0.187633 0.0541438 0.0653766 0.0147418
5 0.659992 0.320909 0.0932372 0.112628 0.0147251
5 0.398522 0.10306 0.0454191 0.0528214 0.0144896
5 0.66148 0.321898 0.0922277 0.11107 0.0142428
5 0.17532 0.57608 0.0360201 0.0497266 0.014162
0 0.459197 0.52326 0.287836 0.273372 0.0140966
0 0.549578 0.490765 0.751621 0.979845 0.014092
5 0.175231 0.575948 0.0359845 0.0498394 0.0138984
5 0.336901 0.810442 0.0429961 0.0535557 0.0138868
5 0.661798 0.322696 0.0934862 0.112341 0.0136851
5 0.173105 0.354627 0.0371145 0.0512414 0.0135186
5 0.364839 0.878603 0.0627056 0.0739939 0.0133772
5 0.364796 0.8786 0.0627586 0.0723969 0.0129335
5 0.398561 0.102645 0.0455752 0.0544227 0.0128087
5 0.58079 0.187093 0.0541334 0.0649514 0.0127263
5 0.364536 0.878506 0.0618187 0.0727688 0.0123918
5 0.398544 0.102474 0.0433585 0.0519662 0.0122112
5 0.301263 0.210059 0.0439776 0.0559508 0.0121673
5 0.337136 0.810283 0.0429474 0.0522509 0.012108
5 0.468323 0.765106 0.0706733 0.0831738 0.0120492
5 0.550343 0.360534 0.0702197 0.0875089 0.0118741
5 0.551075 0.360688 0.0715523 0.0875913 0.0118382
5 0.550513 0.359975 0.0711752 0.0898024 0.0117953
5 0.194936 0.484169 0.0386033 0.0519699 0.0117721
5 0.58031 0.187963 0.0537069 0.0648873 0.0114646
5 0.398155 0.1025 0.047604 0.0542689 0.0114599
5 0.339961 0.505932 0.0760287 0.0956786 0.0111911
5 0.195371 0.484114 0.0379008 0.0526274 0.0109041
5 0.287394 0.704927 0.07104 0.0836166 0.0107919
5 0.350302 0.136049 0.0387749 0.0471815 0.0106152
5 0.66131 0.323787 0.0913335 0.105486 0.0106101
5 0.423511 0.871331 0.0514684 0.0604087 0.010435
5 0.364767 0.878572 0.0616961 0.0716019 0.0102883
5 0.398628 0.10282 0.042022 0.0519739 0.0102335
5 0.350108 0.135928 0.0370256 0.0456783 0.0101676
