3 0.533824 0.573772 0.46029 0.503711 0.781324
3 0.534111 0.573637 0.459233 0.503726 0.744911
3 0.531651 0.574132 0.461405 0.499002 0.712998
3 0.531458 0.573181 0.461417 0.504438 0.705024
3 0.534268 0.574749 0.460256 0.50366 0.694193
3 0.532622 0.573646 0.463029 0.499422 0.683548
3 0.532066 0.573824 0.464697 0.505894 0.636705
3 0.534898 0.5747 0.464616 0.499241 0.635117
3 0.535283 0.574301 0.467497 0.504742 0.547446
3 0.55592 0.566241 0.309178 0.359435 0.328806
3 0.563488 0.554488 0.27012 0.345624 0.25703
3 0.536433 0.574686 0.472947 0.498874 0.235798
3 0.543126 0.588447 0.303767 0.356992 0.229538
3 0.551633 0.574115 0.294913 0.33414 0.226499
3 0.565979 0.546923 0.274849 0.354298 0.209123
3 0.558283 0.559317 0.319248 0.370339 0.180543
3 0.543471 0.577327 0.315459 0.361878 0.162817
3 0.541252 0.596178 0.269717 0.329328 0.117536
3 0.561725 0.566816 0.25341 0.324993 0.100505
3 0.526481 0.618812 0.278312 0.381941 0.0814068
1 0.358209 0.570627 0.124831 0.569681 0.0668656
3 0.580209 0.539162 0.245788 0.346066 0.0661921
3 0.525082 0.613992 0.300452 0.402076 0.0626487
3 0.577073 0.55309 0.242422 0.34793 0.0614678
1 0.358017 0.58401 0.122864 0.562746 0.0595831
1 0.358393 0.575439 0.122203 0.488606 0.0594465
1 0.359331 0.573707 0.128828 0.501958 0.0463004
3 0.566035 0.541908 0.258658 0.341952 0.0444121
3 0.545943 0.566263 0.317236 0.35681 0.0431953
1 0.35669 0.578602 0.134347 0.506633 0.0385201
1 0.357862 0.593512 0.124028 0.453295 0.0362289
3 0.548476 0.584114 0.246746 0.297617 0.0356733
1 0.356406 0.593639 0.133762 0.463518 0.0271962
1 0.358189 0.592107 0.137679 0.601452 0.0265051
3 0.581387 0.523171 0.233937 0.317761 0.0254239
3 0.559753 0.556628 0.302769 0.347233 0.0237363
3 0.63023 0.575496 0.261753 0.504643 0.0212251
1 0.36228 0.575054 0.145217 0.610364 0.0194358
3 0.527034 0.5964 0.304646 0.372652 0.0192203
3 0.631433 0.574823 0.256038 0.50072 0.0177009
3 0.529601 0.573997 0.46247 0.498839 0.0150585
1 0.348137 0.566064 0.0974884 0.454357 0.0143036
3 0.574871 0.564859 0.232708 0.341488 0.013783
3 0.509599 0.622115 0.243984 0.388521 0.0123816
1 0.34721 0.570694 0.0973039 0.451227 0.0123813
1 0.700043 0.58437 0.127088 0.479813 0.012277
1 0.359873 0.56763 0.131488 0.480325 0.0122303
3 0.52674 0.620843 0.259806 0.340761 0.0117433
3 0.533422 0.607158 0.229531 0.277531 0.0114655
1 0.357206 0.617769 0.127654 0.400475 0.011059
