2 0.424357 0.403689 0.0955895 0.113545 0.881836
2 0.425021 0.40402 0.0948754 0.112305 0.823565
2 0.452421 0.547116 0.0671736 0.0984654 0.81441
2 0.452467 0.545656 0.0686381 0.0974183 0.805344
2 0.425367 0.404432 0.0954417 0.111543 0.795866
2 0.452656 0.547243 0.0669012 0.0989342 0.794428
2 0.423841 0.404039 0.0936523 0.112306 0.794367
2 0.424653 0.404659 0.0951396 0.110649 0.79432
2 0.562732 0.428165 0.0502395 0.0705172 0.793082
2 0.563543 0.427623 0.0500348 0.069677 0.792203
2 0.663922 0.502933 0.0604457 0.0660647 0.78486
2 0.394213 0.259153 0.0829889 0.0963242 0.784677
2 0.664075 0.502934 0.0597179 0.0668011 0.782359
2 0.563073 0.428023 0.0500561 0.0698826 0.781858
2 0.664074 0.504053 0.059635 0.0675624 0.777676
2 0.423484 0.404714 0.0957009 0.112982 0.775621
2 0.562701 0.428568 0.0488815 0.0688533 0.772766
2 0.426611 0.404795 0.0982341 0.110381 0.767982
2 0.393593 0.257839 0.080257 0.0971947 0.762542
2 0.452184 0.546404 0.0681545 0.0988185 0.761732
2 0.664683 0.503426 0.0606537 0.067238 0.760246
2 0.452747 0.546357 0.0676087 0.0986605 0.75606
2 0.452888 0.546464 0.0672121 0.0974842 0.74938
2 0.563164 0.429062 0.0495059 0.0691902 0.746085
2 0.453323 0.546017 0.0685554 0.0965454 0.741442
2 0.64674 0.572681 0.0463385 0.0663292 0.740369
2 0.663978 0.502971 0.0602911 0.0672834 0.737831
2 0.393787 0.258814 0.0830894 0.096907 0.737268
2 0.45227 0.547661 0.0680229 0.0987531 0.736614
2 0.563313 0.428295 0.0494013 0.0708451 0.735196
2 0.663404 0.504098 0.0586728 0.0670402 0.734683
2 0.66422 0.503616 0.0604095 0.0669742 0.73435
2 0.533843 0.260533 0.0712568 0.113203 0.734318
2 0.533981 0.261938 0.073237 0.114958 0.733585
2 0.342909 0.183091 0.0731291 0.101084 0.731683
2 0.393795 0.25966 0.0840314 0.0958021 0.727513
2 0.393362 0.257929 0.0795925 0.0970722 0.726189
2 0.533856 0.26206 0.0726828 0.116387 0.724835
2 0.424981 0.403738 0.0975615 0.11482 0.723737
2 0.341999 0.182418 0.0740827 0.100074 0.723173
2 0.453187 0.546672 0.0669894 0.0979607 0.722974
2 0.663817 0.502762 0.0596699 0.0653654 0.72226
2 0.647302 0.572538 0.0460107 0.0656758 0.717564
2 0.563016 0.428189 0.0510398 0.0713367 0.70462
2 0.342657 0.183582 0.0730725 0.1003 0.70423
2 0.393281 0.258478 0.0796722 0.0972134 0.703789
2 0.393786 0.258211 0.0813598 0.0974644 0.698627
2 0.341589 0.183176 0.0714164 0.101239 0.694345
2 0.533775 0.261096 0.0686969 0.115121 0.694109
2 0.647319 0.572036 0.0458242 0.0655222 0.693148
2 0.505151 0.617326 0.0524041 0.079642 0.693141
2 0.505211 0.616954 0.053244 0.0800791 0.69229
2 0.646668 0.572154 0.0462828 0.0661804 0.691086
2 0.504617 0.616804 0.0512697 0.0798956 0.685495
2 0.647244 0.571324 0.047744 0.0644876 0.67898
2 0.533465 0.262483 0.0725428 0.117255 0.675364
2 0.50416 0.617173 0.0524139 0.0801852 0.674834
2 0.53379 0.260646 0.0703741 0.114733 0.673141
2 0.504163 0.616533 0.0511805 0.0803178 0.670335
2 0.258673 0.502832 0.0408868 0.0501031 0.668268
2 0.342841 0.182135 0.0737458 0.0978902 0.668112
2 0.341847 0.183038 0.0720378 0.101568 0.667513
2 0.64654 0.571825 0.047427 0.0653293 0.667024
2 0.341779 0.183409 0.0725286 0.103457 0.664634
2 0.258706 0.502194 0.0408374 0.0512084 0.661864
2 0.392908 0.257074 0.0775743 0.0960902 0.658902
2 0.258907 0.503099 0.0406926 0.0503552 0.636842
2 0.533407 0.265345 0.0675127 0.104699 0.635774
2 0.258821 0.503061 0.0407134 0.0494286 0.634373
2 0.663104 0.503893 0.0606799 0.0684365 0.631742
2 0.258818 0.502435 0.0401836 0.0500789 0.630732
2 0.258887 0.502715 0.0392737 0.0480961 0.626752
2 0.647176 0.571853 0.0474685 0.0667925 0.626579
2 0.394036 0.259256 0.0823516 0.0959439 0.620939
2 0.504662 0.617407 0.0503713 0.0784449 0.615056
2 0.533132 0.266357 0.0668556 0.103717 0.614969
2 0.505121 0.616652 0.051062 0.0796789 0.598645
2 0.504502 0.61762 0.0524744 0.0791821 0.597759
2 0.341405 0.183488 0.0732537 0.102864 0.590589
2 0.562986 0.428879 0.049416 0.0703669 0.573021
2 0.533487 0.265967 0.0684807 0.102029 0.571326
2 0.562777 0.429018 0.0506124 0.0713062 0.569041
2 0.534071 0.26211 0.0715083 0.115315 0.565654
2 0.504027 0.617027 0.0500067 0.0785476 0.564019
2 0.452615 0.54582 0.0653946 0.0947544 0.552637
2 0.25845 0.502347 0.0401961 0.0501261 0.552516
2 0.258386 0.502392 0.0408493 0.051039 0.54698
2 0.546445 0.569058 0.0517219 0.0878337 0.544429
2 0.588737 0.349418 0.0983804 0.0713916 0.535184
2 0.646936 0.57242 0.0466889 0.0658758 0.528068
2 0.589063 0.349356 0.0984674 0.0711793 0.518333
2 0.590698 0.348652 0.0961248 0.0730548 0.510751
2 0.647292 0.572327 0.0459119 0.066484 0.498903
2 0.664224 0.503731 0.0596663 0.0667731 0.490713
2 0.588813 0.349246 0.0969084 0.0735591 0.48816
2 0.588154 0.348789 0.0974689 0.075868 0.484256
2 0.549724 0.57092 0.0569574 0.0910934 0.481887
2 0.391299 0.257018 0.0740444 0.0950953 0.478025
2 0.547344 0.566583 0.0537453 0.0831198 0.47651
2 0.505519 0.616473 0.0540169 0.0797509 0.469564
2 0.533267 0.262293 0.0742082 0.116677 0.462969
2 0.54767 0.56752 0.0558972 0.0850627 0.460598
2 0.547772 0.565657 0.0553667 0.0820151 0.45215
2 0.546141 0.564397 0.0513434 0.0794117 0.450163
2 0.504468 0.614704 0.0504566 0.0742545 0.44689
2 0.258697 0.50314 0.0419492 0.0509176 0.443767
2 0.549853 0.5671 0.0584815 0.0843464 0.443511
2 0.562778 0.428066 0.0524479 0.0705191 0.44201
2 0.531273 0.285057 0.0635523 0.0658274 0.440469
2 0.777351 0.538673 0.047912 0.0608621 0.40822
2 0.591004 0.349034 0.0960643 0.0725995 0.401639
2 0.777426 0.538397 0.0482357 0.0595738 0.397254
2 0.587912 0.348944 0.0990173 0.076401 0.390499
2 0.777735 0.538399 0.047954 0.0579316 0.387576
2 0.777595 0.538597 0.046978 0.0590013 0.379532
2 0.58757 0.340501 0.0961679 0.0929197 0.367744
2 0.647703 0.572134 0.0504937 0.0674272 0.349149
2 0.776833 0.53916 0.0499366 0.0625127 0.346507
2 0.568748 0.303357 0.0515137 0.0474533 0.344933
2 0.341466 0.184014 0.0717593 0.102876 0.34015
2 0.588933 0.34784 0.0949396 0.0735458 0.339905
2 0.777248 0.538085 0.0490935 0.0606908 0.337051
2 0.568671 0.302775 0.0556769 0.0479349 0.32949
2 0.259062 0.501686 0.0421907 0.0528157 0.322902
2 0.777866 0.538966 0.0491614 0.0620594 0.318513
2 0.545981 0.566177 0.0529402 0.0810808 0.308217
2 0.777196 0.53983 0.0484516 0.0625018 0.300746
2 0.568849 0.303327 0.0533013 0.0487572 0.299369
2 0.342221 0.182906 0.0745164 0.102662 0.286227
2 0.534391 0.261548 0.0713307 0.112663 0.269688
2 0.778055 0.538714 0.0509857 0.0621403 0.259214
2 0.568588 0.303195 0.0553127 0.0491707 0.254472
2 0.569024 0.302482 0.0543227 0.0489589 0.245331
2 0.777884 0.538147 0.0506311 0.0628787 0.222468
2 0.34259 0.183754 0.0732238 0.102645 0.215542
2 0.530252 0.591121 0.0867832 0.132795 0.209538
2 0.569205 0.301571 0.0521568 0.0461293 0.175536
2 0.513984 0.607329 0.0744284 0.100558 0.173909
2 0.569054 0.301501 0.053901 0.0454406 0.166023
2 0.534746 0.261979 0.067191 0.113843 0.133999
2 0.775773 0.539797 0.0546441 0.0685949 0.13001
2 0.559976 0.570619 0.0746631 0.0934818 0.127714
2 0.423698 0.405025 0.0951674 0.110735 0.111577
2 0.594223 0.350845 0.086263 0.0724513 0.111528
2 0.569333 0.301098 0.0519544 0.0464403 0.109192
2 0.554479 0.577883 0.0602145 0.0909247 0.108644
2 0.776135 0.539615 0.054195 0.066812 0.0999575
2 0.536916 0.59239 0.116617 0.147248 0.0936043
2 0.259543 0.500997 0.0432849 0.0536105 0.0922396
2 0.664178 0.503311 0.0636778 0.0704577 0.0896443
2 0.56301 0.427968 0.049888 0.0703508 0.0884354
2 0.341826 0.182932 0.0752177 0.10066 0.0861049
2 0.545951 0.566405 0.0539242 0.0813673 0.083086
2 0.64757 0.574725 0.0543805 0.0688675 0.0819583
2 0.647175 0.573305 0.0472543 0.0697991 0.0727212
2 0.53929 0.59329 0.12786 0.149175 0.0500299
2 0.566705 0.301216 0.141396 0.203615 0.0409289
2 0.34148 0.182917 0.0789763 0.101752 0.040745
2 0.388531 0.256065 0.0670685 0.093157 0.0371591
2 0.452394 0.547222 0.0667202 0.0976484 0.0367345
2 0.425195 0.403991 0.0954017 0.110862 0.0361925
2 0.556777 0.607 0.0612953 0.0687419 0.0360214
2 0.535399 0.262139 0.0660438 0.116081 0.0345661
2 0.571107 0.592492 0.0705629 0.0556444 0.0344344
2 0.576184 0.31329 0.073894 0.0615757 0.0336956
2 0.563151 0.429395 0.050619 0.0678947 0.0329893
2 0.452832 0.546177 0.0669801 0.0954704 0.0328878
2 0.588894 0.370629 0.0704717 0.031867 0.031133
2 0.593037 0.349116 0.0931245 0.0706387 0.0298113
2 0.584927 0.583572 0.0407789 0.043104 0.0297732
2 0.819829 0.633649 0.0232141 0.032172 0.0288855
2 0.260976 0.503578 0.0548381 0.0594934 0.0270265
2 0.530918 0.282691 0.0630132 0.0718758 0.0267935
2 0.575105 0.374457 0.0331963 0.0238096 0.0267512
2 0.576102 0.590168 0.0660776 0.054037 0.0254672
2 0.77557 0.541542 0.059109 0.06993 0.0245879
2 0.394473 0.259929 0.0832495 0.0960056 0.0239878
2 0.593976 0.350341 0.0910685 0.0750108 0.0232393
2 0.567229 0.60018 0.0768392 0.065618 0.0224875
2 0.564867 0.601593 0.076088 0.057626 0.0222019
2 0.819415 0.63405 0.0272437 0.0359907 0.0215774
2 0.778787 0.538945 0.0551584 0.0692539 0.0215767
2 0.575594 0.590041 0.0589941 0.0523694 0.0211881
2 0.567335 0.600405 0.0828625 0.0712551 0.0204758
2 0.53483 0.257697 0.0662093 0.102705 0.0200685
2 0.341647 0.18324 0.0802617 0.103388 0.0200403
2 0.394921 0.26372 0.0838476 0.087427 0.0194481
2 0.586883 0.583804 0.0369632 0.042978 0.0186097
2 0.584264 0.587308 0.0403922 0.0476456 0.017915
2 0.566618 0.593944 0.0766935 0.0560777 0.0176509
2 0.504342 0.615094 0.0503445 0.0772968 0.0172437
2 0.646953 0.572807 0.05538 0.0744799 0.0170039
2 0.772058 0.541055 0.0660882 0.070434 0.0169545
2 0.559086 0.570207 0.091452 0.0962765 0.0164747
2 0.778479 0.53825 0.053849 0.0652793 0.0160443
2 0.555086 0.301884 0.114 0.204845 0.0159739
2 0.562646 0.587443 0.0844646 0.0664524 0.0153613
2 0.259111 0.502974 0.0455292 0.0561401 0.0151608
2 0.509337 0.597845 0.0668205 0.14309 0.015155
2 0.819736 0.633565 0.0290192 0.0362878 0.0148073
2 0.819793 0.633921 0.031291 0.0385027 0.0143674
2 0.394236 0.262141 0.0838834 0.0916258 0.0127067
2 0.505622 0.616323 0.0539533 0.0798071 0.0126901
2 0.568405 0.619237 0.0863148 0.0947129 0.0119941
2 0.574936 0.374217 0.0372983 0.0265354 0.0112326
2 0.544533 0.564364 0.0539565 0.0797303 0.0106828
2 0.53605 0.595064 0.112798 0.145296 0.0104036
2 0.646191 0.575117 0.0510175 0.0681028 0.0103962
2 0.564286 0.592777 0.0759169 0.0527496 0.0100899
