1 0.553399 0.859942 0.407546 0.280116 0.734678
1 0.552642 0.859626 0.408732 0.280748 0.715208
1 0.552344 0.86002 0.409746 0.27996 0.712876
1 0.551391 0.860416 0.409499 0.279098 0.696039
1 0.550623 0.86013 0.406394 0.27974 0.678619
1 0.552779 0.859687 0.411819 0.280625 0.675907
1 0.551842 0.859831 0.411052 0.28023 0.664828
1 0.553078 0.85946 0.414103 0.281081 0.657143
1 0.550841 0.860066 0.406236 0.279869 0.603771
1 0.550277 0.858326 0.415891 0.282162 0.507224
1 0.534632 0.363264 0.837993 0.726528 0.452492
1 0.514294 0.3627 0.876894 0.725401 0.409043
1 0.536763 0.364959 0.827303 0.716863 0.36728
1 0.537832 0.367173 0.854363 0.731569 0.363748
1 0.515954 0.369946 0.896144 0.73768 0.332582
1 0.525526 0.364457 0.851577 0.717182 0.28617
1 0.540196 0.363069 0.828306 0.726138 0.258422
