1 0.384276 0.456703 0.33629 0.376542 0.805267
1 0.383063 0.456512 0.3392 0.37397 0.800514
1 0.384173 0.457464 0.336528 0.376689 0.791108
1 0.383426 0.457602 0.336211 0.377269 0.777764
1 0.383154 0.456918 0.337806 0.376226 0.77711
1 0.382427 0.456704 0.337959 0.374986 0.774583
1 0.382597 0.457303 0.338788 0.375451 0.759205
1 0.384155 0.457827 0.335988 0.376163 0.758618
1 0.383387 0.45796 0.335947 0.377801 0.741125
1 0.384316 0.457075 0.337966 0.377983 0.712798
5 0.362445 0.403183 0.0205441 0.0222542 0.294718
