2 0.743766 0.618906 0.0689505 0.0819772 0.651342
2 0.74288 0.619339 0.0676464 0.0825471 0.648713
2 0.743134 0.61873 0.0684453 0.0824828 0.631837
2 0.74342 0.619104 0.0700611 0.0834216 0.628167
2 0.743859 0.619017 0.0686111 0.0823627 0.608549
2 0.743506 0.619518 0.0680183 0.0814147 0.579346
2 0.743675 0.619005 0.068719 0.0829011 0.579036
2 0.743999 0.619176 0.0687677 0.0844411 0.567383
2 0.284206 0.554588 0.0750464 0.0843206 0.542717
2 0.284996 0.554515 0.0749366 0.0841566 0.53621
2 0.248236 0.672341 0.0859787 0.0969459 0.525019
2 0.284393 0.553944 0.0748619 0.0830192 0.518631
2 0.24726 0.672397 0.0893853 0.0974535 0.511224
2 0.284889 0.554205 0.0742555 0.0822931 0.510434
2 0.742249 0.619467 0.0712897 0.0850838 0.502051
2 0.285097 0.554909 0.074531 0.0824464 0.496286
2 0.246852 0.672551 0.090344 0.0979954 0.479843
2 0.284476 0.554619 0.07434 0.0817117 0.477996
2 0.247525 0.672968 0.0883087 0.0976736 0.471996
2 0.249096 0.673046 0.0877726 0.0980321 0.450497
2 0.285495 0.555155 0.0762523 0.0858611 0.450308
2 0.24842 0.673503 0.0854788 0.0976304 0.437186
2 0.247561 0.673378 0.0912354 0.0994277 0.432058
2 0.246697 0.672885 0.0910653 0.0980498 0.4217
2 0.285247 0.55584 0.0796701 0.0885879 0.405717
2 0.743157 0.619649 0.0689284 0.0851625 0.401598
2 0.221181 0.237323 0.0349476 0.0420061 0.398878
2 0.221178 0.237597 0.0360971 0.0433458 0.392876
2 0.285237 0.554959 0.0733525 0.0800159 0.366291
2 0.285639 0.554338 0.0818653 0.0856251 0.361782
2 0.22125 0.238134 0.0320127 0.0390326 0.351818
2 0.2854 0.555388 0.0794345 0.0868233 0.338834
2 0.221535 0.238034 0.033397 0.0406946 0.325794
2 0.285138 0.555262 0.0754306 0.0817373 0.292043
2 0.247171 0.673195 0.0893543 0.0986667 0.287832
2 0.57695 0.485413 0.0501718 0.0595501 0.251399
2 0.57559 0.485606 0.0482872 0.0585134 0.248132
2 0.575717 0.485257 0.0540547 0.0607934 0.240926
2 0.575001 0.485015 0.0505208 0.0595669 0.240806
2 0.247301 0.672385 0.0880202 0.0980881 0.22191
2 0.575917 0.485762 0.0564842 0.0643039 0.218962
2 0.221135 0.23831 0.0376779 0.0457949 0.21829
2 0.575555 0.485893 0.0461735 0.0566665 0.203673
2 0.584117 0.268388 0.0277192 0.0328052 0.203127
2 0.221356 0.238321 0.0368662 0.0445128 0.195687
2 0.576226 0.485801 0.0456928 0.0566883 0.186947
2 0.575928 0.486567 0.0549268 0.0647966 0.179999
2 0.583938 0.268008 0.0321646 0.0372665 0.176567
2 0.219829 0.23746 0.0391786 0.0458902 0.166111
2 0.576578 0.48706 0.0480188 0.0624573 0.160192
2 0.221606 0.236216 0.0403694 0.0480355 0.153323
2 0.576062 0.486328 0.0601748 0.0651936 0.151389
2 0.21955 0.237422 0.0383136 0.0449472 0.149003
2 0.584179 0.268172 0.032585 0.0366026 0.148045
2 0.222106 0.236151 0.0405557 0.0489744 0.1405
2 0.742672 0.620734 0.0727786 0.0899052 0.136519
2 0.58392 0.2681 0.0343685 0.0385402 0.135783
2 0.576548 0.487022 0.0488972 0.0642283 0.133729
2 0.584615 0.26879 0.032644 0.036987 0.123689
2 0.576846 0.485989 0.0594424 0.0659214 0.108817
2 0.248121 0.67223 0.0963729 0.102332 0.105357
2 0.849118 0.355035 0.0267571 0.0300218 0.10422
4 0.504683 0.490777 0.894907 0.981162 0.0992032
2 0.584322 0.268601 0.0344604 0.0388473 0.0948106
1 0.504812 0.496802 0.898813 0.974171 0.094581
4 0.469475 0.494711 0.93895 0.983243 0.0917753
4 0.50107 0.501501 0.890406 0.992925 0.0876298
2 0.743987 0.618338 0.0676013 0.0821105 0.0834793
4 0.471864 0.500707 0.943729 0.981761 0.082034
2 0.247958 0.672692 0.100069 0.103552 0.0809588
1 0.47229 0.499782 0.923506 0.988092 0.0799739
2 0.849276 0.355273 0.0259576 0.0290347 0.0792094
2 0.576989 0.487765 0.0609759 0.0668014 0.0776166
1 0.48043 0.504136 0.90223 0.989755 0.0772232
4 0.466789 0.502532 0.933578 0.99189 0.0767498
2 0.287538 0.555055 0.0840761 0.0874823 0.0724559
2 0.585757 0.268547 0.0342969 0.0377648 0.0722108
2 0.284578 0.555653 0.0750061 0.0820181 0.0701464
2 0.585842 0.268086 0.0363225 0.040645 0.0665001
2 0.224298 0.237215 0.0478785 0.0513021 0.0625315
2 0.576201 0.487602 0.059426 0.0707271 0.0564401
2 0.219833 0.239467 0.0410176 0.0471775 0.056068
2 0.585476 0.269483 0.0358377 0.0397867 0.051625
2 0.249242 0.67448 0.0885564 0.0967638 0.0499842
2 0.224521 0.237585 0.0474992 0.0508725 0.0430006
2 0.577882 0.485183 0.0637548 0.0688904 0.0347762
2 0.577742 0.493273 0.0631384 0.0756149 0.0281338
2 0.245711 0.673526 0.0934952 0.0978819 0.0265311
2 0.577529 0.486229 0.0685939 0.0759966 0.0258745
2 0.289054 0.555155 0.0715024 0.0870847 0.0251121
2 0.849914 0.35557 0.0316301 0.034601 0.0240634
2 0.849825 0.35577 0.0313219 0.0334563 0.0239608
2 0.741377 0.617597 0.0686371 0.0869863 0.0211441
2 0.848354 0.35516 0.0318045 0.0339809 0.0186367
2 0.220633 0.237012 0.0459725 0.051862 0.0183702
2 0.276321 0.61307 0.11046 0.220906 0.0156317
2 0.578361 0.492839 0.0625193 0.0758568 0.014296
2 0.283087 0.625027 0.111105 0.246773 0.0137767
2 0.286982 0.616011 0.102219 0.221263 0.01375
2 0.848441 0.355159 0.031972 0.0340698 0.0113146
2 0.225971 0.235384 0.0504442 0.052411 0.0112765
2 0.296723 0.557574 0.0925181 0.0848401 0.0112364
2 0.28343 0.556332 0.0844283 0.087663 0.0101946
