1 0.508341 0.602916 0.460372 0.567923 0.264524
1 0.509927 0.602555 0.459658 0.56871 0.237184
1 0.509339 0.601904 0.458477 0.568339 0.221435
1 0.50966 0.600621 0.459777 0.568169 0.173741
1 0.510655 0.600521 0.459251 0.566092 0.165531
0 0.510802 0.600503 0.459703 0.564419 0.162158
1 0.510494 0.600488 0.457907 0.568446 0.15848
0 0.51006 0.600745 0.459763 0.565742 0.157878
0 0.508456 0.600039 0.462745 0.568732 0.124615
5 0.576808 0.682664 0.0250387 0.0291857 0.121165
5 0.576657 0.682842 0.0243242 0.028413 0.112567
0 0.510843 0.600317 0.459343 0.56133 0.100266
5 0.577149 0.682759 0.0269141 0.0313223 0.0918256
5 0.577363 0.682785 0.0265609 0.0303104 0.0912642
5 0.576462 0.680715 0.0339826 0.0382979 0.028224
5 0.577387 0.68084 0.034097 0.0394783 0.0226563
5 0.574349 0.682138 0.0351786 0.0365388 0.0220519
5 0.574455 0.682005 0.0353772 0.0352916 0.019937
5 0.518043 0.735342 0.0259707 0.0326928 0.0154181
5 0.577911 0.686214 0.0349639 0.0410447 0.0139081
2 0.445812 0.388303 0.0192558 0.0197974 0.0127147
5 0.5778 0.685557 0.0356692 0.0419613 0.0124809
5 0.518911 0.736376 0.0253106 0.0321073 0.012441
5 0.518657 0.734637 0.0306764 0.035681 0.0123079
2 0.575118 0.826456 0.0176004 0.018799 0.0119674
