3 0.521003 0.55273 0.508046 0.587162 0.636365
3 0.523031 0.550666 0.502583 0.586052 0.616995
3 0.525805 0.547547 0.501437 0.582017 0.615971
3 0.52302 0.550544 0.505346 0.581119 0.607081
3 0.524204 0.54894 0.503675 0.584194 0.6011
3 0.525471 0.548745 0.501161 0.574695 0.598536
3 0.525328 0.548089 0.49725 0.587089 0.577985
3 0.52698 0.54673 0.50006 0.582316 0.569548
3 0.525772 0.54533 0.502095 0.59274 0.549501
3 0.525487 0.545882 0.502671 0.593511 0.542516
5 0.552878 0.224367 0.0459179 0.0374101 0.078537
3 0.573974 0.473743 0.347627 0.353113 0.0674574
3 0.57887 0.470917 0.342557 0.351519 0.0643048
5 0.553438 0.223873 0.0489109 0.0414705 0.0540485
5 0.553327 0.224354 0.0456902 0.0370392 0.0509607
3 0.562281 0.48233 0.37678 0.344118 0.0305127
3 0.572317 0.479944 0.357858 0.344038 0.0260895
5 0.553025 0.224125 0.048228 0.0389916 0.0237539
3 0.523266 0.466755 0.510779 0.394802 0.0231174
5 0.55295 0.224732 0.0478505 0.0393028 0.016224
5 0.0831369 0.673482 0.0380494 0.051495 0.015486
3 0.53005 0.464764 0.496538 0.401311 0.0149961
5 0.553297 0.223673 0.0508254 0.0410271 0.0129214
5 0.0830507 0.673333 0.0361095 0.0490662 0.0122513
5 0.0830484 0.673067 0.0380183 0.0506871 0.0116816
5 0.55355 0.223749 0.0496327 0.0422854 0.0110779
