2 0.491944 0.656727 0.0763011 0.0703508 0.503165
2 0.428 0.687493 0.0437801 0.0544112 0.308229
3 0.368699 0.631135 0.533263 0.53621 0.189534
2 0.551784 0.557612 0.0283803 0.0336029 0.180617
4 0.3774 0.639452 0.541806 0.527724 0.151651
2 0.257216 0.687752 0.097031 0.101404 0.0699409
3 0.360386 0.664385 0.356543 0.370857 0.0662396
3 0.389528 0.619305 0.261333 0.265694 0.0245787
2 0.434617 0.73419 0.0814179 0.0445095 0.0188395
2 0.168757 0.701859 0.0159769 0.0200832 0.0187827
2 0.25616 0.665766 0.0406947 0.0498374 0.0157548
4 0.27646 0.763651 0.345648 0.264912 0.0146395
4 0.211368 0.803044 0.135907 0.13878 0.014001
2 0.295892 0.466547 0.0290394 0.0322374 0.0131552
4 0.244921 0.84651 0.175207 0.125035 0.0130406
2 0.269209 0.684346 0.0674385 0.0733145 0.0111628
2 0.374931 0.695934 0.0363831 0.0432364 0.0103271
