1 0.478968 0.408955 0.431464 0.521778 0.340366
5 0.372052 0.386957 0.0379267 0.0436569 0.281771
0 0.475943 0.406995 0.430692 0.528966 0.260988
5 0.40486 0.360064 0.0243822 0.0254249 0.122702
1 0.554296 0.46625 0.275473 0.401785 0.0897068
5 0.336907 0.231821 0.0286435 0.034891 0.0871897
1 0.494101 0.520298 0.404783 0.297196 0.0650416
0 0.528552 0.255593 0.338937 0.214214 0.0478766
5 0.337641 0.230013 0.0395501 0.0478747 0.0463372
5 0.310727 0.38867 0.0227608 0.0264358 0.0253856
1 0.624203 0.452186 0.148119 0.43396 0.0242575
5 0.454584 0.205401 0.0489155 0.0467245 0.0185199
1 0.398189 0.530386 0.27753 0.265099 0.0180551
5 0.311241 0.388822 0.0329462 0.0370486 0.0173202
5 0.315591 0.260883 0.0293915 0.0306727 0.0168395
5 0.450643 0.198789 0.0708972 0.0683618 0.0162529
5 0.372178 0.389188 0.0500077 0.0603045 0.0153404
5 0.404026 0.361407 0.0319575 0.0362552 0.0144695
0 0.361316 0.387027 0.194561 0.299968 0.0140096
3 0.368412 0.389991 0.203192 0.191722 0.011899
1 0.485643 0.452944 0.304173 0.299517 0.0117883
0 0.37633 0.380235 0.0748885 0.0677341 0.0102382
3 0.38252 0.432462 0.23966 0.4061 0.0101238
