3 0.165505 0.163824 0.287446 0.327648 0.514543
2 0.769308 0.366734 0.0704828 0.145283 0.439016
2 0.650564 0.392731 0.179356 0.315357 0.34614
2 0.913428 0.657462 0.0895026 0.24642 0.316188
2 0.873499 0.639872 0.175697 0.29696 0.303305
2 0.121112 0.903886 0.141307 0.192229 0.296023
2 0.0905151 0.575154 0.0651203 0.172437 0.276911
2 0.658227 0.361927 0.127811 0.191342 0.265045
2 0.791946 0.464318 0.0772281 0.136569 0.247715
2 0.245119 0.951603 0.0734109 0.0967931 0.224844
2 0.776997 0.416049 0.0969483 0.241857 0.182159
2 0.763363 0.401909 0.152276 0.281586 0.171393
2 0.682799 0.349661 0.0780221 0.154638 0.159451
2 0.785976 0.468158 0.0474679 0.110636 0.153106
2 0.533679 0.240343 0.0281258 0.0590327 0.151997
