2 0.60883 0.352669 0.192389 0.342903 0.309217
3 0.502037 0.518457 0.758101 0.910685 0.272254
5 0.440813 0.550913 0.0282571 0.0431886 0.260122
5 0.617883 0.364579 0.173804 0.314661 0.0950259
5 0.44178 0.552402 0.0413611 0.0609456 0.0928002
2 0.406284 0.16752 0.19084 0.0717358 0.0636453
2 0.416566 0.676983 0.106895 0.0862822 0.0429056
5 0.537201 0.194291 0.0388752 0.0399832 0.0359491
3 0.273871 0.801992 0.308836 0.396016 0.0237574
5 0.562592 0.393021 0.298427 0.41323 0.0213087
5 0.278332 0.0405057 0.0290346 0.043846 0.0196177
2 0.580114 0.314369 0.130752 0.224845 0.0193853
5 0.299394 0.0484883 0.0697985 0.0498738 0.0186577
5 0.53941 0.194745 0.0565083 0.0594634 0.0170182
0 0.507411 0.52175 0.777142 0.909047 0.0164489
3 0.491345 0.550639 0.444735 0.582198 0.0134922
5 0.669956 0.470565 0.0552162 0.0897917 0.0114537
1 0.231725 0.535158 0.235845 0.929685 0.010555
