1 0.432821 0.526034 0.814114 0.919273 0.293614
3 0.465295 0.506497 0.873103 0.960161 0.250887
5 0.388979 0.553103 0.0296605 0.0434138 0.206666
3 0.710748 0.4742 0.565729 0.901987 0.148856
5 0.390211 0.554445 0.0445188 0.061078 0.0849663
1 0.684255 0.481885 0.631491 0.913447 0.0585396
3 0.950041 0.425524 0.0999171 0.422664 0.0521412
5 0.929971 0.218966 0.0272678 0.0406684 0.0441351
3 0.859766 0.413558 0.280468 0.7815 0.0223315
5 0.322852 0.52735 0.0228473 0.0324736 0.0218719
5 0.927327 0.217198 0.0423343 0.0562374 0.0203297
5 0.323692 0.526558 0.0360106 0.0459909 0.0123998
1 0.156233 0.547036 0.266755 0.905928 0.0116298
5 0.0439872 0.638751 0.0415599 0.0677881 0.0114847
1 0.858636 0.352499 0.281717 0.687232 0.0113563
5 0.391981 0.555028 0.0680171 0.0815725 0.0103806
