2 0.808941 0.433354 0.0499221 0.0602662 0.82347
2 0.596431 0.728782 0.0398056 0.051104 0.778368
2 0.54292 0.812835 0.0318766 0.0487735 0.742774
2 0.589062 0.793757 0.0382994 0.0465845 0.708152
2 0.465942 0.848457 0.0355113 0.0516516 0.696379
2 0.401229 0.550928 0.039114 0.0536918 0.650489
2 0.512759 0.7939 0.0340789 0.0424786 0.645436
2 0.271876 0.463205 0.0376519 0.0556624 0.599583
1 0.504521 0.5118 0.771413 0.9764 0.0599823
2 0.528366 0.802574 0.0554934 0.0645985 0.0576365
5 0.964245 0.84469 0.0714513 0.31062 0.0338266
1 0.232076 0.517845 0.24851 0.96431 0.0187196
5 0.27352 0.462982 0.0531435 0.0705259 0.0156378
3 0.229277 0.551509 0.253921 0.896983 0.0126527
2 0.575686 0.800876 0.0412213 0.0678979 0.0110373
