1 0.535873 0.438041 0.623815 0.4954 0.419956
3 0.537207 0.442868 0.622576 0.501659 0.346473
5 0.909823 0.587717 0.0376596 0.0801908 0.345066
5 0.855535 0.625205 0.0220562 0.0361537 0.182588
5 0.666534 0.556439 0.0173954 0.0250627 0.172169
5 0.738552 0.636605 0.0337658 0.0393958 0.126784
5 0.831725 0.604851 0.0288671 0.045018 0.117911
5 0.80048 0.661072 0.0195024 0.0285362 0.0989804
5 0.880004 0.588896 0.017532 0.0263926 0.0816387
5 0.726745 0.668672 0.0228661 0.0288973 0.0790247
5 0.842802 0.762111 0.0240469 0.0304415 0.0733549
5 0.816922 0.682802 0.0172023 0.0250483 0.0680468
5 0.858756 0.558824 0.0150135 0.0209632 0.0630638
2 0.831526 0.526102 0.118029 0.217981 0.0606745
5 0.832023 0.528786 0.119071 0.232553 0.060629
5 0.881605 0.584825 0.0206402 0.0447542 0.0544547
0 0.80963 0.60503 0.184325 0.373029 0.0367683
5 0.856533 0.742546 0.0186605 0.0277515 0.0363066
5 0.822261 0.661655 0.0339973 0.0290811 0.0323954
5 0.886549 0.586464 0.0215791 0.0588518 0.0316118
5 0.705364 0.681512 0.0206292 0.0270083 0.0314335
0 0.84395 0.531571 0.100673 0.246153 0.0309291
5 0.813123 0.573555 0.0320795 0.0469222 0.0296883
5 0.737163 0.639251 0.0489416 0.0590719 0.0286822
5 0.850719 0.744862 0.0291101 0.0340745 0.028505
5 0.711427 0.676333 0.0405875 0.0356273 0.0250694
5 0.837888 0.734792 0.0196904 0.0245712 0.0246716
5 0.814665 0.67333 0.0348153 0.0386888 0.0242607
5 0.832158 0.596485 0.0405647 0.0769884 0.023157
5 0.66649 0.555228 0.0280658 0.0352616 0.0218627
5 0.77554 0.544757 0.027989 0.0440288 0.0214634
5 0.847226 0.754958 0.0454149 0.0550651 0.0203876
3 0.349928 0.451294 0.273417 0.478465 0.0175661
0 0.8405 0.682512 0.117567 0.202503 0.0128499
5 0.842484 0.608531 0.0432036 0.0664562 0.0122321
5 0.866415 0.57195 0.0247144 0.0436592 0.0105259
5 0.820547 0.578981 0.0600204 0.109511 0.0100703
