3 0.392394 0.320312 0.663089 0.640625 0.381459
5 0.692156 0.274905 0.0435291 0.0567343 0.148831
5 0.477761 0.557691 0.0331776 0.0488162 0.102863
5 0.896822 0.104445 0.0240932 0.0326895 0.0799807
5 0.176283 0.166044 0.0234405 0.0339329 0.0715879
3 0.577905 0.222723 0.271304 0.445446 0.0646004
5 0.377316 0.522791 0.0362451 0.0546437 0.0522816
5 0.918089 0.134085 0.0213021 0.0298908 0.0415655
3 0.57617 0.0781249 0.244622 0.148682 0.0325069
2 0.377011 0.523614 0.0380254 0.0578987 0.0312957
5 0.384778 0.230058 0.0206174 0.0301759 0.0253472
5 0.899811 0.102481 0.0386569 0.0434085 0.0241666
2 0.646727 0.302533 0.0172288 0.0233738 0.0221975
5 0.570325 0.131837 0.0172719 0.0270978 0.0214026
5 0.912809 0.128102 0.0395094 0.0505399 0.0190082
5 0.412498 0.979597 0.0382192 0.0408064 0.0155194
5 0.269859 0.310487 0.0209088 0.0311508 0.0148894
5 0.175049 0.171443 0.0341855 0.0531718 0.012565
5 0.504095 0.0955324 0.0693998 0.100599 0.0107862
3 0.239695 0.25518 0.334938 0.51036 0.0105633
