3 0.499536 0.497071 0.745517 0.978163 0.558549
2 0.683578 0.362189 0.0319816 0.0420528 0.324319
2 0.811816 0.686642 0.0258106 0.0369965 0.278846
2 0.664398 0.451419 0.0342592 0.0572855 0.258845
5 0.559365 0.526494 0.0235437 0.0309653 0.198778
2 0.733731 0.424606 0.0207271 0.0298757 0.179542
2 0.785958 0.362006 0.0273685 0.0357983 0.160171
2 0.781636 0.454634 0.0232492 0.0319758 0.134426
2 0.712628 0.361199 0.0169226 0.0267576 0.121401
2 0.789435 0.460028 0.0351114 0.034605 0.108197
2 0.758728 0.364468 0.016852 0.0263249 0.107134
5 0.680959 0.364254 0.0426189 0.051608 0.0781812
5 0.560426 0.527149 0.0340826 0.0430288 0.0601426
5 0.664452 0.449131 0.0376079 0.0629965 0.0568709
2 0.792899 0.297968 0.0216469 0.0316771 0.0498512
5 0.695388 0.761985 0.0239161 0.0321353 0.0481677
2 0.777818 0.749423 0.0302066 0.0390724 0.0378298
5 0.710763 0.360384 0.0261659 0.0383903 0.0339541
2 0.808086 0.777108 0.0225113 0.0316133 0.029574
4 0.229359 0.725519 0.107094 0.146004 0.0271099
4 0.671892 0.114461 0.160806 0.11335 0.0240101
2 0.622146 0.848966 0.0208877 0.030256 0.0232499
2 0.75754 0.789144 0.0833307 0.123728 0.0216144
4 0.568018 0.0551333 0.226134 0.110267 0.0187324
4 0.768915 0.788208 0.135684 0.131348 0.0174933
5 0.809936 0.684253 0.0387199 0.0523039 0.0174097
4 0.724572 0.132198 0.0630084 0.0733165 0.0164857
3 0.456896 0.624737 0.334823 0.430488 0.016395
2 0.784759 0.363925 0.0388194 0.0515283 0.0162994
2 0.627481 0.106486 0.026484 0.0331791 0.0152855
2 0.771134 0.362413 0.0191487 0.0385124 0.0133717
2 0.778104 0.766169 0.0383267 0.0733664 0.0131672
5 0.73294 0.421925 0.0296663 0.042088 0.0130096
2 0.659826 0.451993 0.0551664 0.0737362 0.0116715
3 0.441085 0.517164 0.450153 0.689356 0.0112617
5 0.890724 0.160041 0.0170585 0.0260538 0.0109247
2 0.760666 0.363226 0.0262402 0.0362686 0.0108107
2 0.817478 0.755856 0.0199307 0.0260584 0.0102138
