4 0.410086 0.483774 0.791293 0.967548 0.588989
5 0.929882 0.598848 0.0318585 0.0408271 0.0912549
4 0.765192 0.482128 0.462448 0.952572 0.0710603
5 0.358472 0.668911 0.0189409 0.0252397 0.0582673
5 0.780035 0.338724 0.0243377 0.0356135 0.0566176
5 0.595832 0.255163 0.0188008 0.0251153 0.0420135
5 0.544339 0.0855564 0.0214329 0.0276827 0.0389915
5 0.16632 0.217627 0.0201075 0.0326194 0.0370883
5 0.388828 0.636067 0.0198023 0.0248442 0.0342257
5 0.378981 0.654142 0.0155785 0.0248631 0.0294416
5 0.62531 0.273531 0.0232742 0.0345589 0.0294208
5 0.849961 0.308833 0.0208497 0.0254464 0.0291217
2 0.539494 0.29001 0.0273329 0.0347451 0.0250087
5 0.312933 0.429827 0.0224547 0.0294288 0.0235239
2 0.477964 0.244591 0.0433367 0.0463358 0.0226283
5 0.400822 0.608891 0.0267296 0.0396079 0.021772
5 0.852442 0.480525 0.0172718 0.0266814 0.0199233
5 0.489356 0.0870832 0.0316208 0.0355436 0.0180567
5 0.361658 0.642578 0.0233458 0.0314669 0.0176624
5 0.693773 0.419401 0.0190644 0.0281912 0.0170177
5 0.570368 0.0874621 0.0303726 0.0339507 0.0163015
5 0.837311 0.490879 0.0175814 0.0267736 0.0162574
5 0.747072 0.324931 0.0356614 0.0475352 0.0158503
5 0.335478 0.655162 0.0223854 0.0296918 0.0156655
5 0.384026 0.644208 0.0223903 0.037017 0.0152021
5 0.387666 0.731003 0.028238 0.0340025 0.0151502
5 0.758621 0.356063 0.0259182 0.0334865 0.0147851
5 0.801242 0.55215 0.0190919 0.0277116 0.0145474
5 0.75488 0.199203 0.0282923 0.032472 0.0143663
5 0.535843 0.87944 0.0246548 0.0379722 0.0140954
2 0.358942 0.548667 0.0202523 0.0318175 0.0139082
5 0.607216 0.849735 0.0496169 0.0427451 0.013783
5 0.734415 0.550545 0.0168061 0.0261425 0.0136581
5 0.762583 0.408609 0.029039 0.0435142 0.0136059
5 0.59551 0.581156 0.02106 0.02995 0.013431
5 0.806992 0.740554 0.0185703 0.0289242 0.0134162
0 0.436439 0.193485 0.860341 0.386969 0.0125992
5 0.588167 0.246711 0.0192917 0.0261605 0.0125248
5 0.577414 0.167039 0.0220388 0.0298254 0.0121123
5 0.77303 0.347381 0.0388501 0.0448543 0.0118297
4 0.260718 0.766706 0.464585 0.366007 0.0117008
5 0.146702 0.234125 0.0197941 0.0253987 0.0116317
5 0.616404 0.278126 0.0426118 0.044906 0.0115289
5 0.187435 0.208101 0.0186809 0.026544 0.011461
2 0.753337 0.199551 0.028107 0.0322002 0.0111861
2 0.762459 0.409009 0.0304037 0.0449027 0.0109871
5 0.357539 0.696501 0.0210047 0.0282064 0.0107041
5 0.871922 0.605482 0.0320612 0.0349582 0.0105754
5 0.236428 0.417111 0.0208356 0.028555 0.0103261
5 0.839413 0.612257 0.0263235 0.0350902 0.0100297
