2 0.414309 0.331459 0.0801753 0.106283 0.775588
2 0.670205 0.310309 0.0317301 0.053141 0.448976
2 0.664287 0.39341 0.0479542 0.0629701 0.427525
2 0.383603 0.216073 0.0293797 0.0397995 0.407988
2 0.394393 0.41379 0.0352227 0.0416699 0.384178
2 0.261799 0.281972 0.0313194 0.0405202 0.373364
2 0.382242 0.270069 0.0239472 0.0326179 0.35851
2 0.35448 0.211417 0.023297 0.0323114 0.328473
2 0.538244 0.607495 0.0305142 0.051496 0.302308
2 0.339451 0.606873 0.125275 0.115771 0.238889
2 0.449436 0.349233 0.0356699 0.0738812 0.208111
2 0.444392 0.701515 0.145388 0.160833 0.178412
2 0.558215 0.262568 0.0935312 0.0732621 0.169947
2 0.68017 0.300674 0.041117 0.067593 0.168069
5 0.293142 0.722422 0.0196942 0.0291866 0.125578
2 0.303376 0.214451 0.0192219 0.0305838 0.125322
2 0.412466 0.519352 0.0213813 0.0299458 0.124106
2 0.629277 0.476865 0.0237146 0.0346272 0.109513
2 0.686068 0.278033 0.0277877 0.0292742 0.104153
2 0.545938 0.60963 0.0487804 0.0656768 0.0712529
2 0.545928 0.742054 0.0780848 0.0479857 0.0691764
0 0.502315 0.452581 0.676372 0.851761 0.0628531
2 0.709859 0.517694 0.0360157 0.0380657 0.0560448
2 0.559642 0.825239 0.103654 0.12421 0.0537577
2 0.708327 0.544101 0.135152 0.196781 0.0502598
2 0.49899 0.0763441 0.198379 0.0881998 0.0494089
2 0.674032 0.38849 0.079831 0.0829793 0.0369005
2 0.705928 0.346392 0.0205781 0.0291711 0.0309976
2 0.429123 0.144868 0.0182086 0.0269572 0.0306801
2 0.258595 0.273258 0.0441079 0.0573319 0.0306018
2 0.386898 0.683034 0.0248111 0.0264395 0.0287382
2 0.536619 0.679132 0.0323545 0.0445391 0.0282008
3 0.508386 0.462723 0.673166 0.848801 0.026626
2 0.381888 0.253538 0.0342819 0.0536599 0.0255088
2 0.26473 0.22685 0.0656116 0.0759974 0.0249202
2 0.302861 0.209975 0.0288584 0.0444156 0.0232821
2 0.686074 0.570501 0.0853302 0.131363 0.0222545
2 0.539158 0.687423 0.0493245 0.062991 0.0221468
5 0.483678 0.806415 0.0454181 0.0462025 0.0212168
2 0.256775 0.239699 0.0423444 0.0547941 0.0207763
2 0.304405 0.312571 0.0411917 0.0634419 0.0206125
5 0.295047 0.721063 0.0328298 0.0407318 0.0205736
2 0.413998 0.519533 0.0324906 0.0402554 0.0201592
2 0.633495 0.257926 0.0195666 0.0346981 0.0195656
2 0.704952 0.510121 0.049434 0.0628728 0.0178933
2 0.186037 0.499965 0.0486842 0.419766 0.0175349
2 0.559464 0.737278 0.113365 0.0669513 0.0174585
2 0.654277 0.69351 0.0325514 0.0490292 0.0172757
2 0.468113 0.0578974 0.233041 0.039567 0.0172386
5 0.464312 0.807414 0.0855718 0.0524587 0.0163055
2 0.698889 0.535484 0.107432 0.093382 0.0161181
2 0.650552 0.250742 0.0159474 0.0288523 0.0137025
2 0.681205 0.288599 0.0608611 0.0700361 0.0136549
2 0.519718 0.722811 0.123327 0.0934176 0.0130506
2 0.292664 0.219355 0.0547214 0.0684669 0.0126204
5 0.417563 0.824027 0.179893 0.089809 0.01256
2 0.489308 0.0959334 0.185441 0.046272 0.0125557
2 0.602521 0.111712 0.0180699 0.0300506 0.0120537
2 0.525955 0.826776 0.202406 0.135102 0.0118351
2 0.41261 0.403677 0.0770952 0.0673191 0.0117992
4 0.0746151 0.0512438 0.14923 0.102488 0.0111151
5 0.367407 0.897821 0.149586 0.19147 0.0109738
