2 0.461805 0.448718 0.036032 0.0881804 0.83955
2 0.643184 0.431532 0.0743639 0.0658564 0.821431
2 0.58181 0.565708 0.058983 0.0536884 0.746049
2 0.27322 0.219038 0.0420845 0.06724 0.701977
2 0.793286 0.542201 0.115467 0.144508 0.695288
2 0.449155 0.639608 0.0817932 0.102781 0.666759
2 0.740059 0.871833 0.117504 0.120515 0.666589
2 0.346016 0.157509 0.044335 0.118895 0.663582
2 0.528728 0.636247 0.0888652 0.167865 0.618543
2 0.562705 0.315814 0.035874 0.0812587 0.615886
2 0.608209 0.764306 0.100175 0.152454 0.589747
2 0.80585 0.752077 0.0823836 0.0944453 0.571894
2 0.386576 0.866894 0.0871592 0.0898328 0.535105
2 0.665429 0.828051 0.0593073 0.0546626 0.458632
2 0.30005 0.320232 0.0884892 0.164976 0.446177
2 0.406051 0.942673 0.0693435 0.0861623 0.412363
2 0.780361 0.512062 0.0831962 0.0798906 0.404034
2 0.641675 0.95458 0.123531 0.0908395 0.390787
2 0.285081 0.833286 0.0737468 0.10058 0.385512
2 0.646936 0.578571 0.0592429 0.103071 0.378581
2 0.480653 0.680013 0.0386748 0.140829 0.347044
2 0.28539 0.710237 0.0327124 0.0661085 0.339911
2 0.783696 0.730218 0.0460776 0.0542084 0.324203
2 0.334488 0.805406 0.133987 0.140731 0.312407
2 0.35847 0.725325 0.0423651 0.0787579 0.291768
2 0.774075 0.724884 0.0309814 0.0415496 0.291556
2 0.0762065 0.681762 0.152413 0.156706 0.284741
2 0.658245 0.706925 0.0511752 0.0822533 0.284703
2 0.683858 0.760258 0.065632 0.0941172 0.273036
2 0.787639 0.533945 0.0531733 0.12239 0.253337
2 0.316769 0.579981 0.0332135 0.0443252 0.245869
2 0.700911 0.64724 0.140941 0.144785 0.202561
2 0.352904 0.738673 0.0623476 0.113531 0.199042
2 0.824586 0.528512 0.0469507 0.0851862 0.187426
2 0.736866 0.10296 0.166242 0.10827 0.183455
2 0.817704 0.739034 0.0546574 0.062486 0.183169
2 0.325342 0.75521 0.129303 0.0905409 0.176009
2 0.286046 0.319235 0.0354868 0.173069 0.160298
2 0.342472 0.837784 0.11664 0.094802 0.154873
2 0.4601 0.66775 0.0809997 0.165005 0.15316
2 0.785424 0.583558 0.0469667 0.0614165 0.147128
2 0.29401 0.640794 0.109234 0.188022 0.142635
2 0.739892 0.625083 0.0743822 0.086595 0.141663
2 0.458259 0.893923 0.033593 0.0806213 0.137114
2 0.789509 0.505159 0.0354918 0.0619036 0.125614
2 0.759987 0.511967 0.0425326 0.0725615 0.118157
2 0.672604 0.702052 0.0856822 0.110006 0.0922628
2 0.695806 0.634054 0.0900213 0.110431 0.0875373
2 0.456779 0.92063 0.172046 0.154498 0.0866154
2 0.336106 0.769268 0.101145 0.0538317 0.0842761
2 0.709562 0.68588 0.0566247 0.0592095 0.0758853
2 0.526893 0.612427 0.0964868 0.062145 0.0757305
2 0.549603 0.611015 0.0463548 0.0458797 0.074635
2 0.63465 0.643534 0.0503925 0.0473529 0.0735831
2 0.314443 0.668527 0.0604655 0.116223 0.0726132
2 0.615001 0.729755 0.0967303 0.0858907 0.0671759
2 0.244463 0.39845 0.0186229 0.02724 0.0626001
2 0.777375 0.753325 0.0378538 0.10072 0.0617344
5 0.0800143 0.666718 0.156796 0.197346 0.0616779
2 0.779119 0.777508 0.0298141 0.0461565 0.0604751
2 0.703884 0.626991 0.0336071 0.0919238 0.0575183
2 0.636547 0.707894 0.116393 0.0949089 0.0554262
2 0.287393 0.774967 0.0553526 0.0426728 0.0526529
2 0.290152 0.69118 0.0513165 0.100671 0.0524793
2 0.266713 0.626676 0.0793939 0.115272 0.0520782
2 0.507981 0.638276 0.0401469 0.162044 0.0475865
2 0.290302 0.259992 0.0222855 0.0546732 0.0464299
2 0.336835 0.327715 0.156471 0.173508 0.0396178
2 0.75179 0.631867 0.0514012 0.0626387 0.0380538
2 0.627492 0.909506 0.0398776 0.0350536 0.0370996
2 0.747794 0.848154 0.0968964 0.0626844 0.0344902
2 0.72172 0.69344 0.0310305 0.0449096 0.0338287
2 0.774531 0.890601 0.0504842 0.0570536 0.0328793
2 0.361031 0.76168 0.0517556 0.0691196 0.0327693
2 0.698209 0.758015 0.0349205 0.0873229 0.0318186
2 0.318224 0.302795 0.069139 0.112952 0.0313633
2 0.301928 0.775109 0.0929423 0.0509219 0.0304805
2 0.364322 0.772738 0.0424484 0.0392934 0.0302705
2 0.792608 0.887632 0.0950145 0.0792484 0.02639
2 0.809995 0.804211 0.0415469 0.0678086 0.0255142
2 0.517426 0.663673 0.0384202 0.105766 0.0250419
2 0.265523 0.212579 0.0649586 0.100115 0.024053
2 0.457647 0.90118 0.0589789 0.100226 0.0228969
2 0.259817 0.643175 0.0522756 0.0828619 0.0221624
2 0.31964 0.689366 0.0430074 0.0709207 0.0221618
2 0.634857 0.718516 0.161632 0.253609 0.020189
2 0.779025 0.836967 0.177379 0.269317 0.0175533
2 0.308121 0.586678 0.0518183 0.0599965 0.0174179
2 0.269255 0.137986 0.108526 0.0881466 0.0172501
2 0.701988 0.73642 0.0272346 0.0465035 0.0167718
2 0.274474 0.616145 0.0426182 0.0880927 0.0165032
2 0.802765 0.844248 0.117157 0.171169 0.0162904
2 0.474589 0.951861 0.153186 0.0936901 0.016223
2 0.631004 0.655798 0.07584 0.0691469 0.0159532
2 0.321414 0.528495 0.0390327 0.0589356 0.0149019
2 0.805539 0.509739 0.0585385 0.0738774 0.0147094
2 0.304289 0.559032 0.0412484 0.0325743 0.014696
2 0.298835 0.605156 0.0734624 0.0964757 0.0143945
2 0.321565 0.61528 0.0684988 0.144537 0.0142302
2 0.490953 0.64614 0.097941 0.184686 0.0139855
2 0.343213 0.117639 0.0371864 0.0511686 0.0136185
2 0.649691 0.684102 0.0825691 0.0860241 0.0135601
2 0.25984 0.667474 0.0797063 0.21722 0.0128644
2 0.374615 0.823489 0.0495811 0.0688623 0.0125012
2 0.275575 0.285056 0.0492937 0.211794 0.0122082
2 0.607987 0.716918 0.0618724 0.0598043 0.0121022
2 0.714868 0.886077 0.0673113 0.0772812 0.0120823
2 0.364083 0.697068 0.0344815 0.0510607 0.0118295
2 0.415038 0.853213 0.0336542 0.0625059 0.0116642
2 0.252206 0.654842 0.0656696 0.129613 0.0116395
2 0.290468 0.290044 0.0273304 0.108531 0.0115637
2 0.505544 0.584545 0.0252788 0.0585381 0.0114456
2 0.6526 0.81273 0.0720173 0.0686658 0.01144
2 0.618939 0.796148 0.0828946 0.0657659 0.0108795
2 0.640591 0.604144 0.0811432 0.140435 0.0106691
2 0.664473 0.647172 0.0839207 0.0689965 0.0105668
2 0.672223 0.740998 0.0614544 0.0701829 0.0103131
