3 0.510042 0.5009 0.817913 0.919692 0.69312
2 0.295822 0.194678 0.044001 0.0473936 0.278226
3 0.218228 0.807297 0.290344 0.376813 0.0465329
5 0.332475 0.492661 0.0402295 0.057195 0.0336644
5 0.400591 0.439528 0.0655657 0.0643669 0.02328
5 0.24435 0.564546 0.018164 0.0277199 0.0219587
3 0.646711 0.5712 0.339012 0.387439 0.0197774
5 0.297984 0.195669 0.0599741 0.0569408 0.0174132
2 0.247208 0.116748 0.12153 0.10865 0.0137466
3 0.476804 0.497884 0.393958 0.484974 0.0132787
3 0.342074 0.721878 0.107007 0.255779 0.0122907
3 0.384425 0.686865 0.199432 0.321254 0.0107137
