3 0.500865 0.511234 0.635029 0.956386 0.823153
2 0.782278 0.560873 0.0405646 0.0632065 0.175754
2 0.7939 0.482152 0.05501 0.0637313 0.122631
5 0.463053 0.0603671 0.0470841 0.042112 0.113026
5 0.692993 0.0626485 0.0205194 0.0279483 0.0930319
2 0.254173 0.238219 0.0194252 0.0296872 0.0755528
5 0.78267 0.563184 0.0459424 0.0733643 0.0735155
3 0.323012 0.813814 0.290594 0.358583 0.0658927
5 0.476305 0.537087 0.0252508 0.0283992 0.0645047
5 0.794388 0.480976 0.0515675 0.0661794 0.0592994
2 0.7908 0.499049 0.0642393 0.14815 0.0431397
2 0.691448 0.62928 0.0199089 0.0291268 0.0333279
5 0.766837 0.250221 0.0180859 0.0261458 0.0302491
2 0.729475 0.162235 0.0580929 0.0737208 0.0278225
5 0.357623 0.116172 0.023337 0.0294492 0.0266015
2 0.247768 0.287079 0.0262673 0.0385121 0.0254666
2 0.759964 0.378406 0.0201458 0.0309184 0.0250973
5 0.731416 0.162177 0.055173 0.0740795 0.0221274
3 0.465823 0.399712 0.353657 0.562928 0.0204391
5 0.472413 0.345415 0.0219576 0.0269975 0.0161617
5 0.686646 0.0177093 0.016633 0.022489 0.0133461
5 0.691077 0.628334 0.0245456 0.0356654 0.0132823
5 0.253772 0.236806 0.0273476 0.0384373 0.0121621
5 0.362277 0.114487 0.0377 0.0377045 0.0117663
3 0.545594 0.505916 0.444448 0.681678 0.0111841
5 0.601932 0.589072 0.0291391 0.0339218 0.0108269
2 0.714562 0.524211 0.0170886 0.0282962 0.0102341
