2 0.28356 0.590479 0.0451867 0.0619234 0.693398
2 0.28331 0.591351 0.0481261 0.062809 0.682713
2 0.582132 0.445669 0.0586147 0.0704796 0.67799
2 0.28269 0.591988 0.0460576 0.0636444 0.648107
2 0.283183 0.590848 0.0456341 0.0641934 0.625646
2 0.282645 0.590429 0.0447876 0.0627184 0.623996
2 0.282388 0.591328 0.0452919 0.0635563 0.62071
2 0.283073 0.591463 0.0459619 0.0647422 0.616109
2 0.282912 0.591123 0.0441432 0.0616305 0.606747
2 0.581302 0.444764 0.0567894 0.0697014 0.588322
2 0.582198 0.443937 0.0586429 0.0691024 0.57391
2 0.284529 0.59099 0.0499891 0.0644899 0.567453
2 0.581346 0.443845 0.0571349 0.0691864 0.561991
2 0.582892 0.444603 0.0593838 0.070252 0.557642
2 0.58237 0.444319 0.0568151 0.0703659 0.549743
2 0.490714 0.35658 0.0367933 0.0449834 0.542068
2 0.490393 0.356873 0.0369674 0.0450371 0.534192
2 0.491069 0.35678 0.0367227 0.0447739 0.534157
2 0.581713 0.44469 0.0566049 0.0679765 0.530456
2 0.582625 0.443795 0.0578745 0.0698797 0.503774
2 0.433557 0.400019 0.0327916 0.0373359 0.503367
2 0.327872 0.800691 0.0305983 0.0354415 0.501232
2 0.432978 0.400237 0.0321624 0.0376013 0.489076
2 0.490764 0.356981 0.0367522 0.0449578 0.48525
2 0.327638 0.800935 0.0311427 0.0356767 0.474123
2 0.43262 0.400112 0.0307539 0.0369103 0.465536
2 0.43306 0.400695 0.0328978 0.0393141 0.464218
2 0.284619 0.591717 0.0500687 0.0659882 0.462999
2 0.490915 0.357645 0.0390454 0.0480496 0.462413
2 0.432632 0.399964 0.0318129 0.0371999 0.448234
2 0.581017 0.445117 0.0568302 0.0689457 0.42854
2 0.490991 0.357643 0.0400003 0.0493119 0.427907
2 0.433185 0.401038 0.0335386 0.0390739 0.42392
2 0.327809 0.800585 0.0298325 0.0354532 0.42188
2 0.327469 0.800704 0.0301899 0.0365478 0.418475
2 0.491411 0.357101 0.0391984 0.0479149 0.411462
2 0.491424 0.356694 0.0393734 0.046598 0.397206
2 0.386162 0.72916 0.0403661 0.0384876 0.365562
2 0.582578 0.444629 0.0654417 0.0737757 0.359455
2 0.385938 0.729564 0.0420564 0.0411979 0.353196
2 0.484151 0.297621 0.0320674 0.0298988 0.349345
2 0.483155 0.297745 0.0318772 0.0287943 0.328911
2 0.385582 0.729526 0.0404891 0.0378614 0.31389
2 0.744378 0.60485 0.0299077 0.0389981 0.311955
2 0.283896 0.59275 0.0498832 0.0674455 0.306431
2 0.385525 0.727964 0.0420823 0.0415076 0.305246
2 0.385782 0.729999 0.0415554 0.0400749 0.299829
2 0.48374 0.298327 0.0345256 0.0327579 0.295718
2 0.48312 0.298732 0.0341355 0.0328239 0.293263
2 0.385533 0.728435 0.0419965 0.0408065 0.279708
2 0.38607 0.729549 0.0424058 0.0396419 0.273655
2 0.744664 0.604402 0.0297665 0.0385174 0.25841
2 0.491846 0.358328 0.0417693 0.0514473 0.244597
2 0.345588 0.390308 0.0255785 0.0272427 0.241076
2 0.62863 0.735459 0.0427116 0.0422353 0.226486
2 0.660661 0.300326 0.0320473 0.0309399 0.225639
2 0.744916 0.604539 0.0322898 0.0407914 0.222223
2 0.386574 0.728103 0.0438667 0.0414827 0.221146
2 0.584314 0.444919 0.0622268 0.0735395 0.215486
2 0.385903 0.73013 0.0445008 0.0418397 0.211866
2 0.490197 0.356325 0.0383371 0.0486733 0.203283
2 0.628609 0.735319 0.0424455 0.0426211 0.20173
2 0.661051 0.300182 0.0335779 0.0318601 0.2001
2 0.745526 0.60497 0.0329698 0.0414852 0.199036
2 0.628123 0.735454 0.0410201 0.0406325 0.193868
2 0.660557 0.300858 0.0338147 0.0329114 0.183869
2 0.627671 0.736435 0.0446364 0.0463677 0.181201
2 0.482481 0.299268 0.0384517 0.0366316 0.180268
2 0.48973 0.356368 0.0403567 0.0488929 0.174316
2 0.627518 0.735849 0.04427 0.0449027 0.173349
2 0.34436 0.390159 0.0275148 0.0291533 0.173304
2 0.481991 0.298536 0.0369588 0.0316924 0.171342
2 0.345456 0.390869 0.0278178 0.0307495 0.166634
2 0.628118 0.735627 0.0403266 0.0421187 0.1663
2 0.477102 0.518341 0.0528026 0.0631569 0.162486
2 0.478272 0.518451 0.0572397 0.0660043 0.162331
2 0.327587 0.799535 0.032765 0.0388224 0.161619
2 0.66136 0.300545 0.0358821 0.0343835 0.160977
2 0.484793 0.295582 0.035815 0.0344227 0.155616
2 0.32837 0.79923 0.032879 0.0389027 0.152643
2 0.476625 0.518703 0.0538045 0.0637669 0.150136
2 0.599349 0.837684 0.0530719 0.0557548 0.149867
2 0.345321 0.390395 0.030843 0.0319243 0.14741
2 0.758018 0.370666 0.0309039 0.0364673 0.14733
2 0.743738 0.604452 0.0329355 0.0406868 0.145938
2 0.599864 0.838727 0.0524455 0.0551376 0.143866
2 0.757911 0.370249 0.031931 0.0374984 0.143064
2 0.478584 0.518458 0.056568 0.0659918 0.142752
2 0.757321 0.370556 0.0366866 0.0413091 0.131622
2 0.475504 0.518073 0.0514703 0.0625665 0.129154
2 0.661327 0.299475 0.0394228 0.0377376 0.128596
2 0.744141 0.60428 0.0331049 0.0409609 0.127758
2 0.580907 0.444343 0.0658981 0.0715684 0.125581
2 0.628779 0.73527 0.0464918 0.0469863 0.118975
2 0.47644 0.517173 0.0507465 0.059974 0.118244
2 0.598736 0.837468 0.0485028 0.0517163 0.117316
2 0.599872 0.838241 0.0532873 0.0563106 0.115955
2 0.628894 0.734491 0.0469533 0.0463491 0.115686
2 0.756957 0.370482 0.0370078 0.041578 0.113871
1 0.54871 0.575397 0.61987 0.648767 0.110497
2 0.47528 0.519103 0.051815 0.0635233 0.109761
2 0.598888 0.838105 0.0466608 0.0495381 0.109098
2 0.661213 0.297987 0.0382947 0.036496 0.106199
2 0.758488 0.370276 0.0353232 0.039712 0.105301
2 0.661201 0.299205 0.0399742 0.0403481 0.104255
2 0.758079 0.371663 0.0378874 0.0450526 0.104144
2 0.758476 0.370331 0.0341972 0.0397805 0.103259
2 0.745404 0.604489 0.033908 0.0443288 0.103218
2 0.483949 0.295926 0.0358062 0.0339116 0.102163
2 0.431571 0.399881 0.0400041 0.0430677 0.0995436
2 0.477345 0.517244 0.0537892 0.0637022 0.0992676
2 0.598939 0.838758 0.0482858 0.0509742 0.0992636
2 0.436203 0.400697 0.0418278 0.0416598 0.0986229
2 0.427613 0.329483 0.0337976 0.0374664 0.0968504
2 0.600854 0.837929 0.0533827 0.0567904 0.0946802
2 0.331541 0.800213 0.0393654 0.0397965 0.0926462
1 0.55127 0.574782 0.625299 0.647665 0.0916535
2 0.478303 0.518695 0.0610129 0.0690474 0.0906796
2 0.709971 0.574589 0.0368827 0.0423658 0.0888885
1 0.548729 0.575132 0.618531 0.648902 0.088473
2 0.473648 0.522226 0.0461235 0.054758 0.08835
2 0.661408 0.297393 0.0368623 0.0369427 0.0878876
2 0.427645 0.328905 0.0348232 0.0378824 0.0873975
2 0.28202 0.591927 0.0458628 0.0633449 0.0873126
2 0.726087 0.644063 0.0402926 0.0401451 0.0870308
2 0.32579 0.800127 0.0409874 0.0428184 0.0866608
2 0.746827 0.604218 0.0372513 0.0459302 0.0856925
2 0.710099 0.573803 0.0361356 0.0415674 0.0821684
2 0.757375 0.371792 0.0418462 0.0472369 0.0798656
2 0.430765 0.399433 0.0386515 0.0420813 0.0788649
2 0.597534 0.83604 0.0467676 0.0484478 0.0787567
2 0.628295 0.737191 0.0487179 0.0504203 0.0785018
2 0.427055 0.329492 0.032905 0.0354887 0.0783892
2 0.600494 0.83846 0.0520323 0.0549162 0.0781168
1 0.549739 0.574016 0.623543 0.646277 0.076309
2 0.347745 0.390169 0.0331564 0.0336469 0.076188
1 0.552347 0.572173 0.62846 0.647075 0.0751855
2 0.431944 0.401278 0.0414761 0.0450539 0.0729186
2 0.601295 0.839403 0.0552922 0.0578475 0.0727137
2 0.427236 0.329119 0.0312836 0.0343021 0.0720231
2 0.325604 0.799585 0.0399016 0.0435642 0.0717432
2 0.727185 0.644014 0.0416491 0.0395768 0.0715912
2 0.582716 0.446275 0.0657821 0.0751862 0.0701972
2 0.331016 0.800969 0.0408448 0.0406099 0.0674057
2 0.726267 0.643685 0.041979 0.0393493 0.0665221
2 0.43743 0.399866 0.0400469 0.0408564 0.0640232
2 0.345445 0.388081 0.0310049 0.0331343 0.0638376
2 0.758434 0.371091 0.0395972 0.0460271 0.0627667
2 0.600936 0.839114 0.0556703 0.0580766 0.0596805
2 0.62733 0.73735 0.0515594 0.0532247 0.0591646
2 0.628884 0.736759 0.0490486 0.0509994 0.0588304
2 0.602764 0.838743 0.0663249 0.0685209 0.0577979
2 0.710012 0.57357 0.0393652 0.0449371 0.0571524
2 0.34464 0.388126 0.0329946 0.0333121 0.0571052
2 0.436552 0.402675 0.0436977 0.0443238 0.0565966
2 0.601215 0.837727 0.0616327 0.0635148 0.0558927
2 0.630668 0.734651 0.0498515 0.0477142 0.0558754
2 0.729672 0.693909 0.0393299 0.0430718 0.0547555
2 0.49208 0.357013 0.0412401 0.0523984 0.0542842
2 0.482081 0.295569 0.0407335 0.03642 0.0533016
2 0.726402 0.643356 0.0438929 0.0397309 0.0532954
1 0.548202 0.574911 0.616058 0.648548 0.0503979
1 0.546812 0.575801 0.611023 0.648764 0.0501074
2 0.476746 0.514029 0.0504967 0.0560574 0.0495975
2 0.721776 0.424845 0.0353528 0.0363761 0.0492614
2 0.731147 0.694465 0.0349314 0.0408313 0.0489344
2 0.730637 0.69399 0.0373718 0.0410277 0.0487505
2 0.729606 0.692957 0.0405282 0.0429063 0.0486587
2 0.327991 0.802531 0.0397052 0.0467468 0.0482582
2 0.473609 0.52225 0.0539207 0.0627076 0.0478496
2 0.601643 0.836404 0.059812 0.0640568 0.0474972
2 0.386113 0.725472 0.0503742 0.0537206 0.0455547
2 0.472095 0.52835 0.0477443 0.0494981 0.045454
2 0.382959 0.725857 0.0504874 0.0520517 0.045399
2 0.725905 0.644234 0.0408988 0.041431 0.044633
2 0.579273 0.444362 0.0552607 0.067181 0.0435134
2 0.721529 0.425373 0.0343702 0.0367026 0.0430022
2 0.487766 0.29563 0.0425437 0.0354722 0.0426786
2 0.725875 0.643777 0.0434521 0.0415266 0.0415682
2 0.425978 0.329415 0.0366004 0.0367366 0.0410816
2 0.347639 0.391479 0.0345838 0.0359259 0.0410804
2 0.626877 0.734361 0.0480535 0.0473783 0.0409213
2 0.287738 0.592171 0.0614079 0.07391 0.0403391
2 0.472538 0.520773 0.0526768 0.0636277 0.0399303
2 0.426497 0.328893 0.0380558 0.0384943 0.0395395
2 0.722647 0.424853 0.0356028 0.0368995 0.0394441
2 0.329194 0.802529 0.0394028 0.0457376 0.0392877
2 0.709378 0.574373 0.0374208 0.0434562 0.0390509
2 0.730692 0.69386 0.0400465 0.0425664 0.0389857
2 0.729423 0.693304 0.0435624 0.0437943 0.0385199
2 0.630098 0.735727 0.0510483 0.0486028 0.0379785
2 0.472777 0.518384 0.0533677 0.0641921 0.0363294
2 0.729121 0.641901 0.0406826 0.042727 0.0358747
2 0.722434 0.425535 0.0353542 0.0369203 0.0341115
2 0.663176 0.296126 0.0444804 0.0414638 0.0338484
2 0.711595 0.571525 0.0446348 0.0476456 0.0313082
2 0.288258 0.593031 0.0610027 0.0751829 0.0301891
2 0.489539 0.292712 0.0415051 0.0387066 0.0297117
2 0.745461 0.606197 0.0343399 0.0451784 0.0292379
2 0.347982 0.387716 0.0340761 0.0358618 0.0288816
2 0.384864 0.725126 0.0465489 0.0529303 0.0288527
2 0.740586 0.606724 0.0354564 0.0451859 0.028238
2 0.426218 0.330522 0.0420029 0.045929 0.0275003
2 0.730866 0.694059 0.0370642 0.0426043 0.0273866
2 0.381572 0.725675 0.0488665 0.0512482 0.026268
2 0.728833 0.692427 0.0449307 0.0442435 0.0257323
2 0.738214 0.593583 0.0272942 0.0500428 0.0254414
2 0.729747 0.692628 0.0463476 0.0442574 0.0250028
2 0.75749 0.369448 0.0428828 0.0484458 0.0249512
2 0.434078 0.40519 0.0469387 0.0555565 0.0240232
2 0.709314 0.573636 0.0364585 0.0422323 0.0237371
2 0.434819 0.405437 0.0450218 0.0537858 0.0236459
1 0.550459 0.572533 0.624578 0.647139 0.0230334
2 0.711731 0.571173 0.0472942 0.0492198 0.0228536
2 0.721439 0.426575 0.0393326 0.042194 0.0225718
2 0.321045 0.797297 0.0363367 0.0407736 0.0222295
2 0.427392 0.327807 0.043441 0.0476359 0.0218705
2 0.709842 0.573548 0.0390941 0.0455668 0.02139
2 0.383872 0.728214 0.0533134 0.0524185 0.0205325
2 0.48775 0.299324 0.0437231 0.0393967 0.0205059
2 0.602108 0.839918 0.0650892 0.0690407 0.020286
2 0.725742 0.642421 0.0416998 0.043696 0.0195772
2 0.472101 0.52734 0.0548342 0.0576955 0.0186081
2 0.391659 0.72742 0.0543485 0.0476489 0.0185268
2 0.752594 0.60115 0.0414424 0.0432412 0.0181543
2 0.42876 0.330988 0.0442157 0.0463834 0.0178408
2 0.657275 0.300453 0.04819 0.0429995 0.0174619
2 0.660816 0.3026 0.0433852 0.0494966 0.0172558
2 0.758878 0.369316 0.047169 0.0504866 0.0171714
2 0.426398 0.327517 0.0403521 0.0447716 0.0166912
2 0.486275 0.356914 0.0447735 0.0534176 0.0165285
2 0.720303 0.424682 0.0433097 0.0449072 0.0158075
2 0.72192 0.426887 0.0389679 0.0415567 0.0155465
2 0.589782 0.444618 0.060808 0.0770932 0.0154571
2 0.472722 0.516231 0.051333 0.0598825 0.0153507
2 0.657102 0.299234 0.0488172 0.0483215 0.0153111
2 0.719689 0.423912 0.0427967 0.0415403 0.0147312
2 0.487838 0.357199 0.0483378 0.0546389 0.0144797
2 0.660477 0.302396 0.0442886 0.0512303 0.0141864
2 0.482869 0.306519 0.0443493 0.0524944 0.0133568
2 0.477386 0.520821 0.0653891 0.0753052 0.0131921
2 0.48218 0.307267 0.0494216 0.0551727 0.0120902
2 0.756361 0.369002 0.0448761 0.0498891 0.0120622
2 0.426007 0.331372 0.046691 0.0492009 0.0120291
2 0.595443 0.835746 0.0584418 0.0605262 0.0118836
2 0.388947 0.725576 0.0555409 0.0574781 0.0114134
2 0.723618 0.645002 0.0502503 0.048797 0.0106281
2 0.482433 0.518196 0.0740722 0.0769777 0.0105637
2 0.0208691 0.931866 0.0409165 0.136268 0.0104796
2 0.763084 0.370047 0.0471053 0.0466188 0.0103414
2 0.334063 0.796778 0.0378326 0.0400366 0.0101809
2 0.392008 0.730597 0.0555403 0.0516046 0.0100791
