0 0.442413 0.495215 0.623446 0.894709 0.655143
0 0.444386 0.482663 0.634197 0.860629 0.639913
0 0.448505 0.473571 0.644227 0.850606 0.619737
0 0.447145 0.456789 0.639074 0.801417 0.586076
0 0.441441 0.477248 0.619914 0.84992 0.574235
0 0.467749 0.40956 0.690541 0.707034 0.426273
0 0.44086 0.49131 0.612508 0.89643 0.404085
0 0.454254 0.456387 0.661005 0.799196 0.338535
0 0.470794 0.408521 0.696877 0.701387 0.313861
0 0.506652 0.582019 0.21772 0.29608 0.176403
0 0.50692 0.582059 0.212951 0.294086 0.155759
0 0.50643 0.581566 0.216308 0.295444 0.120277
0 0.506442 0.581977 0.221565 0.298191 0.119848
3 0.505802 0.579894 0.209203 0.293902 0.113165
5 0.676059 0.305793 0.0412806 0.0540931 0.0907716
5 0.675603 0.306602 0.0447534 0.0570293 0.0822162
5 0.674921 0.306055 0.0406336 0.0537816 0.0793218
0 0.397191 0.494352 0.515556 0.875252 0.0728642
5 0.675065 0.30561 0.0435504 0.0565532 0.0723769
5 0.674481 0.305516 0.0480754 0.0584197 0.0716355
5 0.675111 0.306902 0.0422068 0.0547939 0.0711714
5 0.675339 0.3061 0.0501055 0.0604904 0.0687752
5 0.270633 0.235062 0.0420079 0.0511878 0.0673681
0 0.45751 0.419293 0.670741 0.73483 0.0646265
5 0.675884 0.306615 0.0413733 0.0537658 0.0645754
3 0.506731 0.57781 0.208464 0.289821 0.0628928
5 0.271384 0.235053 0.0379113 0.0496699 0.0618766
5 0.271226 0.235054 0.0411861 0.0519282 0.0569753
5 0.601142 0.140162 0.0219963 0.0281332 0.0559118
5 0.271952 0.234995 0.036058 0.0495246 0.0535172
0 0.504213 0.578819 0.210505 0.289644 0.0524233
5 0.270834 0.23469 0.0441476 0.0539351 0.0515161
5 0.674904 0.305352 0.0509515 0.0596431 0.0494553
5 0.271048 0.234897 0.0416304 0.0506738 0.0489464
5 0.269491 0.234156 0.0475999 0.0543114 0.0475743
5 0.676802 0.306684 0.0518122 0.063617 0.0464343
0 0.460326 0.403699 0.676142 0.689941 0.0460085
3 0.505805 0.581478 0.216285 0.297918 0.0458146
5 0.271943 0.235491 0.0407942 0.0513301 0.0446355
5 0.298854 0.696649 0.0275321 0.0359453 0.0437019
5 0.863859 0.600975 0.023417 0.026368 0.0396444
5 0.200757 0.525294 0.0273862 0.0385993 0.0389022
5 0.272759 0.576923 0.0286991 0.041469 0.0381795
5 0.600701 0.139915 0.0247148 0.0327313 0.036754
5 0.572488 0.111145 0.0202135 0.0254843 0.0360341
5 0.210238 0.305872 0.0306625 0.0381966 0.0359971
5 0.190185 0.442357 0.0322809 0.0448593 0.0349363
5 0.468897 0.0963175 0.0399668 0.0486762 0.0344492
5 0.298852 0.697129 0.0271392 0.0360161 0.0343963
5 0.189958 0.441781 0.0356306 0.0472071 0.034306
5 0.273571 0.576891 0.0303636 0.0429231 0.0342969
3 0.506241 0.575532 0.203257 0.287102 0.0336824
5 0.189786 0.441698 0.031276 0.043807 0.033394
5 0.200619 0.525193 0.0270168 0.0397493 0.0330286
5 0.19046 0.442226 0.0363381 0.0477315 0.0329776
5 0.29952 0.696448 0.0307403 0.039612 0.0324144
1 0.536748 0.864958 0.238014 0.261113 0.0322998
5 0.504429 0.58011 0.232217 0.293346 0.0307572
5 0.863379 0.601029 0.0257223 0.0302265 0.030615
5 0.241222 0.412136 0.0214323 0.0316492 0.0296536
5 0.270886 0.235395 0.0475785 0.0560368 0.0294986
5 0.190472 0.442002 0.0365668 0.0481402 0.029132
5 0.299519 0.69619 0.0305471 0.0391419 0.0290432
5 0.273614 0.576684 0.0306297 0.042722 0.0288906
5 0.189864 0.441538 0.0364573 0.0493309 0.0287509
0 0.444687 0.482336 0.629671 0.872226 0.0281023
5 0.510934 0.0797313 0.0281568 0.0316345 0.0280966
5 0.511755 0.0800748 0.0294954 0.0303104 0.026781
5 0.272677 0.235876 0.041367 0.0532871 0.0266193
1 0.487772 0.864217 0.4401 0.271567 0.0265665
5 0.468501 0.0959647 0.0374067 0.0463953 0.0258804
1 0.539996 0.863852 0.438216 0.272295 0.0257445
5 0.273062 0.57702 0.0281869 0.0425726 0.0255558
5 0.864784 0.600763 0.0277385 0.0278172 0.0253156
5 0.210563 0.306188 0.034247 0.0432062 0.0252781
5 0.210066 0.305931 0.0301588 0.0383246 0.0243717
5 0.189735 0.441839 0.0334463 0.0467451 0.0241839
5 0.468665 0.0962927 0.0383449 0.0507364 0.0240536
5 0.0369335 0.560532 0.0704112 0.197696 0.023689
5 0.50462 0.581985 0.244524 0.297889 0.0236595
3 0.48647 0.27556 0.356837 0.313617 0.0236322
5 0.468915 0.0967259 0.0411068 0.0508653 0.0236284
5 0.220759 0.594107 0.0246893 0.0355132 0.0224743
5 0.244055 0.642875 0.0190023 0.0253151 0.0224423
5 0.220946 0.593697 0.0264984 0.0360497 0.0223273
5 0.690209 0.383081 0.0248459 0.0329447 0.0222046
5 0.601484 0.139224 0.0269532 0.0327353 0.0214435
1 0.586516 0.865114 0.33485 0.265157 0.0210889
5 0.189634 0.441642 0.036263 0.0473661 0.0209792
5 0.272936 0.576272 0.0314282 0.0451072 0.0208755
3 0.476361 0.280537 0.353876 0.301768 0.020831
5 0.469129 0.0969222 0.0417348 0.050951 0.0204699
5 0.211692 0.306314 0.0352954 0.0436078 0.0203748
5 0.864658 0.599187 0.0311956 0.0331457 0.0202281
5 0.368559 0.125562 0.0315521 0.0402652 0.0201259
5 0.689853 0.383976 0.0234164 0.031821 0.0201149
5 0.241163 0.411462 0.0243136 0.0345603 0.0199002
5 0.344853 0.169945 0.0230279 0.0317264 0.019735
1 0.510301 0.864991 0.280647 0.261142 0.0195762
5 0.200147 0.52496 0.029671 0.0412344 0.0193268
5 0.200976 0.524909 0.0304826 0.0416268 0.0193204
5 0.345249 0.169536 0.0232137 0.0304814 0.0188758
3 0.475251 0.277684 0.4134 0.328129 0.0184128
5 0.864239 0.600537 0.0308697 0.0325223 0.0183153
5 0.468944 0.0966884 0.039246 0.0468807 0.0183055
5 0.676334 0.306748 0.049042 0.062291 0.0182861
5 0.601149 0.139275 0.0291487 0.0354629 0.018024
5 0.210181 0.305448 0.0322745 0.0390654 0.0178896
5 0.511551 0.0799184 0.0297519 0.0311995 0.0176904
5 0.469074 0.0962878 0.0407305 0.050495 0.0174462
1 0.528544 0.860785 0.202029 0.261908 0.0170012
5 0.677473 0.306974 0.0689055 0.0737331 0.0169125
3 0.46888 0.279554 0.414133 0.322505 0.0168171
5 0.649659 0.183229 0.0237134 0.0314299 0.0165497
5 0.210043 0.305315 0.0316803 0.0382172 0.0163436
0 0.500725 0.581216 0.216913 0.286872 0.0160404
5 0.243477 0.642706 0.0189538 0.0271688 0.0159322
5 0.369035 0.125139 0.0303335 0.0374059 0.0157607
5 0.18683 0.377129 0.0316405 0.0410885 0.0155618
5 0.571763 0.110753 0.0273527 0.0345889 0.0155315
5 0.649914 0.182604 0.0316693 0.0378375 0.0150709
5 0.272814 0.576309 0.0327547 0.0461505 0.0149535
5 0.189717 0.441396 0.0364337 0.0489633 0.0146612
5 0.649371 0.182585 0.0307169 0.0358578 0.0145935
5 0.186336 0.377541 0.0313929 0.0415534 0.0145075
5 0.368544 0.126025 0.0306446 0.0394091 0.0144373
0 0.0444887 0.458739 0.0889773 0.905886 0.0143586
5 0.861347 0.520936 0.0224485 0.0256279 0.014327
1 0.582557 0.864771 0.447324 0.270458 0.0142739
3 0.502794 0.272215 0.34877 0.320411 0.0141341
5 0.649881 0.182484 0.0241001 0.0307779 0.0140766
5 0.29963 0.696579 0.0400764 0.0488598 0.0140309
0 0.0368815 0.457972 0.073763 0.641918 0.0140285
0 0.498664 0.585221 0.228426 0.286642 0.0138511
3 0.518131 0.643567 0.170486 0.166 0.0137484
5 0.67648 0.465141 0.0229277 0.031149 0.0136932
1 0.534155 0.859906 0.202511 0.263472 0.0136188
5 0.314888 0.175227 0.0282553 0.0377611 0.0135957
5 0.691564 0.383603 0.0334867 0.0400843 0.0134139
5 0.221207 0.593559 0.0269393 0.036758 0.01314
5 0.512 0.0800603 0.0311275 0.0313414 0.0130548
5 0.431741 0.0901198 0.0253846 0.028098 0.0127276
5 0.690991 0.38363 0.0343601 0.0443032 0.0125053
5 0.038297 0.55837 0.0733781 0.198448 0.0124612
5 0.690269 0.384052 0.0314148 0.0384669 0.0123523
5 0.572496 0.110449 0.0228429 0.0297106 0.0123098
5 0.211711 0.305771 0.0428194 0.045635 0.0121968
5 0.860433 0.520579 0.0316544 0.0321216 0.012134
5 0.866214 0.598881 0.0325619 0.0338243 0.0120416
5 0.241419 0.411801 0.0246497 0.0380768 0.0119599
5 0.862876 0.600565 0.0358064 0.0343232 0.0118381
5 0.299801 0.69706 0.0384116 0.0479122 0.0118294
5 0.469059 0.0962751 0.0385144 0.0477685 0.0117831
5 0.186578 0.376905 0.0322482 0.0430407 0.011591
5 0.677924 0.464365 0.0341195 0.0398476 0.0115673
5 0.20019 0.524041 0.0315464 0.0441063 0.011552
5 0.368636 0.125794 0.029711 0.0367227 0.0114266
0 0.0372013 0.548561 0.0709573 0.21627 0.0111749
5 0.69011 0.383922 0.0315681 0.0374625 0.0111723
5 0.221379 0.593414 0.02784 0.0376982 0.0111533
1 0.727994 0.654047 0.221677 0.463694 0.0111279
5 0.69176 0.382818 0.0319433 0.0397037 0.0110161
5 0.31519 0.175121 0.0300198 0.0384881 0.0109316
5 0.200713 0.523789 0.0380138 0.045415 0.0108253
3 0.492791 0.276005 0.397706 0.330697 0.0107674
0 0.0390123 0.463668 0.0780245 0.778624 0.0106687
3 0.519016 0.647512 0.168871 0.155565 0.010595
5 0.200492 0.524581 0.0390242 0.0469822 0.0105455
1 0.727081 0.634325 0.203375 0.471417 0.0105082
5 0.601561 0.138554 0.028657 0.0332229 0.0103193
5 0.676971 0.46421 0.0261265 0.0342122 0.0103137
5 0.866439 0.667628 0.0227201 0.0267862 0.0102871
5 0.678184 0.464245 0.0318523 0.0388074 0.0101647
5 0.315231 0.175093 0.0302286 0.0420041 0.010052
