3 0.513344 0.473557 0.787511 0.934343 0.558506
3 0.51391 0.470957 0.784941 0.917018 0.544905
3 0.514126 0.461742 0.784783 0.902928 0.544787
3 0.512757 0.471148 0.785694 0.931337 0.542533
3 0.511644 0.475299 0.771031 0.932363 0.540219
3 0.509884 0.478212 0.772483 0.924282 0.533671
3 0.507961 0.487457 0.772557 0.942667 0.505854
3 0.515628 0.473185 0.781781 0.920715 0.467514
3 0.511427 0.459759 0.792482 0.898604 0.439019
5 0.647386 0.342203 0.0393878 0.034663 0.320897
5 0.647184 0.342402 0.0405205 0.0354463 0.305075
5 0.648097 0.342376 0.0408499 0.0353151 0.303547
5 0.647644 0.342243 0.0421789 0.0355767 0.279828
5 0.625177 0.480325 0.0228894 0.0277608 0.230132
5 0.646953 0.340232 0.044957 0.0411751 0.190369
5 0.646833 0.34123 0.0457155 0.0414711 0.1851
5 0.024956 0.943636 0.0496722 0.112728 0.15738
5 0.625553 0.47899 0.0282151 0.0330606 0.157211
5 0.625186 0.480457 0.0297284 0.0348236 0.147208
5 0.623945 0.480103 0.0320047 0.0350978 0.143851
5 0.0260188 0.950462 0.0502831 0.0973081 0.141497
5 0.647592 0.339846 0.0497971 0.0481258 0.13956
5 0.0245741 0.945515 0.0486917 0.107067 0.131132
5 0.646224 0.340944 0.052551 0.0480637 0.124197
3 0.516362 0.474486 0.77998 0.920302 0.120581
5 0.647575 0.341553 0.0488856 0.048625 0.119695
5 0.623649 0.479208 0.0353867 0.0369082 0.115992
5 0.647029 0.341617 0.0490373 0.0497586 0.115124
5 0.626605 0.479646 0.0298247 0.0345812 0.114986
5 0.625309 0.479735 0.0344507 0.038678 0.112521
5 0.0248893 0.950768 0.0482079 0.0935665 0.109149
5 0.647907 0.339563 0.0487577 0.0473535 0.109117
5 0.624441 0.481123 0.0362744 0.0389252 0.107972
5 0.62647 0.47884 0.0324972 0.0377617 0.104823
5 0.0243624 0.947664 0.0485669 0.103173 0.102232
5 0.645468 0.340474 0.0510176 0.0449018 0.0949892
5 0.648708 0.341037 0.0518624 0.051286 0.0879194
5 0.0238677 0.950286 0.0468814 0.0953761 0.0848634
3 0.274341 0.475014 0.294967 0.933445 0.0600448
5 0.0241937 0.94947 0.0482111 0.0989284 0.0589295
5 0.648724 0.339496 0.0541067 0.0507988 0.0554863
0 0.0241638 0.951709 0.0469044 0.0950534 0.0534744
5 0.0245608 0.94519 0.0485633 0.109619 0.0460746
3 0.307656 0.472575 0.355273 0.932258 0.0419081
5 0.646495 0.341395 0.0634528 0.0591163 0.0385075
5 0.0253092 0.950999 0.0482724 0.096089 0.0373918
3 0.511321 0.498232 0.763396 0.883462 0.034427
5 0.0269985 0.948761 0.0530104 0.102477 0.0321558
5 0.688677 0.798551 0.0372656 0.0480955 0.0270218
5 0.688747 0.798757 0.0368054 0.0474593 0.0270096
3 0.349104 0.474835 0.429062 0.930282 0.0260596
5 0.689083 0.79886 0.0407918 0.0533766 0.0248618
5 0.688981 0.798646 0.0368994 0.0483075 0.0247227
5 0.688293 0.79834 0.0364709 0.0487231 0.0232606
5 0.688726 0.798226 0.0429292 0.0553254 0.0220511
3 0.317856 0.480571 0.379331 0.940496 0.0216698
0 0.0620669 0.168329 0.124134 0.33474 0.0194435
5 0.688335 0.798287 0.0399983 0.0514659 0.0177446
3 0.256862 0.480062 0.264702 0.940641 0.0176225
5 0.68946 0.797965 0.0446492 0.0560503 0.0166502
3 0.278648 0.485609 0.303328 0.942943 0.0163483
2 0.722695 0.378597 0.0304517 0.0339124 0.0157643
3 0.601666 0.648039 0.373882 0.462726 0.0153604
3 0.575116 0.646705 0.38674 0.465382 0.0143442
3 0.355971 0.482575 0.445022 0.938941 0.0140239
0 0.0624676 0.169321 0.124491 0.337135 0.0138122
5 0.653057 0.339796 0.0568534 0.0482131 0.0129979
0 0.0367094 0.255392 0.0732067 0.14415 0.0129526
5 0.0270187 0.931814 0.0539176 0.136372 0.0128007
3 0.640784 0.649865 0.391684 0.455977 0.0119378
5 0.689106 0.800517 0.0468236 0.0621699 0.0116706
5 0.0242043 0.950395 0.0479451 0.0992098 0.0113411
