3 0.426497 0.415236 0.380864 0.567438 0.916999
3 0.425459 0.41565 0.376971 0.568346 0.903386
3 0.42705 0.416143 0.382541 0.566687 0.902364
3 0.426364 0.416469 0.379036 0.569892 0.901388
3 0.42753 0.415701 0.379668 0.568544 0.896979
3 0.425216 0.415488 0.375561 0.569686 0.893816
3 0.427363 0.415719 0.379086 0.570016 0.882146
3 0.425853 0.41764 0.377219 0.569539 0.872273
3 0.425627 0.417796 0.378165 0.56923 0.863783
3 0.427198 0.416753 0.380104 0.569117 0.835544
3 0.461611 0.415305 0.286738 0.29412 0.0553251
3 0.457613 0.421424 0.268165 0.291828 0.0285086
3 0.455753 0.414898 0.310894 0.297023 0.0261722
3 0.453098 0.41548 0.265529 0.284599 0.0241087
3 0.45233 0.421207 0.254553 0.28179 0.0183356
3 0.465056 0.411915 0.290563 0.293332 0.0134821
5 0.039093 0.972397 0.0727512 0.0552063 0.011715
5 0.0396279 0.972007 0.0752899 0.0559857 0.0108543
