0 0.522341 0.503191 0.46438 0.611347 0.810906
0 0.521832 0.50321 0.466456 0.61222 0.80753
0 0.522788 0.504066 0.465797 0.612673 0.806931
0 0.521623 0.504088 0.465712 0.610411 0.801042
0 0.522959 0.503843 0.465681 0.610637 0.797735
0 0.522983 0.50398 0.466181 0.611752 0.781836
0 0.52045 0.502073 0.460571 0.610217 0.602594
0 0.521273 0.504351 0.460759 0.608054 0.506606
0 0.520096 0.503523 0.459602 0.609397 0.440612
0 0.52602 0.503907 0.459052 0.607211 0.397549
5 0.519036 0.504022 0.160961 0.208837 0.244621
5 0.521535 0.503699 0.162062 0.207872 0.232951
5 0.521529 0.502284 0.159289 0.203649 0.17301
5 0.522823 0.502897 0.163771 0.210591 0.168813
5 0.520501 0.501599 0.161394 0.205258 0.164573
5 0.519235 0.503317 0.164467 0.21248 0.146468
5 0.61462 0.254672 0.0249525 0.0314435 0.129286
5 0.507824 0.238122 0.0244018 0.0313901 0.0970321
5 0.525015 0.504137 0.166923 0.218837 0.0950006
5 0.615377 0.254004 0.0271333 0.0337361 0.0938135
5 0.613958 0.255256 0.0240549 0.030042 0.0854127
5 0.651908 0.290964 0.0233953 0.0307409 0.0763604
5 0.571997 0.230607 0.0207346 0.0223822 0.0691361
5 0.51977 0.503143 0.164831 0.210327 0.0686427
5 0.614988 0.254208 0.0267206 0.0319016 0.0646478
0 0.528413 0.503886 0.456314 0.610118 0.0604173
5 0.509028 0.238223 0.0275119 0.0337358 0.0569013
5 0.651651 0.291574 0.0227721 0.0302634 0.0542659
5 0.653443 0.290305 0.0288322 0.0359614 0.0480603
5 0.46343 0.748543 0.0359678 0.0409991 0.0414718
0 0.521618 0.504797 0.46359 0.608922 0.0398325
5 0.462703 0.749014 0.0345515 0.0392154 0.0388518
5 0.533742 0.498023 0.184238 0.221 0.0352874
5 0.575655 0.230725 0.0281011 0.0290693 0.0337933
5 0.653052 0.29007 0.0286821 0.0347606 0.0323821
5 0.507669 0.238779 0.0243542 0.0313486 0.0317449
5 0.506285 0.23557 0.0339648 0.0404667 0.0311891
5 0.518322 0.500528 0.164429 0.209362 0.0279363
0 0.526262 0.503563 0.457983 0.608911 0.0264313
5 0.51848 0.50454 0.171593 0.213397 0.0257326
5 0.462957 0.748459 0.0349822 0.0383903 0.0256034
5 0.671393 0.336471 0.0206998 0.0288797 0.0247485
5 0.693122 0.342704 0.0196958 0.0282288 0.0240015
1 0.527712 0.504711 0.127951 0.16088 0.0234339
5 0.525851 0.508815 0.173476 0.228155 0.0226691
5 0.693602 0.343579 0.018681 0.0259064 0.0220854
5 0.570378 0.254493 0.0217981 0.0256148 0.0217968
5 0.570671 0.254704 0.0235737 0.0283111 0.0206739
5 0.650969 0.291028 0.0312776 0.0346853 0.0206344
1 0.527175 0.493916 0.12456 0.178325 0.0205368
5 0.463117 0.748476 0.040924 0.0419981 0.0191996
5 0.572843 0.22775 0.0258924 0.0298757 0.0181511
5 0.610866 0.324196 0.0261991 0.0344459 0.0181457
5 0.611231 0.323391 0.0302839 0.0380187 0.0180588
5 0.671442 0.33572 0.0207784 0.0285516 0.0177003
5 0.463539 0.748573 0.0358598 0.0407538 0.0176762
5 0.508143 0.237413 0.0285532 0.0348117 0.0157714
5 0.569502 0.254023 0.0277674 0.0306842 0.015694
5 0.640815 0.383378 0.0367727 0.0525497 0.015157
3 0.531073 0.504886 0.12989 0.159912 0.0145158
5 0.614419 0.255672 0.0277687 0.0358004 0.0144961
5 0.462916 0.749226 0.0410474 0.0477883 0.013766
1 0.529547 0.493828 0.130232 0.178207 0.0137331
3 0.527789 0.506315 0.127949 0.159366 0.0137294
3 0.531149 0.506381 0.129224 0.158277 0.0131203
5 0.603515 0.623677 0.0462377 0.0600322 0.0127041
5 0.671862 0.335201 0.0248977 0.0317482 0.0126048
5 0.615472 0.254938 0.0304825 0.0378853 0.0124256
5 0.604118 0.624645 0.0465066 0.0581968 0.012392
5 0.569857 0.228482 0.0280113 0.0284812 0.0119574
5 0.59056 0.273511 0.0268011 0.0324799 0.0119322
1 0.521615 0.503795 0.124826 0.167073 0.011435
5 0.671193 0.335887 0.0263074 0.035368 0.0111086
5 0.640733 0.382705 0.0365181 0.0513883 0.0110235
5 0.733983 0.490343 0.024558 0.0304569 0.0107101
2 0.668831 0.637379 0.0231749 0.0276363 0.0104113
