0 0.40536 0.470668 0.290799 0.337826 0.580026
0 0.405506 0.471227 0.289181 0.336846 0.576069
0 0.404813 0.470624 0.289968 0.336104 0.574288
0 0.405121 0.470434 0.287219 0.337743 0.563165
0 0.405112 0.469747 0.290342 0.338633 0.50703
0 0.405781 0.470635 0.290103 0.33697 0.502648
0 0.405695 0.471428 0.290241 0.335911 0.495644
0 0.405175 0.470987 0.291555 0.335042 0.471665
0 0.404269 0.469945 0.28997 0.338761 0.464348
0 0.405933 0.470114 0.289562 0.338053 0.408209
2 0.411904 0.330535 0.194472 0.0533302 0.199517
2 0.407158 0.327753 0.201264 0.0482733 0.173691
2 0.418959 0.330087 0.179873 0.0502892 0.137193
2 0.412191 0.328637 0.189498 0.0471192 0.0968616
0 0.408325 0.343168 0.192632 0.0637432 0.0810857
0 0.403098 0.345491 0.195767 0.0672956 0.0727155
2 0.427787 0.333136 0.169419 0.0557278 0.0683613
2 0.421439 0.333538 0.183246 0.0581028 0.0547506
2 0.407975 0.326432 0.206732 0.0455869 0.0490332
0 0.411503 0.337785 0.188574 0.051407 0.0485074
0 0.409985 0.328481 0.20144 0.0458523 0.0473232
0 0.405614 0.330463 0.210244 0.0491215 0.0467436
5 0.416534 0.532976 0.0336789 0.0244121 0.0353637
0 0.497981 0.463671 0.102993 0.30338 0.0338835
0 0.312367 0.463555 0.10475 0.299401 0.0313493
0 0.495296 0.470317 0.108211 0.308464 0.026793
0 0.317548 0.466564 0.11411 0.307147 0.0259839
0 0.403445 0.36976 0.179887 0.0849437 0.0223602
0 0.311309 0.467613 0.104667 0.297473 0.0220732
0 0.500896 0.461406 0.0997283 0.303815 0.0211828
5 0.387147 0.531774 0.0158525 0.0196308 0.020767
0 0.395307 0.343743 0.197733 0.0694568 0.0194535
0 0.418449 0.335395 0.181593 0.0542105 0.0174611
2 0.399003 0.981925 0.140601 0.0322334 0.0173412
0 0.401962 0.392685 0.180527 0.0397095 0.016431
0 0.410723 0.37317 0.189605 0.0739984 0.0164123
0 0.400413 0.421163 0.225603 0.201916 0.0152708
0 0.400602 0.419517 0.246573 0.19229 0.015078
0 0.327338 0.465851 0.131626 0.31044 0.0144804
0 0.396952 0.332337 0.207165 0.0528122 0.0134089
0 0.473024 0.459656 0.157013 0.301096 0.0126918
0 0.331391 0.469168 0.14131 0.316447 0.0122382
5 0.408874 0.530795 0.053455 0.0345893 0.0120879
0 0.398316 0.364847 0.184713 0.0928379 0.0113318
0 0.422349 0.434647 0.237711 0.217968 0.0109521
0 0.402369 0.436883 0.180925 0.188957 0.0108718
0 0.400286 0.392807 0.195236 0.0389687 0.0106546
0 0.477778 0.465323 0.145548 0.306172 0.0105596
0 0.396798 0.416776 0.234288 0.235333 0.0101621
