3 0.396506 0.502271 0.401456 0.471449 0.723705
3 0.39862 0.502846 0.403167 0.47289 0.691417
3 0.397357 0.502127 0.402236 0.469093 0.69012
3 0.397958 0.503672 0.401674 0.473212 0.689851
3 0.398754 0.504173 0.403148 0.472688 0.675814
3 0.398801 0.503448 0.40148 0.471763 0.634759
3 0.398349 0.502881 0.405344 0.471674 0.60309
3 0.397713 0.503112 0.405666 0.468965 0.578687
3 0.398983 0.502833 0.405881 0.471233 0.558569
3 0.397011 0.502057 0.40108 0.472108 0.518399
3 0.390472 0.48538 0.239442 0.25904 0.153071
3 0.394236 0.488339 0.24247 0.259673 0.133741
3 0.390605 0.495618 0.246675 0.231817 0.132843
3 0.391987 0.511359 0.245537 0.204166 0.116992
3 0.394112 0.481419 0.248874 0.26528 0.0869897
3 0.393087 0.385278 0.397986 0.233902 0.0711593
3 0.249179 0.511309 0.113774 0.423001 0.0687562
3 0.372689 0.486317 0.205008 0.253541 0.0598259
3 0.397879 0.395411 0.406902 0.255106 0.0523094
3 0.399332 0.478912 0.251755 0.275191 0.0471655
3 0.384915 0.493867 0.228619 0.229936 0.0427721
3 0.36727 0.483151 0.196581 0.253593 0.0411797
3 0.251151 0.517044 0.12004 0.442378 0.0389005
3 0.390801 0.52578 0.240407 0.176972 0.0386511
3 0.395675 0.489765 0.253502 0.261794 0.0381705
3 0.399293 0.482815 0.261737 0.261911 0.0377861
3 0.394449 0.388941 0.402044 0.242224 0.0360167
3 0.248725 0.500358 0.111803 0.455852 0.0336509
3 0.544612 0.494699 0.110728 0.387936 0.0313056
3 0.239205 0.516715 0.0893936 0.399391 0.0306438
0 0.443038 0.421641 0.174189 0.150097 0.0290195
3 0.443686 0.426889 0.151206 0.134379 0.0277319
3 0.358529 0.509933 0.159932 0.197281 0.0255628
0 0.454549 0.421604 0.140947 0.148224 0.0239889
3 0.503954 0.49513 0.194744 0.39094 0.0224492
3 0.546272 0.500122 0.106585 0.393652 0.0218324
3 0.400272 0.50405 0.401983 0.470083 0.0198063
3 0.372372 0.484982 0.20928 0.256583 0.0197248
0 0.410177 0.459549 0.247523 0.226747 0.0189062
3 0.392866 0.386895 0.396881 0.2354 0.0188474
3 0.363441 0.516291 0.1612 0.18155 0.0185561
3 0.452833 0.431603 0.1355 0.12757 0.0184546
3 0.366278 0.522486 0.172099 0.17421 0.0183094
0 0.431866 0.418768 0.199267 0.15684 0.0179273
3 0.359979 0.518455 0.164974 0.182159 0.0174742
3 0.436107 0.423983 0.165791 0.136542 0.0157935
3 0.400037 0.373802 0.386991 0.205836 0.0148268
3 0.402922 0.477734 0.257925 0.267491 0.0147924
3 0.348507 0.506235 0.144955 0.202859 0.0141265
3 0.523396 0.504173 0.156796 0.397711 0.0141045
3 0.238974 0.510073 0.0878832 0.415656 0.0139491
3 0.45249 0.427754 0.134365 0.133586 0.0137999
3 0.460663 0.431868 0.119033 0.126477 0.0137808
0 0.449873 0.415114 0.159932 0.165297 0.0133544
0 0.403447 0.433008 0.251376 0.176119 0.0129453
3 0.239502 0.52151 0.0924616 0.434265 0.0120743
3 0.371538 0.528029 0.162003 0.15915 0.0119533
3 0.392821 0.377176 0.405867 0.213125 0.0112281
0 0.449408 0.419867 0.165467 0.155698 0.0107155
0 0.452272 0.425685 0.149839 0.149089 0.0105737
3 0.394613 0.528136 0.244407 0.172245 0.0103401
3 0.411363 0.529026 0.168661 0.163904 0.0102656
3 0.410131 0.530449 0.171604 0.157761 0.0102057
