3 0.609949 0.376268 0.50591 0.690545 0.721084
3 0.612799 0.374309 0.499349 0.688798 0.69936
3 0.616931 0.374124 0.50909 0.69003 0.676262
3 0.615947 0.376548 0.516776 0.69233 0.644086
3 0.606232 0.377195 0.512618 0.687847 0.640397
3 0.611079 0.377853 0.515698 0.689201 0.535566
3 0.617188 0.375119 0.509073 0.691172 0.524372
3 0.617629 0.37645 0.516685 0.690679 0.480928
3 0.606031 0.37581 0.511221 0.690085 0.451526
3 0.614235 0.37839 0.51714 0.689995 0.372998
3 0.567188 0.432311 0.271508 0.391679 0.0262438
3 0.56527 0.412778 0.286312 0.437868 0.0246974
3 0.574628 0.422883 0.292765 0.440978 0.0245973
3 0.574556 0.40978 0.295337 0.471927 0.0176701
3 0.55397 0.404934 0.282606 0.419113 0.0172158
1 0.416588 0.474763 0.100198 0.32198 0.0155246
3 0.56501 0.407986 0.295195 0.425272 0.0152223
3 0.570834 0.461023 0.253839 0.335059 0.0146845
3 0.54653 0.391478 0.300622 0.42215 0.0131715
3 0.556434 0.416727 0.268564 0.404066 0.0128328
3 0.575633 0.445336 0.281643 0.398971 0.0126233
3 0.557152 0.447148 0.255162 0.331957 0.0110609
1 0.416866 0.467458 0.105798 0.368983 0.0109573
