3 0.524219 0.48796 0.510131 0.555687 0.520305
3 0.523115 0.492259 0.504692 0.567266 0.510112
3 0.522512 0.485701 0.501908 0.549965 0.491817
3 0.518718 0.482024 0.48439 0.548982 0.482907
3 0.519419 0.489692 0.483887 0.560174 0.468348
3 0.512199 0.479981 0.464812 0.545225 0.458746
3 0.518842 0.486243 0.487477 0.553084 0.451931
3 0.511727 0.480967 0.458037 0.545705 0.444568
3 0.527934 0.495151 0.508998 0.577785 0.425018
3 0.511488 0.483429 0.451813 0.546106 0.409391
3 0.520094 0.485743 0.4764 0.553667 0.384196
3 0.530321 0.487556 0.507206 0.562018 0.311014
2 0.428082 0.67166 0.031327 0.0372156 0.225895
2 0.42836 0.671195 0.0342987 0.0400893 0.218488
2 0.428159 0.671685 0.0309031 0.0375338 0.213757
2 0.428388 0.67181 0.0347198 0.0396847 0.213506
3 0.521418 0.484692 0.505123 0.545235 0.189272
2 0.427353 0.67189 0.0356636 0.0405157 0.188768
2 0.427526 0.671185 0.0361615 0.0408096 0.169458
2 0.558263 0.730849 0.0846351 0.0969179 0.109831
2 0.554553 0.731765 0.0888047 0.0994712 0.081973
3 0.510658 0.481626 0.454671 0.542013 0.0778511
2 0.427791 0.670178 0.0367212 0.0435827 0.0772912
2 0.427055 0.672038 0.0398714 0.0456762 0.0744264
2 0.551193 0.730477 0.100442 0.0972809 0.073005
2 0.520905 0.72789 0.169197 0.108757 0.0711997
2 0.538392 0.730288 0.128971 0.100322 0.069882
2 0.501134 0.650779 0.0385585 0.0416202 0.0678187
2 0.427457 0.671938 0.0422104 0.0468437 0.0622937
2 0.500564 0.650377 0.0342836 0.0364195 0.0606565
2 0.577232 0.642872 0.0263533 0.030377 0.057114
2 0.500045 0.650229 0.0329831 0.0370297 0.0563665
2 0.500628 0.650957 0.0377149 0.0405012 0.0562488
2 0.577227 0.642704 0.0275275 0.0323149 0.0530407
2 0.49959 0.649636 0.0356365 0.0377375 0.0506311
2 0.500345 0.649719 0.0357155 0.038252 0.0501624
2 0.427557 0.66941 0.0403925 0.042833 0.0498289
2 0.519884 0.729033 0.171434 0.106377 0.0480226
3 0.5238 0.47113 0.510213 0.524513 0.0477468
3 0.520103 0.519025 0.331531 0.324913 0.0427814
3 0.52163 0.479819 0.515744 0.580937 0.0416724
2 0.539571 0.729446 0.124905 0.101203 0.0382852
3 0.521134 0.514484 0.31417 0.295307 0.0356592
2 0.578513 0.64296 0.0311894 0.032801 0.035563
2 0.429273 0.670074 0.0393068 0.0444047 0.035298
2 0.537313 0.731005 0.128802 0.103268 0.031697
2 0.560427 0.728838 0.0856477 0.0952231 0.0307665
3 0.521454 0.478056 0.514019 0.541975 0.0298403
2 0.426367 0.67208 0.0435615 0.0468791 0.0282026
3 0.535168 0.520556 0.313492 0.310394 0.0274043
2 0.50159 0.650251 0.0421675 0.0422328 0.0270025
2 0.578191 0.642643 0.0314066 0.0343965 0.025499
2 0.528444 0.728863 0.149767 0.102589 0.0250652
2 0.759432 0.558039 0.0486631 0.0531442 0.0224824
2 0.552544 0.728968 0.103106 0.0983943 0.0222769
2 0.497303 0.649136 0.0416685 0.0445968 0.0217727
2 0.759178 0.562213 0.046414 0.0540111 0.0212564
3 0.536193 0.520319 0.300341 0.24994 0.0207924
3 0.52187 0.388534 0.519388 0.369683 0.0202035
2 0.502107 0.649997 0.0416111 0.042437 0.0201564
3 0.520618 0.438657 0.531244 0.479979 0.0180014
2 0.514198 0.727117 0.190851 0.115518 0.0176271
2 0.496179 0.648316 0.0406683 0.0425975 0.0157208
2 0.501635 0.651745 0.0439938 0.0435831 0.0147124
5 0.426062 0.615719 0.0430884 0.0567528 0.0145379
2 0.578001 0.640557 0.0336302 0.0376619 0.0144806
3 0.519474 0.45606 0.535554 0.59849 0.0138141
3 0.524785 0.497037 0.303032 0.277395 0.013332
5 0.581039 0.642015 0.0420739 0.038367 0.0133064
2 0.758884 0.55675 0.0463218 0.0468585 0.0130934
5 0.451635 0.593267 0.0228141 0.0264379 0.0130644
3 0.523832 0.536155 0.33288 0.310875 0.0126365
2 0.75796 0.560966 0.0424251 0.0479519 0.0125243
4 0.530891 0.728838 0.145413 0.114532 0.0121811
3 0.514197 0.518735 0.324202 0.316371 0.0117867
3 0.506591 0.511477 0.295115 0.306575 0.0113259
5 0.451852 0.593762 0.0229009 0.0273907 0.0104231
3 0.540495 0.56228 0.307223 0.244276 0.0103524
5 0.434176 0.604428 0.053398 0.0520054 0.0100025
