3 0.511685 0.498217 0.390934 0.533271 0.797929
3 0.511599 0.496828 0.396296 0.53523 0.79018
3 0.510215 0.497563 0.390731 0.535441 0.786562
3 0.511779 0.495734 0.39473 0.535128 0.783977
3 0.513374 0.495288 0.394042 0.531491 0.78245
3 0.513771 0.495831 0.396545 0.532042 0.777706
3 0.508127 0.497987 0.388224 0.533523 0.771052
3 0.509249 0.497771 0.392797 0.533248 0.770598
3 0.51124 0.498771 0.39353 0.535704 0.770311
3 0.515146 0.492805 0.400216 0.530991 0.739841
5 0.415655 0.6039 0.0278337 0.0337783 0.315404
5 0.415572 0.604307 0.0278808 0.0344702 0.30094
5 0.416192 0.603493 0.0310366 0.0376389 0.238157
5 0.416358 0.603644 0.0308594 0.0367684 0.235229
5 0.416122 0.602822 0.0331245 0.0410477 0.139616
5 0.415196 0.603768 0.0333835 0.0390649 0.128835
5 0.415093 0.604084 0.0333236 0.0394037 0.116161
5 0.416851 0.602278 0.0352797 0.0420835 0.0959717
5 0.415302 0.60235 0.0381703 0.0430218 0.0529269
5 0.415366 0.605596 0.0374728 0.0466606 0.0436176
5 0.416037 0.60547 0.0406316 0.0469655 0.0419392
5 0.414873 0.605765 0.0406724 0.0472077 0.0166547
5 0.422065 0.604043 0.0436028 0.041018 0.0135497
3 0.516559 0.465794 0.254077 0.30087 0.0109989
5 0.423011 0.602566 0.0423008 0.0400925 0.0102058
