3 0.345533 0.345325 0.691067 0.69065 0.344095
4 0.344728 0.344101 0.689456 0.688202 0.0467704
2 0.377615 0.0580009 0.0711408 0.116002 0.0440713
5 0.524372 0.172247 0.105912 0.344494 0.0342565
2 0.531954 0.190046 0.105139 0.335004 0.0329383
2 0.510472 0.123229 0.0791556 0.246457 0.0262256
3 0.24788 0.208993 0.49576 0.417985 0.0216976
2 0.118406 0.394546 0.0852863 0.111383 0.0153731
5 0.50985 0.132383 0.0839033 0.264766 0.0134855
2 0.300479 0.408796 0.0295224 0.0469089 0.0126178
3 0.553616 0.243358 0.243558 0.486717 0.0124299
2 0.53396 0.198472 0.0699492 0.267292 0.0114267
