2 0.32902 0.342959 0.0386413 0.0625665 0.705311
2 0.586742 0.387255 0.039234 0.0506706 0.695434
2 0.471361 0.273056 0.035089 0.0506271 0.692696
2 0.373154 0.393081 0.058595 0.061259 0.689139
2 0.295965 0.457477 0.0431653 0.0631826 0.680946
2 0.464143 0.48353 0.0322886 0.0484521 0.669837
2 0.538185 0.43702 0.034532 0.0544446 0.669708
2 0.721744 0.235759 0.037757 0.0571641 0.660233
2 0.317813 0.245367 0.0409671 0.0547658 0.660147
2 0.378427 0.661507 0.0353071 0.0473995 0.659667
2 0.614053 0.463842 0.0428412 0.0643464 0.658686
2 0.385089 0.294317 0.0573215 0.0876411 0.656231
2 0.493837 0.679304 0.0424744 0.0545113 0.653019
2 0.559141 0.282457 0.0379227 0.0520993 0.647841
2 0.22036 0.215746 0.03994 0.0561416 0.646721
2 0.472947 0.592617 0.048324 0.0625624 0.629598
2 0.403436 0.59357 0.0320793 0.0474618 0.621539
2 0.582445 0.435691 0.0325386 0.0480139 0.610659
2 0.597966 0.264042 0.0306254 0.0545966 0.605231
2 0.415735 0.753985 0.037297 0.0516455 0.595956
2 0.681994 0.674286 0.0329935 0.0463855 0.590723
2 0.431585 0.414261 0.0387518 0.0464478 0.585166
2 0.717807 0.650109 0.0294533 0.0438223 0.581631
2 0.57696 0.679855 0.0311047 0.0460262 0.579895
2 0.379533 0.461895 0.0462597 0.0606017 0.574745
2 0.633653 0.357106 0.0618489 0.0827393 0.574637
2 0.502333 0.454655 0.0491997 0.0751807 0.563748
2 0.492572 0.181243 0.0901957 0.114283 0.562934
2 0.437009 0.568375 0.0292626 0.0493732 0.55423
2 0.4923 0.742838 0.0366087 0.0517993 0.551052
2 0.301871 0.72093 0.0397751 0.0581944 0.544607
2 0.839691 0.514091 0.0354293 0.0503885 0.543268
2 0.606323 0.702289 0.0376708 0.0553942 0.540809
2 0.629049 0.260794 0.0325201 0.0462899 0.531809
2 0.824008 0.385395 0.0365157 0.0513332 0.527631
2 0.409541 0.515435 0.058694 0.0775748 0.525563
2 0.48624 0.514473 0.0319314 0.0449951 0.525555
2 0.478497 0.827509 0.0371572 0.0513934 0.506319
2 0.852269 0.297716 0.03609 0.0560208 0.502579
2 0.633457 0.150149 0.0352042 0.0475672 0.496786
2 0.503727 0.306889 0.0339693 0.054089 0.49634
2 0.689904 0.103243 0.0384369 0.0570668 0.496224
2 0.628058 0.910078 0.0355081 0.0475707 0.492577
2 0.496041 0.554039 0.0306856 0.0451122 0.486754
2 0.771557 0.14297 0.0407477 0.0514471 0.475837
2 0.808376 0.556187 0.0393524 0.0577067 0.464607
2 0.417695 0.212091 0.0594152 0.0628567 0.458111
2 0.655537 0.84126 0.0284709 0.0396228 0.458075
2 0.422083 0.454157 0.0351639 0.0458552 0.432586
2 0.322517 0.605413 0.0413537 0.0526562 0.431966
2 0.477634 0.323851 0.0337204 0.0495195 0.430246
2 0.36579 0.701574 0.0334437 0.0410751 0.428816
2 0.879234 0.434521 0.0250978 0.0405312 0.415064
2 0.369999 0.570126 0.0359521 0.0590286 0.387103
2 0.638487 0.204831 0.0380122 0.0480623 0.379187
2 0.430673 0.169556 0.0330767 0.0428504 0.366186
2 0.497483 0.431804 0.0471932 0.0801662 0.358849
2 0.645835 0.160746 0.053205 0.0640051 0.34194
2 0.818348 0.609653 0.0305105 0.0482767 0.339218
2 0.654767 0.170819 0.0408246 0.0551542 0.33346
2 0.868495 0.473995 0.0271735 0.0401553 0.325087
2 0.782065 0.749161 0.0504781 0.0626865 0.308982
2 0.417984 0.504579 0.0442609 0.055291 0.279971
2 0.816556 0.696504 0.0395323 0.0610202 0.27909
2 0.791009 0.61172 0.0248048 0.0382661 0.268696
2 0.617696 0.804963 0.0276274 0.0371525 0.261634
2 0.361704 0.597795 0.033658 0.0610462 0.253997
2 0.7391 0.701443 0.0299374 0.0432049 0.245784
2 0.600122 0.779182 0.0293841 0.0484222 0.240981
2 0.771246 0.647725 0.0369003 0.0587879 0.225729
2 0.343908 0.595295 0.068064 0.0676978 0.225014
2 0.671296 0.923903 0.0367339 0.0540916 0.212821
2 0.49552 0.314132 0.0486749 0.0650506 0.190001
2 0.359912 0.584228 0.0502244 0.0895209 0.188728
2 0.373806 0.672452 0.03984 0.0652838 0.18659
2 0.764821 0.657338 0.0444322 0.0631561 0.168349
2 0.661492 0.803902 0.0214597 0.0363193 0.164896
2 0.402299 0.449277 0.0224931 0.0530386 0.146416
2 0.427602 0.435141 0.0432036 0.0776561 0.135497
2 0.644451 0.786349 0.0260133 0.0379767 0.131234
2 0.38921 0.454392 0.0477205 0.0626871 0.129879
2 0.610661 0.792796 0.0399303 0.0597054 0.129311
2 0.873275 0.462225 0.0296162 0.0418541 0.121681
2 0.42768 0.563535 0.0472001 0.0565366 0.121627
2 0.471918 0.491199 0.0404382 0.0623512 0.110406
2 0.399198 0.529141 0.0431373 0.077742 0.107194
2 0.518622 0.210201 0.0420151 0.0533562 0.1043
2 0.423476 0.17853 0.0484168 0.0656957 0.102573
2 0.481451 0.578945 0.0517554 0.0746288 0.10203
2 0.625776 0.761853 0.0654614 0.0697788 0.10079
2 0.485913 0.562548 0.0460839 0.0518697 0.0956656
2 0.685461 0.865539 0.0314114 0.0373918 0.0947351
2 0.47439 0.296696 0.0341727 0.0480097 0.092712
2 0.516019 0.441313 0.0403326 0.0734396 0.0859865
2 0.499934 0.207188 0.0829381 0.0631539 0.0846079
2 0.782125 0.629227 0.0380733 0.0540351 0.0839756
2 0.860491 0.580122 0.033743 0.0723558 0.0828985
2 0.490561 0.499557 0.0340548 0.0518005 0.0794532
2 0.654719 0.326506 0.0420315 0.0467122 0.0704591
2 0.493583 0.530429 0.0398848 0.0651252 0.0652175
2 0.647361 0.340404 0.063756 0.0871791 0.0649515
2 0.747177 0.666116 0.0273436 0.0409091 0.0641564
2 0.693356 0.723023 0.0424971 0.0536186 0.0589853
2 0.389747 0.472487 0.0514994 0.0571665 0.0579128
2 0.652447 0.794264 0.0283057 0.0442764 0.0558791
2 0.705647 0.78102 0.0540622 0.12647 0.0552832
2 0.497898 0.129622 0.0272026 0.0367265 0.0531983
4 0.514817 0.521379 0.850631 0.947 0.0517418
2 0.688703 0.700674 0.0378679 0.0409367 0.050806
2 0.872366 0.506093 0.0294173 0.070513 0.0507458
2 0.67603 0.778872 0.0203777 0.0382072 0.0487933
2 0.49116 0.464776 0.053502 0.0699442 0.0478407
2 0.754531 0.675889 0.0449364 0.0595722 0.0478287
2 0.867421 0.558089 0.0498525 0.128762 0.0462524
2 0.493269 0.292142 0.0321625 0.0518323 0.0447111
2 0.40842 0.56538 0.0358583 0.0443859 0.0414826
2 0.684375 0.830216 0.0301814 0.0476623 0.0386544
2 0.40189 0.428094 0.0228187 0.0521929 0.0370922
2 0.628993 0.384104 0.0354895 0.0529143 0.0362524
2 0.641651 0.354361 0.0884028 0.123447 0.035635
2 0.715662 0.72274 0.0228159 0.0388848 0.0351032
2 0.665433 0.797991 0.0229287 0.040756 0.0347301
2 0.791303 0.741749 0.0400146 0.05267 0.0345678
2 0.483741 0.328317 0.0503394 0.0776976 0.0345594
2 0.37143 0.691753 0.0477605 0.0698891 0.0334152
2 0.864479 0.521727 0.0204172 0.0442527 0.0329563
2 0.710166 0.762105 0.0393549 0.102725 0.0318209
2 0.713228 0.730991 0.0290449 0.0496709 0.0304568
2 0.585557 0.683231 0.0426134 0.0605743 0.030165
2 0.636455 0.742699 0.0631233 0.069213 0.0282092
2 0.646539 0.195043 0.0574166 0.0838843 0.0265197
2 0.69888 0.817974 0.0571269 0.0643986 0.0264232
2 0.873077 0.469642 0.0439164 0.0867218 0.0257337
2 0.4904 0.133711 0.0511893 0.0360589 0.02506
2 0.641295 0.765006 0.0517542 0.0612223 0.0246338
2 0.615373 0.716542 0.0582804 0.0659119 0.0246117
2 0.679806 0.904511 0.0395126 0.0564243 0.0244293
2 0.443056 0.562311 0.0325848 0.054507 0.0243192
2 0.414883 0.759005 0.0469342 0.0753029 0.0237164
2 0.600044 0.451859 0.0550087 0.0782594 0.0227868
2 0.694003 0.776842 0.0533632 0.0851681 0.0223198
2 0.687774 0.882215 0.0373911 0.0528183 0.0212772
2 0.665043 0.775636 0.0289357 0.0517613 0.0200342
2 0.864896 0.546578 0.0283039 0.0672837 0.0197875
2 0.496504 0.329719 0.0637833 0.105733 0.019513
2 0.661896 0.920219 0.0405569 0.0571736 0.019001
2 0.629163 0.719027 0.0659916 0.0892599 0.0189101
2 0.661957 0.758631 0.0222923 0.0404204 0.0186201
1 0.772485 0.514588 0.275363 0.906196 0.0179606
4 0.695007 0.79911 0.214351 0.329344 0.0177816
2 0.540442 0.444622 0.0449375 0.0911679 0.0176892
2 0.427422 0.464605 0.0349717 0.0536882 0.0176306
2 0.479858 0.169412 0.0661825 0.0747821 0.0173197
2 0.690891 0.742856 0.0466589 0.0753449 0.0171133
2 0.493575 0.56512 0.0454379 0.0721561 0.0169079
2 0.547339 0.436782 0.0362845 0.0592151 0.0158119
2 0.427792 0.579363 0.040087 0.0617659 0.0157004
2 0.67774 0.91809 0.0512256 0.0740912 0.0155978
2 0.863717 0.506862 0.0298987 0.0663752 0.014933
2 0.719332 0.707546 0.0284141 0.0488234 0.0146571
2 0.378165 0.565175 0.0369619 0.0546291 0.0143919
2 0.346493 0.366943 0.0296865 0.0625857 0.0140312
2 0.679393 0.813666 0.0302393 0.0565084 0.013565
2 0.562012 0.287937 0.0472561 0.0793035 0.0133222
1 0.4147 0.534138 0.665369 0.90512 0.0132805
2 0.392951 0.51511 0.0606429 0.086198 0.0132735
2 0.644185 0.916027 0.0417607 0.0587313 0.0131383
2 0.688559 0.673432 0.0436827 0.0624781 0.01286
2 0.368488 0.625322 0.0363995 0.0487912 0.012452
2 0.767803 0.633978 0.0396781 0.0588844 0.0122467
2 0.873652 0.517666 0.0547831 0.215931 0.0115989
2 0.694269 0.833214 0.04726 0.0499633 0.0115556
2 0.585363 0.344581 0.0387099 0.0728134 0.0112144
2 0.473552 0.550796 0.0440581 0.0646405 0.0108692
2 0.633387 0.261185 0.045385 0.0640362 0.0108634
2 0.784522 0.607086 0.0452064 0.0567809 0.0105583
4 0.773231 0.517672 0.274997 0.903488 0.0105555
2 0.682196 0.75268 0.0321026 0.0679278 0.0100326
