3 0.518011 0.496631 0.88925 0.978778 0.196066
0 0.509276 0.5039 0.898828 0.9922 0.170603
0 0.599297 0.137286 0.574922 0.247896 0.108635
3 0.710641 0.796142 0.47 0.372314 0.0880419
3 0.622912 0.389144 0.518947 0.250469 0.0789186
0 0.546485 0.298892 0.860429 0.550386 0.0702848
3 0.561882 0.291743 0.876235 0.547116 0.0683497
5 0.749517 0.326933 0.038621 0.0475902 0.062925
5 0.770091 0.692948 0.0209445 0.0355904 0.0519433
5 0.744864 0.390014 0.0403273 0.063871 0.0367072
5 0.318481 0.41297 0.383293 0.568755 0.0248473
0 0.685357 0.176275 0.264061 0.281702 0.0180982
5 0.679863 0.873643 0.12256 0.185782 0.0158593
5 0.668869 0.231866 0.0352195 0.0418919 0.0115575
2 0.65181 0.118252 0.0433237 0.0626619 0.0105363
