3 0.454185 0.531691 0.908371 0.936618 0.655737
1 0.959106 0.761512 0.0780007 0.122242 0.553664
1 0.951436 0.751052 0.0926482 0.242174 0.174649
1 0.933546 0.725709 0.132564 0.457134 0.0746056
5 0.891638 0.735916 0.0159863 0.0281744 0.0670507
5 0.181166 0.474062 0.0179557 0.0318282 0.0378984
1 0.917855 0.536159 0.155555 0.35637 0.0298777
5 0.892547 0.735517 0.024029 0.0341241 0.0277901
1 0.951129 0.83079 0.0977418 0.317149 0.0242019
1 0.956757 0.907617 0.0864866 0.184767 0.0149856
0 0.704037 0.856318 0.246129 0.242685 0.0128161
5 0.183242 0.475036 0.0252354 0.0414431 0.0104439
