4 0.419456 0.461387 0.837033 0.922775 0.419073
2 0.812244 0.376144 0.147758 0.326507 0.0750101
2 0.758175 0.20681 0.139565 0.143072 0.0545798
2 0.804807 0.396382 0.095042 0.262448 0.0432681
2 0.525877 0.177164 0.0525144 0.211502 0.0410648
2 0.622579 0.127919 0.157708 0.241447 0.0383908
2 0.769538 0.217532 0.0477942 0.0679132 0.0335703
2 0.775925 0.204918 0.0769389 0.101247 0.0333994
3 0.237394 0.277414 0.415822 0.453068 0.0279791
2 0.740251 0.797408 0.0970188 0.0803581 0.024955
3 0.763818 0.348859 0.366181 0.468164 0.0239357
2 0.539787 0.832122 0.140229 0.184617 0.0228359
2 0.903734 0.731817 0.192533 0.272887 0.0214048
2 0.791105 0.236278 0.176941 0.198895 0.0201379
2 0.402692 0.458517 0.0800641 0.145648 0.0200836
2 0.605055 0.758734 0.0403458 0.0644185 0.019885
2 0.783397 0.378027 0.0431567 0.200208 0.0198655
2 0.480964 0.0930631 0.241391 0.186126 0.0197953
4 0.689438 0.467426 0.597604 0.934852 0.0194019
3 0.875512 0.391859 0.163626 0.274995 0.0172519
2 0.525857 0.140072 0.0446465 0.116356 0.0155123
2 0.782517 0.347286 0.0365583 0.115837 0.0120982
2 0.831896 0.570533 0.0774751 0.0840623 0.0118469
0 0.677809 0.192908 0.289539 0.385816 0.0105975
2 0.748065 0.802149 0.124078 0.120208 0.0104875
3 0.630311 0.129241 0.19902 0.258482 0.0102388
