2 0.845733 0.440056 0.171264 0.215183 0.343991
2 0.845564 0.545132 0.165076 0.225525 0.329397
2 0.707329 0.192511 0.0612343 0.227889 0.171322
3 0.491692 0.275466 0.361126 0.550931 0.170525
2 0.226378 0.477814 0.115084 0.0648411 0.15898
2 0.834272 0.61117 0.160526 0.235166 0.145068
2 0.819193 0.309686 0.150208 0.102893 0.144303
2 0.909894 0.915471 0.180212 0.169057 0.139144
2 0.0951665 0.933184 0.0842371 0.133632 0.119509
3 0.283105 0.798046 0.548083 0.403909 0.113128
0 0.831327 0.408169 0.158603 0.491459 0.100298
3 0.898287 0.922128 0.203427 0.155745 0.0968115
2 0.827806 0.256488 0.213693 0.285302 0.0874395
2 0.434805 0.18633 0.162808 0.156309 0.0763472
3 0.381776 0.5 0.763551 1 0.0750049
2 0.820745 0.349244 0.170718 0.211479 0.073932
2 0.0368435 0.592025 0.070976 0.0691654 0.0735974
3 0.262209 0.848811 0.335012 0.302378 0.0728683
2 0.831385 0.298078 0.159869 0.179664 0.0720574
2 0.845307 0.671104 0.162758 0.243103 0.0670392
3 0.589872 0.495754 0.626349 0.991508 0.060999
5 0.227086 0.477614 0.11438 0.0804688 0.0502032
2 0.824979 0.625962 0.225361 0.319963 0.0454027
2 0.198307 0.709209 0.0481637 0.0595095 0.0436674
2 0.798642 0.780419 0.0643009 0.210889 0.0422984
2 0.840744 0.497468 0.036293 0.0418372 0.0419736
2 0.835626 0.499487 0.136238 0.181652 0.0399011
2 0.816172 0.487393 0.0889347 0.0563274 0.037403
2 0.190942 0.710411 0.0300064 0.0503798 0.0369708
2 0.218542 0.950533 0.0511445 0.0989337 0.0353539
2 0.428381 0.187348 0.11945 0.113882 0.0342221
2 0.717896 0.51094 0.0751268 0.250536 0.0334876
2 0.196278 0.47369 0.0350535 0.0410001 0.0334571
2 0.580575 0.199843 0.170541 0.141551 0.0320734
2 0.839206 0.496427 0.0212001 0.0292756 0.0300787
2 0.198582 0.943209 0.0967719 0.113581 0.0296823
2 0.874255 0.826335 0.139441 0.196161 0.029668
2 0.82567 0.333899 0.139181 0.0845944 0.0289503
2 0.686086 0.297884 0.0806296 0.313997 0.028905
2 0.208837 0.702207 0.0512968 0.0459148 0.0284431
3 0.162923 0.836491 0.315331 0.327018 0.0276981
2 0.718246 0.364672 0.0252188 0.301803 0.0267384
0 0.89621 0.917613 0.207581 0.164775 0.0263706
2 0.818035 0.40717 0.141032 0.207767 0.0255945
2 0.714946 0.288738 0.0382412 0.313881 0.0252255
2 0.107121 0.937096 0.0476282 0.122087 0.0251208
2 0.688197 0.370078 0.101287 0.338692 0.0238022
2 0.497639 0.728457 0.143907 0.260302 0.0227332
2 0.437576 0.185929 0.0824479 0.0888666 0.022648
5 0.195971 0.472995 0.0355158 0.046446 0.0225258
2 0.560513 0.176832 0.211987 0.254419 0.0224784
2 0.785492 0.781662 0.117311 0.217861 0.0224618
2 0.83251 0.478676 0.1183 0.0776745 0.0222403
2 0.207455 0.473377 0.0593654 0.0504764 0.021371
3 0.509245 0.398226 0.243718 0.469001 0.0212526
2 0.72578 0.404325 0.0422077 0.316204 0.0199395
0 0.637994 0.5 0.724012 1 0.0191466
2 0.571654 0.242862 0.195656 0.260339 0.0184405
2 0.721703 0.277892 0.0672172 0.301548 0.0172084
2 0.051114 0.584525 0.0343412 0.0337925 0.0171569
2 0.741779 0.412495 0.0319321 0.261782 0.016552
2 0.21898 0.70011 0.0348712 0.0351306 0.0154522
2 0.820393 0.791566 0.1175 0.235045 0.0153253
0 0.897244 0.836138 0.205513 0.327725 0.0148801
2 0.896307 0.806787 0.101301 0.138042 0.0144763
5 0.219055 0.947738 0.0530358 0.104524 0.0139655
3 0.902532 0.85429 0.193452 0.291421 0.0137609
2 0.851102 0.536498 0.140027 0.125153 0.0136792
2 0.432554 0.722269 0.13439 0.247395 0.0136595
2 0.609016 0.690956 0.133911 0.271194 0.0135987
2 0.716379 0.437771 0.0427065 0.320423 0.0130558
2 0.733938 0.455506 0.0576266 0.323769 0.0130096
2 0.379407 0.70631 0.0985029 0.197554 0.0122132
2 0.618758 0.767652 0.10604 0.228461 0.0109812
2 0.831225 0.397969 0.126695 0.0892654 0.0106467
2 0.857742 0.674448 0.102844 0.062986 0.0103046
2 0.852866 0.31378 0.0907348 0.0582429 0.010205
2 0.773845 0.65417 0.20519 0.288638 0.0101066
