2 0.0652269 0.084196 0.130454 0.168392 0.0959755
2 0.797751 0.269868 0.155399 0.252689 0.0923647
2 0.110335 0.306897 0.180129 0.305066 0.0908315
2 0.356385 0.142148 0.199155 0.284295 0.0818537
0 0.422389 0.489054 0.841766 0.978109 0.0748651
2 0.464364 0.181113 0.19302 0.362225 0.0629314
2 0.442114 0.0956166 0.0871961 0.191233 0.0591718
2 0.646678 0.44984 0.19233 0.366078 0.0476818
2 0.18412 0.289727 0.143189 0.25503 0.0467507
2 0.152631 0.697055 0.133068 0.264029 0.0426721
2 0.921131 0.191339 0.157738 0.356461 0.0423602
2 0.532294 0.160445 0.203604 0.32089 0.0415537
2 0.864336 0.123639 0.147375 0.247277 0.0354621
2 0.318099 0.309948 0.17053 0.261062 0.0343212
2 0.583753 0.235153 0.157539 0.337934 0.0341732
2 0.528613 0.0805748 0.155691 0.16115 0.0334915
2 0.104902 0.366311 0.112718 0.275758 0.0310543
2 0.729133 0.175459 0.218113 0.300115 0.0285178
2 0.366216 0.124039 0.131783 0.248078 0.0267148
2 0.741205 0.282805 0.216098 0.355702 0.0248052
2 0.410633 0.198401 0.218249 0.358333 0.0242305
2 0.521476 0.367895 0.160345 0.309704 0.0229891
4 0.756117 0.355901 0.463225 0.711803 0.0199046
2 0.894263 0.138516 0.0884857 0.167761 0.0195614
2 0.619853 0.0323037 0.0908282 0.0646075 0.017192
0 0.751017 0.357351 0.484466 0.714702 0.0170733
2 0.96741 0.410336 0.0651799 0.113193 0.0163777
2 0.474138 0.274274 0.146007 0.300352 0.0163366
2 0.9315 0.212215 0.132667 0.236161 0.0141118
2 0.436411 0.301796 0.194404 0.388585 0.0139715
2 0.984922 0.96339 0.0301562 0.0732206 0.0134874
2 0.566623 0.24408 0.0946585 0.236015 0.0134281
2 0.696073 0.641032 0.190375 0.32114 0.0122163
2 0.186849 0.959479 0.153553 0.0810418 0.0121603
2 0.914831 0.678098 0.170339 0.317805 0.011775
3 0.705216 0.189891 0.559475 0.379782 0.0111953
2 0.639813 0.207315 0.222962 0.370191 0.0101166
