2 0.709839 0.474158 0.113218 0.08518 0.416075
2 0.57177 0.0441432 0.10613 0.0882865 0.317209
2 0.912566 0.40811 0.151315 0.148338 0.23752
2 0.295295 0.358964 0.0632221 0.244647 0.223016
2 0.692488 0.403481 0.0405193 0.0551964 0.18619
0 0.534611 0.44561 0.149809 0.419734 0.18467
2 0.877168 0.423771 0.1609 0.1277 0.177716
2 0.518456 0.46383 0.13802 0.341946 0.153386
2 0.821909 0.296967 0.0396981 0.0489495 0.131525
2 0.880442 0.410431 0.210616 0.194205 0.12586
1 0.162331 0.479848 0.319541 0.959696 0.107824
2 0.293861 0.308851 0.0576818 0.142444 0.0989629
2 0.596217 0.526989 0.0273179 0.0593659 0.0929393
2 0.448089 0.175303 0.0337619 0.0433378 0.077098
2 0.843504 0.427459 0.0900708 0.0954594 0.0721916
2 0.594295 0.500169 0.0350931 0.126381 0.0704301
0 0.880793 0.292235 0.238415 0.471728 0.069032
2 0.592968 0.464668 0.0349896 0.218664 0.0598851
2 0.710156 0.44216 0.094564 0.148426 0.0576261
2 0.727697 0.385186 0.0377314 0.0643572 0.0567523
2 0.568161 0.614225 0.0632138 0.236898 0.0518776
2 0.538392 0.35182 0.119123 0.244775 0.0440613
0 0.553565 0.0707492 0.374446 0.141498 0.0437659
5 0.691704 0.399074 0.043614 0.0708843 0.0416601
5 0.448328 0.176345 0.0371566 0.0506249 0.0414585
2 0.535925 0.303883 0.070704 0.121492 0.0413094
2 0.502782 0.588136 0.0863931 0.350118 0.0407018
2 0.294078 0.371894 0.098075 0.336097 0.0389478
2 0.956147 0.205134 0.0510615 0.0679584 0.0387256
2 0.510093 0.61432 0.0695963 0.235739 0.034379
2 0.958525 0.200622 0.0770555 0.1292 0.0340993
2 0.700926 0.419623 0.0741593 0.0980306 0.0331936
2 0.465431 0.0360894 0.138761 0.0721788 0.0331659
2 0.528205 0.287233 0.0514292 0.0835227 0.0309763
2 0.698047 0.394374 0.0594523 0.076486 0.0291806
2 0.453694 0.169042 0.0478562 0.0564286 0.0290366
2 0.913045 0.0502299 0.17391 0.10046 0.0290167
0 0.766531 0.48294 0.465946 0.965881 0.0270014
4 0.879626 0.324357 0.239803 0.481007 0.026323
3 0.529782 0.400416 0.139814 0.321193 0.0259928
2 0.819285 0.327715 0.038457 0.0682924 0.0250503
5 0.921151 0.62967 0.0278738 0.0484235 0.023976
5 0.296328 0.446212 0.0749571 0.271681 0.0238265
2 0.257813 0.0283521 0.123113 0.0567042 0.0235566
2 0.572919 0.457176 0.0236917 0.202611 0.0223525
1 0.143129 0.301961 0.278429 0.603923 0.0206934
5 0.291706 0.349104 0.071463 0.230836 0.020172
2 0.573524 0.440629 0.0441003 0.31174 0.0201422
2 0.494256 0.465425 0.0672553 0.206359 0.0185138
2 0.481939 0.512314 0.0426823 0.0972276 0.0180655
5 0.291291 0.372322 0.103581 0.411311 0.0171174
2 0.44421 0.753118 0.0638576 0.0506465 0.0159858
2 0.490356 0.530048 0.0679233 0.195232 0.0158998
5 0.298523 0.531285 0.0337028 0.0768415 0.0158043
5 0.597708 0.524377 0.0377665 0.0764348 0.0155725
5 0.2961 0.540304 0.0246574 0.055451 0.0147389
2 0.990457 0.524174 0.019087 0.0632926 0.0146776
5 0.727765 0.383115 0.0496539 0.083562 0.0141696
2 0.577042 0.697415 0.0617278 0.124218 0.0133487
2 0.933392 0.377934 0.133216 0.215388 0.0132034
1 0.327966 0.49138 0.653592 0.982761 0.0129948
2 0.86046 0.328667 0.02637 0.0480321 0.0129216
3 0.533827 0.40975 0.185855 0.771754 0.0125323
2 0.84788 0.0932596 0.144017 0.0813283 0.0123832
2 0.554288 0.441937 0.116395 0.331492 0.0113702
5 0.447618 0.169619 0.0530066 0.0678064 0.0110371
2 0.577618 0.728579 0.0651751 0.0653702 0.0108617
2 0.639219 0.74655 0.0557092 0.0516423 0.010679
2 0.965937 0.0184994 0.0660332 0.0369988 0.0106351
5 0.437696 0.752018 0.0467915 0.0447746 0.0104867
2 0.586365 0.73412 0.0412689 0.0488463 0.0103228
