2 0.621783 0.565225 0.159297 0.234019 0.327563
2 0.883886 0.526349 0.163302 0.259141 0.221968
2 0.324308 0.888308 0.190272 0.223384 0.201266
2 0.383745 0.837789 0.222453 0.324421 0.170607
2 0.0359984 0.954003 0.0714284 0.0919946 0.164921
2 0.666691 0.773622 0.090117 0.21064 0.16334
2 0.584718 0.652882 0.184188 0.230728 0.15626
2 0.619644 0.608203 0.221108 0.335514 0.15465
2 0.55331 0.961837 0.0589064 0.0763264 0.153813
2 0.119084 0.865287 0.195534 0.262351 0.147327
2 0.071997 0.56202 0.143994 0.150887 0.143863
2 0.0635476 0.412324 0.127095 0.183363 0.142872
2 0.442897 0.901227 0.22317 0.197547 0.125717
4 0.391705 0.5 0.771202 1 0.123212
2 0.253484 0.450136 0.186222 0.291868 0.120247
2 0.842095 0.762574 0.159905 0.219288 0.117597
2 0.513965 0.955574 0.148178 0.0888515 0.115326
2 0.101438 0.703372 0.139612 0.176552 0.109623
2 0.507925 0.826384 0.14001 0.203887 0.104078
2 0.10732 0.577173 0.0464121 0.0930492 0.10186
2 0.121923 0.728422 0.0517806 0.101916 0.0921109
2 0.536948 0.847782 0.0650797 0.15818 0.088449
0 0.39358 0.5 0.771561 1 0.0881632
2 0.801455 0.258654 0.202916 0.328755 0.0874667
2 0.49465 0.931055 0.195507 0.13789 0.0863376
2 0.123185 0.717896 0.0711416 0.140192 0.0852988
2 0.0396328 0.191057 0.0792657 0.256993 0.0772432
2 0.340651 0.59841 0.216134 0.321182 0.0747762
2 0.589019 0.541481 0.211553 0.329991 0.0721492
2 0.0493716 0.575466 0.0950816 0.109235 0.0651826
2 0.217294 0.751674 0.22341 0.355767 0.0614477
2 0.335976 0.696602 0.233029 0.334253 0.0563616
2 0.489993 0.867188 0.218278 0.265625 0.0551
2 0.177727 0.501156 0.222428 0.267549 0.05489
1 0.816354 0.884404 0.33833 0.231191 0.0540197
2 0.0255366 0.170056 0.0510731 0.260823 0.0522384
2 0.0161974 0.861908 0.0322312 0.072161 0.0497278
2 0.0877022 0.350011 0.175404 0.321916 0.0475823
2 0.45583 0.688241 0.161833 0.230293 0.0458768
2 0.192589 0.593204 0.215356 0.345619 0.0452354
2 0.179301 0.856142 0.0355337 0.0810305 0.0438239
2 0.109245 0.690556 0.215412 0.303022 0.0432614
2 0.200274 0.625707 0.162639 0.228294 0.040605
2 0.366204 0.75093 0.176007 0.285695 0.0397508
2 0.165704 0.4174 0.185195 0.308154 0.0383912
2 0.627014 0.38419 0.2147 0.255581 0.0367879
2 0.271018 0.71444 0.236778 0.33178 0.0340428
2 0.773512 0.194153 0.178381 0.302087 0.0330995
2 0.75605 0.300253 0.217167 0.332834 0.0328362
2 0.565268 0.359151 0.147518 0.251341 0.0326231
2 0.840556 0.328183 0.111797 0.162018 0.0316279
2 0.900161 0.962431 0.187365 0.0751383 0.0313954
2 0.675333 0.977213 0.179635 0.0455734 0.0293935
2 0.377982 0.908044 0.209894 0.183911 0.0293632
2 0.871552 0.180676 0.0790007 0.156454 0.0287844
2 0.197003 0.966766 0.1196 0.0664683 0.0284967
2 0.850948 0.316822 0.164077 0.219544 0.0274326
2 0.313383 0.541912 0.190086 0.257949 0.026846
2 0.229906 0.816001 0.0591147 0.160385 0.0263675
2 0.653313 0.781853 0.14013 0.30797 0.0263047
2 0.855559 0.274822 0.204303 0.329696 0.0260831
2 0.191833 0.988234 0.0965085 0.0235317 0.0260589
2 0.242347 0.560949 0.212407 0.29355 0.0258969
2 0.0866828 0.534851 0.173366 0.212495 0.0256612
2 0.0740047 0.434369 0.0795314 0.127226 0.0249041
2 0.116886 0.863344 0.146846 0.158547 0.0245072
2 0.842051 0.205502 0.138496 0.231589 0.0241923
2 0.327762 0.549144 0.118102 0.176134 0.0230702
2 0.710784 0.346777 0.16588 0.243729 0.0227488
2 0.165481 0.859427 0.0751874 0.11038 0.0221781
2 0.81865 0.348369 0.0448743 0.11029 0.0215312
2 0.495587 0.67532 0.166648 0.277316 0.0210798
2 0.569691 0.498836 0.141013 0.313573 0.0210667
2 0.231156 0.784025 0.0820227 0.217031 0.0208742
2 0.279905 0.385923 0.125356 0.203166 0.0203348
2 0.0140302 0.181927 0.0280604 0.201411 0.0201219
2 0.0925367 0.430188 0.0488265 0.123029 0.0199757
2 0.380415 0.486838 0.182624 0.293546 0.0199422
2 0.486696 0.66437 0.0948909 0.211285 0.0199257
2 0.585597 0.416662 0.21034 0.353004 0.0198475
2 0.766664 0.634342 0.130109 0.231512 0.0197254
2 0.867872 0.196638 0.0319869 0.0435883 0.0193012
2 0.967444 0.624294 0.0651115 0.312452 0.0192568
2 0.141896 0.858931 0.0612417 0.113327 0.0189593
2 0.237035 0.781768 0.148017 0.23338 0.0186936
2 0.19801 0.951696 0.146637 0.0966073 0.0181225
2 0.28656 0.800499 0.230279 0.322642 0.0181221
2 0.235977 0.655577 0.199672 0.207866 0.0179202
3 0.710818 0.210999 0.426759 0.421997 0.0170422
2 0.0833857 0.573606 0.101888 0.111074 0.0166129
2 0.380886 0.450005 0.0621597 0.173065 0.0157315
2 0.583208 0.666904 0.119924 0.189852 0.0156094
2 0.0708744 0.274165 0.141749 0.276726 0.0153256
2 0.417616 0.713112 0.161059 0.265329 0.0153112
2 0.943725 0.305307 0.0843036 0.202206 0.014802
2 0.259762 0.415441 0.0578104 0.128458 0.0145964
2 0.0419687 0.435935 0.080493 0.130842 0.0137975
2 0.161848 0.789184 0.213035 0.351396 0.0137416
2 0.75622 0.570553 0.11971 0.193629 0.0136483
2 0.868843 0.377977 0.187138 0.307376 0.0135326
2 0.858593 0.485537 0.13839 0.197366 0.0132119
2 0.179683 0.0941309 0.154097 0.188262 0.0130989
2 0.673456 0.752643 0.0716242 0.144336 0.0130371
2 0.535671 0.565316 0.183757 0.324896 0.01292
2 0.249215 0.401009 0.035669 0.0855709 0.0127135
2 0.264607 0.386098 0.0811847 0.170157 0.0124847
2 0.123118 0.408398 0.0300292 0.0973768 0.0123943
2 0.491498 0.594226 0.18263 0.365532 0.0123771
2 0.66887 0.92791 0.160364 0.144181 0.0122816
2 0.537157 0.540908 0.111451 0.267415 0.0121898
2 0.831283 0.817567 0.153295 0.119132 0.012141
2 0.00948199 0.173413 0.018351 0.129314 0.012055
2 0.944938 0.312695 0.110125 0.285257 0.0119615
2 0.105711 0.420318 0.0786981 0.149678 0.0118719
2 0.232275 0.846396 0.0472541 0.10048 0.0117542
2 0.138425 0.137116 0.21651 0.274233 0.0111821
2 0.55108 0.687247 0.152346 0.167011 0.0108003
2 0.909448 0.317114 0.100178 0.208668 0.0105586
3 0.601113 0.158084 0.595836 0.316169 0.0105092
2 0.245729 0.976843 0.0295213 0.0463132 0.0104561
2 0.780636 0.703739 0.103345 0.236697 0.0102373
2 0.257661 0.476957 0.128346 0.198837 0.0101045
