2 0.754867 0.145465 0.127731 0.290929 0.385649
4 0.25266 0.712631 0.492133 0.537433 0.30886
2 0.918427 0.28703 0.163147 0.342898 0.295206
2 0.95743 0.0636741 0.0851392 0.127348 0.265321
2 0.692631 0.135696 0.115831 0.271391 0.263755
2 0.915151 0.389079 0.169699 0.370468 0.176915
2 0.865286 0.354819 0.215604 0.387962 0.140793
2 0.915411 0.499978 0.169178 0.363752 0.116731
2 0.0661736 0.60194 0.132347 0.286804 0.109079
2 0.81877 0.145384 0.0598096 0.290767 0.105362
2 0.673856 0.161331 0.109873 0.322663 0.089897
2 0.742643 0.234038 0.08284 0.29664 0.0823392
2 0.0519625 0.508217 0.0931566 0.256088 0.0718933
2 0.0675343 0.530927 0.0529242 0.279318 0.0675549
2 0.224882 0.659042 0.206711 0.403992 0.0670981
2 0.287631 0.580974 0.141767 0.223896 0.0631816
2 0.655753 0.198914 0.107742 0.386969 0.0533335
2 0.731768 0.212361 0.138877 0.424722 0.0518231
2 0.876662 0.457915 0.236422 0.398405 0.0483541
2 0.593673 0.461387 0.160852 0.413629 0.0476967
2 0.0363425 0.611337 0.0724204 0.239743 0.0470898
2 0.797141 0.437257 0.229647 0.397012 0.0468832
2 0.623048 0.338887 0.159215 0.443035 0.0460273
2 0.320036 0.764037 0.0732179 0.204706 0.0449177
2 0.903748 0.590188 0.192503 0.385043 0.043621
2 0.838181 0.146094 0.0542381 0.292188 0.0434516
4 0.112567 0.663766 0.223923 0.526711 0.0434172
2 0.348393 0.762016 0.158966 0.243253 0.0418895
2 0.0436962 0.440563 0.0861801 0.109169 0.0406646
2 0.728038 0.169134 0.196082 0.338267 0.0395714
2 0.0957293 0.522548 0.0205903 0.0633289 0.0364857
4 0.317272 0.683611 0.28394 0.457581 0.0361516
2 0.0671779 0.862419 0.0364094 0.0696104 0.0311061
2 0.262457 0.601967 0.0674026 0.109859 0.0304084
2 0.745845 0.155159 0.0733112 0.310318 0.0299904
2 0.0711628 0.480431 0.0371863 0.176594 0.0299167
2 0.092877 0.530786 0.0303065 0.107737 0.0298024
2 0.291761 0.754488 0.0242679 0.0838544 0.0292953
2 0.207304 0.76056 0.148003 0.287887 0.0272215
2 0.70017 0.239848 0.0916313 0.392913 0.0270721
2 0.0798655 0.513838 0.0500242 0.236831 0.0267672
0 0.233765 0.707229 0.437247 0.42568 0.02672
2 0.284956 0.609767 0.0259429 0.0857534 0.0267127
2 0.750937 0.195416 0.0529763 0.311216 0.026435
2 0.793464 0.148732 0.103759 0.297464 0.0257804
2 0.358773 0.587039 0.162594 0.258129 0.0254748
2 0.606185 0.430633 0.0914825 0.322839 0.0246294
2 0.749981 0.267708 0.0499756 0.226403 0.0245099
2 0.321409 0.764095 0.0474528 0.17188 0.0239383
2 0.633395 0.390391 0.0614105 0.373317 0.0239197
2 0.271318 0.693636 0.0251693 0.066896 0.0238143
2 0.850632 0.543303 0.24163 0.385832 0.0221458
2 0.00921814 0.897644 0.0184363 0.0529674 0.0219601
2 0.315212 0.718304 0.0534383 0.106429 0.0212872
2 0.678526 0.311432 0.120086 0.418981 0.0211328
2 0.149462 0.686964 0.215203 0.317394 0.0201702
2 0.293914 0.612523 0.0243952 0.0793529 0.0192989
2 0.125498 0.765252 0.151051 0.271592 0.0192379
2 0.327863 0.709366 0.0476084 0.0922379 0.01828
2 0.393208 0.602149 0.0273705 0.0758829 0.0171966
2 0.358404 0.60294 0.0233176 0.0749315 0.0169108
2 0.318215 0.605425 0.0417811 0.0903311 0.0167134
2 0.650863 0.167462 0.0210555 0.0787605 0.0165215
2 0.128962 0.772341 0.0929672 0.223626 0.0162453
2 0.325855 0.604088 0.0641517 0.111051 0.0155397
0 0.916321 0.357699 0.165953 0.427429 0.0151575
2 0.0214387 0.590625 0.0412569 0.204965 0.015073
2 0.784457 0.546925 0.237171 0.407831 0.0146557
2 0.587509 0.472579 0.0962934 0.311171 0.0136687
2 0.190066 0.740478 0.0395275 0.287554 0.0130615
2 0.0611323 0.598874 0.0692376 0.141294 0.0126805
2 0.370635 0.585893 0.114266 0.182647 0.0126347
2 0.0885832 0.573682 0.0424143 0.229453 0.0126303
2 0.350147 0.606239 0.0218338 0.074318 0.012286
2 0.298941 0.587619 0.211883 0.290585 0.0122667
2 0.30869 0.607881 0.0270859 0.079756 0.0117273
2 0.373578 0.764053 0.0300572 0.163504 0.0115701
2 0.334592 0.608122 0.0374217 0.0901241 0.0115517
2 0.192898 0.751077 0.0692349 0.291139 0.011462
2 0.829889 0.186302 0.058586 0.186098 0.0112526
2 0.644305 0.398761 0.0425028 0.309259 0.010813
2 0.753205 0.321964 0.0387681 0.115533 0.0107002
2 0.082968 0.591871 0.0361906 0.150548 0.0103166
2 0.337046 0.693762 0.0254529 0.051325 0.0103089
0 0.0960929 0.559085 0.190402 0.725987 0.0101046
