2 0.104227 0.12653 0.208455 0.25306 0.344789
2 0.465418 0.153585 0.151833 0.203832 0.23876
2 0.273883 0.229522 0.139097 0.316996 0.201616
0 0.325332 0.5 0.650664 1 0.1954
2 0.0797442 0.422225 0.159488 0.354255 0.181917
2 0.443929 0.614583 0.0498178 0.146805 0.178174
2 0.866127 0.355581 0.0579061 0.105043 0.161488
2 0.528525 0.662151 0.180229 0.272938 0.161463
2 0.868087 0.806026 0.104578 0.276103 0.159194
2 0.0799582 0.217555 0.159916 0.312034 0.14891
2 0.441873 0.6038 0.0724645 0.189407 0.136658
2 0.426408 0.368828 0.213949 0.340272 0.1349
2 0.672861 0.398319 0.172969 0.276708 0.127038
2 0.171889 0.409482 0.166818 0.32463 0.123921
2 0.506129 0.765979 0.22342 0.361421 0.114885
2 0.467479 0.913608 0.226967 0.172783 0.100579
2 0.766252 0.660312 0.189301 0.311813 0.0934814
2 0.427841 0.786722 0.225476 0.344606 0.0920314
2 0.636698 0.715856 0.208089 0.315075 0.0902599
2 0.280379 0.962752 0.136912 0.0744965 0.0815567
2 0.622431 0.859483 0.0233574 0.0570023 0.0815134
2 0.842235 0.772538 0.131585 0.271393 0.0807268
2 0.177925 0.392612 0.122647 0.194128 0.0647269
2 0.790938 0.722884 0.203728 0.313309 0.0615176
2 0.426836 0.626751 0.0407372 0.0933298 0.0608155
4 0.388596 0.494665 0.777191 0.98933 0.060034
2 0.538657 0.835287 0.172969 0.191763 0.059937
2 0.0196622 0.094082 0.0358643 0.188164 0.0582424
2 0.653815 0.57216 0.237713 0.283948 0.0581648
2 0.542769 0.915681 0.181303 0.168639 0.0557713
2 0.830092 0.514577 0.0648171 0.163832 0.0535845
2 0.416787 0.88883 0.223371 0.22234 0.0525009
2 0.480729 0.862994 0.22802 0.274012 0.0501811
2 0.0868426 0.3183 0.173685 0.331991 0.0477965
2 0.558388 0.311305 0.140497 0.180095 0.0468246
4 0.158178 0.499129 0.310623 0.998258 0.0456169
2 0.792374 0.512621 0.154144 0.205205 0.045059
2 0.572904 0.633189 0.225956 0.291217 0.0442933
2 0.145727 0.80358 0.162378 0.308346 0.0435255
2 0.194547 0.798884 0.193502 0.337849 0.0426427
2 0.428497 0.122658 0.236209 0.245315 0.0409829
2 0.428913 0.937644 0.226905 0.124711 0.040348
2 0.139619 0.863747 0.197671 0.272506 0.0402993
2 0.124074 0.195111 0.224074 0.390223 0.0397587
2 0.688483 0.913763 0.161718 0.172473 0.0396532
2 0.346996 0.232374 0.194327 0.389956 0.0379585
2 0.586224 0.530412 0.239846 0.240443 0.0362834
2 0.243 0.199029 0.14194 0.295628 0.0337484
2 0.771052 0.348716 0.144846 0.126641 0.0336285
2 0.0607474 0.638269 0.119206 0.259406 0.0329567
2 0.380668 0.832034 0.224244 0.320094 0.0315972
2 0.558823 0.724395 0.224578 0.379635 0.0312966
2 0.162897 0.651927 0.130165 0.276011 0.0303051
2 0.734475 0.7633 0.206009 0.335294 0.0294831
0 0.152861 0.510399 0.298733 0.979202 0.0283951
2 0.425887 0.601558 0.116581 0.227872 0.0281853
2 0.118053 0.103235 0.153297 0.206469 0.0265355
2 0.68758 0.389074 0.124831 0.193628 0.0251286
0 0.645274 0.5 0.647699 1 0.0250323
2 0.827129 0.768334 0.185295 0.376025 0.02412
2 0.915896 0.534827 0.131387 0.183679 0.0235834
2 0.20084 0.443451 0.140301 0.257208 0.023363
2 0.366307 0.15892 0.18627 0.31784 0.0233607
2 0.298189 0.284552 0.201344 0.337654 0.0233011
2 0.62748 0.88768 0.0226649 0.073263 0.0224082
4 0.0791117 0.18298 0.153632 0.365961 0.0220012
2 0.545166 0.949853 0.155336 0.100294 0.02198
2 0.596902 0.420401 0.185983 0.11169 0.0217341
2 0.718638 0.601266 0.236631 0.288214 0.0212466
2 0.0887971 0.666761 0.159179 0.318399 0.0207527
2 0.172925 0.321086 0.147695 0.278158 0.0204259
2 0.199305 0.0507421 0.192979 0.101484 0.0203758
2 0.679557 0.754599 0.223171 0.301559 0.0200395
3 0.76327 0.177913 0.47346 0.355826 0.0196271
0 0.431472 0.820293 0.404115 0.359414 0.0192674
2 0.172738 0.633721 0.0948108 0.175158 0.0190753
2 0.183911 0.573949 0.137863 0.288722 0.0187985
2 0.28984 0.920547 0.160117 0.158906 0.0187203
2 0.0162245 0.0528476 0.0310358 0.105695 0.0187043
2 0.198048 0.724165 0.144882 0.396009 0.0180914
0 0.080512 0.25155 0.156667 0.5031 0.0178735
2 0.0104721 0.547801 0.0207679 0.0917777 0.017506
0 0.0988391 0.365463 0.196902 0.730927 0.0174571
2 0.300424 0.969942 0.0862505 0.0601153 0.0171121
2 0.389566 0.435428 0.226927 0.302823 0.0168175
0 0.587799 0.188442 0.5714 0.376883 0.0162707
2 0.555819 0.488903 0.194694 0.134094 0.0162472
2 0.182303 0.355194 0.0937605 0.11864 0.0159372
2 0.635323 0.904531 0.0179271 0.0378309 0.0158171
2 0.755358 0.680876 0.107959 0.210973 0.0157932
2 0.686335 0.327199 0.14552 0.23779 0.0155718
2 0.359514 0.223713 0.121004 0.335948 0.0152657
2 0.536213 0.319282 0.0842233 0.162777 0.0152016
2 0.186305 0.567275 0.189343 0.390317 0.0148625
2 0.0975892 0.695827 0.0974939 0.356119 0.0148258
2 0.588983 0.435391 0.22792 0.189638 0.01475
2 0.468477 0.961231 0.22043 0.0775374 0.0147237
2 0.0589354 0.159459 0.112218 0.113613 0.0147125
2 0.387239 0.629178 0.0863172 0.278385 0.0144436
2 0.350265 0.379611 0.216463 0.340304 0.0142748
2 0.27452 0.418174 0.0701299 0.166463 0.01417
2 0.59964 0.412935 0.0415436 0.052498 0.0140293
2 0.651713 0.41246 0.258443 0.208595 0.0140272
2 0.463686 0.555695 0.146362 0.334485 0.0138312
2 0.633101 0.960451 0.0203165 0.0438628 0.0137877
2 0.0972289 0.701379 0.0601013 0.306728 0.013622
2 0.216114 0.881349 0.183259 0.237302 0.0135512
2 0.277941 0.22185 0.0824162 0.26465 0.0134752
2 0.289791 0.387797 0.11641 0.251621 0.0134658
2 0.41379 0.622349 0.076652 0.202976 0.012953
2 0.526538 0.523781 0.210714 0.296496 0.0128331
2 0.373805 0.166973 0.0839556 0.287577 0.0127258
2 0.669703 0.202133 0.158773 0.293991 0.0127159
2 0.255631 0.41297 0.0215827 0.0572535 0.0121553
2 0.154753 0.730891 0.135589 0.273997 0.012057
2 0.0189488 0.521475 0.0375838 0.370153 0.0119529
2 0.0671137 0.890272 0.134227 0.219457 0.0118448
2 0.600246 0.977871 0.0278666 0.0442585 0.0116123
2 0.772926 0.81482 0.196514 0.37036 0.0115393
2 0.435808 0.386256 0.159695 0.249465 0.0113533
2 0.33865 0.948214 0.170814 0.103573 0.0112427
2 0.616668 0.877498 0.0230408 0.0823113 0.0112021
2 0.05938 0.635396 0.0433378 0.138742 0.0111858
2 0.496042 0.482583 0.156625 0.119784 0.0111047
2 0.539324 0.32399 0.0521802 0.122476 0.011051
4 0.434332 0.845943 0.422493 0.308115 0.0107698
2 0.309364 0.824404 0.231076 0.305688 0.0107535
2 0.749696 0.163637 0.196057 0.265471 0.0106962
2 0.111804 0.249991 0.0669501 0.174853 0.0106568
2 0.0130308 0.521439 0.0249232 0.253301 0.0105384
2 0.12396 0.70315 0.185483 0.39603 0.0105295
2 0.364295 0.94207 0.0475585 0.0970926 0.0104826
0 0.324522 0.888268 0.403683 0.223463 0.0104585
2 0.524965 0.474124 0.0678151 0.0761312 0.0104191
2 0.0698414 0.65248 0.0204323 0.0470355 0.0103207
2 0.546071 0.863743 0.217205 0.272513 0.0102818
0 0.747778 0.151924 0.504445 0.303847 0.0100862
