3 0.22437 0.924457 0.261999 0.151086 0.267596
0 0.220916 0.925188 0.266193 0.149623 0.262482
2 0.804567 0.206355 0.343735 0.236364 0.131725
2 0.79943 0.472562 0.237575 0.136853 0.128719
2 0.289775 0.210035 0.20101 0.178993 0.111823
2 0.900499 0.294716 0.199001 0.183914 0.101667
2 0.127924 0.499203 0.136224 0.0815541 0.0999135
2 0.145059 0.486021 0.229588 0.127212 0.0894181
2 0.249104 0.484205 0.323852 0.197141 0.0759342
2 0.851388 0.233097 0.297225 0.175068 0.0680555
2 0.453007 0.178242 0.328471 0.160544 0.047013
2 0.320138 0.415215 0.180432 0.176514 0.044572
2 0.124909 0.626573 0.0992703 0.130167 0.0429347
2 0.829337 0.472749 0.155809 0.0984031 0.0418381
2 0.130396 0.505894 0.095793 0.0625777 0.0383939
2 0.144916 0.422058 0.0895813 0.0492035 0.0374436
2 0.245588 0.447521 0.205914 0.0735165 0.03682
2 0.899086 0.387726 0.201828 0.132197 0.0319038
2 0.289806 0.210673 0.304168 0.245151 0.0287177
2 0.334173 0.42264 0.070161 0.165828 0.0279711
2 0.26117 0.442635 0.133564 0.0590977 0.0248321
2 0.247266 0.618175 0.136806 0.145251 0.0244218
2 0.914131 0.39959 0.170108 0.0809994 0.0243638
2 0.6399 0.0873731 0.0777347 0.174746 0.0230999
3 0.409542 0.240071 0.241479 0.185474 0.0222576
1 0.85431 0.0949208 0.282012 0.189842 0.020778
2 0.355654 0.177611 0.319623 0.151415 0.0200938
2 0.700773 0.0777747 0.109082 0.155549 0.0193363
2 0.16315 0.475606 0.273785 0.204426 0.0193111
2 0.605223 0.93486 0.123062 0.081863 0.0185143
0 0.334268 0.173992 0.472483 0.273321 0.0184371
2 0.319842 0.967994 0.0487154 0.0576071 0.0179316
2 0.123213 0.603193 0.0916028 0.0762076 0.0178729
1 0.192858 0.333672 0.246455 0.0998842 0.0174886
2 0.265827 0.541306 0.113408 0.115178 0.0170607
2 0.773069 0.179331 0.236313 0.157773 0.0166337
0 0.230598 0.458494 0.331763 0.279674 0.0165312
3 0.317273 0.183674 0.276411 0.151213 0.0161924
1 0.256927 0.0793443 0.419935 0.158689 0.015672
0 0.831139 0.171279 0.337722 0.342558 0.0143857
2 0.809973 0.467447 0.0932092 0.0949322 0.0142976
5 0.394502 0.244648 0.286929 0.178979 0.0142915
2 0.869826 0.474886 0.152057 0.0890367 0.0141033
2 0.476886 0.288692 0.245996 0.187862 0.0135501
2 0.790113 0.464836 0.158551 0.101563 0.013538
2 0.354364 0.317388 0.0830013 0.0849332 0.0135042
4 0.8518 0.386793 0.296399 0.310482 0.0123761
2 0.181712 0.214475 0.320452 0.18762 0.0120992
2 0.905688 0.478476 0.184956 0.112362 0.0120877
2 0.113063 0.505445 0.169592 0.121271 0.0120178
1 0.866286 0.0485466 0.267427 0.0962783 0.0117232
5 0.1469 0.423906 0.113115 0.067239 0.0113602
2 0.726091 0.904699 0.0680523 0.0368002 0.0111409
2 0.114179 0.645035 0.135738 0.181529 0.010748
2 0.191283 0.655028 0.27932 0.19743 0.0107436
2 0.334187 0.399179 0.0553932 0.0800797 0.0105439
4 0.781901 0.300287 0.436198 0.560518 0.0103764
2 0.951662 0.0989536 0.0966763 0.197907 0.0103761
0 0.517567 0.352765 0.964866 0.70553 0.0102448
2 0.352825 0.261125 0.346313 0.21531 0.0101846
