2 0.665937 0.43843 0.142968 0.186756 0.438931
2 0.596311 0.295265 0.180184 0.242266 0.358993
2 0.821817 0.301016 0.0626668 0.113081 0.235122
2 0.547741 0.46966 0.160166 0.251745 0.217484
2 0.754078 0.31462 0.0550539 0.0694212 0.20693
1 0.225305 0.890133 0.450611 0.219735 0.155522
2 0.335601 0.285547 0.0457746 0.0618245 0.151894
2 0.582111 0.71819 0.163967 0.249653 0.128511
2 0.801794 0.301339 0.0503012 0.116287 0.113661
2 0.544317 0.275281 0.221618 0.348728 0.0972494
2 0.768527 0.301732 0.0758935 0.103313 0.0897627
5 0.498333 0.489743 0.169479 0.205535 0.085529
2 0.562684 0.470784 0.111022 0.190362 0.085157
1 0.886102 0.179643 0.227796 0.359287 0.0830016
2 0.399028 0.337355 0.196113 0.267797 0.0773253
2 0.450705 0.180297 0.142251 0.284222 0.0721864
2 0.495136 0.320854 0.228802 0.294861 0.0631539
2 0.924699 0.339174 0.150602 0.242191 0.0621424
2 0.767949 0.813625 0.225443 0.280543 0.0620671
5 0.927088 0.298125 0.145142 0.174414 0.0619307
2 0.668797 0.422639 0.0963787 0.124808 0.060189
2 0.823023 0.699242 0.221641 0.318083 0.0466643
2 0.816162 0.853985 0.203523 0.286607 0.0439597
2 0.771969 0.310603 0.0461275 0.0845563 0.0405924
0 0.425342 0.533922 0.850685 0.922803 0.0375541
2 0.770542 0.519244 0.125505 0.225283 0.037544
2 0.914769 0.780239 0.057156 0.0891965 0.0345605
2 0.863578 0.655917 0.226271 0.307101 0.0332146
2 0.898057 0.755813 0.130892 0.16966 0.0331065
2 0.60005 0.507219 0.185342 0.291617 0.031087
2 0.772779 0.484658 0.103046 0.129614 0.0309099
1 0.87443 0.47053 0.108486 0.154423 0.0302068
2 0.515775 0.116326 0.108133 0.123515 0.0301478
2 0.424765 0.167893 0.224934 0.335786 0.0301376
2 0.917477 0.773344 0.0901027 0.120004 0.0287256
2 0.551406 0.207035 0.049217 0.192556 0.0275227
2 0.484534 0.0455827 0.171783 0.0911653 0.0271113
2 0.512074 0.190938 0.0362192 0.0492589 0.0265916
2 0.614949 0.294174 0.132728 0.171414 0.0263174
2 0.323018 0.400633 0.230523 0.339381 0.0250396
2 0.534961 0.249754 0.110072 0.262596 0.0243559
0 0.406918 0.338392 0.30862 0.410868 0.0239904
0 0.499294 0.226542 0.16032 0.301711 0.0238328
2 0.469301 0.243564 0.187769 0.342541 0.0236052
2 0.453768 0.19812 0.0870408 0.245535 0.0229844
2 0.546847 0.629955 0.219138 0.290228 0.0225825
5 0.786502 0.122808 0.0616302 0.245616 0.0218593
2 0.0427455 0.0242866 0.0621864 0.0485733 0.0211198
3 0.387467 0.531292 0.774934 0.902678 0.0209558
2 0.0519321 0.0200488 0.0339749 0.0400976 0.0197938
2 0.816017 0.299446 0.0968089 0.147359 0.0195517
2 0.53858 0.174229 0.0830761 0.301344 0.0194254
2 0.378615 0.301557 0.0281653 0.0618962 0.0191533
2 0.412379 0.361586 0.133265 0.211069 0.018351
2 0.385857 0.274671 0.078873 0.275933 0.0178371
2 0.422449 0.266179 0.199987 0.341631 0.0175839
2 0.468687 0.470052 0.177123 0.218083 0.0175397
0 0.34142 0.299569 0.175099 0.293932 0.0173781
5 0.337102 0.288374 0.0597547 0.0764532 0.0165973
2 0.382293 0.273952 0.0448803 0.19543 0.0165277
0 0.897186 0.699882 0.203046 0.393889 0.0164445
2 0.575819 0.569353 0.214528 0.322015 0.0161737
2 0.087672 0.169488 0.175344 0.220152 0.0159782
2 0.78164 0.272729 0.125996 0.197887 0.0152778
2 0.77489 0.944361 0.205481 0.111277 0.0141254
2 0.690706 0.586731 0.154819 0.263813 0.0134279
2 0.489366 0.0992079 0.169605 0.198416 0.0132373
2 0.803535 0.247605 0.0660923 0.211148 0.0132055
2 0.526058 0.121386 0.0761576 0.0830644 0.0131992
2 0.914278 0.572258 0.171444 0.284905 0.0127773
2 0.0939284 0.174559 0.137986 0.143965 0.0123478
2 0.361963 0.272879 0.161905 0.266706 0.0122788
0 0.576926 0.407354 0.331877 0.434843 0.0117522
2 0.381138 0.339584 0.0993408 0.30261 0.0117477
2 0.527064 0.20031 0.0750834 0.0945341 0.0116647
5 0.736585 0.173581 0.0710717 0.251208 0.0116595
2 0.569739 0.484971 0.057661 0.131623 0.0116061
3 0.553714 0.448705 0.685508 0.800593 0.0114411
3 0.422926 0.337501 0.331991 0.439055 0.0111838
2 0.701769 0.503809 0.200208 0.345555 0.0111262
2 0.526931 0.156884 0.0909628 0.187909 0.0108975
5 0.951664 0.467182 0.0711713 0.250749 0.0108677
2 0.7875 0.519391 0.0782505 0.19728 0.0107946
0 0.508793 0.309137 0.279245 0.473877 0.0106868
2 0.768482 0.482754 0.0701728 0.0606252 0.0103684
2 0.751482 0.48899 0.0246763 0.0354443 0.0102893
0 0.821159 0.811162 0.346025 0.377677 0.0102735
2 0.794977 0.56635 0.11351 0.255088 0.0101934
2 0.333738 0.214134 0.148709 0.132701 0.01007
