3 0.476556 0.422849 0.479892 0.722642 0.48749
2 0.829297 0.443567 0.234838 0.179039 0.21274
2 0.872319 0.451369 0.255363 0.213036 0.209013
3 0.614848 0.430976 0.770304 0.820352 0.113699
0 0.836567 0.460588 0.326866 0.197763 0.0630377
1 0.894734 0.221335 0.210532 0.30972 0.0538111
2 0.0293477 0.0216732 0.0586953 0.0433465 0.0354436
5 0.030253 0.0218162 0.0605061 0.0436324 0.0340454
1 0.121204 0.178469 0.242407 0.356939 0.0275876
1 0.855222 0.303282 0.216308 0.141925 0.0189169
3 0.874224 0.641713 0.251551 0.512696 0.0188427
1 0.521245 0.0459477 0.376476 0.0872795 0.0167896
3 0.700227 0.799262 0.599547 0.225627 0.0155313
3 0.425643 0.59589 0.306692 0.38469 0.0147778
5 0.853691 0.609371 0.156183 0.132694 0.0136645
0 0.885726 0.677278 0.228548 0.343908 0.0126095
1 0.887047 0.655986 0.225906 0.353257 0.0118182
1 0.00978852 0.377801 0.019577 0.373069 0.0112302
1 0.760106 0.578818 0.22293 0.144201 0.0111706
2 0.847786 0.408232 0.304428 0.16118 0.0109682
1 0.331958 0.0457008 0.346622 0.0842072 0.0107121
