2 0.423565 0.679233 0.0804909 0.140192 0.510547
2 0.290065 0.344582 0.117834 0.0685186 0.50404
2 0.440535 0.256716 0.207682 0.127429 0.503278
2 0.383268 0.397361 0.113403 0.122765 0.460816
2 0.724198 0.435869 0.103928 0.080674 0.39065
4 0.583189 0.476306 0.568395 0.952612 0.353742
2 0.405864 0.256808 0.135317 0.126557 0.338213
2 0.580442 0.330988 0.0567006 0.0743161 0.327162
2 0.306644 0.259102 0.0670683 0.13862 0.325067
2 0.419982 0.0800687 0.0620876 0.076359 0.302882
2 0.57751 0.683331 0.0634978 0.0808742 0.291308
2 0.417849 0.39562 0.0534121 0.126768 0.290215
2 0.672861 0.732619 0.0635703 0.0713087 0.256493
