0 0.690849 0.513224 0.201132 0.25103 0.139298
0 0.696343 0.514025 0.210222 0.265336 0.136719
5 0.457343 0.294347 0.254324 0.219072 0.133393
0 0.700535 0.51276 0.214843 0.259389 0.120129
0 0.503064 0.510497 0.855425 0.685096 0.115962
0 0.455619 0.290512 0.246874 0.214712 0.113871
2 0.722312 0.459176 0.0956274 0.141342 0.109873
0 0.488427 0.404945 0.88672 0.766 0.101696
5 0.47862 0.30018 0.20765 0.219748 0.10099
2 0.728897 0.458013 0.105112 0.141392 0.0988407
5 0.458022 0.300681 0.252043 0.223916 0.0963311
0 0.490095 0.410503 0.884129 0.774683 0.0956934
0 0.694849 0.514142 0.213133 0.248194 0.0937706
2 0.719128 0.45628 0.0907296 0.135453 0.0892286
0 0.706105 0.527911 0.225621 0.317315 0.0854944
0 0.474981 0.436742 0.917768 0.843232 0.0851131
3 0.484404 0.407288 0.868909 0.792627 0.081299
0 0.493022 0.491579 0.879863 0.608498 0.080955
3 0.503822 0.246133 0.901441 0.428752 0.0748562
0 0.490356 0.357541 0.873086 0.668207 0.0712188
0 0.506602 0.426164 0.919153 0.826824 0.0664649
5 0.459804 0.290544 0.249472 0.214933 0.0649988
2 0.718954 0.457644 0.0896602 0.131259 0.0609957
0 0.449682 0.284725 0.264938 0.210528 0.0609566
5 0.0111612 0.535398 0.020278 0.027601 0.0568784
0 0.699825 0.513125 0.209541 0.273111 0.056362
5 0.0209284 0.414419 0.0158651 0.0254009 0.0562158
0 0.474632 0.429483 0.921674 0.821379 0.0554122
0 0.450153 0.293952 0.256774 0.222722 0.0553525
0 0.523557 0.63141 0.812729 0.578124 0.0549008
3 0.50695 0.374859 0.910785 0.707997 0.0545048
5 0.742276 0.107355 0.0169621 0.0252932 0.0540901
2 0.718464 0.444225 0.0634065 0.107788 0.0512321
4 0.677005 0.60567 0.308283 0.487788 0.0509462
5 0.0123187 0.535501 0.0200327 0.0284922 0.0507763
3 0.286185 0.455979 0.471009 0.889096 0.0496807
0 0.50707 0.411395 0.915579 0.797903 0.049575
2 0.597292 0.602363 0.0622383 0.128504 0.0490629
0 0.711318 0.52602 0.426103 0.876976 0.0481763
2 0.596866 0.602722 0.0647991 0.13046 0.047406
5 0.702822 0.065383 0.015309 0.0269602 0.0470929
2 0.722118 0.455246 0.0749516 0.13035 0.0466612
2 0.718206 0.455771 0.0853767 0.132285 0.0448659
0 0.481806 0.253292 0.847887 0.45084 0.0444993
2 0.739389 0.458571 0.124421 0.147354 0.0439227
0 0.718828 0.550567 0.250842 0.408695 0.0423728
0 0.691164 0.0785741 0.218871 0.15417 0.0417555
4 0.672937 0.518032 0.233727 0.244977 0.0409018
0 0.476629 0.38589 0.915495 0.733076 0.0402842
2 0.596478 0.60683 0.06558 0.137866 0.040028
0 0.673576 0.646405 0.510051 0.656608 0.0396195
5 0.475973 0.303695 0.209415 0.223668 0.0394453
4 0.667915 0.525347 0.283492 0.258737 0.0384642
0 0.496895 0.603596 0.866886 0.497763 0.0383618
2 0.596016 0.604325 0.0693982 0.135681 0.038058
5 0.0111092 0.53496 0.0202645 0.0300641 0.0376121
0 0.443546 0.281218 0.269532 0.214436 0.037439
0 0.7063 0.551455 0.23112 0.339602 0.0370846
0 0.679579 0.516497 0.194692 0.244651 0.0362646
0 0.698654 0.510572 0.201231 0.255255 0.0358452
2 0.705537 0.542641 0.159988 0.167976 0.0351101
5 0.696474 0.0607378 0.0288339 0.0361094 0.0350013
3 0.484991 0.243839 0.864907 0.439978 0.0342472
4 0.664445 0.614131 0.293279 0.458973 0.0339968
2 0.721707 0.562714 0.264298 0.420545 0.0338894
0 0.559767 0.551557 0.738597 0.783609 0.0337381
3 0.482265 0.44382 0.86932 0.882484 0.0334873
4 0.690318 0.52081 0.260784 0.257838 0.0333333
0 0.725951 0.511963 0.390675 0.896831 0.0333231
5 0.02162 0.414559 0.0180724 0.0282682 0.0331103
0 0.673882 0.559692 0.504817 0.802747 0.0330753
0 0.703847 0.639065 0.440163 0.665973 0.0323267
4 0.673739 0.630404 0.297574 0.438851 0.0316243
0 0.587516 0.649238 0.682996 0.642983 0.0310974
5 0.0122154 0.534824 0.020879 0.0306794 0.0295556
0 0.511007 0.470435 0.84439 0.92256 0.0284519
0 0.690566 0.507551 0.195291 0.245766 0.0281499
3 0.464398 0.224416 0.807414 0.386793 0.02775
0 0.703764 0.489982 0.444198 0.940076 0.0270689
0 0.454802 0.313181 0.253247 0.24693 0.0268276
2 0.832863 0.645504 0.0283862 0.0525823 0.0258304
2 0.717636 0.446191 0.0593208 0.111014 0.0251622
2 0.717628 0.458685 0.0846832 0.127292 0.0242739
4 0.689494 0.598244 0.311799 0.478003 0.0237481
4 0.68657 0.583433 0.291796 0.447726 0.0236399
3 0.492905 0.220543 0.876416 0.375163 0.0233314
2 0.833481 0.645429 0.0286792 0.0519556 0.023142
5 0.778252 0.151785 0.0267811 0.0363334 0.0226169
5 0.726256 0.0719337 0.0157898 0.0242581 0.0224444
5 0.698714 0.0643271 0.0252421 0.0339422 0.0224204
4 0.66013 0.665355 0.291674 0.370088 0.0221834
0 0.480989 0.446646 0.866275 0.877476 0.0221479
0 0.711029 0.0790567 0.178989 0.15625 0.022123
4 0.695276 0.598004 0.323739 0.387005 0.0220975
5 0.691632 0.0595177 0.0186967 0.0335993 0.0220361
3 0.272555 0.458909 0.441144 0.889516 0.0216779
2 0.698153 0.549092 0.133428 0.149923 0.0202924
2 0.744971 0.458587 0.138622 0.151513 0.0201027
4 0.669584 0.560835 0.288547 0.357269 0.0200526
5 0.779727 0.153445 0.0182463 0.0290105 0.0199007
0 0.718974 0.536091 0.240437 0.370219 0.0198873
2 0.832117 0.64547 0.0309137 0.0542362 0.0197077
2 0.832062 0.64633 0.0306438 0.052647 0.0194156
2 0.706798 0.460507 0.19299 0.162296 0.0190575
0 0.606703 0.483194 0.641102 0.934691 0.0189933
2 0.71988 0.460217 0.0897542 0.127553 0.0189719
3 0.337457 0.45615 0.572844 0.890223 0.0186688
3 0.313247 0.45556 0.527328 0.895756 0.0182613
2 0.715193 0.539744 0.181248 0.182165 0.0181848
0 0.735937 0.531862 0.279622 0.439758 0.0177619
0 0.722367 0.492282 0.400453 0.930502 0.0176408
0 0.480112 0.277442 0.908267 0.499662 0.0175507
0 0.437827 0.285185 0.28501 0.257992 0.0173983
0 0.509465 0.696295 0.842994 0.54397 0.0173296
2 0.832266 0.646111 0.0321218 0.0540233 0.0173282
0 0.692659 0.0745193 0.220502 0.14686 0.0169153
2 0.715458 0.418079 0.0382987 0.0548578 0.016894
3 0.266477 0.455549 0.431336 0.892091 0.0168126
0 0.506628 0.479003 0.903412 0.658542 0.0167373
5 0.766958 0.128756 0.0415509 0.0401275 0.0166538
0 0.696189 0.574951 0.276632 0.449709 0.0162546
0 0.753997 0.0464794 0.083271 0.0929588 0.0160052
0 0.495894 0.69107 0.871429 0.516637 0.015831
0 0.756579 0.04676 0.0799757 0.0935199 0.0154372
5 0.758093 0.109793 0.0550646 0.0375716 0.015258
2 0.751781 0.470506 0.15366 0.188051 0.0152212
2 0.71808 0.460555 0.0877348 0.118445 0.0151242
5 0.497764 0.334393 0.17721 0.169213 0.0149716
2 0.597053 0.60052 0.0614085 0.124108 0.0148728
0 0.67863 0.0881093 0.271982 0.176219 0.0148173
5 0.769386 0.132144 0.0602515 0.0656356 0.0147714
0 0.428116 0.27261 0.298679 0.234192 0.0147294
2 0.472799 0.297355 0.201569 0.176884 0.0146646
5 0.0223344 0.414434 0.0240839 0.0313136 0.0142487
2 0.713269 0.576988 0.305628 0.409283 0.0141643
3 0.436082 0.271242 0.295507 0.20027 0.0136775
5 0.771617 0.141823 0.045509 0.0594314 0.013653
5 0.49813 0.315506 0.173264 0.195871 0.0134275
2 0.505412 0.673526 0.0237272 0.0305104 0.0132317
2 0.591302 0.607785 0.0761161 0.140785 0.0131475
5 0.0225475 0.413476 0.0240697 0.0322054 0.012696
2 0.596537 0.602318 0.0614213 0.12887 0.0126161
5 0.738725 0.108512 0.0242759 0.0311769 0.0125358
2 0.7201 0.42032 0.0482361 0.0594879 0.0123255
2 0.832706 0.645158 0.0309132 0.053727 0.0119567
0 0.44074 0.277384 0.306471 0.203564 0.0118463
2 0.595404 0.607835 0.0676802 0.138757 0.0115511
5 0.0406672 0.612768 0.0162348 0.0247739 0.0107029
2 0.475988 0.296168 0.188433 0.171349 0.0106157
0 0.751676 0.0451113 0.0842265 0.0902225 0.0103128
2 0.720468 0.418727 0.0503367 0.0539048 0.010167
5 0.504773 0.309328 0.15506 0.221 0.0101067
