3 0.503997 0.495724 0.929259 0.991448 0.51589
3 0.510059 0.497198 0.936732 0.994395 0.511982
3 0.507048 0.49749 0.92864 0.99498 0.502933
3 0.490029 0.495631 0.890618 0.991263 0.429801
3 0.497142 0.49748 0.902972 0.994961 0.421237
3 0.489423 0.498229 0.887 0.996458 0.402497
3 0.483399 0.497233 0.888262 0.994467 0.385874
3 0.48387 0.496632 0.886071 0.993264 0.333739
0 0.81126 0.141246 0.20255 0.204084 0.189748
3 0.482028 0.495505 0.888446 0.99101 0.136422
0 0.807559 0.143764 0.188629 0.203239 0.135418
0 0.481643 0.498358 0.944296 0.996716 0.131129
0 0.810178 0.142136 0.204489 0.205067 0.0703239
0 0.81088 0.145763 0.192165 0.208704 0.0649789
3 0.506555 0.49093 0.913227 0.98123 0.0605748
0 0.785304 0.139139 0.256687 0.206052 0.0390192
3 0.50954 0.492767 0.932281 0.985535 0.0348192
0 0.806259 0.146399 0.183872 0.206252 0.0290717
0 0.7676 0.137254 0.27476 0.204253 0.0283328
0 0.485356 0.495937 0.936065 0.991875 0.0283007
3 0.446078 0.496714 0.823028 0.992958 0.0242799
0 0.807507 0.144794 0.20103 0.202932 0.0207369
5 0.484741 0.252839 0.0345664 0.0441204 0.0129729
0 0.810822 0.148411 0.191832 0.206952 0.012468
0 0.513256 0.498616 0.889387 0.997233 0.0115603
5 0.484731 0.253549 0.035033 0.0454597 0.0113602
2 0.843678 0.161203 0.051058 0.0628208 0.0111435
2 0.844239 0.182274 0.0981357 0.112362 0.0103958
2 0.841579 0.185391 0.0944836 0.103132 0.0103014
3 0.713674 0.563564 0.378493 0.526406 0.0102529
