3 0.521542 0.502479 0.732593 0.989283 0.780991
3 0.533119 0.498925 0.722164 0.993201 0.776881
3 0.532954 0.499001 0.725007 0.993062 0.766952
3 0.52953 0.494788 0.72336 0.989577 0.759967
3 0.534708 0.497131 0.721075 0.993652 0.758793
3 0.534681 0.496712 0.719127 0.993425 0.751739
3 0.529849 0.494951 0.725781 0.989903 0.741631
3 0.522533 0.499066 0.736284 0.990772 0.733983
3 0.529326 0.50006 0.711014 0.992639 0.724651
3 0.522522 0.495617 0.731492 0.986226 0.643941
5 0.801057 0.418016 0.0667416 0.0887536 0.0431029
5 0.361224 0.535203 0.133468 0.092839 0.0375864
2 0.282546 0.13723 0.0185481 0.0260043 0.0358825
5 0.366535 0.541619 0.147339 0.145023 0.028405
2 0.801348 0.417387 0.0630919 0.083753 0.0243688
5 0.800434 0.416589 0.0689552 0.0941212 0.0230381
5 0.358785 0.538485 0.123788 0.0910197 0.0223223
5 0.801433 0.417886 0.0653604 0.0858308 0.0218437
2 0.528973 0.815635 0.0265734 0.0718829 0.0217271
5 0.804325 0.4162 0.0729617 0.100977 0.0193721
5 0.803529 0.417435 0.0637498 0.0908547 0.0193642
2 0.752601 0.535721 0.144389 0.253237 0.0184975
5 0.798509 0.415745 0.0640212 0.0847851 0.0180527
2 0.803199 0.417225 0.05726 0.0839742 0.0176657
3 0.543709 0.8181 0.687171 0.343202 0.0176118
2 0.528652 0.814456 0.0246785 0.0745967 0.0175665
5 0.362404 0.537356 0.107303 0.0795226 0.0172293
5 0.800106 0.418711 0.0652559 0.0846443 0.0166931
3 0.362858 0.5 0.384527 1 0.0159011
2 0.714432 0.373162 0.0190365 0.0304524 0.0158857
5 0.361363 0.542521 0.135798 0.102644 0.0154191
5 0.36109 0.542939 0.138118 0.112709 0.0143388
2 0.306871 0.133935 0.0845157 0.0417964 0.0141819
3 0.535653 0.490806 0.718098 0.970373 0.0137266
2 0.291371 0.137292 0.0411889 0.0340308 0.013124
2 0.800964 0.41869 0.0666853 0.0836951 0.0127892
2 0.528462 0.814234 0.024905 0.0746881 0.012493
3 0.579368 0.818015 0.625719 0.34034 0.0124768
2 0.331696 0.125118 0.137189 0.0585921 0.0121744
5 0.361447 0.524091 0.106937 0.071517 0.0119512
2 0.713407 0.37275 0.0200366 0.0339291 0.011394
2 0.42497 0.187995 0.0320116 0.0675057 0.0111417
3 0.38791 0.4967 0.416956 0.993401 0.0110351
4 0.365323 0.109668 0.292864 0.213957 0.0107888
2 0.711364 0.370591 0.0301699 0.0439964 0.0105619
4 0.379521 0.11297 0.307502 0.219822 0.0104927
