0 0.522074 0.484385 0.747774 0.931877 0.222601
0 0.522334 0.496393 0.748436 0.952405 0.216422
0 0.524608 0.4949 0.745371 0.954976 0.189181
3 0.521482 0.497769 0.749061 0.958538 0.177595
0 0.525504 0.497865 0.746531 0.953222 0.174772
3 0.523948 0.497583 0.747486 0.96125 0.16245
0 0.524171 0.482788 0.745261 0.935323 0.162146
3 0.526004 0.500258 0.743194 0.959157 0.127136
0 0.52676 0.479398 0.744596 0.918676 0.102102
5 0.498822 0.697429 0.0403521 0.0468234 0.085172
5 0.498419 0.698843 0.0321147 0.0391972 0.0849687
5 0.499007 0.699299 0.0318016 0.0410748 0.0824778
5 0.498188 0.697534 0.0390162 0.0453751 0.0788609
3 0.519057 0.491405 0.751939 0.964833 0.0720841
5 0.545553 0.765971 0.027309 0.0378737 0.0547438
5 0.496988 0.695968 0.0448517 0.0504697 0.0530355
5 0.498717 0.700108 0.0391619 0.0468181 0.0515791
3 0.515216 0.496827 0.73796 0.958399 0.0507174
5 0.497962 0.700405 0.0381948 0.0475407 0.0494113
3 0.522667 0.489714 0.747426 0.971486 0.0471817
5 0.497202 0.695026 0.0472961 0.0546769 0.0414565
5 0.547125 0.766452 0.0356643 0.0481949 0.039101
3 0.516731 0.495813 0.739294 0.956803 0.0387719
5 0.54533 0.76619 0.0294899 0.0413008 0.0386829
5 0.544446 0.766881 0.0348623 0.0452805 0.0376176
5 0.500818 0.695107 0.0486169 0.0603603 0.0375576
5 0.501467 0.696183 0.0448549 0.0536273 0.0372073
5 0.499483 0.691286 0.0494198 0.0672158 0.0351977
5 0.546644 0.769212 0.0389388 0.050595 0.0332717
5 0.546895 0.765948 0.0354313 0.0486231 0.0331713
5 0.498739 0.691199 0.0483631 0.0645587 0.0308652
5 0.544305 0.766087 0.0347619 0.0449043 0.0290512
5 0.548005 0.769189 0.0449038 0.0547724 0.028531
5 0.496192 0.696901 0.049021 0.0574423 0.0250632
5 0.545133 0.768238 0.0445304 0.0554247 0.0181473
0 0.522998 0.372474 0.746663 0.699364 0.0137774
3 0.532755 0.49407 0.729081 0.953005 0.0129187
