2 0.469943 0.805342 0.0389709 0.0423629 0.541005
2 0.470609 0.804657 0.039682 0.043826 0.527696
2 0.47025 0.8046 0.0402249 0.044712 0.516855
2 0.470306 0.805347 0.0383692 0.0417304 0.512884
2 0.46969 0.805067 0.0418479 0.0436555 0.429792
2 0.470083 0.805666 0.0403412 0.0470238 0.403455
3 0.517957 0.459008 0.71173 0.883318 0.38358
2 0.470476 0.805553 0.0397558 0.0456797 0.376339
3 0.517971 0.492487 0.710447 0.949884 0.359892
3 0.5276 0.468243 0.691401 0.903484 0.311857
2 0.469491 0.80451 0.0414114 0.0455197 0.289238
3 0.527236 0.50025 0.689156 0.96262 0.282748
3 0.52661 0.503438 0.69127 0.974922 0.233621
3 0.527666 0.463929 0.694729 0.899331 0.208212
2 0.470348 0.805372 0.0446759 0.0475835 0.165135
3 0.524412 0.505904 0.685768 0.975145 0.161119
3 0.517126 0.496106 0.70831 0.954842 0.145507
3 0.524953 0.510086 0.68983 0.978076 0.120741
3 0.518211 0.368763 0.712649 0.696953 0.0577319
2 0.472771 0.804236 0.0480596 0.0539374 0.0249603
3 0.52855 0.367464 0.698122 0.695042 0.0202682
2 0.472366 0.80635 0.0497613 0.0574667 0.0156853
