0 0.524533 0.491831 0.557519 0.965906 0.431005
0 0.527103 0.489444 0.564697 0.974752 0.414514
0 0.520826 0.491058 0.545486 0.963741 0.325311
0 0.521922 0.490291 0.548222 0.970915 0.31507
0 0.522358 0.486494 0.541537 0.972988 0.213235
0 0.535239 0.486649 0.527384 0.973298 0.211475
0 0.521906 0.49148 0.549932 0.968217 0.170586
0 0.521895 0.492053 0.546227 0.961931 0.166245
0 0.521939 0.474929 0.547866 0.949069 0.122869
0 0.545121 0.491093 0.502356 0.967968 0.116832
1 0.5158 0.491316 0.541744 0.964709 0.106545
0 0.53096 0.490144 0.536805 0.974484 0.102712
0 0.521345 0.486518 0.539723 0.973037 0.087091
0 0.52742 0.476885 0.556521 0.95377 0.0760062
1 0.380722 0.48932 0.270309 0.966423 0.0570589
1 0.403408 0.497338 0.322485 0.956455 0.0453117
0 0.632938 0.491541 0.324611 0.966909 0.0451735
0 0.654737 0.485414 0.281431 0.970828 0.0348196
0 0.622162 0.492666 0.347668 0.973206 0.0246865
0 0.665579 0.492908 0.261517 0.969141 0.0172466
1 0.366904 0.52896 0.239618 0.886516 0.0169117
0 0.538871 0.262917 0.525354 0.522771 0.0143733
0 0.524725 0.248935 0.532865 0.490156 0.0132997
0 0.679066 0.485513 0.23436 0.971027 0.0129708
0 0.663026 0.496811 0.267975 0.971096 0.0121434
1 0.504145 0.486197 0.508801 0.972395 0.0108393
0 0.521974 0.477044 0.553258 0.954088 0.0102423
