0 0.46539 0.475884 0.93078 0.928235 0.47636
0 0.484245 0.473747 0.96849 0.911069 0.428948
0 0.470515 0.482967 0.94103 0.931437 0.319778
0 0.436057 0.478351 0.868853 0.925281 0.281066
0 0.439667 0.48146 0.87841 0.932398 0.27799
3 0.486457 0.495008 0.972914 0.964505 0.265407
0 0.487077 0.484441 0.974154 0.91604 0.24408
3 0.467448 0.492126 0.934897 0.970575 0.231787
3 0.494079 0.450967 0.949484 0.869076 0.207982
3 0.49308 0.452559 0.946904 0.891695 0.175123
0 0.460205 0.520401 0.92041 0.855301 0.147231
0 0.47804 0.524886 0.956081 0.836976 0.134667
3 0.477527 0.471932 0.955054 0.884126 0.129768
3 0.529864 0.442709 0.940272 0.867121 0.125661
0 0.209484 0.476593 0.418331 0.917382 0.0911266
5 0.275141 0.471506 0.0324696 0.039605 0.0841821
5 0.27494 0.471279 0.0344872 0.041845 0.0780986
0 0.495928 0.449689 0.948957 0.874578 0.0757905
0 0.236422 0.478514 0.472844 0.91313 0.071952
5 0.275741 0.471733 0.0331988 0.0408475 0.0717934
5 0.514841 0.24633 0.0383269 0.0478261 0.0713915
5 0.514886 0.246668 0.0373554 0.0456506 0.0711272
5 0.514319 0.246302 0.0387463 0.0464173 0.0699712
5 0.275548 0.471262 0.0351156 0.0427808 0.0677321
0 0.215161 0.52564 0.428057 0.821088 0.0660002
5 0.514096 0.244517 0.0451646 0.052936 0.0637077
5 0.513801 0.246093 0.0388352 0.0481287 0.0612461
3 0.47831 0.482136 0.956619 0.937067 0.0596025
5 0.513487 0.244567 0.0437873 0.052578 0.0544654
5 0.51522 0.246214 0.046392 0.0517809 0.0538629
0 0.188824 0.505502 0.375386 0.854548 0.0520707
5 0.515051 0.244546 0.0465058 0.0540552 0.0496383
0 0.250524 0.483999 0.501048 0.91868 0.0440835
0 0.218618 0.483443 0.437236 0.921359 0.0410634
0 0.435657 0.485052 0.870046 0.95876 0.0376428
5 0.27526 0.47237 0.0387043 0.0468338 0.0373649
0 0.161787 0.477636 0.323145 0.911873 0.0355965
5 0.514047 0.246648 0.0463158 0.0584193 0.03557
5 0.788055 0.585564 0.0227264 0.030871 0.0344602
5 0.274509 0.472309 0.0395812 0.0476885 0.0341951
5 0.511093 0.24528 0.0477022 0.0555911 0.0328847
5 0.513842 0.247237 0.0471023 0.0577558 0.0314134
5 0.788996 0.585742 0.0240244 0.0333138 0.0312898
5 0.272962 0.470897 0.042904 0.0494961 0.0310399
3 0.733257 0.427726 0.533487 0.855453 0.0301562
0 0.164255 0.486133 0.327523 0.926151 0.0300149
5 0.516712 0.24391 0.0501267 0.0579345 0.0300092
3 0.698033 0.372854 0.522388 0.745707 0.0299992
5 0.660545 0.0667834 0.0351934 0.0445213 0.0299826
5 0.660158 0.0662512 0.0308368 0.0417595 0.028064
5 0.511625 0.244929 0.0500073 0.0583933 0.0279935
5 0.274309 0.467547 0.0415966 0.055069 0.0273089
5 0.272991 0.471079 0.0429722 0.048284 0.0271394
5 0.660687 0.0665462 0.0317334 0.0437288 0.0262119
5 0.661119 0.0659037 0.0300938 0.0413073 0.0261687
3 0.629571 0.357848 0.634631 0.715696 0.0258739
3 0.486142 0.491835 0.969944 0.974739 0.0248358
5 0.275013 0.46772 0.044329 0.056342 0.0243827
5 0.660526 0.0650388 0.0342488 0.0427168 0.0240884
5 0.789873 0.584537 0.0298304 0.0378025 0.0237888
5 0.511909 0.24351 0.0572056 0.0594605 0.022349
0 0.237531 0.548053 0.468947 0.78814 0.0219264
5 0.788653 0.584395 0.0295434 0.0366856 0.0217723
5 0.277486 0.469992 0.0439274 0.0504453 0.0212635
0 0.289923 0.483647 0.577267 0.920052 0.0210279
0 0.268797 0.482287 0.534935 0.908829 0.0204868
5 0.661844 0.0650164 0.0330527 0.0434687 0.0201476
5 0.553507 0.712609 0.025117 0.035369 0.0193467
5 0.553723 0.712869 0.0295288 0.0376002 0.019081
0 0.477849 0.461623 0.955698 0.888101 0.0179446
5 0.277974 0.468962 0.0441872 0.0491084 0.0176053
3 0.692849 0.428636 0.614301 0.857272 0.0173388
0 0.151475 0.499616 0.302727 0.857187 0.015452
5 0.512012 0.560606 0.0250465 0.0345832 0.0154431
3 0.748797 0.389986 0.48777 0.779972 0.0152346
5 0.511428 0.560543 0.0247195 0.0330125 0.0143625
5 0.553172 0.712601 0.032514 0.0389808 0.0143542
5 0.552976 0.712753 0.0265888 0.0358377 0.0141162
3 0.484578 0.350701 0.926825 0.69988 0.0140278
3 0.769239 0.354398 0.329144 0.521797 0.014024
0 0.404402 0.483461 0.808804 0.928412 0.0131445
0 0.431994 0.526685 0.858746 0.841519 0.0129315
3 0.767872 0.340643 0.324916 0.582735 0.0127851
5 0.271994 0.471544 0.0464399 0.05399 0.0127219
5 0.66215 0.0639489 0.0379897 0.0500387 0.0124588
5 0.789926 0.58647 0.0289025 0.0367804 0.0122339
5 0.554384 0.711166 0.0321346 0.041158 0.0121394
3 0.479435 0.393538 0.955647 0.773856 0.012134
5 0.51587 0.246619 0.0549973 0.0681781 0.0120809
0 0.400532 0.480465 0.801065 0.918837 0.0120349
5 0.789193 0.586644 0.0303778 0.0373483 0.0119803
3 0.681087 0.439343 0.637826 0.854716 0.0115934
3 0.723699 0.357705 0.41701 0.592789 0.011345
5 0.512268 0.560579 0.0245772 0.0354086 0.0113379
5 0.511649 0.56073 0.0234595 0.0330549 0.0112985
3 0.727277 0.344807 0.366805 0.584084 0.011242
3 0.491487 0.437953 0.937372 0.875907 0.0111084
5 0.552813 0.710888 0.0329473 0.0410688 0.0104061
