0 0.49066 0.5 0.98132 1 0.820731
0 0.469964 0.5 0.935706 1 0.8206
0 0.463566 0.5 0.92507 1 0.779167
0 0.468031 0.501248 0.933828 0.997504 0.777736
0 0.491029 0.502269 0.982059 0.995462 0.751567
0 0.528675 0.503401 0.942283 0.993198 0.742526
0 0.504544 0.502696 0.972892 0.994607 0.715806
0 0.438874 0.501242 0.865911 0.997517 0.709754
0 0.531022 0.503576 0.931783 0.992849 0.704448
0 0.487761 0.500404 0.975521 0.999192 0.696821
0 0.528694 0.50392 0.940424 0.99216 0.563001
0 0.41641 0.329193 0.124901 0.214666 0.330063
0 0.420178 0.329809 0.13787 0.214671 0.302193
0 0.435526 0.501699 0.860166 0.996602 0.267174
0 0.438188 0.500851 0.864169 0.998298 0.224947
0 0.417736 0.324247 0.137874 0.224305 0.221635
0 0.409863 0.327468 0.110727 0.21278 0.215682
0 0.615257 0.503812 0.166015 0.139124 0.206401
0 0.61214 0.496997 0.166592 0.144779 0.189121
0 0.49796 0.500667 0.984727 0.998667 0.158903
0 0.613304 0.50181 0.174808 0.140891 0.130834
0 0.400064 0.328987 0.0883348 0.213533 0.124483
0 0.420688 0.329552 0.132154 0.217825 0.119557
0 0.417407 0.326201 0.124391 0.216275 0.114547
5 0.413984 0.331206 0.121552 0.219636 0.0947475
0 0.284073 0.866215 0.127304 0.12593 0.0838454
0 0.20852 0.514623 0.406928 0.970754 0.083332
0 0.399474 0.505189 0.793195 0.989623 0.0827169
0 0.278886 0.583643 0.23977 0.311717 0.0806673
0 0.507071 0.502477 0.967322 0.995047 0.0792703
0 0.281929 0.582952 0.250457 0.325358 0.0772676
0 0.608372 0.495814 0.157196 0.128962 0.0742686
0 0.613507 0.50051 0.174537 0.146129 0.0720755
0 0.284619 0.869382 0.128016 0.13401 0.0699361
0 0.283768 0.586022 0.235136 0.338545 0.0674639
0 0.284638 0.868049 0.128552 0.130485 0.0656544
0 0.282271 0.587372 0.224678 0.318207 0.0627204
0 0.284233 0.866316 0.128304 0.130939 0.0603214
0 0.389595 0.328856 0.0675965 0.208327 0.0579883
5 0.41272 0.326561 0.127965 0.218874 0.0534761
0 0.508381 0.504129 0.972898 0.991743 0.0516454
5 0.414267 0.332352 0.128419 0.22848 0.0493559
0 0.284417 0.867067 0.128864 0.129336 0.0493091
5 0.413146 0.324944 0.128328 0.233303 0.0438898
0 0.283857 0.86489 0.127183 0.13573 0.04169
5 0.218548 0.318792 0.171359 0.177892 0.0405303
0 0.507136 0.503359 0.985729 0.993282 0.039231
5 0.324588 0.400813 0.032521 0.0783528 0.0350783
0 0.1858 0.537315 0.357148 0.925369 0.0350779
0 0.614103 0.502489 0.160698 0.132261 0.0329661
5 0.227573 0.339357 0.237903 0.226396 0.0315961
5 0.188076 0.343979 0.28125 0.226795 0.0308249
0 0.165597 0.67805 0.116593 0.155005 0.030157
0 0.284552 0.582366 0.272857 0.378287 0.0300773
0 0.404788 0.325591 0.0971535 0.215514 0.029952
5 0.415213 0.329325 0.127244 0.219773 0.0280114
0 0.235984 0.337053 0.263683 0.241679 0.0271881
0 0.278318 0.576691 0.236338 0.324268 0.0270569
5 0.6038 0.49115 0.143385 0.118548 0.0267596
5 0.611606 0.494506 0.163941 0.157417 0.0267438
5 0.325033 0.400527 0.0360153 0.0775704 0.0264637
0 0.629145 0.507909 0.139069 0.125966 0.0254491
0 0.236534 0.51058 0.461115 0.97884 0.023887
5 0.468042 0.713551 0.168345 0.223038 0.0238825
0 0.280075 0.581299 0.283361 0.386866 0.0236705
0 0.568195 0.504299 0.861226 0.991402 0.0235942
5 0.386145 0.322444 0.0597182 0.192855 0.0234622
5 0.41611 0.332127 0.127464 0.228671 0.023295
0 0.240191 0.332132 0.258111 0.237483 0.0224119
5 0.612045 0.496187 0.16199 0.159327 0.0222556
0 0.63049 0.508726 0.137681 0.12715 0.0221339
0 0.282328 0.579142 0.2206 0.30844 0.0220272
0 0.420327 0.332365 0.133944 0.204715 0.0214837
0 0.563433 0.504217 0.873135 0.991565 0.0214493
0 0.160927 0.678728 0.100808 0.14544 0.0208912
5 0.618031 0.492226 0.177579 0.155668 0.0200959
0 0.162507 0.677529 0.104635 0.142591 0.0198804
0 0.820171 0.608182 0.0516151 0.0531616 0.0189957
5 0.459112 0.715966 0.230988 0.216661 0.0182796
0 0.485482 0.722464 0.173827 0.20455 0.0178368
5 0.217353 0.332236 0.181925 0.216532 0.0176459
5 0.614878 0.492827 0.166936 0.156023 0.0176126
5 0.325179 0.400758 0.037518 0.0820615 0.017551
0 0.282762 0.8656 0.128099 0.127974 0.0174135
5 0.325227 0.400558 0.0383011 0.0806408 0.0173661
0 0.421908 0.319415 0.141175 0.23391 0.0171659
5 0.514088 0.952478 0.0776263 0.0950446 0.0167469
0 0.820017 0.608454 0.0506553 0.0524544 0.0165493
0 0.222962 0.341911 0.28221 0.238344 0.0165247
0 0.331814 0.579722 0.114573 0.273606 0.0161895
5 0.478968 0.715036 0.178401 0.228735 0.0159657
5 0.234296 0.310702 0.14409 0.159807 0.0158619
2 0.764535 0.530032 0.0181348 0.0270521 0.0152629
0 0.819877 0.608063 0.0515675 0.0533509 0.0150696
5 0.186976 0.343502 0.272826 0.231563 0.0150354
0 0.236913 0.511603 0.464563 0.976794 0.0149982
0 0.466265 0.718824 0.225456 0.225808 0.0148509
5 0.513946 0.952732 0.0758082 0.0945367 0.0147863
0 0.611741 0.491477 0.159563 0.133966 0.0147322
0 0.636133 0.49613 0.218166 0.171966 0.0146439
0 0.426113 0.358992 0.118538 0.156809 0.0145719
0 0.82048 0.607334 0.0505404 0.0522628 0.0140633
0 0.219881 0.53985 0.425444 0.9203 0.0139517
0 0.214045 0.519365 0.422837 0.96127 0.0138239
0 0.269866 0.586776 0.251378 0.331866 0.0137275
5 0.324181 0.399408 0.0409822 0.0816219 0.0136199
2 0.76242 0.530417 0.0188967 0.0262778 0.0135943
0 0.28287 0.865603 0.123677 0.123438 0.0135741
5 0.513642 0.949999 0.0816653 0.100003 0.0134789
0 0.276642 0.572162 0.216414 0.269341 0.0131699
0 0.159392 0.680965 0.103642 0.157811 0.012986
0 0.614377 0.507321 0.173263 0.136311 0.0129163
0 0.513748 0.949668 0.0785764 0.100663 0.0127556
5 0.324926 0.399234 0.0383578 0.0807905 0.0123195
0 0.300696 0.581738 0.191724 0.304456 0.0120764
5 0.422739 0.328403 0.146895 0.244281 0.0120068
0 0.489809 0.717738 0.160703 0.218641 0.0116307
0 0.61453 0.499266 0.175744 0.164943 0.0116146
2 0.100826 0.859327 0.0182756 0.0275956 0.0115598
5 0.307806 0.581058 0.18197 0.348597 0.0115028
0 0.332293 0.583555 0.11489 0.282531 0.0111803
5 0.226222 0.312388 0.147207 0.16326 0.0108916
0 0.288376 0.583653 0.220838 0.302754 0.0108605
5 0.241441 0.308893 0.126935 0.155469 0.0105632
4 0.669271 0.102507 0.288305 0.179193 0.0104987
0 0.236291 0.347375 0.270626 0.292971 0.010349
0 0.419158 0.71788 0.312876 0.206411 0.010189
0 0.483218 0.708534 0.172398 0.238976 0.0101411
0 0.775086 0.711658 0.0501298 0.0756422 0.010139
5 0.323876 0.400178 0.0384641 0.0814864 0.0100708
