0 0.515448 0.491794 0.85215 0.983589 0.68371
0 0.515155 0.494433 0.847111 0.988866 0.665501
0 0.519338 0.484789 0.848445 0.969579 0.6285
0 0.514373 0.491977 0.851448 0.983953 0.599684
0 0.51943 0.489821 0.845458 0.979643 0.590208
5 0.23317 0.0415767 0.074206 0.0831534 0.568545
0 0.520088 0.477622 0.848488 0.953929 0.567366
5 0.233112 0.0414657 0.0720636 0.0829313 0.522702
5 0.233304 0.0418668 0.0735799 0.0837336 0.498199
0 0.535489 0.495006 0.895547 0.990011 0.49384
5 0.233116 0.0424631 0.0754941 0.0849261 0.457117
0 0.535757 0.496248 0.896012 0.992496 0.411385
5 0.232936 0.042394 0.0735365 0.0847881 0.334979
0 0.519273 0.485635 0.859948 0.96758 0.273716
5 0.233673 0.0416464 0.0735542 0.0832927 0.271924
0 0.518001 0.487102 0.843933 0.974204 0.262588
5 0.233258 0.0428777 0.0748955 0.0857554 0.253955
0 0.534724 0.496127 0.892262 0.992254 0.139104
5 0.233158 0.0416352 0.0736591 0.0832704 0.102143
2 0.138002 0.50122 0.0236178 0.0388742 0.0706062
2 0.138865 0.500613 0.0232589 0.0410191 0.0420782
5 0.233758 0.0418358 0.0741586 0.0836717 0.0419861
5 0.232896 0.0429919 0.0810752 0.0859839 0.0408043
5 0.448238 0.704507 0.0268928 0.0320836 0.0366595
5 0.472611 0.64699 0.0177967 0.0266446 0.0359716
5 0.443551 0.699319 0.0296866 0.0361006 0.0351028
5 0.233694 0.0409344 0.0752385 0.0818688 0.031924
5 0.475501 0.648094 0.0157267 0.0265516 0.0310058
5 0.442194 0.698228 0.0343518 0.0420112 0.0309728
5 0.38368 0.632513 0.038476 0.0751712 0.030942
5 0.378044 0.625836 0.0620505 0.0853898 0.0289821
5 0.44421 0.699184 0.0375346 0.0440781 0.0287312
5 0.376552 0.622716 0.0599467 0.0818127 0.0266598
5 0.377354 0.625389 0.0573476 0.0802217 0.0266293
5 0.377966 0.624992 0.0664899 0.0896076 0.0262276
5 0.377358 0.624535 0.0643411 0.0888191 0.0257321
5 0.446782 0.703174 0.0337196 0.0396876 0.0243127
2 0.177184 0.479052 0.0154065 0.023726 0.0239963
5 0.442739 0.69695 0.0386075 0.0442136 0.0220911
5 0.441253 0.69698 0.0366163 0.0443782 0.0212174
2 0.188269 0.417988 0.0154845 0.0253421 0.0201602
5 0.414176 0.5361 0.0203091 0.0373239 0.0199814
2 0.121489 0.471025 0.0156166 0.02332 0.0193066
5 0.37935 0.661632 0.0173843 0.0220877 0.0190642
5 0.387222 0.633728 0.0333663 0.0624684 0.0178946
5 0.377542 0.623708 0.0672575 0.0878159 0.0170304
5 0.445158 0.700473 0.0387931 0.0454099 0.0169273
5 0.946064 0.343955 0.107872 0.101954 0.0166423
2 0.833476 0.433439 0.014355 0.0243709 0.015951
5 0.380192 0.623731 0.0732208 0.0902046 0.0152155
5 0.286814 0.382461 0.0145381 0.0238589 0.0145617
2 0.137021 0.501658 0.0303216 0.0387582 0.0145579
0 0.257219 0.503171 0.347089 0.957086 0.0142112
2 0.199138 0.464422 0.017797 0.0285421 0.0140682
2 0.196842 0.460959 0.0188122 0.0261317 0.0131301
5 0.378814 0.624648 0.0717094 0.0967709 0.0129165
5 0.38196 0.624874 0.0737472 0.090321 0.0125259
2 0.140163 0.500832 0.0291293 0.0460482 0.012485
2 0.201052 0.465748 0.0169116 0.0302862 0.0124539
2 0.272884 0.484626 0.0166131 0.0258464 0.0116467
0 0.296616 0.499951 0.419885 0.964409 0.0114948
5 0.946391 0.345999 0.107218 0.0880695 0.0113543
0 0.498226 0.613896 0.381603 0.426261 0.0111328
0 0.379363 0.623781 0.0718179 0.0948483 0.0106742
0 0.301924 0.505188 0.435088 0.959442 0.0106056
5 0.379853 0.625372 0.0609815 0.0799222 0.0105
5 0.948067 0.339895 0.102929 0.125705 0.0102323
5 0.943127 0.332859 0.113746 0.122789 0.0101171
5 0.550295 0.503381 0.017079 0.0252717 0.0100161
