3 0.511546 0.500123 0.713834 0.982782 0.66759
3 0.511166 0.493317 0.701371 0.986634 0.615113
3 0.514532 0.497806 0.699517 0.988196 0.581104
3 0.514118 0.495741 0.72422 0.985714 0.564371
3 0.519798 0.49621 0.710629 0.989801 0.503146
3 0.51241 0.494669 0.697034 0.989339 0.503094
3 0.516365 0.49768 0.702142 0.989936 0.495327
3 0.519705 0.496262 0.702787 0.992525 0.468249
0 0.517731 0.498506 0.706528 0.991961 0.387862
3 0.512108 0.49406 0.7096 0.981894 0.234124
0 0.409951 0.370248 0.334289 0.496508 0.0132999
