3 0.496148 0.385056 0.657147 0.725842 0.20408
3 0.435799 0.437797 0.303907 0.447979 0.195505
3 0.496573 0.427016 0.660148 0.780371 0.179926
3 0.508335 0.402843 0.660038 0.75553 0.176489
3 0.508569 0.451394 0.65825 0.829798 0.175005
3 0.493897 0.369299 0.655104 0.718249 0.167918
3 0.431469 0.424682 0.268325 0.421296 0.15977
0 0.501126 0.397253 0.6746 0.756524 0.156603
3 0.453633 0.4446 0.329098 0.464258 0.155639
0 0.501004 0.434058 0.673988 0.818546 0.152362
3 0.451283 0.37376 0.577676 0.720635 0.146898
0 0.504971 0.379409 0.663991 0.731838 0.135416
3 0.448373 0.436099 0.567079 0.811735 0.125208
5 0.0884977 0.315784 0.0375631 0.0518251 0.116659
5 0.0881009 0.316214 0.0341103 0.0487734 0.11591
3 0.441765 0.424802 0.28159 0.430822 0.112387
3 0.506811 0.515716 0.659231 0.889995 0.102438
0 0.505103 0.368548 0.669921 0.715291 0.0930196
5 0.0874056 0.316329 0.0351336 0.0494462 0.0916326
3 0.471355 0.471726 0.371774 0.513547 0.0885872
5 0.128918 0.503696 0.0180162 0.0258801 0.086502
5 0.088282 0.316296 0.0334258 0.0489246 0.0854264
5 0.0885722 0.315704 0.0365508 0.05143 0.0853028
3 0.496337 0.498911 0.65958 0.870529 0.0846918
5 0.0227224 0.342556 0.0324859 0.043459 0.084281
0 0.503163 0.366013 0.670416 0.694506 0.0839232
5 0.0886214 0.316494 0.0325669 0.0488965 0.0740684
3 0.42884 0.437978 0.287026 0.443492 0.0716416
3 0.450046 0.454638 0.337165 0.478609 0.070093
3 0.497143 0.360001 0.66627 0.709012 0.0663665
3 0.41394 0.480237 0.501992 0.911119 0.0615262
5 0.022567 0.342408 0.0349272 0.0466748 0.0604162
5 0.0926886 0.506224 0.0181963 0.0274443 0.0591463
5 0.0658807 0.518709 0.0215148 0.0325806 0.0587493
3 0.484211 0.486466 0.388175 0.539106 0.0546174
3 0.416413 0.437188 0.508833 0.834094 0.0528292
5 0.12982 0.503385 0.0210124 0.0283887 0.0510691
3 0.425968 0.425981 0.265905 0.415201 0.0498872
5 0.0662321 0.518866 0.0203263 0.0304038 0.0479282
3 0.50175 0.511329 0.672841 0.920681 0.0478202
5 0.0912793 0.506634 0.0181143 0.026812 0.0457025
5 0.129228 0.503008 0.0213041 0.0306892 0.045341
3 0.501139 0.477381 0.674394 0.900674 0.0450735
5 0.0221955 0.342933 0.0346843 0.0432102 0.0422163
3 0.437431 0.408845 0.245277 0.386945 0.0406652
5 0.130572 0.501984 0.0233998 0.0318575 0.0381924
3 0.44513 0.404829 0.267071 0.390418 0.0360853
3 0.473469 0.459482 0.355087 0.498451 0.0341326
5 0.0220594 0.341469 0.0412146 0.0518543 0.031867
5 0.0878622 0.31572 0.039263 0.0520739 0.0315748
5 0.0216696 0.340641 0.0409199 0.0496144 0.031559
5 0.157735 0.230548 0.0196469 0.0290383 0.0315143
5 0.0878901 0.315457 0.0398587 0.0529951 0.0280866
5 0.0227104 0.342634 0.0343979 0.0445585 0.0275102
5 0.0881946 0.316542 0.0394062 0.0518768 0.0254289
5 0.155699 0.228786 0.0176184 0.0270338 0.024842
5 0.173994 0.243311 0.0160059 0.0241843 0.023735
5 0.0226652 0.339169 0.0410315 0.055275 0.0219084
3 0.499791 0.489823 0.372528 0.543509 0.0217269
3 0.445318 0.481486 0.556838 0.887254 0.0217251
5 0.0649961 0.518385 0.0228178 0.034485 0.0216408
3 0.4346 0.452031 0.301753 0.462528 0.0208234
3 0.453109 0.386512 0.578493 0.727028 0.0202152
3 0.496871 0.484714 0.366002 0.526919 0.0194116
5 0.0650945 0.518455 0.0227564 0.032323 0.0183664
5 0.247889 0.101464 0.0170339 0.0248937 0.016316
5 0.0913441 0.315247 0.0473704 0.0587054 0.0157069
5 0.165382 0.235425 0.0179526 0.0307053 0.0152095
3 0.41151 0.489204 0.493683 0.93717 0.0140576
3 0.458598 0.427669 0.293531 0.444135 0.0138957
3 0.485466 0.482167 0.391534 0.537356 0.0135641
5 0.0923227 0.506269 0.0237761 0.0353293 0.0124229
3 0.42679 0.41658 0.249919 0.371385 0.0123998
5 0.0909274 0.506095 0.023605 0.034564 0.0116945
5 0.141735 0.482239 0.0177927 0.0257131 0.0116403
3 0.508726 0.490515 0.33104 0.506693 0.0113429
5 0.0235145 0.338395 0.0424956 0.0549772 0.0113133
5 0.249508 0.101126 0.0189747 0.0263697 0.0107298
3 0.410178 0.396075 0.497569 0.760176 0.0102298
