4 0.481765 0.560383 0.96353 0.878767 0.460533
4 0.456009 0.561876 0.912019 0.876249 0.452447
4 0.486469 0.557596 0.972939 0.879674 0.424625
4 0.462458 0.560812 0.924916 0.878376 0.40782
4 0.436327 0.562073 0.866006 0.875855 0.377773
4 0.465935 0.5631 0.931432 0.873801 0.344025
4 0.487789 0.561888 0.975579 0.876224 0.340953
4 0.529287 0.556159 0.941426 0.873719 0.292843
2 0.871083 0.527254 0.0245466 0.0487558 0.288734
4 0.532853 0.55866 0.934294 0.866738 0.256857
2 0.871251 0.525972 0.0241932 0.0516651 0.24998
4 0.533865 0.557468 0.93227 0.871817 0.216454
4 0.430372 0.562898 0.857067 0.874205 0.202776
4 0.511108 0.558218 0.971468 0.873455 0.184485
2 0.871356 0.525797 0.0269619 0.0530484 0.137159
2 0.917972 0.51364 0.0246553 0.0422954 0.132758
2 0.865952 0.679543 0.0191022 0.0334272 0.12961
2 0.917687 0.513351 0.0222638 0.0420773 0.116587
2 0.870325 0.526151 0.0277766 0.0538125 0.109525
2 0.870321 0.527847 0.0262363 0.0497936 0.108304
2 0.774578 0.439727 0.0366721 0.0554747 0.107656
2 0.773724 0.438248 0.0372133 0.0566047 0.107357
2 0.774233 0.438499 0.0376421 0.0559011 0.0926363
2 0.223072 0.311326 0.0378666 0.0603981 0.0894312
2 0.223057 0.312506 0.0391785 0.0623485 0.085769
2 0.774507 0.439943 0.0366899 0.0550965 0.0855473
2 0.866071 0.679019 0.0213449 0.0374092 0.0835916
2 0.271922 0.550702 0.0460193 0.0575207 0.083233
4 0.509766 0.558877 0.972969 0.869327 0.0822017
2 0.867309 0.679273 0.0209936 0.036001 0.0805619
2 0.154639 0.500261 0.0227021 0.0324431 0.0796335
2 0.839097 0.365366 0.0223433 0.0339914 0.077178
2 0.870326 0.525809 0.0288365 0.0539984 0.074665
2 0.772521 0.436831 0.0379571 0.056568 0.0708484
2 0.268102 0.552205 0.0374161 0.0523554 0.0703343
4 0.507856 0.556765 0.975927 0.87571 0.0658891
2 0.155299 0.500305 0.0223361 0.0333755 0.0627537
2 0.773426 0.437274 0.0399228 0.0576385 0.0619821
2 0.0863134 0.507398 0.0221821 0.0287453 0.0610452
2 0.156036 0.500442 0.025181 0.0372716 0.0555301
2 0.900513 0.749425 0.0209893 0.0367182 0.0474115
2 0.911376 0.641724 0.024651 0.0529003 0.0465502
2 0.891458 0.582249 0.0230419 0.0428446 0.0463956
2 0.867227 0.679054 0.0225071 0.0398883 0.0462902
2 0.270258 0.552402 0.0371449 0.0549195 0.0451265
2 0.892907 0.581542 0.0242346 0.0435174 0.0448544
2 0.272919 0.550891 0.0453466 0.0576662 0.0443787
2 0.911309 0.64116 0.0247474 0.052048 0.0423889
2 0.771622 0.436744 0.0427831 0.0610022 0.0411093
2 0.706506 0.581056 0.0379402 0.0715036 0.0385884
2 0.223948 0.310294 0.0385189 0.0595912 0.0379322
2 0.180214 0.537959 0.0198875 0.0297009 0.0377971
2 0.0880661 0.673304 0.0223511 0.0282391 0.0373801
2 0.272988 0.548766 0.0447254 0.0652964 0.0373114
2 0.840125 0.359002 0.0266344 0.0500085 0.0372138
2 0.0798135 0.55806 0.0240853 0.0433991 0.037114
2 0.899618 0.748175 0.0239216 0.0395852 0.0338429
2 0.919308 0.513778 0.0249007 0.0433466 0.0333646
2 0.33384 0.376958 0.0237706 0.035738 0.0332257
2 0.156611 0.49909 0.0231161 0.0346721 0.0328123
2 0.771543 0.435219 0.0423476 0.0610599 0.0325046
2 0.125722 0.589174 0.0533122 0.0748516 0.0321277
2 0.224357 0.309395 0.0393029 0.0629754 0.0319439
2 0.705137 0.57986 0.0420403 0.0737318 0.031093
4 0.501044 0.557571 0.98533 0.877128 0.031043
2 0.840252 0.35738 0.0261786 0.0525585 0.030207
4 0.502114 0.560267 0.990308 0.871024 0.0300416
2 0.910052 0.641048 0.0280702 0.0556784 0.0293201
2 0.259132 0.329386 0.0241408 0.0295075 0.0289477
2 0.0791383 0.558545 0.0242613 0.0455355 0.0286452
2 0.892412 0.57907 0.0236463 0.0413471 0.028334
2 0.126706 0.589647 0.0500808 0.0734304 0.0281701
2 0.0782785 0.559681 0.0233823 0.043239 0.0275184
2 0.0876748 0.676186 0.0246046 0.0334757 0.0271811
2 0.274733 0.547487 0.0495859 0.0670661 0.0271777
2 0.917713 0.512334 0.0274608 0.0482718 0.0268337
2 0.704454 0.579977 0.0437523 0.074446 0.0267128
2 0.919007 0.513496 0.0255328 0.04458 0.0262818
2 0.273315 0.544802 0.0549178 0.0741526 0.0261239
2 0.333952 0.377176 0.0225463 0.0353579 0.0256246
2 0.275171 0.544989 0.0524677 0.0721518 0.0249449
2 0.972996 0.713404 0.027995 0.0352047 0.0247153
2 0.0798183 0.558723 0.02615 0.0431198 0.0246018
2 0.0521766 0.650753 0.0219263 0.034414 0.0240394
2 0.10192 0.396817 0.0716704 0.172925 0.0239862
2 0.704365 0.579211 0.0451375 0.076544 0.0239281
2 0.9103 0.641716 0.0286189 0.0600559 0.0236167
2 0.898814 0.726252 0.0298629 0.0718727 0.0231959
2 0.784124 0.312475 0.0449018 0.0438211 0.0229868
2 0.127551 0.593221 0.0486501 0.0678202 0.0228247
4 0.401396 0.565574 0.802791 0.868851 0.0227906
2 0.78228 0.31078 0.0477837 0.0444186 0.0226607
2 0.981471 0.80011 0.0172858 0.023978 0.0225535
2 0.888289 0.590032 0.028715 0.0597577 0.0223732
2 0.890279 0.586352 0.0302971 0.0540616 0.0218755
2 0.707786 0.58384 0.0357302 0.065313 0.0218202
2 0.0832687 0.507239 0.0287349 0.0301577 0.0217973
2 0.124767 0.587899 0.0579465 0.0852337 0.0216274
2 0.704017 0.578433 0.0441032 0.0750738 0.0214102
2 0.163557 0.467663 0.0166648 0.0236679 0.0213279
2 0.876811 0.951848 0.051429 0.0748793 0.0210546
2 0.784339 0.314109 0.045558 0.0415104 0.0210537
2 0.893375 0.579804 0.0243979 0.0439528 0.0208495
2 0.25965 0.33018 0.0270594 0.033282 0.0204392
2 0.126284 0.590726 0.0514653 0.0710802 0.0194616
2 0.973546 0.712322 0.0298996 0.0384385 0.0189462
2 0.124022 0.587913 0.0551929 0.0817226 0.0182205
2 0.0515101 0.651108 0.0197762 0.0309121 0.0181937
2 0.886746 0.59357 0.0292636 0.0546713 0.0180101
2 0.104255 0.40774 0.0768553 0.195105 0.0180084
2 0.886395 0.596545 0.0332278 0.0509488 0.0176191
2 0.91077 0.640323 0.0280497 0.0543657 0.0175518
2 0.122909 0.585358 0.0615662 0.0954921 0.0175456
2 0.84138 0.356409 0.0269143 0.0544632 0.0175024
2 0.77144 0.43834 0.0448779 0.0610027 0.0171653
2 0.704214 0.580736 0.0408618 0.0733032 0.0168922
2 0.104968 0.398171 0.0692161 0.173446 0.0165645
2 0.837883 0.36494 0.0283805 0.0485271 0.0164411
2 0.179679 0.537159 0.0220604 0.0333683 0.0161211
2 0.124171 0.589075 0.054261 0.0785021 0.0161014
4 0.439727 0.566526 0.87188 0.866948 0.0159621
2 0.973758 0.712952 0.0288162 0.0384421 0.0157535
2 0.981605 0.798599 0.0192457 0.0270421 0.01575
2 0.276567 0.541606 0.0531699 0.0798467 0.0157345
2 0.0639628 0.813324 0.0505231 0.056896 0.0156721
2 0.0643475 0.812199 0.0512593 0.0635324 0.0156578
2 0.224584 0.31013 0.0398684 0.0637146 0.0155763
2 0.223995 0.309589 0.0392453 0.0604624 0.0153296
2 0.103603 0.397557 0.0726871 0.17267 0.0152984
2 0.703988 0.579806 0.0460296 0.0752494 0.0152948
2 0.97338 0.713818 0.0275414 0.0366176 0.0150203
2 0.114973 0.500107 0.022155 0.0431019 0.0150037
2 0.124729 0.589352 0.0538869 0.0765186 0.0149983
2 0.899692 0.751326 0.0273381 0.0529699 0.0149249
2 0.194598 0.479206 0.0336466 0.0443194 0.0143672
2 0.805681 0.761488 0.0325278 0.0437288 0.0142897
2 0.956522 0.668552 0.0206492 0.0376059 0.0140951
2 0.0890974 0.674998 0.0251133 0.0339797 0.0140318
2 0.911765 0.638903 0.0279079 0.0589506 0.0139114
2 0.784842 0.315014 0.0475229 0.0460242 0.0137247
2 0.0649555 0.814209 0.0471996 0.0529601 0.0134543
2 0.100409 0.396421 0.0709453 0.171736 0.0132394
2 0.832603 0.551936 0.0181921 0.0392419 0.0130926
2 0.955032 0.669148 0.024557 0.0396657 0.0130209
2 0.898158 0.749098 0.0307754 0.0501506 0.0129022
2 0.403294 0.427947 0.0677111 0.0905979 0.0128858
2 0.897129 0.728819 0.0336589 0.0788282 0.0128285
2 0.897746 0.736524 0.0305968 0.0652543 0.0127576
2 0.19991 0.56636 0.0172506 0.0281597 0.0126091
2 0.353797 0.30695 0.0448193 0.0501917 0.0126056
2 0.123774 0.585897 0.0566733 0.084624 0.0125809
2 0.78419 0.313318 0.049676 0.0493919 0.0125094
2 0.914794 0.514242 0.0334863 0.0495701 0.0123819
2 0.898134 0.715976 0.029351 0.0528206 0.0123406
2 0.403611 0.43517 0.0693064 0.086123 0.012292
2 0.195916 0.274175 0.0247907 0.0383966 0.0122797
2 0.195451 0.478628 0.0347372 0.0419456 0.0120446
2 0.877404 0.952543 0.0476998 0.0745778 0.0118629
2 0.181926 0.537657 0.0217855 0.0344928 0.0117686
2 0.163923 0.465258 0.0167547 0.0274561 0.0112381
2 0.084943 0.505843 0.0277429 0.0362934 0.0111757
2 0.124242 0.586899 0.0552301 0.0817852 0.011103
2 0.131015 0.5887 0.0511183 0.0825951 0.0109297
2 0.0689951 0.815925 0.0452025 0.0536659 0.0109006
2 0.405336 0.438625 0.0689619 0.0736523 0.010891
2 0.128488 0.586901 0.062552 0.100148 0.0108078
2 0.269513 0.552569 0.0367352 0.0608857 0.0105897
2 0.886557 0.593738 0.0337139 0.0569756 0.0104249
2 0.130095 0.588558 0.0523901 0.07702 0.0102715
2 0.222161 0.307734 0.0459357 0.0689894 0.0102129
2 0.877309 0.952848 0.0476299 0.0725505 0.0102082
2 0.781893 0.31036 0.0498617 0.0477739 0.0102035
2 0.396062 0.406983 0.0490796 0.0593473 0.0101991
2 0.229085 0.37422 0.0215324 0.0477331 0.010126
2 0.397922 0.40546 0.0476419 0.0591471 0.0101064
2 0.704965 0.422638 0.0402125 0.0803958 0.010093
2 0.399618 0.407493 0.0537334 0.0605543 0.0100505
2 0.470453 0.241107 0.0209055 0.0317723 0.0100109
