3 0.523152 0.527821 0.950382 0.896998 0.528804
3 0.547339 0.530643 0.905322 0.889675 0.512003
3 0.543706 0.522534 0.912588 0.886199 0.490655
3 0.545236 0.52471 0.909528 0.881134 0.467536
3 0.520698 0.522281 0.950768 0.886436 0.466982
3 0.574588 0.525723 0.850824 0.875028 0.448179
3 0.518402 0.517128 0.954716 0.891365 0.420086
3 0.501575 0.518472 0.996849 0.892276 0.343933
4 0.500045 0.513031 0.999911 0.902863 0.113958
3 0.573488 0.525389 0.85271 0.877147 0.0535014
2 0.200171 0.739391 0.0460411 0.0727712 0.0328487
2 0.201938 0.739859 0.0468649 0.0730583 0.023527
2 0.20084 0.739622 0.0474419 0.0754224 0.0224115
2 0.200155 0.74073 0.0468052 0.0696566 0.0181537
5 0.916728 0.417136 0.0392979 0.0651099 0.0154179
5 0.916784 0.41597 0.0374663 0.0601028 0.0144647
2 0.254568 0.782861 0.0312306 0.0295245 0.0139654
5 0.916656 0.416849 0.0368605 0.0619541 0.0127294
2 0.488447 0.502856 0.0383612 0.0484985 0.0114277
2 0.489393 0.503888 0.0407852 0.0498969 0.011419
2 0.25427 0.78315 0.0304045 0.0316479 0.0112761
2 0.619352 0.413118 0.0301028 0.0439421 0.0106571
2 0.201739 0.740384 0.0474808 0.0726524 0.0105827
2 0.254181 0.782124 0.035326 0.0311215 0.0103603
