3 0.479493 0.506646 0.579261 0.986709 0.772768
3 0.479792 0.501666 0.580874 0.972409 0.737699
3 0.486959 0.495681 0.592942 0.987716 0.716527
3 0.48317 0.510115 0.583077 0.979771 0.664476
3 0.486643 0.496181 0.580426 0.971832 0.649799
3 0.48263 0.503837 0.573952 0.966184 0.627757
3 0.483659 0.511101 0.574712 0.973579 0.614563
3 0.484828 0.496525 0.589102 0.976416 0.587748
3 0.483079 0.5037 0.5834 0.9627 0.569684
3 0.482577 0.502625 0.578838 0.965546 0.483494
5 0.80448 0.915929 0.0319616 0.0514877 0.28252
5 0.804894 0.916174 0.0319124 0.0502035 0.272391
5 0.0225036 0.90149 0.0208586 0.0369434 0.264457
5 0.80483 0.91654 0.0329429 0.0526254 0.246176
5 0.0223391 0.900523 0.0217184 0.0385498 0.226852
5 0.804602 0.915731 0.0313477 0.051787 0.219622
5 0.804282 0.914941 0.0345813 0.0553461 0.205807
5 0.853899 0.293161 0.0302322 0.0480416 0.193432
5 0.85334 0.293237 0.028597 0.0468682 0.186592
5 0.512878 0.481975 0.0312664 0.0426659 0.18169
5 0.512528 0.481874 0.0298749 0.0433797 0.175408
5 0.853169 0.293245 0.030088 0.0486259 0.170043
5 0.803741 0.914583 0.0355617 0.0559275 0.169043
5 0.512615 0.481118 0.0310916 0.0435181 0.168561
5 0.512553 0.482214 0.0301799 0.0426096 0.168024
5 0.85378 0.293266 0.0316261 0.04969 0.162774
5 0.853608 0.293394 0.0354701 0.0547497 0.137262
5 0.853218 0.29396 0.0342387 0.0532117 0.134341
5 0.806046 0.915988 0.0422366 0.0569541 0.132726
5 0.805851 0.915869 0.041598 0.0585535 0.107728
5 0.0232082 0.90139 0.0267003 0.0413236 0.106938
5 0.022424 0.900318 0.028062 0.041643 0.102647
5 0.805098 0.919266 0.0408058 0.0636915 0.084469
5 0.851105 0.291423 0.037073 0.057356 0.0841122
3 0.603772 0.491901 0.772018 0.983802 0.0691202
5 0.804003 0.919586 0.0404996 0.0644812 0.0673685
3 0.605762 0.494619 0.788477 0.989238 0.0658118
5 0.850829 0.291977 0.0369789 0.0556029 0.0630604
3 0.721625 0.496018 0.55675 0.992037 0.0599466
5 0.975168 0.675066 0.0277325 0.0348871 0.0590605
5 0.850876 0.293216 0.0396154 0.0597901 0.0564499
3 0.551282 0.494508 0.591472 0.983431 0.0552124
5 0.805646 0.915255 0.0441451 0.0619967 0.0478102
3 0.74266 0.496521 0.514679 0.993042 0.0450288
3 0.132489 0.459792 0.264794 0.916118 0.0434469
3 0.824181 0.500398 0.351637 0.999203 0.0430196
3 0.631386 0.495428 0.736125 0.990857 0.0426327
5 0.0195593 0.899351 0.0324186 0.0449775 0.0395776
5 0.856111 0.292214 0.0464613 0.0619609 0.0370313
3 0.819198 0.49773 0.361603 0.995461 0.0360269
5 0.97434 0.67577 0.0311866 0.0382877 0.0355486
5 0.974987 0.674691 0.0283147 0.0365626 0.0350419
5 0.0196974 0.90118 0.0319866 0.0428471 0.0299028
3 0.682412 0.49552 0.635176 0.991041 0.0292442
3 0.718635 0.5 0.562729 1 0.0289121
5 0.512186 0.483895 0.0376205 0.0571548 0.0271269
5 0.510476 0.481892 0.038936 0.051668 0.0269533
5 0.801747 0.913455 0.0438759 0.0616316 0.0268
3 0.102332 0.392647 0.204664 0.785295 0.0263264
3 0.122266 0.498574 0.244531 0.994315 0.0246391
5 0.974168 0.67522 0.0308326 0.0390748 0.0242273
5 0.278976 0.465765 0.0166142 0.0296175 0.0230278
5 0.856087 0.292975 0.0470035 0.0632617 0.0226289
5 0.511858 0.484453 0.0368707 0.055348 0.0225331
5 0.802186 0.91608 0.0451116 0.0616222 0.0224519
3 0.690899 0.495971 0.618202 0.991942 0.0212038
3 0.0888497 0.476515 0.177699 0.946384 0.0210181
5 0.510286 0.481207 0.03898 0.0528463 0.0209341
3 0.820423 0.498161 0.359154 0.996322 0.0206269
5 0.801035 0.91922 0.0629662 0.070679 0.0203248
5 0.512605 0.480648 0.0360425 0.0565925 0.0196223
5 0.512453 0.480299 0.0359725 0.0549047 0.0186085
5 0.0212243 0.899913 0.0339305 0.0509445 0.0182994
5 0.514801 0.480846 0.0427121 0.0539627 0.0179984
5 0.279022 0.437896 0.0151906 0.0185105 0.0174992
5 0.853174 0.29003 0.0403571 0.0634956 0.0169901
3 0.802271 0.5 0.395071 1 0.0167865
5 0.514869 0.481332 0.0423024 0.0517041 0.016214
3 0.0815903 0.485078 0.163181 0.954852 0.0160828
5 0.278983 0.466501 0.0177432 0.0327827 0.0156264
2 0.937833 0.875168 0.0170794 0.027379 0.0149677
3 0.786601 0.494355 0.42628 0.988711 0.0147582
3 0.85132 0.5 0.297361 1 0.0147273
3 0.134319 0.331662 0.268638 0.663323 0.013825
5 0.855176 0.293114 0.0528509 0.069966 0.0133057
5 0.291787 0.725769 0.015368 0.0252242 0.0128183
5 0.85382 0.290222 0.0397122 0.063679 0.0123756
2 0.161445 0.624343 0.0206452 0.0361302 0.0120205
5 0.801077 0.912668 0.0442576 0.0611283 0.0119036
3 0.113097 0.320298 0.226193 0.640595 0.0119007
3 0.830448 0.541295 0.339104 0.917409 0.0110217
3 0.792052 0.496113 0.415895 0.992227 0.0106255
