3 0.346011 0.338647 0.679863 0.677294 0.836272
3 0.343066 0.339077 0.681065 0.678154 0.80896
3 0.343874 0.342179 0.6837 0.684357 0.801285
3 0.344425 0.339893 0.679918 0.679787 0.786345
3 0.344362 0.342809 0.686086 0.685619 0.779245
3 0.341728 0.340205 0.678989 0.68041 0.76304
3 0.343142 0.340553 0.678271 0.681106 0.729463
3 0.339996 0.34109 0.679504 0.682181 0.700955
3 0.343185 0.342486 0.686369 0.684972 0.655549
3 0.335503 0.345052 0.671005 0.690104 0.400456
3 0.667966 0.500011 0.664068 0.995822 0.0764441
3 0.674174 0.501411 0.651652 0.997179 0.0589788
3 0.630829 0.5 0.738342 1 0.0570583
3 0.616631 0.5 0.766178 1 0.0537621
3 0.348605 0.341045 0.671512 0.682089 0.0536472
2 0.100831 0.397928 0.196896 0.383764 0.0525043
2 0.29943 0.225667 0.0662892 0.0605149 0.0476613
3 0.633638 0.5 0.732723 1 0.0466221
2 0.0995879 0.412877 0.185177 0.328097 0.0460512
2 0.293365 0.227164 0.0788159 0.0707298 0.0437914
3 0.604002 0.5 0.791996 1 0.0413238
2 0.0987619 0.468842 0.185304 0.212776 0.0411627
2 0.0961646 0.449236 0.192329 0.0797249 0.0388798
2 0.0953219 0.4466 0.184196 0.382562 0.0341015
2 0.292455 0.227788 0.079299 0.063655 0.0335953
2 0.526883 0.186109 0.113775 0.336688 0.032906
2 0.298167 0.226718 0.0699218 0.0584491 0.0326642
3 0.583491 0.5 0.833017 1 0.0313998
2 0.0954067 0.485662 0.183999 0.291091 0.0269604
2 0.111287 0.3372 0.220228 0.32675 0.025364
2 0.119889 0.368669 0.19488 0.277372 0.0252283
2 0.125223 0.348702 0.201866 0.256469 0.0245172
3 0.56156 0.5 0.876881 1 0.0241952
2 0.300852 0.225364 0.0646118 0.0599015 0.023584
2 0.303015 0.225201 0.0640231 0.0620841 0.0211873
2 0.142141 0.384504 0.136883 0.171182 0.0207005
2 0.0869082 0.458584 0.173816 0.0954544 0.0206023
2 0.303771 0.224681 0.0579268 0.0580555 0.0205096
2 0.0959968 0.455929 0.191994 0.0937584 0.01996
2 0.293757 0.22635 0.0764786 0.0709494 0.0191386
2 0.0968127 0.433887 0.189935 0.417613 0.0190962
2 0.364091 0.607196 0.0230424 0.0319692 0.0190877
2 0.0979871 0.441802 0.195974 0.0950435 0.0190848
2 0.102364 0.453227 0.185926 0.103798 0.0190059
3 0.663967 0.5 0.672066 1 0.0186678
2 0.524639 0.282894 0.129148 0.53685 0.0183876
2 0.147383 0.33409 0.158616 0.283343 0.0180121
2 0.364402 0.607937 0.021558 0.0317481 0.0172954
2 0.521589 0.184649 0.11231 0.353897 0.0172493
2 0.518347 0.189322 0.124482 0.351606 0.0170666
2 0.363382 0.0670744 0.043872 0.0638192 0.0167063
2 0.528909 0.184411 0.113864 0.352127 0.0159438
2 0.138229 0.39159 0.133102 0.150788 0.015926
3 0.510069 0.34205 0.345248 0.6841 0.0157494
2 0.0958483 0.434497 0.191697 0.11045 0.0156873
3 0.463365 0.340906 0.435345 0.681812 0.015303
2 0.118146 0.406724 0.173606 0.273432 0.0143854
3 0.494722 0.341381 0.372781 0.682762 0.0132664
3 0.214185 0.251049 0.42837 0.502099 0.0131633
2 0.29012 0.231445 0.087463 0.071025 0.013103
2 0.362775 0.0677307 0.0454452 0.0636728 0.0127769
2 0.0987525 0.452279 0.197505 0.0992528 0.0127587
2 0.115747 0.473083 0.164759 0.184884 0.0126311
2 0.140378 0.334539 0.165674 0.271381 0.0116614
2 0.0855583 0.458805 0.171117 0.101558 0.0116091
2 0.289666 0.230736 0.0905596 0.0800865 0.0114597
3 0.570228 0.496856 0.859544 0.993712 0.0113465
2 0.114237 0.455508 0.157691 0.0817143 0.011218
2 0.362884 0.0674936 0.0465725 0.0642113 0.0103128
3 0.51832 0.309104 0.32163 0.618209 0.0102683
2 0.0987879 0.505046 0.194156 0.264816 0.0100821
