3 0.524415 0.499063 0.673153 0.945159 0.577967
3 0.525432 0.499525 0.683533 0.947693 0.560495
3 0.525503 0.509626 0.681664 0.950276 0.445974
3 0.523165 0.494121 0.674827 0.933606 0.440942
3 0.524952 0.506979 0.672974 0.949801 0.423186
3 0.523832 0.50246 0.67601 0.944876 0.369183
2 0.470146 0.804218 0.0384653 0.0479699 0.365661
2 0.469979 0.803981 0.0384299 0.0494397 0.35957
2 0.469995 0.804204 0.0363216 0.0477985 0.353857
2 0.470407 0.804551 0.0404191 0.0522017 0.35343
2 0.470027 0.804234 0.0392255 0.0496758 0.331467
2 0.470191 0.803803 0.0396532 0.0515886 0.299364
2 0.46994 0.805368 0.0384991 0.0502361 0.298474
3 0.527368 0.513365 0.682795 0.950114 0.285824
2 0.469451 0.805276 0.040182 0.0539518 0.282544
3 0.526473 0.510307 0.67549 0.952434 0.282043
3 0.534349 0.511407 0.699852 0.950609 0.245092
3 0.523454 0.502984 0.681175 0.940844 0.233685
2 0.469678 0.804351 0.0397184 0.0526591 0.231993
3 0.472579 0.433163 0.347484 0.457434 0.0890211
3 0.501223 0.429232 0.316798 0.441054 0.0786676
3 0.503586 0.447871 0.300715 0.443758 0.0486313
3 0.446113 0.442347 0.366866 0.472825 0.0470432
3 0.530051 0.4305 0.316922 0.428015 0.0451341
3 0.476687 0.451606 0.331796 0.45654 0.0444273
3 0.469942 0.4216 0.354635 0.454402 0.0418169
2 0.472237 0.804152 0.0523007 0.0590221 0.0389201
3 0.531876 0.446127 0.293985 0.435215 0.0338217
3 0.441995 0.424933 0.376123 0.45886 0.0333171
2 0.470222 0.806244 0.0605287 0.0654928 0.0332722
3 0.500271 0.417866 0.323999 0.436347 0.0325256
5 0.472416 0.803304 0.0519466 0.0595268 0.0270487
3 0.5609 0.46283 0.34529 0.446947 0.0211547
3 0.527055 0.416739 0.324147 0.417407 0.0203025
3 0.452471 0.463472 0.346147 0.479956 0.0192684
3 0.556211 0.438427 0.347609 0.415457 0.0190771
3 0.423959 0.458738 0.378486 0.483774 0.0158336
3 0.41868 0.42999 0.389488 0.444346 0.0155453
