1 0.554246 0.748857 0.571367 0.475272 0.0899125
1 0.548915 0.744496 0.563427 0.483459 0.0724401
1 0.553877 0.740389 0.559196 0.492055 0.04842
1 0.556305 0.759657 0.570392 0.452902 0.0308946
1 0.549194 0.745051 0.56684 0.480416 0.0230693
1 0.555051 0.739303 0.566118 0.494404 0.0220452
1 0.569392 0.761433 0.549193 0.456843 0.0168065
1 0.559938 0.750139 0.573156 0.470536 0.0123476
1 0.54837 0.741014 0.565275 0.49905 0.0120951
5 0.623292 0.872222 0.0302395 0.0442192 0.0107891
5 0.623217 0.871486 0.0265381 0.0388798 0.0106885
5 0.623147 0.872337 0.0224631 0.0342721 0.010266
