4 0.159384 0.804985 0.318769 0.377447 0.138635
4 0.422903 0.468589 0.845805 0.896132 0.137427
5 0.739313 0.747012 0.0776519 0.0676259 0.133068
5 0.740819 0.746459 0.081724 0.069787 0.12385
4 0.161268 0.808827 0.322536 0.373486 0.118422
4 0.496669 0.46093 0.702643 0.874938 0.117861
4 0.424584 0.46759 0.849169 0.903178 0.114454
2 0.378797 0.169421 0.0486409 0.0517136 0.101285
4 0.162521 0.796871 0.325042 0.38789 0.0966666
2 0.379003 0.169453 0.0504636 0.050273 0.0964555
5 0.739797 0.74707 0.0737318 0.062742 0.0935953
3 0.575818 0.455109 0.557699 0.877614 0.0924874
2 0.378738 0.169638 0.0489538 0.0511816 0.0917339
3 0.580755 0.453954 0.537903 0.857934 0.0897327
4 0.509807 0.460641 0.667796 0.881654 0.0879261
5 0.740405 0.746007 0.0833052 0.0702576 0.0834481
5 0.664993 0.307992 0.0298708 0.0456329 0.0831295
5 0.742252 0.742084 0.0858913 0.0806028 0.081225
5 0.741901 0.747995 0.0744188 0.0630932 0.0781911
5 0.740177 0.748546 0.0718782 0.063047 0.0767143
3 0.593533 0.449135 0.564094 0.856761 0.0752314
2 0.379366 0.169539 0.0499573 0.0508101 0.0751925
5 0.665662 0.307347 0.0347667 0.0494207 0.0740486
4 0.164104 0.75396 0.328208 0.456473 0.0725456
5 0.740713 0.746436 0.0775689 0.065759 0.0700261
4 0.163794 0.802454 0.327587 0.375523 0.069443
5 0.741952 0.742223 0.0881009 0.0819191 0.069303
2 0.379209 0.170038 0.0480297 0.0505854 0.0689046
5 0.665261 0.308111 0.0309808 0.0456436 0.0658519
5 0.74555 0.74519 0.0834982 0.0795312 0.0641105
3 0.596502 0.453377 0.522912 0.863592 0.0630454
3 0.582435 0.455627 0.519841 0.866178 0.0623499
5 0.765883 0.269853 0.0531998 0.0891782 0.0620173
5 0.666003 0.308378 0.03491 0.0506535 0.0619064
0 0.430364 0.474418 0.843889 0.91977 0.0588285
5 0.664219 0.30772 0.0333991 0.0508975 0.058729
2 0.378076 0.169074 0.0466677 0.0518355 0.0582271
0 0.428322 0.475505 0.845315 0.915617 0.0572936
3 0.58455 0.450409 0.589613 0.87178 0.0561294
5 0.766548 0.271085 0.0529442 0.0906374 0.0560402
5 0.766152 0.272756 0.0467148 0.0804964 0.0545994
5 0.665894 0.309447 0.0384351 0.0555888 0.0537239
5 0.767274 0.27041 0.0519257 0.0850476 0.0534107
2 0.378839 0.171063 0.0505095 0.0552997 0.0516632
5 0.740653 0.748013 0.075222 0.0656979 0.051488
5 0.745235 0.745645 0.0795704 0.0739741 0.0513936
5 0.74252 0.748759 0.0732418 0.0625861 0.0501597
2 0.144043 0.0361063 0.0713484 0.0722126 0.0496573
0 0.19443 0.503444 0.233785 0.263298 0.0493113
5 0.766939 0.271508 0.0547811 0.088087 0.0489416
5 0.765904 0.271988 0.0455152 0.0791366 0.0462042
2 0.249372 0.407566 0.0245844 0.0354514 0.0461572
2 0.144097 0.0343531 0.0720642 0.0687061 0.045859
5 0.765982 0.27101 0.0466843 0.0795211 0.0457389
2 0.249086 0.408461 0.0221591 0.034713 0.0456603
5 0.765095 0.270219 0.0567912 0.0877101 0.0444683
5 0.768102 0.27352 0.0467359 0.0773367 0.0443572
5 0.740713 0.741976 0.0873726 0.0820054 0.043673
5 0.764628 0.268552 0.0648768 0.100875 0.0431783
5 0.145147 0.0377469 0.0726975 0.0754938 0.0422796
5 0.766931 0.271232 0.0488858 0.0795733 0.0413506
5 0.664541 0.309274 0.0337753 0.0503463 0.0412708
2 0.183217 0.233541 0.0218751 0.0343697 0.0401456
2 0.14509 0.0313926 0.0686075 0.0627853 0.039798
0 0.180718 0.486638 0.355614 0.960314 0.0380663
5 0.666772 0.309523 0.0403775 0.0586698 0.0378441
4 0.489604 0.459233 0.723024 0.896164 0.037225
2 0.182384 0.233705 0.0188877 0.0320587 0.037168
2 0.249106 0.407297 0.0236822 0.0374281 0.0359555
2 0.144258 0.0345298 0.0721965 0.0690597 0.0358794
0 0.193809 0.5006 0.215466 0.25789 0.0354906
2 0.380013 0.169641 0.0554579 0.0525544 0.0350192
2 0.144171 0.0327513 0.0670155 0.0655027 0.0341631
2 0.690213 0.100721 0.0704436 0.0904304 0.0339352
5 0.767051 0.272281 0.0474723 0.0794397 0.0328918
4 0.422033 0.462361 0.844066 0.917833 0.0326983
2 0.689859 0.100753 0.066699 0.0876862 0.0323488
0 0.173471 0.488609 0.343894 0.960887 0.0322838
2 0.689724 0.101524 0.0679657 0.0888075 0.0320368
0 0.195704 0.505274 0.203892 0.254386 0.031538
4 0.162172 0.771512 0.324344 0.424067 0.031039
2 0.379556 0.171377 0.052356 0.057067 0.0310146
0 0.174836 0.484466 0.349582 0.962651 0.0308524
0 0.179671 0.494218 0.253331 0.28031 0.0307607
2 0.00806792 0.963341 0.0153278 0.0371202 0.0304786
2 0.690007 0.100021 0.0745321 0.0950201 0.0300055
0 0.194402 0.502235 0.193421 0.251485 0.0297174
5 0.663642 0.309618 0.0394481 0.0586133 0.0295033
5 0.144114 0.0372271 0.0702035 0.0744543 0.0285116
2 0.365928 0.103678 0.0178996 0.028388 0.0280759
0 0.184773 0.477197 0.359998 0.948579 0.0275055
5 0.144204 0.0371572 0.0736491 0.0743144 0.0274721
2 0.491248 0.780174 0.043757 0.0602283 0.0273828
5 0.744548 0.747191 0.0832604 0.0707658 0.0272534
2 0.379822 0.168718 0.0551304 0.0484303 0.0269077
2 0.293238 0.168261 0.0242023 0.0389785 0.0264761
2 0.248447 0.407295 0.026466 0.0391978 0.026232
4 0.165719 0.790364 0.331437 0.386016 0.0261779
4 0.166041 0.659725 0.332083 0.637087 0.0261013
5 0.738889 0.744184 0.0905428 0.0737977 0.0260163
2 0.182033 0.232367 0.0206854 0.0353028 0.02514
0 0.183734 0.491961 0.227158 0.267308 0.0247445
2 0.293472 0.168016 0.0254945 0.039862 0.0246929
5 0.76219 0.270261 0.072121 0.106422 0.0242051
2 0.689986 0.0989524 0.081611 0.104005 0.0240658
2 0.490501 0.779605 0.0425561 0.0615288 0.0239884
4 0.175349 0.0415687 0.150476 0.0831373 0.023317
5 0.750084 0.74374 0.0908203 0.0946851 0.0232749
0 0.171858 0.486538 0.342496 0.964231 0.023152
2 0.182362 0.232334 0.0236327 0.0371231 0.0231128
5 0.689294 0.100568 0.0751044 0.0910263 0.0229853
4 0.165413 0.728877 0.330826 0.505281 0.0227223
4 0.161993 0.814575 0.323987 0.367325 0.022713
2 0.149752 0.0380767 0.0867775 0.0761534 0.022547
2 0.379995 0.171958 0.0519779 0.0566872 0.0223943
5 0.741494 0.265273 0.120237 0.116038 0.0216807
2 0.61621 0.801871 0.0400827 0.0407865 0.0216241
5 0.73884 0.74519 0.0834206 0.067506 0.0208878
5 0.750584 0.742345 0.0895888 0.0976892 0.0207403
0 0.638588 0.2761 0.317861 0.490969 0.0207309
2 0.690896 0.101491 0.0705962 0.0874555 0.0203693
2 0.690735 0.101494 0.0623647 0.0820211 0.0202776
5 0.277995 0.755849 0.0218739 0.0357039 0.0201756
5 0.746177 0.742547 0.0904579 0.0929164 0.0199803
2 0.493333 0.781853 0.0527735 0.0681613 0.0197878
2 0.690225 0.10167 0.0624775 0.0847921 0.0197838
0 0.169116 0.48223 0.335099 0.954502 0.0194611
0 0.169346 0.52004 0.299345 0.310789 0.0194279
0 0.651449 0.274402 0.324777 0.5017 0.0191483
3 0.569612 0.559303 0.338887 0.593218 0.0188997
0 0.428222 0.471047 0.847123 0.935368 0.018824
0 0.200933 0.478866 0.39503 0.951018 0.0186633
0 0.19823 0.50768 0.215753 0.260158 0.0182258
2 0.491268 0.779726 0.0440467 0.0611697 0.0177169
3 0.629734 0.449589 0.684241 0.865249 0.0177025
2 0.154346 0.728907 0.0442437 0.0789705 0.0174292
0 0.197349 0.522518 0.231548 0.300261 0.0172001
2 0.415206 0.888547 0.0340554 0.0408009 0.0167957
2 0.493784 0.781852 0.0484535 0.0640503 0.0167411
0 0.198063 0.429741 0.393424 0.859482 0.016692
2 0.649344 0.629046 0.0466496 0.0643249 0.0165703
5 0.665383 0.306224 0.038541 0.0600925 0.0158076
2 0.646934 0.631289 0.0482616 0.0675195 0.0155389
2 0.415512 0.889046 0.0382154 0.0457403 0.0154383
3 0.582949 0.546655 0.339163 0.563089 0.0154319
5 0.277525 0.755532 0.0214459 0.0342019 0.0152406
4 0.176637 0.0419536 0.152057 0.0839071 0.0150543
4 0.115858 0.810627 0.231716 0.368737 0.0150011
2 0.00820647 0.962026 0.0155072 0.0419715 0.0146953
2 0.235043 0.181791 0.0190149 0.0310841 0.0146942
2 0.153482 0.729863 0.0417264 0.0757355 0.0145606
4 0.100168 0.809949 0.200336 0.365228 0.0145055
2 0.647829 0.628889 0.0451785 0.0636447 0.0144649
5 0.14534 0.036898 0.0710347 0.0737959 0.014463
0 0.179181 0.482313 0.353131 0.964627 0.0144237
0 0.658229 0.21556 0.289362 0.36436 0.0143494
0 0.200023 0.491583 0.203974 0.256663 0.0142947
2 0.615511 0.801269 0.0430021 0.0440952 0.014199
2 0.48498 0.46366 0.0513632 0.0573992 0.0139705
0 0.630315 0.269971 0.328279 0.453399 0.0138796
2 0.647882 0.631359 0.0497906 0.0675683 0.0138551
4 0.146169 0.0379097 0.0771542 0.0758194 0.013708
2 0.484753 0.464577 0.0454728 0.0500407 0.0135891
0 0.197682 0.515082 0.214121 0.26287 0.013586
2 0.616042 0.800612 0.0429755 0.0456412 0.0135449
0 0.190205 0.486708 0.375162 0.959066 0.0133306
2 0.29311 0.168312 0.025807 0.0426772 0.0132506
2 0.0144724 0.795509 0.0214203 0.0310891 0.0131099
2 0.49244 0.78059 0.0439704 0.0596517 0.013072
2 0.235058 0.182212 0.017442 0.0285671 0.0129959
0 0.152646 0.0450719 0.225727 0.0901439 0.0127768
0 0.206072 0.477283 0.227053 0.311042 0.012686
2 0.645184 0.63432 0.0516639 0.0699125 0.0126406
2 0.489006 0.77727 0.0426418 0.06402 0.0125813
2 0.690285 0.0993743 0.0832578 0.108358 0.0124842
0 0.193438 0.492521 0.221905 0.253619 0.0123223
2 0.1545 0.73029 0.0424305 0.0799172 0.0122815
2 0.514876 0.598395 0.124925 0.0475207 0.0121589
0 0.222855 0.451221 0.440964 0.902442 0.012089
3 0.580154 0.550203 0.342645 0.52593 0.01182
2 0.64806 0.631947 0.0528528 0.0713938 0.0117744
0 0.636675 0.345171 0.321423 0.578942 0.0117249
5 0.145595 0.0359886 0.0712799 0.0719772 0.0116414
2 0.646478 0.632599 0.0528325 0.0688988 0.011619
2 0.490026 0.777875 0.0426887 0.0632252 0.011617
2 0.22165 0.400629 0.015474 0.0283159 0.0116164
2 0.616806 0.799954 0.052573 0.0492741 0.0115656
2 0.366365 0.10318 0.023165 0.0309053 0.0114139
0 0.62936 0.449604 0.619155 0.862043 0.0111078
2 0.153859 0.72866 0.047971 0.0798589 0.0110423
5 0.710324 0.25691 0.064324 0.0730198 0.0109987
2 0.616216 0.800125 0.0436574 0.047668 0.0109627
0 0.172016 0.419207 0.341858 0.838355 0.0106948
2 0.513355 0.599945 0.118209 0.0455905 0.0106492
2 0.6158 0.554968 0.037021 0.0521928 0.0106012
5 0.170985 0.0426787 0.179747 0.0853574 0.010592
2 0.512169 0.598966 0.127713 0.0525304 0.0103965
2 0.691255 0.10205 0.0684572 0.0832881 0.010345
0 0.653218 0.217784 0.282773 0.358856 0.0102378
2 0.477043 0.600939 0.0362836 0.0337159 0.0101646
2 0.616062 0.803616 0.0455122 0.051346 0.0101592
3 0.567344 0.549676 0.342124 0.531642 0.0101121
2 0.293546 0.168718 0.026423 0.0433309 0.0100891
