2 0.0829062 0.898873 0.0647245 0.0747678 0.58926
2 0.0815541 0.898976 0.0616692 0.0721265 0.491698
2 0.0809988 0.899001 0.06049 0.0753787 0.422119
5 0.47606 0.403873 0.201103 0.262088 0.419286
2 0.0830842 0.899606 0.0652438 0.0756231 0.382998
5 0.477059 0.402611 0.197695 0.262948 0.324085
2 0.824209 0.883417 0.056998 0.0921148 0.322999
2 0.0837644 0.89932 0.0646363 0.0794133 0.30796
2 0.0862394 0.899367 0.0693503 0.0791653 0.30151
2 0.627147 0.714465 0.0294725 0.0406701 0.274271
2 0.626879 0.714926 0.0303278 0.0418172 0.243776
2 0.079997 0.89923 0.0569804 0.0743652 0.241604
2 0.47663 0.404841 0.199271 0.260865 0.234446
2 0.250325 0.227721 0.0770425 0.191759 0.224227
2 0.0846436 0.899292 0.067586 0.0800811 0.223334
2 0.824428 0.883237 0.0582769 0.0949244 0.22137
2 0.478896 0.405705 0.197128 0.261536 0.217986
2 0.254862 0.229377 0.0765877 0.183759 0.209962
2 0.244756 0.227556 0.0595816 0.193017 0.208501
2 0.627469 0.714346 0.0329046 0.0417023 0.206636
2 0.826105 0.882349 0.0552155 0.0918545 0.206232
2 0.0846037 0.898663 0.0686223 0.078195 0.205046
2 0.247021 0.227063 0.0748441 0.189959 0.188358
2 0.769565 0.90096 0.0254886 0.0457968 0.181333
2 0.825547 0.882783 0.0572774 0.0948624 0.177837
2 0.245988 0.228226 0.0665776 0.192589 0.17732
2 0.389749 0.594274 0.095238 0.242149 0.176993
2 0.243689 0.228076 0.0673872 0.190632 0.170995
2 0.824296 0.883561 0.0594836 0.0944426 0.170318
2 0.769235 0.900737 0.0269039 0.0457284 0.16539
2 0.627215 0.715578 0.0332674 0.0433647 0.163402
2 0.825381 0.880897 0.053576 0.0870889 0.162627
2 0.399407 0.604608 0.0949575 0.264869 0.158879
5 0.48032 0.405916 0.196435 0.260621 0.152881
2 0.824391 0.884452 0.0618929 0.097327 0.137134
2 0.263787 0.256034 0.0606933 0.115901 0.13687
2 0.241155 0.227803 0.0568392 0.192274 0.125961
5 0.476048 0.407761 0.199446 0.266545 0.119451
0 0.50816 0.416275 0.271305 0.286663 0.1171
2 0.246975 0.226489 0.0763657 0.191421 0.114737
2 0.443887 0.403745 0.129828 0.262534 0.111576
5 0.477165 0.408949 0.199435 0.263346 0.1096
0 0.491247 0.40696 0.22963 0.280553 0.108381
2 0.399384 0.604435 0.102767 0.265269 0.10669
2 0.251606 0.226467 0.107865 0.209893 0.106619
2 0.251282 0.227973 0.0821333 0.186006 0.101972
2 0.080053 0.899684 0.0588861 0.0721465 0.100516
2 0.628121 0.715096 0.0373567 0.0504862 0.0962549
2 0.73482 0.914128 0.0305172 0.033095 0.0941208
2 0.626452 0.712789 0.033466 0.0464926 0.089471
2 0.733339 0.914681 0.0313123 0.0330452 0.0892467
2 0.265312 0.285146 0.0559269 0.0580166 0.0879282
2 0.0867971 0.898723 0.0721419 0.0823292 0.0870964
2 0.386409 0.566333 0.0868371 0.154421 0.0853809
2 0.831918 0.881068 0.0417151 0.0868525 0.0847252
2 0.247347 0.224198 0.102047 0.195316 0.0818107
0 0.47699 0.406047 0.198239 0.259345 0.0814911
2 0.822885 0.883197 0.0599111 0.0973618 0.0809591
0 0.572039 0.397021 0.538584 0.707991 0.0804752
2 0.397857 0.604964 0.104321 0.240838 0.0739698
2 0.65271 0.0803418 0.0199242 0.0328091 0.073917
2 0.480287 0.355057 0.18874 0.158471 0.0729581
2 0.148643 0.91858 0.027872 0.0479436 0.0714646
2 0.24731 0.22565 0.0741421 0.193568 0.0714525
2 0.24958 0.228974 0.0700909 0.182453 0.0671388
2 0.0820631 0.898444 0.0634465 0.0820929 0.0661152
2 0.627791 0.715322 0.0344548 0.0491349 0.0636564
2 0.264839 0.285743 0.0554485 0.0570177 0.0621403
2 0.404236 0.605865 0.0729358 0.263171 0.0617293
2 0.420251 0.763317 0.350987 0.180048 0.0614902
2 0.265095 0.284969 0.0569092 0.0566319 0.0614782
0 0.582637 0.3766 0.499526 0.750237 0.0612325
2 0.266093 0.284176 0.0573288 0.0563826 0.0595914
2 0.433854 0.757188 0.333359 0.167231 0.0595252
2 0.265167 0.284498 0.0570621 0.055656 0.0594192
2 0.0889553 0.901023 0.0769596 0.0862365 0.0552999
2 0.768804 0.90184 0.0287265 0.0490053 0.0550227
2 0.821077 0.88407 0.0662956 0.0950079 0.0550024
2 0.168068 0.0564978 0.0193665 0.0303701 0.0538561
2 0.480705 0.408309 0.196863 0.261748 0.0537425
2 0.148312 0.918385 0.0275586 0.0465813 0.0534916
2 0.126647 0.41987 0.175151 0.44994 0.0531227
2 0.446525 0.406672 0.133096 0.261106 0.0530348
2 0.653071 0.0801192 0.0198786 0.033383 0.052366
5 0.823855 0.88368 0.0632232 0.098759 0.0516976
2 0.147859 0.918238 0.028549 0.0473342 0.0503284
2 0.400335 0.756029 0.376067 0.197842 0.0496616
0 0.582625 0.382359 0.490801 0.76161 0.0494445
2 0.26046 0.222858 0.113663 0.203356 0.0493891
2 0.626487 0.71404 0.0341068 0.0478085 0.049213
2 0.823804 0.881197 0.0583251 0.0908794 0.0485254
2 0.768457 0.900537 0.0289484 0.0466773 0.0482595
2 0.265965 0.282775 0.0586433 0.0563024 0.0479683
2 0.410172 0.60348 0.0808293 0.26109 0.0476427
2 0.737673 0.510681 0.199998 0.346967 0.04752
2 0.348701 0.819855 0.191934 0.100898 0.0465451
2 0.262872 0.225711 0.113545 0.21838 0.0463035
0 0.569027 0.378799 0.534163 0.757598 0.0459903
2 0.265838 0.285292 0.0601977 0.0592399 0.0458553
0 0.478995 0.403934 0.209329 0.269342 0.0451112
0 0.58867 0.385178 0.498542 0.75092 0.0445418
2 0.752629 0.480078 0.188299 0.372566 0.0444857
0 0.478407 0.409828 0.20168 0.261947 0.0440552
5 0.478944 0.408034 0.203447 0.266978 0.0435177
2 0.77074 0.901737 0.0317457 0.0494949 0.0430488
2 0.0819472 0.898986 0.0628896 0.0682044 0.0430092
2 0.768393 0.900453 0.0288728 0.0533009 0.0423317
2 0.136347 0.443847 0.193053 0.42348 0.04208
2 0.195042 0.575294 0.221666 0.295518 0.0417906
2 0.227538 0.618839 0.251629 0.244961 0.0414811
2 0.453918 0.761186 0.063632 0.091733 0.0401677
2 0.0846377 0.898308 0.0709795 0.0726316 0.039607
0 0.718358 0.376903 0.229418 0.749555 0.0392371
2 0.263689 0.279971 0.0584798 0.0692724 0.0390354
0 0.478997 0.40594 0.201128 0.270414 0.0389028
5 0.454398 0.410302 0.154004 0.260173 0.0387707
2 0.118079 0.369451 0.160007 0.519039 0.0386303
2 0.397937 0.60907 0.109879 0.239131 0.0385684
2 0.0927121 0.901418 0.0905679 0.0930822 0.0368116
2 0.731893 0.9131 0.0368363 0.0374116 0.0360926
0 0.737098 0.389484 0.21847 0.770779 0.0360887
2 0.461108 0.761327 0.101693 0.0945595 0.0358654
0 0.705124 0.378695 0.262577 0.748878 0.035864
2 0.147942 0.917997 0.0289871 0.0469133 0.0356761
0 0.569827 0.38241 0.522517 0.76482 0.0350467
2 0.140159 0.453993 0.187715 0.436237 0.0347705
2 0.00949186 0.689403 0.0183975 0.0562204 0.0346579
2 0.171626 0.512165 0.207052 0.391823 0.0337617
2 0.378676 0.739196 0.339955 0.212072 0.0336627
2 0.265795 0.282296 0.059141 0.0551785 0.0332482
2 0.387797 0.613876 0.138916 0.276268 0.0330003
2 0.215861 0.602703 0.235128 0.251054 0.0326237
0 0.753171 0.378778 0.182634 0.756329 0.0321278
2 0.748274 0.485378 0.186158 0.398053 0.0317214
2 0.421385 0.780945 0.382529 0.264788 0.0308452
2 0.167902 0.0556961 0.0220102 0.0360037 0.0306011
2 0.108842 0.365799 0.153832 0.525884 0.030562
2 0.150896 0.47681 0.199352 0.41455 0.0301372
2 0.458197 0.761057 0.073656 0.0942492 0.0297265
2 0.390545 0.586851 0.0831448 0.235078 0.0296874
2 0.239221 0.231705 0.123924 0.21443 0.0296241
2 0.823204 0.882634 0.0706982 0.0980991 0.0287257
2 0.377661 0.569895 0.074902 0.138311 0.0287179
2 0.436799 0.855125 0.0756186 0.108307 0.028004
5 0.262829 0.642585 0.274478 0.222422 0.027843
2 0.721563 0.552397 0.206886 0.301938 0.0276888
2 0.498597 0.755884 0.165774 0.104232 0.027592
2 0.187202 0.546859 0.217604 0.327054 0.0272357
0 0.477899 0.402553 0.198227 0.263373 0.0269852
0 0.475091 0.411838 0.213153 0.286121 0.0269492
2 0.445792 0.779043 0.383837 0.249905 0.026783
2 0.758827 0.839498 0.014607 0.0244141 0.0267501
2 0.439757 0.855654 0.0430535 0.105708 0.0262934
2 0.743374 0.501344 0.201631 0.330527 0.0262891
2 0.725628 0.536221 0.209973 0.304679 0.0262167
2 0.117146 0.407711 0.174383 0.485863 0.0258925
2 0.625454 0.714793 0.0370447 0.052534 0.0254146
0 0.119224 0.381719 0.166881 0.750064 0.0253116
2 0.493701 0.748227 0.19231 0.129248 0.0252194
2 0.384143 0.6251 0.160937 0.282443 0.0251874
2 0.770403 0.900096 0.0319236 0.0469709 0.024914
2 0.454789 0.747771 0.353548 0.168054 0.0248142
2 0.653847 0.0800468 0.0273458 0.0395897 0.0247707
2 0.00929633 0.686023 0.017828 0.0559883 0.0247119
5 0.681335 0.91214 0.0183592 0.0258982 0.0240861
2 0.0103145 0.693004 0.0202279 0.0614889 0.0238531
2 0.822733 0.882618 0.0620918 0.0999163 0.0234569
2 0.481822 0.365931 0.192495 0.178889 0.0233964
2 0.139967 0.904823 0.0516851 0.0761189 0.0233297
2 0.445478 0.852105 0.0610646 0.108882 0.0229126
2 0.268168 0.282068 0.0741132 0.0695227 0.0228189
2 0.489321 0.761497 0.163594 0.0961082 0.0225509
2 0.155674 0.48781 0.20687 0.434657 0.0222859
2 0.180426 0.520252 0.219293 0.398487 0.0219353
2 0.376027 0.745433 0.0623131 0.0521236 0.0216291
2 0.404641 0.773588 0.398784 0.266573 0.0214099
2 0.148147 0.916614 0.0316813 0.0510045 0.021339
0 0.149796 0.373457 0.193406 0.732148 0.0212674
2 0.168567 0.056494 0.0244708 0.0337805 0.02122
2 0.485066 0.762372 0.133319 0.0948069 0.0211271
5 0.248918 0.631412 0.256808 0.232903 0.0209842
2 0.358114 0.709967 0.307181 0.186287 0.0209343
2 0.471421 0.848162 0.17496 0.11944 0.0208839
2 0.132477 0.409252 0.179832 0.478138 0.0208267
2 0.35992 0.821951 0.179653 0.0971331 0.0207944
2 0.473888 0.762128 0.104638 0.092314 0.0198137
2 0.653674 0.0815839 0.0277473 0.0405045 0.0194651
2 0.761881 0.444808 0.175456 0.436328 0.0194625
2 0.347996 0.818572 0.217459 0.0918214 0.0194436
2 0.148763 0.91638 0.0341465 0.0527922 0.0192643
2 0.0887613 0.897699 0.0772978 0.0854574 0.019229
2 0.375956 0.234997 0.0868619 0.440952 0.0192164
2 0.372767 0.748526 0.0529965 0.0484879 0.0190666
2 0.391799 0.703704 0.374338 0.221551 0.0189735
2 0.205532 0.582686 0.237197 0.313641 0.0184042
5 0.297344 0.66848 0.281526 0.220269 0.0183705
2 0.26343 0.286221 0.0563864 0.0563222 0.018345
2 0.480403 0.758912 0.200368 0.106927 0.0181872
2 0.345113 0.638473 0.306432 0.32445 0.0178107
2 0.162256 0.499347 0.211487 0.388244 0.0177765
0 0.120664 0.366729 0.151995 0.732135 0.0177594
5 0.309854 0.676679 0.318248 0.21054 0.0176751
2 0.427032 0.71724 0.367248 0.207291 0.0174274
2 0.444448 0.614208 0.0147432 0.0229197 0.017249
5 0.283239 0.655206 0.302827 0.226637 0.0172209
2 0.733914 0.523405 0.20984 0.362744 0.0171187
2 0.482966 0.383598 0.192076 0.218867 0.0171041
2 0.249642 0.245702 0.130674 0.232072 0.0170944
2 0.721958 0.571558 0.15603 0.218918 0.0167867
2 0.377114 0.20243 0.0917821 0.390802 0.0167043
2 0.41234 0.607235 0.122921 0.237592 0.0165076
2 0.393954 0.602219 0.127383 0.261536 0.0164912
2 0.143295 0.468319 0.200125 0.422804 0.016178
2 0.809637 0.88326 0.0459689 0.0910339 0.0159957
2 0.732321 0.911583 0.0362109 0.042296 0.0159384
2 0.826408 0.87993 0.059813 0.0959556 0.0159378
0 0.717452 0.354949 0.228045 0.708116 0.0157917
2 0.244085 0.624163 0.277069 0.249614 0.0156385
0 0.703142 0.387586 0.279299 0.765973 0.0155576
2 0.140241 0.909111 0.0505712 0.0642457 0.0155458
2 0.631369 0.717191 0.0494443 0.0499803 0.0153592
0 0.153427 0.385781 0.214367 0.761243 0.0152643
2 0.497644 0.749516 0.179759 0.106476 0.0150774
2 0.338704 0.702057 0.299327 0.183577 0.0149581
2 0.0129245 0.691782 0.0252322 0.0632937 0.0149465
2 0.443266 0.852368 0.0525388 0.106183 0.0147136
5 0.428071 0.406873 0.104865 0.258349 0.0145327
2 0.465497 0.760062 0.0860771 0.0971726 0.0145161
0 0.115964 0.403691 0.195112 0.802509 0.0145141
2 0.700245 0.588422 0.21161 0.250935 0.0145078
2 0.438435 0.8523 0.0358479 0.0973374 0.0145006
0 0.15369 0.367687 0.194902 0.729627 0.0143011
2 0.238709 0.223609 0.11375 0.197584 0.014135
2 0.709118 0.582806 0.207537 0.258501 0.014026
2 0.483141 0.339576 0.185643 0.131795 0.0140018
2 0.481488 0.845204 0.173451 0.119052 0.013983
2 0.347362 0.824695 0.178391 0.0964532 0.0138496
3 0.124645 0.303333 0.114885 0.586775 0.0136918
2 0.256853 0.224631 0.0974648 0.18966 0.0132408
2 0.37353 0.607895 0.0632152 0.0561767 0.0130649
2 0.244709 0.222277 0.105827 0.193492 0.0128388
2 0.263711 0.289715 0.0600507 0.0719106 0.012834
2 0.340932 0.72501 0.341715 0.225844 0.0127237
2 0.554862 0.612973 0.016357 0.0237293 0.0127016
2 0.379698 0.741493 0.0695954 0.0654134 0.012683
2 0.377815 0.304084 0.0805606 0.583994 0.0126697
2 0.380379 0.556076 0.0787994 0.167124 0.0125869
2 0.383714 0.738827 0.0796729 0.0708356 0.0125329
2 0.807735 0.812561 0.0161904 0.0246876 0.0125205
2 0.37992 0.744018 0.0689262 0.052702 0.0125169
2 0.440844 0.741688 0.354059 0.159839 0.0124895
2 0.738389 0.559054 0.126921 0.229503 0.0124478
2 0.102714 0.322691 0.139837 0.582057 0.0124269
2 0.0103221 0.700578 0.0202853 0.0765015 0.0123183
0 0.212722 0.374795 0.309001 0.737694 0.0121517
2 0.620422 0.552481 0.0437214 0.129738 0.0120663
2 0.642044 0.615837 0.260203 0.31212 0.0120083
2 0.425621 0.756735 0.170195 0.110098 0.0118753
2 0.240903 0.225455 0.0450512 0.181498 0.0117801
2 0.477211 0.759209 0.108288 0.0997346 0.011762
2 0.672001 0.590994 0.245009 0.262475 0.0117563
2 0.709845 0.54416 0.22535 0.333843 0.0114978
2 0.769377 0.899998 0.0324319 0.0545134 0.0113908
2 0.479051 0.760185 0.17218 0.0959333 0.0113711
2 0.732535 0.915546 0.0331985 0.038892 0.0112803
5 0.324286 0.694793 0.317062 0.193988 0.0112289
2 0.443595 0.747803 0.176936 0.0708597 0.0111734
2 0.111406 0.327754 0.156346 0.572685 0.0111367
2 0.307226 0.0873667 0.019236 0.0277703 0.0110698
0 0.43969 0.482798 0.281548 0.472644 0.0110682
2 0.443775 0.852643 0.0620317 0.12982 0.0108648
2 0.354447 0.644529 0.338363 0.320193 0.0106226
2 0.50485 0.441135 0.152558 0.193917 0.0106162
2 0.493542 0.755914 0.13647 0.102012 0.0105694
2 0.725356 0.563551 0.158059 0.258405 0.0105455
2 0.730641 0.564487 0.123811 0.176293 0.0105352
0 0.735381 0.405698 0.243586 0.80943 0.0103965
2 0.440648 0.853132 0.0465556 0.106912 0.0102563
2 0.261364 0.886089 0.0195654 0.028923 0.0101861
2 0.401444 0.60198 0.056571 0.256748 0.0100676
