3 0.509052 0.499525 0.757523 0.979919 0.743092
3 0.504432 0.492552 0.738804 0.985104 0.698068
3 0.501684 0.496074 0.733804 0.985111 0.679886
3 0.508038 0.493709 0.744087 0.987418 0.665447
3 0.502014 0.498251 0.732796 0.989315 0.635653
3 0.496217 0.492968 0.725825 0.985936 0.625191
3 0.497165 0.493796 0.723948 0.982643 0.58123
3 0.511323 0.493054 0.706564 0.985409 0.542675
3 0.507783 0.498732 0.756607 0.983816 0.48116
3 0.517531 0.492878 0.714945 0.985757 0.328451
5 0.737982 0.414363 0.0628874 0.0494041 0.289279
5 0.736917 0.41711 0.0649427 0.0541509 0.285697
5 0.737296 0.414852 0.0613545 0.0479981 0.26465
5 0.737695 0.415883 0.0663573 0.0543338 0.261908
5 0.737457 0.414042 0.0647392 0.0528035 0.260412
5 0.737542 0.415663 0.0615065 0.0505845 0.256551
5 0.737279 0.41564 0.0663306 0.0499581 0.247447
5 0.737124 0.416588 0.0586432 0.0494668 0.233678
5 0.738883 0.413973 0.0653076 0.0529625 0.220443
5 0.73748 0.413974 0.0658319 0.0564637 0.211918
5 0.737462 0.415628 0.0602137 0.0479243 0.207884
3 0.511965 0.492955 0.758002 0.980509 0.174215
3 0.515156 0.490157 0.702436 0.977475 0.167963
5 0.736641 0.41447 0.0701143 0.0635609 0.135644
5 0.736291 0.420457 0.0665068 0.0607403 0.0959035
5 0.741443 0.41361 0.0728258 0.0606348 0.0923236
5 0.737239 0.419892 0.0651793 0.0611212 0.0824168
5 0.742968 0.413259 0.0703681 0.0610266 0.0733264
5 0.736386 0.420112 0.0737015 0.0678163 0.0732159
5 0.739184 0.414076 0.0820058 0.0628705 0.0726637
5 0.736246 0.4189 0.0773956 0.0689895 0.0596677
5 0.621896 0.652654 0.023147 0.0306557 0.0511573
5 0.070555 0.644299 0.0298881 0.0415655 0.0414309
5 0.621684 0.652115 0.0264922 0.0360595 0.0406962
5 0.0704849 0.645012 0.0261278 0.0357615 0.040425
5 0.0708722 0.644472 0.0312775 0.0423266 0.0385331
5 0.0705348 0.64465 0.0290055 0.039888 0.0382497
5 0.733101 0.41434 0.0727923 0.0686795 0.036699
5 0.621581 0.652597 0.026207 0.0355772 0.0346636
5 0.621446 0.652027 0.0287536 0.0401827 0.0306042
5 0.732616 0.414576 0.0738667 0.0667834 0.024483
5 0.0719561 0.643925 0.0358053 0.0457419 0.0242958
5 0.0718273 0.6439 0.0349779 0.0433697 0.0228216
5 0.0706541 0.646074 0.0355823 0.044837 0.0183513
5 0.0706963 0.646228 0.0358686 0.0451932 0.0178945
5 0.622001 0.648705 0.0349335 0.0465075 0.0138109
3 0.5859 0.319381 0.358241 0.561239 0.0119208
0 0.719314 0.490893 0.348717 0.981786 0.0115708
3 0.556737 0.494525 0.335945 0.53869 0.0109668
3 0.662522 0.383361 0.340376 0.56521 0.0107325
5 0.621882 0.649422 0.032405 0.0454296 0.0107097
3 0.582434 0.544912 0.334856 0.542726 0.0105172
3 0.641161 0.388232 0.358205 0.578432 0.0101414
