5 0.37072 0.727862 0.0243097 0.0354359 0.408263
5 0.37033 0.727839 0.0226953 0.0350316 0.403781
5 0.370212 0.727691 0.0240608 0.0380051 0.401146
5 0.447954 0.599403 0.0360091 0.0588395 0.395992
5 0.370639 0.727913 0.0249528 0.0372839 0.370382
5 0.489306 0.183298 0.0235616 0.0356192 0.36861
5 0.488902 0.183167 0.0223887 0.0357758 0.368139
5 0.448941 0.598801 0.03427 0.0568668 0.36242
5 0.448957 0.598077 0.0343947 0.0588183 0.359969
5 0.48871 0.182955 0.023838 0.0385164 0.353789
5 0.449834 0.597627 0.0377551 0.0608076 0.349322
5 0.488935 0.18343 0.0241731 0.0371367 0.345974
5 0.448304 0.598429 0.0339785 0.0584644 0.335832
5 0.448657 0.598155 0.0381333 0.061263 0.322842
1 0.3634 0.457532 0.718848 0.89568 0.268919
1 0.368047 0.458045 0.730487 0.884492 0.256188
3 0.366314 0.45493 0.729554 0.883427 0.2477
1 0.358018 0.463018 0.714954 0.886482 0.237941
3 0.368313 0.453782 0.727481 0.886433 0.228329
5 0.451115 0.597684 0.0459258 0.0680835 0.223618
5 0.664267 0.585959 0.0254416 0.0327122 0.218329
5 0.514289 0.74372 0.022523 0.0344178 0.210879
5 0.664168 0.585655 0.0261226 0.0356685 0.208606
5 0.513826 0.743381 0.0218677 0.0362982 0.207278
5 0.445954 0.599325 0.0456212 0.0666526 0.203776
5 0.447069 0.602177 0.0434815 0.0699872 0.201796
5 0.451342 0.597724 0.0444444 0.0691577 0.200176
5 0.410817 0.881691 0.0201221 0.0288222 0.188502
5 0.513659 0.743601 0.0226536 0.0376863 0.18665
1 0.369003 0.453927 0.727773 0.885707 0.185548
5 0.513992 0.743849 0.0225066 0.0361379 0.176713
5 0.445957 0.597524 0.0445735 0.0680627 0.176316
1 0.366602 0.455225 0.72059 0.896553 0.174344
5 0.451686 0.596355 0.04669 0.0701617 0.170881
5 0.44903 0.601979 0.0455011 0.0705339 0.169302
3 0.360086 0.458378 0.718779 0.881332 0.134701
5 0.663668 0.585598 0.0314954 0.0405695 0.134532
3 0.36708 0.451212 0.719646 0.88344 0.127298
5 0.664094 0.586528 0.0310253 0.0380595 0.119787
3 0.370031 0.451433 0.712763 0.881737 0.118727
5 0.409984 0.882964 0.0225027 0.0317884 0.115863
5 0.664812 0.585825 0.0327719 0.0400396 0.115084
5 0.372103 0.731399 0.0385179 0.0556255 0.106499
5 0.445906 0.596587 0.0464449 0.0697675 0.0996075
5 0.488967 0.185483 0.0355883 0.0576727 0.095832
5 0.488443 0.185802 0.0349024 0.056472 0.0925431
5 0.665131 0.586826 0.0323749 0.0394754 0.0916389
5 0.370683 0.730828 0.0383842 0.0548588 0.0883342
5 0.377593 0.738759 0.0320143 0.0493694 0.0832118
5 0.491762 0.182872 0.0366564 0.0491877 0.0768396
5 0.373577 0.729566 0.0365272 0.0505524 0.0752211
5 0.492263 0.182599 0.0359012 0.0473148 0.0727314
5 0.373865 0.728027 0.0361252 0.0470637 0.0716594
5 0.450024 0.600468 0.05761 0.0828423 0.0654718
5 0.45193 0.59365 0.0532532 0.080934 0.0559001
5 0.445703 0.602298 0.0589853 0.0824582 0.055645
5 0.24052 0.835741 0.0312513 0.0552269 0.0465438
5 0.489534 0.179464 0.035756 0.0533741 0.0437597
5 0.240647 0.83671 0.0339658 0.0572823 0.0423777
3 0.39519 0.320166 0.344296 0.543567 0.0409577
1 0.324636 0.460299 0.647715 0.892133 0.0391027
5 0.410189 0.881619 0.0242311 0.0361577 0.0390761
5 0.00668564 0.434139 0.0127931 0.0417463 0.0384989
5 0.489048 0.179705 0.0339117 0.0520954 0.0375849
5 0.366448 0.727529 0.0411115 0.0515739 0.0373422
5 0.240595 0.835781 0.02972 0.0532642 0.0356157
5 0.450775 0.5933 0.0539117 0.0812157 0.0355521
3 0.398052 0.295802 0.348979 0.519086 0.0340456
3 0.341788 0.303094 0.342655 0.517594 0.033742
3 0.36661 0.311437 0.3509 0.533916 0.0327545
5 0.240729 0.835199 0.0316725 0.0558092 0.032416
3 0.328597 0.334153 0.323129 0.46899 0.0322195
3 0.368355 0.296569 0.361798 0.535931 0.0316839
3 0.329391 0.399377 0.320316 0.562462 0.0316542
5 0.240863 0.835416 0.0325216 0.0565721 0.0310672
3 0.324499 0.306267 0.328564 0.48324 0.0298738
5 0.409355 0.882891 0.0249279 0.0386253 0.0292609
5 0.370664 0.723907 0.0387943 0.0545322 0.0284811
3 0.342992 0.298081 0.361684 0.542041 0.0276693
3 0.424812 0.333793 0.334284 0.559077 0.0272562
5 0.00740692 0.426609 0.0143176 0.0652528 0.0254649
5 0.241911 0.834742 0.0393294 0.0613668 0.0248026
3 0.312368 0.35807 0.315903 0.486468 0.0247367
5 0.490085 0.185034 0.0479764 0.0676567 0.0246561
5 0.242439 0.834544 0.0382142 0.0587297 0.0243116
5 0.484405 0.183077 0.0401894 0.0516411 0.023985
5 0.370628 0.724371 0.0361479 0.0528182 0.022327
0 0.485586 0.220046 0.147487 0.264602 0.02226
5 0.366372 0.725654 0.0405284 0.0494982 0.02222
5 0.23987 0.837786 0.036177 0.0572767 0.0213279
3 0.312741 0.417655 0.313168 0.587843 0.0208891
5 0.513533 0.747601 0.0407515 0.0575977 0.0201875
3 0.44946 0.348322 0.329854 0.578935 0.0193601
3 0.42625 0.301466 0.32251 0.49674 0.0192221
5 0.512356 0.73921 0.0352934 0.0521022 0.0191832
0 0.474071 0.22152 0.124967 0.245579 0.0182337
3 0.343762 0.383965 0.318767 0.560709 0.0180763
5 0.370746 0.891209 0.0235122 0.0307762 0.0180654
3 0.248846 0.391696 0.357364 0.555668 0.0179318
0 0.479954 0.237149 0.106055 0.208847 0.0177709
5 0.519227 0.744255 0.0383785 0.0472701 0.0177314
3 0.34271 0.312212 0.325091 0.505924 0.0175195
3 0.273663 0.379931 0.36171 0.530178 0.0174871
5 0.521121 0.747275 0.0351059 0.0456006 0.0173675
5 0.508649 0.742784 0.0386611 0.0502464 0.0172132
5 0.512137 0.738839 0.0377203 0.0533562 0.0171073
5 0.477508 0.306134 0.0195835 0.0287998 0.0168139
5 0.45554 0.595684 0.0673096 0.0958003 0.0167076
3 0.324491 0.300389 0.353655 0.515466 0.0165164
0 0.471374 0.273078 0.114406 0.140548 0.0163801
3 0.469048 0.35684 0.329992 0.592899 0.0162042
3 0.23021 0.394264 0.318935 0.537686 0.0161682
5 0.454826 0.59129 0.0621554 0.0908118 0.0158775
5 0.00753081 0.456695 0.014996 0.0945468 0.0152916
5 0.240181 0.83373 0.0393904 0.0674121 0.0151613
5 0.37038 0.889806 0.0269286 0.0359073 0.0148795
3 0.30833 0.325512 0.31637 0.43856 0.0146727
0 0.485988 0.255136 0.154971 0.193133 0.0144418
5 0.477171 0.306185 0.0186667 0.0313822 0.014007
3 0.232701 0.340312 0.30919 0.409357 0.0131404
1 0.577324 0.439015 0.293999 0.844521 0.013028
5 0.240073 0.836682 0.0480651 0.0649588 0.0126916
3 0.918309 0.469176 0.163382 0.938351 0.0126393
3 0.420143 0.380212 0.322735 0.603536 0.0125517
3 0.248525 0.339983 0.352947 0.435699 0.0125218
3 0.444055 0.390624 0.320174 0.622136 0.0123904
1 0.556589 0.440193 0.332263 0.851385 0.0123543
5 0.491045 0.179082 0.0445698 0.0579801 0.0123211
5 0.00716328 0.36987 0.0136935 0.0530009 0.0120765
3 0.27873 0.425368 0.344045 0.598686 0.0116171
3 0.450053 0.312259 0.294684 0.489469 0.0115467
5 0.484897 0.181913 0.0404697 0.0484011 0.0115166
0 0.479098 0.226672 0.108969 0.218841 0.0112299
1 0.117762 0.46617 0.23548 0.821056 0.0110148
3 0.391866 0.351485 0.326056 0.571518 0.0109695
3 0.211886 0.427197 0.302786 0.550169 0.0107719
5 0.509043 0.741223 0.0379739 0.0491044 0.0107459
5 0.00829531 0.414913 0.0165906 0.124461 0.0106855
3 0.923023 0.451302 0.153954 0.902605 0.0104638
3 0.226092 0.428873 0.319803 0.588445 0.0104209
3 0.332732 0.440656 0.317041 0.630771 0.0104047
5 0.512025 0.747469 0.0426932 0.0578945 0.0103565
5 0.279509 0.152364 0.0253969 0.0392308 0.0101709
3 0.46912 0.321355 0.292831 0.494161 0.0100302
