0 0.512988 0.4676 0.825607 0.827894 0.347667
0 0.516011 0.488812 0.81905 0.87872 0.300851
0 0.484665 0.498698 0.878369 0.891083 0.291827
0 0.515086 0.474022 0.861832 0.849368 0.284974
0 0.514801 0.454175 0.862841 0.805208 0.263179
3 0.485284 0.492239 0.881851 0.886143 0.23892
0 0.484965 0.504942 0.877989 0.906979 0.236969
0 0.516955 0.472266 0.827086 0.849464 0.231033
0 0.513701 0.462916 0.858895 0.841162 0.176338
2 0.294877 0.193742 0.0425632 0.0499546 0.14152
2 0.294332 0.19453 0.0420863 0.0487674 0.133386
2 0.294456 0.194391 0.0405506 0.0509071 0.131853
2 0.295338 0.19399 0.0423745 0.0465465 0.113628
2 0.294085 0.193756 0.0408973 0.0523177 0.109704
2 0.293577 0.195757 0.0416716 0.0530711 0.102924
2 0.294466 0.195001 0.0415118 0.0496245 0.0886136
3 0.51616 0.508424 0.809093 0.905139 0.0815359
2 0.29581 0.193356 0.0425028 0.0496697 0.0736639
3 0.457302 0.493796 0.335925 0.44061 0.0657178
2 0.2953 0.194856 0.0442137 0.0513704 0.0608501
3 0.316223 0.342073 0.309202 0.513021 0.0517138
3 0.333122 0.383759 0.339287 0.59099 0.0477991
3 0.441928 0.498244 0.32949 0.446675 0.0409133
3 0.474543 0.493736 0.34809 0.437411 0.0332841
3 0.281071 0.348828 0.222912 0.423419 0.0313874
3 0.320615 0.336535 0.317292 0.524725 0.0281454
3 0.337006 0.354029 0.339397 0.541537 0.0279643
3 0.298591 0.341179 0.250175 0.448774 0.0273351
3 0.29785 0.324706 0.272957 0.470958 0.0241985
3 0.459255 0.505546 0.320817 0.432652 0.0239988
3 0.271389 0.360783 0.211238 0.407358 0.0228409
3 0.271587 0.376442 0.207838 0.378179 0.0223822
3 0.2743 0.383978 0.199077 0.347524 0.0215376
0 0.51739 0.509288 0.802635 0.902162 0.0210109
3 0.448524 0.51068 0.304186 0.441636 0.0200879
3 0.32939 0.401024 0.320561 0.575024 0.0192086
3 0.457975 0.493308 0.312672 0.423359 0.0191548
3 0.437033 0.495755 0.326778 0.4287 0.0186094
3 0.638818 0.533327 0.297182 0.479173 0.0176683
3 0.474283 0.493242 0.319787 0.419518 0.0135018
3 0.283941 0.378792 0.213662 0.366741 0.0134146
3 0.349397 0.403033 0.36224 0.624012 0.0131158
3 0.668928 0.532945 0.264456 0.469507 0.0124267
3 0.602236 0.533986 0.340006 0.474151 0.0122242
2 0.290774 0.193901 0.0490776 0.063482 0.0121804
2 0.293629 0.20007 0.0498766 0.0700941 0.0118822
3 0.28012 0.400336 0.210787 0.333805 0.0117186
0 0.510936 0.455995 0.827853 0.787975 0.0114922
3 0.2933 0.475848 0.244074 0.494038 0.011369
2 0.293579 0.199603 0.0530871 0.071836 0.0112193
3 0.494078 0.496403 0.36961 0.426371 0.010042
