0 0.641148 0.509586 0.62171 0.936312 0.659687
0 0.637994 0.508073 0.622972 0.931453 0.65919
0 0.64143 0.511759 0.620387 0.933022 0.647579
0 0.637492 0.510178 0.617248 0.930766 0.641579
0 0.638095 0.508752 0.623368 0.928123 0.636051
0 0.635871 0.507792 0.617198 0.929053 0.629297
0 0.637684 0.527435 0.61707 0.916415 0.460481
0 0.647259 0.508968 0.630074 0.932151 0.443859
5 0.684043 0.137814 0.105817 0.103817 0.323172
0 0.638108 0.527072 0.624005 0.914513 0.287731
5 0.684756 0.137117 0.104066 0.101942 0.27722
0 0.634808 0.501201 0.617818 0.931123 0.265399
0 0.641001 0.528092 0.619269 0.912588 0.249134
5 0.684053 0.137333 0.105992 0.105252 0.215382
5 0.684328 0.136896 0.104365 0.10546 0.190281
5 0.685152 0.13603 0.10386 0.111231 0.113907
5 0.684047 0.136949 0.105819 0.107878 0.0953746
5 0.101473 0.569393 0.0216197 0.035077 0.0895688
5 0.684165 0.138571 0.102726 0.103442 0.0855752
5 0.101303 0.569796 0.021629 0.0361757 0.0819093
5 0.684401 0.136947 0.106604 0.10943 0.0787638
5 0.683628 0.136131 0.105903 0.106029 0.0677252
2 0.465889 0.688737 0.0177851 0.0283618 0.0605978
5 0.68397 0.135707 0.107124 0.103096 0.0539151
5 0.102348 0.570519 0.0280322 0.0409943 0.0510309
5 0.102352 0.56984 0.0272554 0.0408815 0.0435213
2 0.683549 0.136559 0.104248 0.10571 0.0374781
5 0.0983999 0.569991 0.0327132 0.0499002 0.033582
5 0.098448 0.570488 0.0324031 0.0478502 0.0333395
2 0.466501 0.687939 0.0219585 0.0351981 0.0309184
3 0.061712 0.485761 0.123424 0.960275 0.0256149
5 0.392118 0.596794 0.0364228 0.0474195 0.0240661
0 0.103467 0.466102 0.206933 0.929836 0.023015
5 0.100407 0.573264 0.0378081 0.0576082 0.0229875
5 0.392184 0.598129 0.0388135 0.0500498 0.0229176
3 0.0922303 0.490441 0.184461 0.975569 0.0226885
5 0.684006 0.143809 0.105584 0.0913682 0.0222848
0 0.846144 0.505262 0.209551 0.892053 0.0218415
0 0.839113 0.505631 0.221476 0.897184 0.020799
3 0.0631643 0.475263 0.126329 0.950525 0.0202904
3 0.0953654 0.491597 0.190731 0.981178 0.0199671
5 0.391904 0.594805 0.0405319 0.0573156 0.0196186
0 0.437294 0.496234 0.234322 0.883987 0.0194171
3 0.0877533 0.495151 0.175507 0.982585 0.0193659
2 0.685328 0.13443 0.105854 0.116036 0.0187791
0 0.790327 0.498814 0.318343 0.912905 0.0185195
3 0.0649466 0.436851 0.129893 0.873687 0.0175612
2 0.465648 0.68748 0.026923 0.0361666 0.0146587
0 0.778645 0.504871 0.338621 0.905001 0.0145434
0 0.433846 0.501784 0.222535 0.885038 0.0142966
5 0.102453 0.57344 0.0368039 0.0580284 0.0142464
3 0.0586659 0.497497 0.117332 0.959694 0.0140382
0 0.47076 0.499463 0.29191 0.917531 0.0130496
2 0.700065 0.136773 0.146546 0.152005 0.0126187
5 0.391128 0.597221 0.0411541 0.0504622 0.0124573
0 0.493528 0.494489 0.334101 0.915391 0.0118922
5 0.392606 0.59544 0.0366043 0.0500411 0.0116071
3 0.482636 0.533922 0.244553 0.594533 0.0115836
2 0.684907 0.13774 0.111124 0.116242 0.0113415
3 0.486693 0.51105 0.260039 0.603766 0.0106455
