3 0.42901 0.482598 0.852051 0.943172 0.811328
3 0.426849 0.492269 0.853697 0.949621 0.792457
3 0.42721 0.48403 0.85442 0.950838 0.783305
3 0.427272 0.491477 0.848383 0.946021 0.783149
3 0.426004 0.492445 0.852008 0.953391 0.699613
3 0.424981 0.492721 0.849963 0.950496 0.686324
3 0.424982 0.492222 0.849964 0.953283 0.662502
3 0.424638 0.492525 0.848763 0.939184 0.623063
3 0.425488 0.486644 0.850976 0.952807 0.234474
3 0.425457 0.492885 0.850914 0.948151 0.0788797
3 0.424821 0.494228 0.849642 0.943541 0.0551495
5 0.620105 0.472852 0.0375129 0.0325157 0.0312249
5 0.620983 0.473158 0.0437182 0.0396015 0.0262631
3 0.423526 0.482801 0.84682 0.935287 0.0256731
5 0.618438 0.470074 0.0452421 0.0423285 0.0214657
5 0.619322 0.470895 0.0400047 0.035084 0.0209192
2 0.39132 0.705496 0.0213621 0.0376564 0.0178928
5 0.620037 0.475644 0.0428146 0.0427949 0.0174066
2 0.390241 0.705603 0.0243844 0.0412933 0.0148697
3 0.238552 0.440244 0.316148 0.520848 0.0148533
5 0.6222 0.476584 0.0449106 0.0493191 0.0138982
3 0.262036 0.441905 0.338044 0.52469 0.0138675
3 0.215906 0.437183 0.300037 0.517608 0.0135989
5 0.619054 0.467153 0.0444077 0.0442811 0.011799
3 0.711461 0.506697 0.270839 0.913219 0.0111357
5 0.619329 0.470682 0.0500565 0.0504386 0.0107394
5 0.618669 0.474894 0.0431125 0.0445091 0.01038
3 0.283424 0.44095 0.354087 0.523105 0.0100241
