2 0.623497 0.386423 0.0742162 0.078536 0.486749
2 0.67404 0.450623 0.0473764 0.0535228 0.244406
3 0.49137 0.518811 0.510257 0.498657 0.240894
2 0.372 0.39398 0.0315953 0.0390338 0.194911
2 0.485089 0.414223 0.0333744 0.0324797 0.130516
5 0.370466 0.392227 0.0337164 0.0424516 0.110522
5 0.48531 0.412613 0.0352372 0.0376878 0.0971297
5 0.620341 0.385727 0.0746718 0.0756628 0.0717799
5 0.408387 0.4867 0.0297942 0.036138 0.0613551
5 0.380963 0.560962 0.0238922 0.0258297 0.0462505
5 0.672113 0.449708 0.0506314 0.0560184 0.0425214
3 0.455161 0.521833 0.321239 0.330521 0.0399372
5 0.488152 0.412197 0.0500341 0.0501178 0.0231852
5 0.416811 0.574068 0.030629 0.0387142 0.0230612
2 0.677425 0.449398 0.070452 0.0736677 0.016812
2 0.416248 0.573553 0.0295049 0.0375267 0.0162027
5 0.416209 0.571206 0.0414861 0.0520907 0.0115134
