3 0.502871 0.509027 0.257326 0.367792 0.0808574
4 0.525384 0.517823 0.389825 0.47797 0.0692295
3 0.529445 0.513083 0.39002 0.47824 0.0640683
2 0.425888 0.517585 0.0358169 0.0457462 0.0545037
5 0.424472 0.517404 0.0395275 0.0459735 0.0462537
2 0.518943 0.537394 0.0371371 0.0494487 0.0275318
2 0.621313 0.636289 0.0355761 0.0416069 0.0274729
3 0.541747 0.56941 0.498871 0.692749 0.018813
2 0.601661 0.503463 0.0790077 0.174491 0.0170523
5 0.521284 0.540116 0.0398369 0.046447 0.016514
2 0.546679 0.515736 0.0250969 0.0299833 0.0153872
5 0.623148 0.635451 0.0374976 0.0420425 0.0112457
