0 0.446196 0.436135 0.524207 0.654698 0.18035
2 0.576232 0.454836 0.260699 0.55284 0.15129
2 0.61999 0.464614 0.0303036 0.0441168 0.0921175
2 0.301704 0.471706 0.236498 0.544661 0.0759161
2 0.446328 0.218286 0.0341069 0.0832653 0.0650254
2 0.444577 0.667345 0.0427222 0.0961762 0.0544919
2 0.461618 0.217013 0.0290305 0.0815889 0.0518046
4 0.939998 0.448834 0.120005 0.473517 0.0491192
3 0.937947 0.8027 0.118808 0.209798 0.0459843
2 0.396034 0.661685 0.0310271 0.0469416 0.0427109
4 0.933918 0.803532 0.130609 0.231989 0.0413842
2 0.591502 0.35785 0.219339 0.300714 0.0407266
2 0.591151 0.564456 0.150356 0.122626 0.0388632
2 0.594151 0.469875 0.161093 0.327127 0.0328808
2 0.314268 0.304798 0.0233624 0.0426217 0.031797
4 0.944108 0.95606 0.111784 0.0878811 0.0310171
2 0.53294 0.636673 0.0709202 0.134691 0.0293429
2 0.272421 0.395387 0.0230326 0.0424944 0.0240645
2 0.458524 0.660655 0.0570168 0.0974121 0.0234193
0 0.593848 0.394786 0.812303 0.746563 0.0181558
2 0.508597 0.697472 0.0180667 0.0277174 0.0169724
2 0.569867 0.250385 0.0225917 0.0367987 0.0130577
2 0.562781 0.459693 0.0898835 0.301683 0.0127453
0 0.942409 0.42688 0.115182 0.52726 0.0124932
2 0.932314 0.798339 0.132927 0.225199 0.0116173
2 0.35175 0.258347 0.0643398 0.0963641 0.0113019
2 0.308996 0.535313 0.159517 0.336489 0.0107535
2 0.659515 0.467395 0.017133 0.034656 0.0105567
