2 0.459915 0.408098 0.0410316 0.0624783 0.119988
2 0.128707 0.0918557 0.0377185 0.156155 0.111479
0 0.531755 0.473454 0.817088 0.749074 0.097617
2 0.414806 0.607442 0.0230983 0.0760775 0.0503412
2 0.0933695 0.102314 0.0318255 0.141162 0.0490464
5 0.431446 0.714671 0.0251064 0.0396978 0.0447329
2 0.0585211 0.127901 0.0266804 0.159467 0.0442369
2 0.162484 0.443203 0.0426957 0.0696635 0.0411416
5 0.442563 0.754174 0.0219418 0.0344297 0.0216675
2 0.954146 0.234006 0.0917077 0.268996 0.0210678
2 0.045072 0.56115 0.030709 0.109053 0.0192047
5 0.434245 0.720289 0.0316736 0.0576998 0.0184287
2 0.937057 0.707799 0.125886 0.0977454 0.0182932
2 0.941644 0.69398 0.116712 0.0543052 0.0176008
2 0.030386 0.149574 0.0375531 0.217998 0.0164657
2 0.636652 0.286944 0.0502067 0.0799292 0.0161924
2 0.631214 0.217227 0.0403172 0.0751056 0.0160428
2 0.170225 0.0727661 0.0344883 0.140823 0.0158713
2 0.415057 0.587338 0.0276908 0.116492 0.0158573
2 0.0550772 0.558812 0.0270437 0.0996697 0.0157911
2 0.413588 0.0643608 0.077405 0.128722 0.0145365
2 0.308749 0.747811 0.0735532 0.136397 0.0134408
2 0.967556 0.574563 0.0648882 0.200904 0.0133832
2 0.444533 0.0691315 0.120663 0.138263 0.0126679
2 0.0142561 0.36778 0.026825 0.169482 0.0125942
2 0.95148 0.0423237 0.0834539 0.0846475 0.0118175
2 0.0373127 0.553757 0.0289343 0.111017 0.011626
2 0.940633 0.805552 0.118735 0.0740831 0.0116195
2 0.0342897 0.545175 0.0608612 0.16583 0.0115937
2 0.00918536 0.0890382 0.0170564 0.136574 0.0106115
