0 0.450678 0.713988 0.890985 0.572024 0.54658
2 0.848109 0.641916 0.0318736 0.0466333 0.116641
0 0.176941 0.114849 0.339394 0.229699 0.109084
5 0.84753 0.641475 0.0378307 0.0537813 0.0799349
2 0.469455 0.0566105 0.0205217 0.0380765 0.0623109
2 0.917637 0.821945 0.164656 0.35611 0.0435949
2 0.504033 0.0920015 0.0366385 0.0922688 0.0278362
2 0.0858204 0.934006 0.171641 0.131989 0.0262438
2 0.451276 0.034872 0.0179951 0.0302969 0.0249651
2 0.65806 0.885376 0.490768 0.229249 0.02444
5 0.319916 0.906172 0.59762 0.187655 0.0218659
0 0.578842 0.134491 0.700024 0.237921 0.0206129
2 0.338126 0.908175 0.604977 0.183651 0.02037
2 0.688545 0.0485521 0.0511199 0.0908284 0.0189532
2 0.665514 0.96638 0.0825053 0.0672396 0.0189396
2 0.920646 0.208222 0.15308 0.16999 0.0175878
2 0.961747 0.516396 0.0765053 0.263529 0.0171791
2 0.185697 0.950219 0.197701 0.0995618 0.0167323
2 0.660397 0.981442 0.0586834 0.0371155 0.0166576
2 0.367653 0.921399 0.227436 0.157203 0.014009
2 0.164822 0.975482 0.141908 0.0490361 0.0137895
2 0.341175 0.97192 0.128637 0.0561606 0.0137206
2 0.521325 0.908277 0.604147 0.183445 0.0128921
5 0.612661 0.578059 0.0620661 0.085802 0.012551
2 0.313376 0.988042 0.0392209 0.0239163 0.012452
2 0.141254 0.989599 0.0394447 0.0208031 0.011984
2 0.668544 0.133365 0.59676 0.251959 0.0113835
2 0.914091 0.344937 0.171818 0.241741 0.0112014
5 0.283856 0.167296 0.0190698 0.0273626 0.0109102
2 0.535106 0.969648 0.201455 0.0607045 0.0108276
2 0.318328 0.981999 0.0626413 0.0360023 0.0105298
2 0.771038 0.865676 0.095171 0.151572 0.010437
2 0.55876 0.102212 0.0440314 0.102155 0.010159
