2 0.743364 0.827126 0.0793335 0.114522 0.433721
2 0.641783 0.939151 0.0420374 0.0608799 0.255061
5 0.210152 0.272336 0.0277077 0.0469637 0.236491
2 0.734846 0.928105 0.0333929 0.057032 0.128834
3 0.81918 0.0969782 0.36164 0.193956 0.104817
2 0.803239 0.68344 0.199662 0.478435 0.08266
2 0.802818 0.756658 0.0338125 0.0578501 0.0810594
5 0.207715 0.272101 0.0390603 0.0655465 0.074456
0 0.819031 0.579272 0.155045 0.238153 0.062397
5 0.822864 0.573447 0.142702 0.223053 0.0510519
2 0.820355 0.580156 0.153766 0.220365 0.0459938
2 0.727474 0.940129 0.055734 0.0892332 0.0310471
4 0.412048 0.160114 0.164794 0.145939 0.0299457
2 0.808852 0.778868 0.044454 0.083285 0.0212684
2 0.790123 0.70562 0.0256279 0.0439612 0.0172338
3 0.514192 0.378019 0.366474 0.583515 0.0164901
0 0.594479 0.41261 0.811041 0.720175 0.0159172
2 0.65184 0.899561 0.0383432 0.0717442 0.0149595
5 0.786808 0.172608 0.0226912 0.0309135 0.0133827
3 0.601836 0.372266 0.796328 0.705178 0.0132667
2 0.792221 0.723686 0.0324464 0.0454094 0.0132342
2 0.798906 0.567603 0.100907 0.118542 0.0128785
2 0.733002 0.840612 0.0575331 0.0836326 0.0115899
5 0.640374 0.930296 0.055478 0.0990139 0.0106368
5 0.076547 0.875278 0.153094 0.249444 0.0101982
