2 0.170249 0.472924 0.106473 0.15429 0.533696
2 0.286169 0.351683 0.0263909 0.101005 0.27941
2 0.245956 0.350594 0.0569028 0.102434 0.269341
2 0.960905 0.565262 0.0703074 0.13845 0.181667
2 0.255938 0.417593 0.0257991 0.0430728 0.139545
2 0.230509 0.485459 0.250461 0.425831 0.12646
2 0.244757 0.38919 0.0383768 0.176761 0.109693
2 0.219614 0.413655 0.0194579 0.0783701 0.0904787
2 0.463336 0.593436 0.0341707 0.0612611 0.0892947
2 0.325548 0.327267 0.0401125 0.129855 0.0789654
2 0.0209378 0.379125 0.0389746 0.27347 0.0745612
2 0.18721 0.470488 0.0660644 0.129827 0.0704804
2 0.139258 0.622182 0.0532533 0.129369 0.0628665
2 0.227855 0.425 0.0206021 0.0760674 0.0611831
2 0.232306 0.3827 0.0290325 0.169301 0.059628
2 0.225358 0.398077 0.0244287 0.172429 0.0532177
2 0.288203 0.380788 0.031578 0.168946 0.0474728
2 0.253234 0.437613 0.0315059 0.0829535 0.0427779
2 0.230165 0.441917 0.0267356 0.115521 0.0421134
2 0.0616756 0.610439 0.0298227 0.125686 0.0351589
2 0.542087 0.532792 0.326834 0.469028 0.0334454
2 0.263788 0.351254 0.0726192 0.112016 0.032756
2 0.618076 0.62507 0.0420428 0.0876293 0.0301584
2 0.232509 0.474339 0.0279505 0.127812 0.0287966
5 0.734481 0.867464 0.0263072 0.0468676 0.0248484
2 0.0138294 0.47284 0.0247559 0.141527 0.0200899
2 0.0169716 0.618107 0.0311463 0.112722 0.0191892
2 0.23182 0.497593 0.0213917 0.0795297 0.0183011
2 0.475688 0.381246 0.139289 0.181103 0.0153728
2 0.255065 0.453955 0.0273735 0.0521956 0.0150361
2 0.30227 0.557418 0.0520249 0.13543 0.014975
2 0.0666487 0.613269 0.0559707 0.161132 0.0145119
2 0.287268 0.329623 0.0238091 0.0595575 0.0139265
2 0.476636 0.51032 0.124255 0.119722 0.0136489
2 0.193171 0.598677 0.0535578 0.0650021 0.0128753
2 0.454551 0.594954 0.0595029 0.0752358 0.0126667
0 0.639344 0.566686 0.721312 0.766586 0.0126224
2 0.223552 0.453565 0.0319494 0.158892 0.0113644
2 0.0156163 0.333457 0.0283801 0.181279 0.0106396
2 0.734048 0.867745 0.0278463 0.049084 0.0106114
2 0.441688 0.60199 0.101756 0.0928172 0.0103877
2 0.251116 0.471621 0.0363477 0.124772 0.0102653
2 0.517716 0.490681 0.0833543 0.111773 0.0101475
2 0.112861 0.739452 0.0189812 0.0536973 0.0101291
