1 0.493691 0.496039 0.0636698 0.176916 0.497264
1 0.634517 0.452638 0.0676446 0.0937936 0.491016
0 0.224463 0.08355 0.435835 0.1671 0.423244
0 0.787107 0.123587 0.425787 0.247174 0.407662
0 0.402837 0.250987 0.648089 0.263052 0.207229
0 0.565634 0.556353 0.868732 0.887295 0.181473
5 0.912209 0.750449 0.0364324 0.0367851 0.146605
0 0.35633 0.0495379 0.471834 0.0990758 0.141517
0 0.229288 0.799323 0.453721 0.401355 0.108249
1 0.242533 0.530811 0.0784153 0.113695 0.0984799
0 0.447578 0.910913 0.471628 0.178175 0.0787096
2 0.0969344 0.0827503 0.0256406 0.116084 0.0739165
4 0.746054 0.147757 0.185296 0.0841557 0.057026
5 0.441466 0.216468 0.0330515 0.0518436 0.0561454
5 0.0962448 0.0762602 0.0288091 0.116583 0.0501271
1 0.249092 0.424577 0.0731714 0.0828629 0.0498802
5 0.4114 0.0609193 0.0376327 0.0452575 0.0451446
0 0.0370304 0.0651563 0.0740608 0.130313 0.0444151
0 0.508685 0.0491594 0.536021 0.0983187 0.0396926
0 0.488147 0.945584 0.473541 0.108832 0.0358601
5 0.908116 0.986468 0.0229532 0.0270645 0.0301899
0 0.155994 0.931643 0.295002 0.136714 0.0296443
0 0.393456 0.75488 0.786912 0.49024 0.0246564
0 0.644126 0.0872526 0.133275 0.174505 0.0241514
1 0.176868 0.390837 0.0871896 0.36262 0.0221394
5 0.250623 0.416916 0.0797682 0.0854509 0.021162
0 0.458259 0.46969 0.640019 0.663901 0.0190717
5 0.448536 0.320854 0.0919769 0.100347 0.0174518
4 0.493864 0.049724 0.197489 0.099448 0.0174231
5 0.922443 0.211662 0.155114 0.0843371 0.0139163
0 0.929886 0.102493 0.140228 0.204985 0.013589
2 0.327474 0.393874 0.0229321 0.0323996 0.0129437
5 0.268904 0.0995486 0.024652 0.0361447 0.0128738
2 0.0122129 0.672017 0.0227485 0.049143 0.0128423
5 0.412725 0.0537547 0.0384187 0.0777272 0.0125584
0 0.333411 0.0307114 0.56463 0.0614227 0.0115199
5 0.638715 0.152781 0.0423957 0.0433426 0.0114457
5 0.795457 0.503318 0.0220652 0.0362074 0.0114124
4 0.0972148 0.657037 0.154057 0.12867 0.0113454
4 0.236106 0.948512 0.435067 0.102975 0.0106831
5 0.97243 0.988491 0.0265483 0.0230188 0.0106766
