4 0.216865 0.69416 0.428931 0.574683 0.267147
0 0.569991 0.30136 0.272187 0.313019 0.14696
2 0.775459 0.824904 0.0283565 0.0490843 0.120015
5 0.775832 0.82484 0.0309948 0.048448 0.0766921
0 0.434317 0.519166 0.868634 0.961669 0.0668607
5 0.562246 0.322584 0.203803 0.262752 0.0576596
2 0.764244 0.772541 0.0210756 0.0324717 0.0512378
5 0.557652 0.670216 0.247696 0.333262 0.046788
0 0.563884 0.669267 0.252135 0.338377 0.0297956
0 0.565097 0.366604 0.140063 0.130972 0.0206093
5 0.741498 0.253265 0.0402233 0.0339257 0.0190719
0 0.218234 0.551773 0.268433 0.223152 0.0188223
5 0.563702 0.366058 0.141544 0.127791 0.0167513
1 0.976587 0.595162 0.0468258 0.71622 0.0137772
2 0.695522 0.934036 0.033276 0.040424 0.0115987
0 0.557474 0.321182 0.140661 0.239974 0.010989
4 0.363283 0.615308 0.129097 0.106501 0.0100737
