3 0.498605 0.497083 0.749776 0.970779 0.793205
5 0.675308 0.505195 0.0197717 0.0280224 0.200223
5 0.564424 0.177478 0.0164399 0.0242986 0.11805
5 0.491119 0.532478 0.0198855 0.0336023 0.0847842
5 0.675555 0.504285 0.0278958 0.0409407 0.0611087
2 0.764707 0.68938 0.0165684 0.0270151 0.0488988
2 0.701925 0.817479 0.0323458 0.0359538 0.04046
2 0.832627 0.527974 0.0185505 0.0276913 0.0356872
2 0.521577 0.948128 0.0174979 0.0263868 0.0338293
2 0.652069 0.748685 0.0157565 0.0217186 0.032718
2 0.459939 0.802201 0.0168288 0.0224876 0.0248176
2 0.797801 0.482511 0.0190407 0.0301004 0.0236589
2 0.247877 0.670443 0.0181325 0.030714 0.0204216
2 0.734155 0.256702 0.014741 0.0229554 0.0190138
2 0.56985 0.795676 0.0198443 0.0295204 0.0181989
5 0.520097 0.541132 0.0168092 0.0261735 0.0157302
5 0.49363 0.534764 0.0315993 0.0459003 0.0150563
2 0.681726 0.177445 0.0140306 0.0228488 0.0140793
2 0.591093 0.827542 0.0226597 0.030817 0.0140408
