2 0.2931 0.540209 0.0515878 0.0665159 0.742372
2 0.389548 0.691707 0.0411075 0.0655328 0.727455
2 0.382325 0.346604 0.0424228 0.069066 0.707682
2 0.74968 0.570559 0.046091 0.0573711 0.657079
2 0.659012 0.721777 0.0340389 0.0574843 0.65575
2 0.48793 0.639432 0.0564241 0.0637092 0.652238
2 0.633989 0.254382 0.0482849 0.0560736 0.63214
2 0.55456 0.791369 0.0346123 0.0517475 0.627969
2 0.624876 0.569391 0.0414454 0.0423129 0.623629
2 0.484421 0.80814 0.0396859 0.0569584 0.615033
2 0.69314 0.653826 0.0401256 0.057383 0.603602
2 0.572847 0.642726 0.0536293 0.0575955 0.587789
2 0.743063 0.411046 0.0491683 0.0649013 0.578165
2 0.695827 0.718046 0.0382186 0.0440104 0.575516
2 0.37957 0.777822 0.0428745 0.0452321 0.559473
2 0.548853 0.173989 0.0398222 0.0494657 0.518572
2 0.438446 0.708707 0.0278541 0.0379679 0.504223
2 0.327907 0.885683 0.0385186 0.0526685 0.424475
5 0.263639 0.0402158 0.0750819 0.073813 0.366748
2 0.590451 0.148668 0.0307068 0.0458384 0.297061
2 0.20474 0.433482 0.0312387 0.0521245 0.28703
2 0.79409 0.243009 0.0255977 0.0398311 0.271148
2 0.234398 0.33594 0.0337373 0.0496744 0.177261
2 0.648728 0.861383 0.0305748 0.0397241 0.172531
2 0.335294 0.146496 0.0255621 0.0439633 0.130596
2 0.675246 0.72064 0.0640476 0.0555918 0.115777
2 0.869711 0.340851 0.0330928 0.0548075 0.0871603
2 0.267751 0.22354 0.0245703 0.041743 0.0751569
5 0.813238 0.0181362 0.0276659 0.0362725 0.0677762
2 0.418169 0.936474 0.0319405 0.0576494 0.0671181
2 0.362548 0.626597 0.0353641 0.059989 0.0425659
2 0.580378 0.159398 0.0443224 0.054943 0.0421034
2 0.516061 0.540877 0.0268122 0.043128 0.0366083
2 0.262697 0.228964 0.0389149 0.0546369 0.0336472
3 0.545428 0.334789 0.283969 0.317997 0.0258924
2 0.386795 0.164769 0.0319634 0.0434457 0.0240157
4 0.503013 0.485448 0.7903 0.940309 0.0173598
1 0.498384 0.490323 0.805616 0.92474 0.0134745
0 0.511255 0.482454 0.803169 0.944352 0.0108615
2 0.333082 0.149307 0.0383043 0.064697 0.010386
