5 0.512716 0.640949 0.0216916 0.0339428 0.29343
5 0.456188 0.457934 0.0231203 0.0350811 0.154044
0 0.49707 0.493964 0.739982 0.892058 0.116881
5 0.488604 0.804971 0.0665301 0.0462347 0.116113
3 0.501697 0.456631 0.738032 0.882632 0.0918894
5 0.480294 0.813347 0.04712 0.038284 0.0739818
3 0.486018 0.42957 0.29566 0.432359 0.0663745
5 0.456132 0.455516 0.0338458 0.0491225 0.0653533
0 0.414128 0.499384 0.114688 0.157913 0.0547144
2 0.609144 0.754311 0.0183481 0.0270453 0.0428917
5 0.513518 0.643523 0.0333015 0.0514623 0.0426282
2 0.238755 0.242655 0.0191096 0.0283202 0.0403925
5 0.11815 0.958992 0.0430435 0.0460142 0.0305809
0 0.393011 0.500398 0.0665433 0.131812 0.029249
5 0.390555 0.502832 0.0634989 0.126485 0.0258182
2 0.390599 0.500708 0.064863 0.12778 0.0227918
2 0.629022 0.666214 0.046136 0.0979424 0.0217557
3 0.572781 0.540263 0.333323 0.496325 0.0167885
0 0.417542 0.437049 0.134737 0.259569 0.0156326
5 0.454665 0.0183146 0.0332224 0.0366292 0.0126039
5 0.608423 0.754673 0.024677 0.0336632 0.0124957
5 0.402423 0.387991 0.0153635 0.0240247 0.0107885
0 0.625936 0.594195 0.318783 0.420087 0.0107819
