3 0.507181 0.482205 0.829663 0.929623 0.833719
5 0.113579 0.296537 0.0176301 0.0283297 0.172137
5 0.234918 0.0749922 0.0191814 0.0315981 0.115482
5 0.590294 0.464721 0.0183087 0.028822 0.0992722
5 0.680119 0.859997 0.02721 0.0324993 0.0986852
5 0.111218 0.347106 0.0160242 0.0245289 0.0656263
2 0.680602 0.858198 0.0317182 0.0415489 0.016002
5 0.113779 0.295284 0.0275815 0.0429861 0.0152923
2 0.623283 0.917472 0.0187619 0.0288715 0.0151824
2 0.436586 0.141892 0.0176841 0.0265379 0.0128314
3 0.335501 0.526705 0.310422 0.48065 0.0113266
